# 1:time 2:Lum 3:eave 4:erms 5:eskw
0.0100 1.08978e-22 1.43274e+01 1.73178e+01 2.10229e+01
0.0110 1.06322e-22 1.39135e+01 1.65686e+01 1.97936e+01
0.0120 9.85419e-23 1.33393e+01 1.56360e+01 1.82691e+01
0.0130 1.06703e-22 1.35246e+01 1.57870e+01 1.83110e+01
0.0140 1.08966e-22 1.35194e+01 1.57909e+01 1.83134e+01
0.0150 1.12609e-22 1.36219e+01 1.58940e+01 1.83809e+01
0.0160 1.15764e-22 1.36727e+01 1.59489e+01 1.84465e+01
0.0170 1.18869e-22 1.37057e+01 1.59587e+01 1.84338e+01
0.0180 1.21204e-22 1.37576e+01 1.60503e+01 1.85511e+01
0.0190 1.23827e-22 1.38072e+01 1.60538e+01 1.85003e+01
0.0200 1.25307e-22 1.37855e+01 1.60681e+01 1.85395e+01
0.0210 1.27027e-22 1.37977e+01 1.60669e+01 1.85192e+01
0.0220 1.28369e-22 1.37906e+01 1.60499e+01 1.84811e+01
0.0230 1.29525e-22 1.37786e+01 1.60269e+01 1.84450e+01
0.0240 1.30668e-22 1.37715e+01 1.59978e+01 1.83891e+01
0.0250 1.31787e-22 1.37706e+01 1.59516e+01 1.82936e+01
0.0260 1.33480e-22 1.37911e+01 1.59851e+01 1.83274e+01
0.0270 1.34539e-22 1.38089e+01 1.59866e+01 1.83058e+01
0.0280 1.35385e-22 1.38332e+01 1.60006e+01 1.83032e+01
0.0290 1.36111e-22 1.38622e+01 1.60184e+01 1.83098e+01
0.0300 1.37275e-22 1.38523e+01 1.60021e+01 1.82796e+01
0.0310 1.38799e-22 1.38729e+01 1.60190e+01 1.82879e+01
0.0320 1.40470e-22 1.38806e+01 1.60302e+01 1.82956e+01
0.0330 1.42046e-22 1.38883e+01 1.60434e+01 1.83084e+01
0.0340 1.43332e-22 1.39184e+01 1.60636e+01 1.83166e+01
0.0350 1.44772e-22 1.39440e+01 1.60878e+01 1.83367e+01
0.0360 1.46192e-22 1.39600e+01 1.61092e+01 1.83604e+01
0.0370 1.47663e-22 1.40000e+01 1.61481e+01 1.83954e+01
0.0380 1.48565e-22 1.40097e+01 1.61545e+01 1.83966e+01
0.0390 1.49725e-22 1.40291e+01 1.61800e+01 1.84263e+01
0.0400 1.50909e-22 1.40556e+01 1.62111e+01 1.84605e+01
0.0410 1.52018e-22 1.40703e+01 1.62244e+01 1.84700e+01
0.0420 1.53088e-22 1.41037e+01 1.62555e+01 1.84989e+01
0.0430 1.54081e-22 1.41235e+01 1.62783e+01 1.85237e+01
0.0440 1.54756e-22 1.41238e+01 1.62795e+01 1.85222e+01
0.0450 1.55398e-22 1.41590e+01 1.63137e+01 1.85549e+01
0.0460 1.56118e-22 1.41742e+01 1.63290e+01 1.85678e+01
0.0470 1.57026e-22 1.41836e+01 1.63382e+01 1.85738e+01
0.0480 1.57963e-22 1.41998e+01 1.63539e+01 1.85870e+01
0.0490 1.58755e-22 1.42144e+01 1.63672e+01 1.85976e+01
0.0500 1.59358e-22 1.42222e+01 1.63798e+01 1.86132e+01
0.0510 1.59794e-22 1.42331e+01 1.63956e+01 1.86335e+01
0.0520 1.60277e-22 1.42489e+01 1.64137e+01 1.86538e+01
0.0530 1.61001e-22 1.42713e+01 1.64405e+01 1.86841e+01
0.0540 1.61700e-22 1.42790e+01 1.64461e+01 1.86865e+01
0.0550 1.62431e-22 1.42975e+01 1.64639e+01 1.87022e+01
0.0560 1.63138e-22 1.43102e+01 1.64797e+01 1.87201e+01
0.0570 1.63716e-22 1.43226e+01 1.64957e+01 1.87395e+01
0.0580 1.64161e-22 1.43415e+01 1.65171e+01 1.87626e+01
0.0590 1.64850e-22 1.43524e+01 1.65348e+01 1.87867e+01
0.0600 1.65531e-22 1.43659e+01 1.65501e+01 1.88033e+01
0.0610 1.66211e-22 1.44060e+01 1.65917e+01 1.88468e+01
0.0620 1.66708e-22 1.44233e+01 1.66081e+01 1.88619e+01
0.0630 1.67371e-22 1.44234e+01 1.66140e+01 1.88712e+01
0.0640 1.67990e-22 1.44439e+01 1.66418e+01 1.89072e+01
0.0650 1.68368e-22 1.44456e+01 1.66424e+01 1.89046e+01
0.0660 1.69075e-22 1.44735e+01 1.66761e+01 1.89457e+01
0.0670 1.69398e-22 1.44727e+01 1.66757e+01 1.89435e+01
0.0680 1.69895e-22 1.44956e+01 1.66994e+01 1.89690e+01
0.0690 1.70555e-22 1.45030e+01 1.67112e+01 1.89838e+01
0.0700 1.71110e-22 1.45091e+01 1.67229e+01 1.90003e+01
0.0710 1.71513e-22 1.45308e+01 1.67452e+01 1.90240e+01
0.0720 1.72001e-22 1.45443e+01 1.67613e+01 1.90420e+01
0.0730 1.72582e-22 1.45602e+01 1.67834e+01 1.90711e+01
0.0740 1.73271e-22 1.45647e+01 1.67942e+01 1.90868e+01
0.0750 1.73585e-22 1.45846e+01 1.68143e+01 1.91077e+01
0.0760 1.74138e-22 1.45911e+01 1.68273e+01 1.91266e+01
0.0770 1.74574e-22 1.46068e+01 1.68420e+01 1.91393e+01
0.0780 1.75165e-22 1.46233e+01 1.68649e+01 1.91680e+01
0.0790 1.75527e-22 1.46459e+01 1.68864e+01 1.91892e+01
0.0800 1.75845e-22 1.46540e+01 1.68943e+01 1.91953e+01
0.0810 1.76308e-22 1.46673e+01 1.69104e+01 1.92136e+01
0.0820 1.76724e-22 1.46760e+01 1.69248e+01 1.92328e+01
0.0830 1.77281e-22 1.47026e+01 1.69574e+01 1.92736e+01
0.0840 1.77564e-22 1.47071e+01 1.69650e+01 1.92831e+01
0.0850 1.77903e-22 1.47242e+01 1.69855e+01 1.93075e+01
0.0860 1.78364e-22 1.47407e+01 1.70071e+01 1.93358e+01
0.0870 1.78758e-22 1.47517e+01 1.70237e+01 1.93588e+01
0.0880 1.79099e-22 1.47628e+01 1.70399e+01 1.93813e+01
0.0890 1.79295e-22 1.47778e+01 1.70581e+01 1.94035e+01
0.0900 1.79564e-22 1.48070e+01 1.70904e+01 1.94424e+01
0.0910 1.79998e-22 1.48139e+01 1.71038e+01 1.94628e+01
0.0920 1.80277e-22 1.48380e+01 1.71297e+01 1.94929e+01
0.0930 1.80513e-22 1.48490e+01 1.71436e+01 1.95105e+01
0.0940 1.80716e-22 1.48539e+01 1.71492e+01 1.95157e+01
0.0950 1.81166e-22 1.48770e+01 1.71823e+01 1.95629e+01
0.0960 1.81380e-22 1.48930e+01 1.72043e+01 1.95933e+01
0.0970 1.81546e-22 1.48976e+01 1.72128e+01 1.96057e+01
0.0980 1.81942e-22 1.49215e+01 1.72439e+01 1.96467e+01
0.0990 1.82276e-22 1.49406e+01 1.72704e+01 1.96834e+01
0.1000 1.82521e-22 1.49524e+01 1.72879e+01 1.97081e+01
0.1010 1.82755e-22 1.49708e+01 1.73131e+01 1.97424e+01
0.1020 1.83081e-22 1.49931e+01 1.73450e+01 1.97876e+01
0.1030 1.83359e-22 1.50047e+01 1.73617e+01 1.98102e+01
0.1040 1.83658e-22 1.50230e+01 1.73886e+01 1.98482e+01
0.1050 1.83910e-22 1.50410e+01 1.74150e+01 1.98865e+01
0.1060 1.84149e-22 1.50575e+01 1.74373e+01 1.99164e+01
0.1070 1.84326e-22 1.50735e+01 1.74593e+01 1.99459e+01
0.1080 1.84553e-22 1.50939e+01 1.74894e+01 1.99894e+01
0.1090 1.84840e-22 1.51120e+01 1.75151e+01 2.00248e+01
0.1100 1.84941e-22 1.51226e+01 1.75310e+01 2.00464e+01
0.1110 1.85143e-22 1.51435e+01 1.75625e+01 2.00923e+01
0.1120 1.85344e-22 1.51543e+01 1.75793e+01 2.01157e+01
0.1130 1.85600e-22 1.51767e+01 1.76113e+01 2.01604e+01
0.1140 1.85627e-22 1.51903e+01 1.76309e+01 2.01876e+01
0.1150 1.85830e-22 1.52092e+01 1.76566e+01 2.02217e+01
0.1160 1.85987e-22 1.52282e+01 1.76819e+01 2.02550e+01
0.1170 1.86065e-22 1.52429e+01 1.77046e+01 2.02870e+01
0.1180 1.86202e-22 1.52586e+01 1.77277e+01 2.03189e+01
0.1190 1.86335e-22 1.52759e+01 1.77529e+01 2.03536e+01
0.1200 1.86452e-22 1.52919e+01 1.77769e+01 2.03870e+01
0.1210 1.86514e-22 1.53065e+01 1.77993e+01 2.04183e+01
0.1220 1.86599e-22 1.53289e+01 1.78298e+01 2.04600e+01
0.1230 1.86663e-22 1.53431e+01 1.78534e+01 2.04944e+01
0.1240 1.86748e-22 1.53613e+01 1.78800e+01 2.05312e+01
0.1250 1.86792e-22 1.53786e+01 1.79057e+01 2.05673e+01
0.1260 1.86814e-22 1.53925e+01 1.79272e+01 2.05974e+01
0.1270 1.86818e-22 1.54110e+01 1.79522e+01 2.06308e+01
0.1280 1.86732e-22 1.54191e+01 1.79659e+01 2.06504e+01
0.1290 1.86608e-22 1.54332e+01 1.79877e+01 2.06820e+01
0.1300 1.86541e-22 1.54466e+01 1.80083e+01 2.07113e+01
0.1310 1.86602e-22 1.54620e+01 1.80353e+01 2.07527e+01
0.1320 1.86605e-22 1.54766e+01 1.80566e+01 2.07824e+01
0.1330 1.86518e-22 1.54908e+01 1.80778e+01 2.08121e+01
0.1340 1.86484e-22 1.55009e+01 1.80949e+01 2.08365e+01
0.1350 1.86543e-22 1.55200e+01 1.81213e+01 2.08726e+01
0.1360 1.86558e-22 1.55326e+01 1.81427e+01 2.09040e+01
0.1370 1.86471e-22 1.55443e+01 1.81614e+01 2.09308e+01
0.1380 1.86378e-22 1.55630e+01 1.81897e+01 2.09719e+01
0.1390 1.86364e-22 1.55826e+01 1.82213e+01 2.10189e+01
0.1400 1.86297e-22 1.55941e+01 1.82431e+01 2.10533e+01
0.1410 1.86212e-22 1.56102e+01 1.82662e+01 2.10854e+01
0.1420 1.86071e-22 1.56258e+01 1.82882e+01 2.11166e+01
0.1430 1.85844e-22 1.56327e+01 1.83008e+01 2.11360e+01
0.1440 1.85663e-22 1.56430e+01 1.83157e+01 2.11568e+01
0.1450 1.85452e-22 1.56543e+01 1.83319e+01 2.11793e+01
0.1460 1.85245e-22 1.56719e+01 1.83541e+01 2.12079e+01
0.1470 1.85175e-22 1.56840e+01 1.83744e+01 2.12380e+01
0.1480 1.85283e-22 1.57125e+01 1.84148e+01 2.12954e+01
0.1490 1.85228e-22 1.57275e+01 1.84395e+01 2.13326e+01
0.1500 1.85064e-22 1.57420e+01 1.84594e+01 2.13603e+01
0.1510 1.85033e-22 1.57626e+01 1.84916e+01 2.14081e+01
0.1520 1.84948e-22 1.57783e+01 1.85167e+01 2.14463e+01
0.1530 1.84816e-22 1.57939e+01 1.85390e+01 2.14772e+01
0.1540 1.84510e-22 1.58022e+01 1.85496e+01 2.14905e+01
0.1550 1.84320e-22 1.58170e+01 1.85732e+01 2.15257e+01
0.1560 1.84203e-22 1.58339e+01 1.85990e+01 2.15623e+01
0.1570 1.84113e-22 1.58492e+01 1.86205e+01 2.15911e+01
0.1580 1.83967e-22 1.58593e+01 1.86353e+01 2.16118e+01
0.1590 1.83797e-22 1.58720e+01 1.86552e+01 2.16407e+01
0.1600 1.83470e-22 1.58812e+01 1.86719e+01 2.16675e+01
0.1610 1.83169e-22 1.58935e+01 1.86925e+01 2.16984e+01
0.1620 1.83037e-22 1.59081e+01 1.87149e+01 2.17305e+01
0.1630 1.82786e-22 1.59170e+01 1.87267e+01 2.17447e+01
0.1640 1.82654e-22 1.59279e+01 1.87417e+01 2.17643e+01
0.1650 1.82367e-22 1.59344e+01 1.87504e+01 2.17756e+01
0.1660 1.82094e-22 1.59444e+01 1.87653e+01 2.17956e+01
0.1670 1.81964e-22 1.59618e+01 1.87940e+01 2.18386e+01
0.1680 1.81764e-22 1.59804e+01 1.88257e+01 2.18870e+01
0.1690 1.81685e-22 1.59985e+01 1.88560e+01 2.19330e+01
0.1700 1.81579e-22 1.60154e+01 1.88849e+01 2.19767e+01
0.1710 1.81199e-22 1.60219e+01 1.88972e+01 2.19965e+01
0.1720 1.80803e-22 1.60317e+01 1.89161e+01 2.20276e+01
0.1730 1.80627e-22 1.60438e+01 1.89351e+01 2.20554e+01
0.1740 1.80356e-22 1.60436e+01 1.89320e+01 2.20483e+01
0.1750 1.79736e-22 1.60378e+01 1.89242e+01 2.20376e+01
0.1760 1.79353e-22 1.60489e+01 1.89428e+01 2.20662e+01
0.1770 1.79443e-22 1.60732e+01 1.89820e+01 2.21248e+01
0.1780 1.79467e-22 1.60871e+01 1.90021e+01 2.21525e+01
0.1790 1.79080e-22 1.60911e+01 1.90094e+01 2.21631e+01
0.1800 1.79008e-22 1.61119e+01 1.90448e+01 2.22167e+01
0.1810 1.79226e-22 1.61424e+01 1.90957e+01 2.22945e+01
0.1820 1.78988e-22 1.61519e+01 1.91121e+01 2.23198e+01
0.1830 1.78609e-22 1.61552e+01 1.91195e+01 2.23324e+01
0.1840 1.78309e-22 1.61662e+01 1.91380e+01 2.23602e+01
0.1850 1.78127e-22 1.61754e+01 1.91536e+01 2.23845e+01
0.1860 1.78063e-22 1.61873e+01 1.91691e+01 2.24039e+01
0.1870 1.77593e-22 1.61810e+01 1.91580e+01 2.23863e+01
0.1880 1.77409e-22 1.61918e+01 1.91760e+01 2.24132e+01
0.1890 1.77484e-22 1.62130e+01 1.92112e+01 2.24666e+01
0.1900 1.77334e-22 1.62317e+01 1.92445e+01 2.25194e+01
0.1910 1.76962e-22 1.62354e+01 1.92511e+01 2.25300e+01
0.1920 1.76972e-22 1.62504e+01 1.92752e+01 2.25651e+01
0.1930 1.76433e-22 1.62528e+01 1.92845e+01 2.25833e+01
0.1940 1.76303e-22 1.62673e+01 1.93070e+01 2.26158e+01
0.1950 1.76325e-22 1.62851e+01 1.93377e+01 2.26630e+01
0.1960 1.75749e-22 1.62814e+01 1.93347e+01 2.26610e+01
0.1970 1.75613e-22 1.62977e+01 1.93620e+01 2.27019e+01
0.1980 1.75503e-22 1.63088e+01 1.93820e+01 2.27337e+01
0.1990 1.74965e-22 1.63021e+01 1.93725e+01 2.27207e+01
0.2000 1.75013e-22 1.63192e+01 1.93979e+01 2.27555e+01
0.2010 1.75068e-22 1.63426e+01 1.94389e+01 2.28192e+01
0.2020 1.74817e-22 1.63480e+01 1.94515e+01 2.28420e+01
0.2030 1.74609e-22 1.63657e+01 1.94827e+01 2.28906e+01
0.2040 1.74304e-22 1.63719e+01 1.94974e+01 2.29165e+01
0.2050 1.73916e-22 1.63673e+01 1.94904e+01 2.29062e+01
0.2060 1.73497e-22 1.63679e+01 1.94912e+01 2.29071e+01
0.2070 1.73483e-22 1.63825e+01 1.95143e+01 2.29406e+01
0.2080 1.73577e-22 1.64014e+01 1.95475e+01 2.29928e+01
0.2090 1.73048e-22 1.63970e+01 1.95468e+01 2.29986e+01
0.2100 1.72811e-22 1.64051e+01 1.95634e+01 2.30260e+01
0.2110 1.72711e-22 1.64115e+01 1.95713e+01 2.30352e+01
0.2120 1.72401e-22 1.63990e+01 1.95425e+01 2.29847e+01
0.2130 1.72571e-22 1.64206e+01 1.95769e+01 2.30341e+01
0.2140 1.72497e-22 1.64416e+01 1.96196e+01 2.31057e+01
0.2150 1.72452e-22 1.64587e+01 1.96507e+01 2.31554e+01
0.2160 1.72051e-22 1.64541e+01 1.96457e+01 2.31502e+01
0.2170 1.71825e-22 1.64596e+01 1.96542e+01 2.31615e+01
0.2180 1.71845e-22 1.64773e+01 1.96802e+01 2.31963e+01
0.2190 1.71858e-22 1.64922e+01 1.97075e+01 2.32394e+01
0.2200 1.71722e-22 1.65086e+01 1.97433e+01 2.33015e+01
0.2210 1.71570e-22 1.65227e+01 1.97728e+01 2.33512e+01
0.2220 1.71072e-22 1.65281e+01 1.97899e+01 2.33839e+01
0.2230 1.70627e-22 1.65135e+01 1.97624e+01 2.33398e+01
0.2240 1.70417e-22 1.65076e+01 1.97467e+01 2.33120e+01
0.2243 1.70323e-22 1.65061e+01 1.97418e+01 2.33024e+01
0.2250 1.70436e-22 1.65235e+01 1.97720e+01 2.33484e+01
0.2260 1.70644e-22 1.65595e+01 1.98431e+01 2.34645e+01
0.2270 1.70571e-22 1.65804e+01 1.98861e+01 2.35372e+01
0.2280 1.70465e-22 1.65948e+01 1.99111e+01 2.35747e+01
0.2290 1.70102e-22 1.65831e+01 1.98887e+01 2.35390e+01
0.2300 1.70099e-22 1.65895e+01 1.98942e+01 2.35412e+01
0.2310 1.70257e-22 1.66072e+01 1.99210e+01 2.35784e+01
0.2320 1.70234e-22 1.66271e+01 1.99594e+01 2.36412e+01
0.2330 1.70188e-22 1.66510e+01 2.00080e+01 2.37210e+01
0.2340 1.69864e-22 1.66519e+01 2.00169e+01 2.37420e+01
0.2350 1.69363e-22 1.66408e+01 1.99984e+01 2.37146e+01
0.2360 1.69199e-22 1.66405e+01 1.99980e+01 2.37141e+01
0.2370 1.69475e-22 1.66666e+01 2.00393e+01 2.37728e+01
0.2380 1.69519e-22 1.66816e+01 2.00707e+01 2.38251e+01
0.2390 1.69597e-22 1.67095e+01 2.01194e+01 2.38983e+01
0.2400 1.69398e-22 1.67078e+01 2.01156e+01 2.38933e+01
0.2410 1.69093e-22 1.66952e+01 2.00880e+01 2.38475e+01
0.2420 1.69057e-22 1.67094e+01 2.01147e+01 2.38903e+01
0.2430 1.68914e-22 1.67253e+01 2.01491e+01 2.39493e+01
0.2440 1.68671e-22 1.67287e+01 2.01609e+01 2.39719e+01
0.2450 1.68616e-22 1.67337e+01 2.01658e+01 2.39760e+01
0.2460 1.68799e-22 1.67470e+01 2.01825e+01 2.39949e+01
0.2470 1.69101e-22 1.67792e+01 2.02328e+01 2.40658e+01
0.2480 1.69348e-22 1.68293e+01 2.03329e+01 2.42281e+01
0.2490 1.68710e-22 1.68227e+01 2.03388e+01 2.42538e+01
0.2500 1.67819e-22 1.67786e+01 2.02526e+01 2.41151e+01
0.2510 1.67568e-22 1.67606e+01 2.02077e+01 2.40344e+01
0.2520 1.68197e-22 1.68052e+01 2.02735e+01 2.41218e+01
0.2530 1.68680e-22 1.68506e+01 2.03482e+01 2.42310e+01
0.2540 1.68377e-22 1.68755e+01 2.04112e+01 2.43438e+01
0.2550 1.66955e-22 1.68246e+01 2.03437e+01 2.42636e+01
0.2560 1.65689e-22 1.67495e+01 2.02104e+01 2.40609e+01
0.2570 1.65052e-22 1.67080e+01 2.01234e+01 2.39136e+01
0.2580 1.66132e-22 1.67761e+01 2.02286e+01 2.40572e+01
0.2590 1.67449e-22 1.68719e+01 2.03844e+01 2.42818e+01
0.2600 1.67527e-22 1.69146e+01 2.04719e+01 2.44280e+01
0.2610 1.65812e-22 1.68425e+01 2.03663e+01 2.42916e+01
0.2620 1.63927e-22 1.67271e+01 2.01621e+01 2.39822e+01
0.2630 1.63062e-22 1.66494e+01 2.00036e+01 2.37194e+01
0.2640 1.63096e-22 1.66391e+01 1.99576e+01 2.36192e+01
0.2650 1.64877e-22 1.67866e+01 2.02159e+01 2.40064e+01
0.2660 1.66157e-22 1.68895e+01 2.03925e+01 2.42713e+01
0.2670 1.65396e-22 1.69032e+01 2.04545e+01 2.44005e+01
0.2680 1.63106e-22 1.67856e+01 2.02634e+01 2.41288e+01
0.2690 1.61534e-22 1.66484e+01 2.00047e+01 2.37214e+01
0.2700 1.60818e-22 1.65753e+01 1.98556e+01 2.34711e+01
0.2710 1.63156e-22 1.67236e+01 2.00859e+01 2.37896e+01
0.2720 1.65551e-22 1.69200e+01 2.04275e+01 2.43044e+01
0.2730 1.65479e-22 1.69808e+01 2.05627e+01 2.45338e+01
0.2740 1.63021e-22 1.68652e+01 2.03895e+01 2.43020e+01
0.2750 1.60930e-22 1.67062e+01 2.00879e+01 2.38257e+01
0.2760 1.59919e-22 1.66125e+01 1.98965e+01 2.35078e+01
0.2770 1.60302e-22 1.66207e+01 1.98855e+01 2.34650e+01
0.2780 1.62561e-22 1.67969e+01 2.01831e+01 2.39056e+01
0.2790 1.63200e-22 1.68724e+01 2.03364e+01 2.41593e+01
0.2800 1.62110e-22 1.68592e+01 2.03310e+01 2.41667e+01
0.2810 1.61768e-22 1.68309e+01 2.02731e+01 2.40733e+01
0.2820 1.59606e-22 1.66935e+01 2.00293e+01 2.36986e+01
0.2830 1.59628e-22 1.66764e+01 1.99805e+01 2.36042e+01
0.2840 1.60135e-22 1.67237e+01 2.00471e+01 2.36876e+01
0.2850 1.61877e-22 1.68520e+01 2.02614e+01 2.40027e+01
0.2860 1.61558e-22 1.68637e+01 2.02985e+01 2.40743e+01
0.2870 1.60957e-22 1.68476e+01 2.02753e+01 2.40409e+01
0.2880 1.59879e-22 1.67802e+01 2.01493e+01 2.38431e+01
0.2890 1.59510e-22 1.67395e+01 2.00575e+01 2.36842e+01
0.2900 1.59757e-22 1.67765e+01 2.01264e+01 2.37892e+01
0.2910 1.60652e-22 1.68359e+01 2.02237e+01 2.39333e+01
0.2920 1.60014e-22 1.68131e+01 2.01853e+01 2.38773e+01
0.2930 1.61078e-22 1.68619e+01 2.02528e+01 2.39663e+01
0.2940 1.59890e-22 1.68135e+01 2.01811e+01 2.38698e+01
0.2950 1.60113e-22 1.68116e+01 2.01524e+01 2.38048e+01
0.2960 1.59998e-22 1.68148e+01 2.01571e+01 2.38115e+01
0.2970 1.61167e-22 1.68703e+01 2.02356e+01 2.39146e+01
0.2980 1.60054e-22 1.68676e+01 2.02669e+01 2.39935e+01
0.2990 1.59902e-22 1.68529e+01 2.02209e+01 2.39054e+01
0.3000 1.60126e-22 1.68435e+01 2.01812e+01 2.38238e+01
0.3010 1.60543e-22 1.68776e+01 2.02277e+01 2.38816e+01
0.3020 1.59715e-22 1.68668e+01 2.02266e+01 2.38939e+01
0.3030 1.59588e-22 1.68569e+01 2.02061e+01 2.38604e+01
0.3040 1.58222e-22 1.67995e+01 2.01189e+01 2.37345e+01
0.3050 1.58145e-22 1.67858e+01 2.00806e+01 2.36625e+01
0.3060 1.57821e-22 1.67766e+01 2.00664e+01 2.36394e+01
0.3070 1.58233e-22 1.68185e+01 2.01355e+01 2.37399e+01
0.3080 1.59500e-22 1.68975e+01 2.02636e+01 2.39281e+01
0.3090 1.60174e-22 1.69413e+01 2.03311e+01 2.40238e+01
0.3100 1.60794e-22 1.69654e+01 2.03542e+01 2.40424e+01
0.3110 1.60640e-22 1.69858e+01 2.03981e+01 2.41149e+01
0.3120 1.59594e-22 1.69496e+01 2.03586e+01 2.40727e+01
0.3130 1.59390e-22 1.69522e+01 2.03533e+01 2.40566e+01
0.3140 1.58804e-22 1.69251e+01 2.03117e+01 2.39998e+01
0.3150 1.59395e-22 1.69477e+01 2.03340e+01 2.40174e+01
0.3160 1.59790e-22 1.69736e+01 2.03715e+01 2.40659e+01
0.3170 1.61281e-22 1.70609e+01 2.05049e+01 2.42509e+01
0.3180 1.61479e-22 1.70881e+01 2.05516e+01 2.43211e+01
0.3190 1.62372e-22 1.71572e+01 2.06621e+01 2.44771e+01
0.3200 1.62003e-22 1.71314e+01 2.06164e+01 2.44095e+01
0.3210 1.61911e-22 1.71226e+01 2.05954e+01 2.43744e+01
0.3220 1.60892e-22 1.70802e+01 2.05301e+01 2.42819e+01
0.3230 1.61148e-22 1.70854e+01 2.05225e+01 2.42576e+01
0.3240 1.60946e-22 1.70742e+01 2.04882e+01 2.41948e+01
0.3250 1.61304e-22 1.70949e+01 2.05089e+01 2.42120e+01
0.3260 1.62144e-22 1.71471e+01 2.05868e+01 2.43171e+01
0.3270 1.62271e-22 1.71688e+01 2.06366e+01 2.44018e+01
0.3280 1.61542e-22 1.71532e+01 2.06256e+01 2.44000e+01
0.3290 1.61272e-22 1.71547e+01 2.06239e+01 2.43939e+01
0.3300 1.61001e-22 1.71294e+01 2.05715e+01 2.43085e+01
0.3310 1.60599e-22 1.71137e+01 2.05465e+01 2.42724e+01
0.3320 1.60613e-22 1.71060e+01 2.05262e+01 2.42362e+01
0.3330 1.60127e-22 1.71009e+01 2.05207e+01 2.42296e+01
0.3340 1.59901e-22 1.71079e+01 2.05376e+01 2.42577e+01
0.3350 1.60758e-22 1.71800e+01 2.06467e+01 2.44067e+01
0.3360 1.62316e-22 1.72596e+01 2.07556e+01 2.45457e+01
0.3370 1.61758e-22 1.72168e+01 2.06912e+01 2.44573e+01
0.3380 1.60955e-22 1.71950e+01 2.06665e+01 2.44319e+01
0.3390 1.60927e-22 1.72073e+01 2.06814e+01 2.44478e+01
0.3400 1.61037e-22 1.72067e+01 2.06679e+01 2.44155e+01
0.3410 1.60731e-22 1.71987e+01 2.06427e+01 2.43699e+01
0.3420 1.60681e-22 1.72090e+01 2.06632e+01 2.44017e+01
0.3430 1.60926e-22 1.72372e+01 2.07111e+01 2.44722e+01
0.3440 1.60724e-22 1.72326e+01 2.07065e+01 2.44663e+01
0.3450 1.60393e-22 1.72309e+01 2.06970e+01 2.44454e+01
0.3460 1.59502e-22 1.72018e+01 2.06661e+01 2.44150e+01
0.3470 1.59014e-22 1.71697e+01 2.05989e+01 2.43070e+01
0.3480 1.59162e-22 1.71687e+01 2.05839e+01 2.42728e+01
0.3490 1.58688e-22 1.71391e+01 2.05363e+01 2.42042e+01
0.3500 1.59303e-22 1.71815e+01 2.05900e+01 2.42670e+01
0.3510 1.59481e-22 1.72027e+01 2.06308e+01 2.43291e+01
0.3520 1.59869e-22 1.72419e+01 2.06935e+01 2.44175e+01
0.3530 1.60261e-22 1.72763e+01 2.07499e+01 2.44994e+01
0.3540 1.59487e-22 1.72520e+01 2.07080e+01 2.44363e+01
0.3550 1.59436e-22 1.72514e+01 2.07045e+01 2.44286e+01
0.3560 1.58599e-22 1.72266e+01 2.06703e+01 2.43838e+01
0.3570 1.58826e-22 1.72525e+01 2.06980e+01 2.44105e+01
0.3580 1.58469e-22 1.72361e+01 2.06676e+01 2.43625e+01
0.3590 1.58100e-22 1.72215e+01 2.06412e+01 2.43199e+01
0.3600 1.58068e-22 1.72356e+01 2.06625e+01 2.43481e+01
0.3610 1.58153e-22 1.72470e+01 2.06651e+01 2.43378e+01
0.3620 1.58017e-22 1.72444e+01 2.06636e+01 2.43378e+01
0.3630 1.57708e-22 1.72291e+01 2.06377e+01 2.43003e+01
0.3640 1.57612e-22 1.72232e+01 2.06154e+01 2.42586e+01
0.3650 1.56825e-22 1.71966e+01 2.05808e+01 2.42144e+01
0.3660 1.57086e-22 1.71989e+01 2.05803e+01 2.42098e+01
0.3670 1.56897e-22 1.72054e+01 2.05931e+01 2.42294e+01
0.3680 1.56547e-22 1.72084e+01 2.06030e+01 2.42469e+01
0.3690 1.56693e-22 1.72271e+01 2.06260e+01 2.42728e+01
0.3691 1.56744e-22 1.72279e+01 2.06279e+01 2.42759e+01
0.3700 1.57210e-22 1.72591e+01 2.06736e+01 2.43372e+01
0.3710 1.56770e-22 1.72510e+01 2.06613e+01 2.43201e+01
0.3720 1.56510e-22 1.72406e+01 2.06405e+01 2.42855e+01
0.3730 1.56327e-22 1.72433e+01 2.06431e+01 2.42865e+01
0.3740 1.57237e-22 1.72883e+01 2.06983e+01 2.43512e+01
0.3750 1.56715e-22 1.72877e+01 2.06949e+01 2.43411e+01
0.3760 1.56488e-22 1.72809e+01 2.06858e+01 2.43265e+01
0.3770 1.56568e-22 1.72784e+01 2.06781e+01 2.43134e+01
0.3780 1.55562e-22 1.72472e+01 2.06268e+01 2.42384e+01
0.3790 1.55369e-22 1.72303e+01 2.05913e+01 2.41794e+01
0.3800 1.55094e-22 1.72299e+01 2.05817e+01 2.41585e+01
0.3810 1.55355e-22 1.72469e+01 2.06094e+01 2.41983e+01
0.3820 1.54452e-22 1.72072e+01 2.05518e+01 2.41186e+01
0.3830 1.54475e-22 1.72199e+01 2.05652e+01 2.41314e+01
0.3840 1.54045e-22 1.72069e+01 2.05522e+01 2.41190e+01
0.3850 1.54000e-22 1.72178e+01 2.05686e+01 2.41421e+01
0.3860 1.53807e-22 1.72069e+01 2.05544e+01 2.41254e+01
0.3870 1.53740e-22 1.72292e+01 2.05846e+01 2.41635e+01
0.3880 1.53084e-22 1.71965e+01 2.05326e+01 2.40867e+01
0.3890 1.52645e-22 1.71922e+01 2.05193e+01 2.40591e+01
0.3900 1.53198e-22 1.72082e+01 2.05330e+01 2.40691e+01
0.3910 1.53292e-22 1.72201e+01 2.05487e+01 2.40885e+01
0.3920 1.52144e-22 1.71613e+01 2.04694e+01 2.39864e+01
0.3930 1.52100e-22 1.71775e+01 2.04867e+01 2.40005e+01
0.3940 1.51685e-22 1.71577e+01 2.04624e+01 2.39729e+01
0.3950 1.51015e-22 1.71403e+01 2.04389e+01 2.39407e+01
0.3960 1.51604e-22 1.71868e+01 2.04925e+01 2.40013e+01
0.3970 1.52003e-22 1.72101e+01 2.05281e+01 2.40507e+01
0.3980 1.51941e-22 1.72114e+01 2.05364e+01 2.40657e+01
0.3990 1.52290e-22 1.72350e+01 2.05715e+01 2.41137e+01
0.4000 1.52039e-22 1.72238e+01 2.05552e+01 2.40924e+01
0.4010 1.50870e-22 1.71785e+01 2.04930e+01 2.40108e+01
0.4020 1.50479e-22 1.71740e+01 2.04846e+01 2.39974e+01
0.4030 1.50713e-22 1.71955e+01 2.05114e+01 2.40268e+01
0.4040 1.49623e-22 1.71391e+01 2.04368e+01 2.39317e+01
0.4050 1.49755e-22 1.71677e+01 2.04764e+01 2.39801e+01
0.4060 1.49555e-22 1.71642e+01 2.04862e+01 2.40082e+01
0.4070 1.47675e-22 1.71068e+01 2.04147e+01 2.39189e+01
0.4080 1.49057e-22 1.71776e+01 2.05085e+01 2.40384e+01
0.4090 1.49039e-22 1.71948e+01 2.05359e+01 2.40765e+01
0.4100 1.48522e-22 1.71693e+01 2.04989e+01 2.40233e+01
0.4110 1.47829e-22 1.71451e+01 2.04716e+01 2.39930e+01
0.4120 1.47799e-22 1.71423e+01 2.04626e+01 2.39755e+01
0.4130 1.46616e-22 1.70935e+01 2.03912e+01 2.38767e+01
0.4140 1.45923e-22 1.70706e+01 2.03474e+01 2.38079e+01
0.4150 1.45843e-22 1.70842e+01 2.03634e+01 2.38280e+01
0.4160 1.44408e-22 1.70450e+01 2.03128e+01 2.37669e+01
0.4170 1.45046e-22 1.70696e+01 2.03415e+01 2.37987e+01
0.4180 1.45580e-22 1.71232e+01 2.04189e+01 2.39031e+01
0.4190 1.44880e-22 1.71012e+01 2.03947e+01 2.38790e+01
0.4200 1.46034e-22 1.71331e+01 2.04352e+01 2.39317e+01
0.4210 1.44723e-22 1.71148e+01 2.04126e+01 2.39036e+01
0.4220 1.44568e-22 1.71056e+01 2.03983e+01 2.38857e+01
0.4230 1.45081e-22 1.71626e+01 2.04673e+01 2.39668e+01
0.4240 1.45180e-22 1.71808e+01 2.04894e+01 2.39932e+01
0.4250 1.45538e-22 1.72086e+01 2.05231e+01 2.40335e+01
0.4260 1.44845e-22 1.72003e+01 2.05209e+01 2.40395e+01
0.4270 1.45944e-22 1.72503e+01 2.05911e+01 2.41345e+01
0.4280 1.45116e-22 1.72253e+01 2.05533e+01 2.40835e+01
0.4290 1.44804e-22 1.72089e+01 2.05333e+01 2.40634e+01
0.4300 1.44663e-22 1.72194e+01 2.05521e+01 2.40946e+01
0.4310 1.45360e-22 1.72626e+01 2.06155e+01 2.41817e+01
0.4320 1.45422e-22 1.72807e+01 2.06480e+01 2.42337e+01
0.4330 1.45142e-22 1.72943e+01 2.06637e+01 2.42532e+01
0.4340 1.45189e-22 1.73067e+01 2.06787e+01 2.42741e+01
0.4350 1.44908e-22 1.73028e+01 2.06731e+01 2.42695e+01
0.4360 1.44836e-22 1.73271e+01 2.07101e+01 2.43268e+01
0.4370 1.44518e-22 1.72920e+01 2.06579e+01 2.42610e+01
0.4380 1.43848e-22 1.72514e+01 2.06105e+01 2.42078e+01
0.4390 1.43695e-22 1.72785e+01 2.06391e+01 2.42394e+01
0.4400 1.43422e-22 1.72559e+01 2.06089e+01 2.42026e+01
0.4410 1.43255e-22 1.72245e+01 2.05662e+01 2.41494e+01
0.4420 1.42342e-22 1.71790e+01 2.05051e+01 2.40719e+01
0.4430 1.41664e-22 1.72009e+01 2.05255e+01 2.40934e+01
0.4440 1.42846e-22 1.72444e+01 2.05852e+01 2.41760e+01
0.4450 1.41704e-22 1.71818e+01 2.04902e+01 2.40472e+01
0.4460 1.40687e-22 1.71854e+01 2.05016e+01 2.40662e+01
0.4470 1.41558e-22 1.72595e+01 2.05808e+01 2.41547e+01
0.4480 1.41401e-22 1.72347e+01 2.05501e+01 2.41249e+01
0.4490 1.41063e-22 1.72599e+01 2.05821e+01 2.41678e+01
0.4500 1.40904e-22 1.72406e+01 2.05566e+01 2.41387e+01
0.4510 1.40457e-22 1.71852e+01 2.05042e+01 2.41012e+01
0.4520 1.40158e-22 1.71206e+01 2.04271e+01 2.40124e+01
0.4530 1.40590e-22 1.71258e+01 2.04233e+01 2.39985e+01
0.4540 1.39028e-22 1.70601e+01 2.03424e+01 2.39053e+01
0.4550 1.39236e-22 1.70453e+01 2.03233e+01 2.38868e+01
0.4560 1.38937e-22 1.70615e+01 2.03419e+01 2.39089e+01
0.4570 1.37982e-22 1.70125e+01 2.02799e+01 2.38319e+01
0.4580 1.37376e-22 1.70092e+01 2.02721e+01 2.38175e+01
0.4590 1.37193e-22 1.70330e+01 2.02986e+01 2.38432e+01
0.4600 1.37954e-22 1.70924e+01 2.03824e+01 2.39652e+01
0.4610 1.38029e-22 1.71032e+01 2.03994e+01 2.39875e+01
0.4620 1.37547e-22 1.70770e+01 2.03738e+01 2.39619e+01
0.4630 1.38743e-22 1.71384e+01 2.04549e+01 2.40626e+01
0.4640 1.37432e-22 1.70854e+01 2.03670e+01 2.39339e+01
0.4650 1.36443e-22 1.70059e+01 2.02680e+01 2.38076e+01
0.4660 1.36021e-22 1.70419e+01 2.03046e+01 2.38401e+01
0.4670 1.36940e-22 1.70875e+01 2.03585e+01 2.39056e+01
0.4680 1.36307e-22 1.70418e+01 2.03070e+01 2.38463e+01
0.4690 1.35585e-22 1.70258e+01 2.02710e+01 2.37802e+01
0.4700 1.35309e-22 1.70027e+01 2.02429e+01 2.37452e+01
0.4710 1.34545e-22 1.69799e+01 2.02035e+01 2.36853e+01
0.4720 1.34660e-22 1.69869e+01 2.02123e+01 2.36972e+01
0.4730 1.34008e-22 1.69573e+01 2.01674e+01 2.36372e+01
0.4740 1.34214e-22 1.70038e+01 2.02158e+01 2.36884e+01
0.4750 1.34484e-22 1.70331e+01 2.02658e+01 2.37580e+01
0.4760 1.33856e-22 1.69750e+01 2.01905e+01 2.36617e+01
0.4770 1.33471e-22 1.70067e+01 2.02271e+01 2.37024e+01
0.4780 1.33730e-22 1.69788e+01 2.01970e+01 2.36762e+01
0.4784 1.34217e-22 1.70144e+01 2.02448e+01 2.37422e+01
0.4790 1.33081e-22 1.69785e+01 2.02011e+01 2.36929e+01
0.4800 1.33175e-22 1.69392e+01 2.01349e+01 2.35893e+01
0.4810 1.32042e-22 1.68608e+01 2.00293e+01 2.34491e+01
0.4820 1.31805e-22 1.68370e+01 1.99979e+01 2.34075e+01
0.4830 1.30657e-22 1.68528e+01 2.00140e+01 2.34254e+01
0.4840 1.30957e-22 1.68539e+01 2.00225e+01 2.34412e+01
0.4850 1.31385e-22 1.68897e+01 2.00616e+01 2.34841e+01
0.4860 1.31101e-22 1.68744e+01 2.00530e+01 2.34869e+01
0.4870 1.31804e-22 1.69194e+01 2.01277e+01 2.36051e+01
0.4880 1.31534e-22 1.69031e+01 2.01057e+01 2.35829e+01
0.4890 1.30904e-22 1.68576e+01 2.00457e+01 2.35030e+01
0.4900 1.30671e-22 1.68537e+01 2.00458e+01 2.35093e+01
0.4910 1.30520e-22 1.68818e+01 2.00819e+01 2.35545e+01
0.4920 1.30515e-22 1.68930e+01 2.01018e+01 2.35856e+01
0.4930 1.30576e-22 1.68832e+01 2.00964e+01 2.35853e+01
0.4940 1.30483e-22 1.68503e+01 2.00507e+01 2.35179e+01
0.4950 1.30405e-22 1.68869e+01 2.00942e+01 2.35738e+01
0.4960 1.30565e-22 1.68824e+01 2.00943e+01 2.35825e+01
0.4970 1.30390e-22 1.68700e+01 2.00782e+01 2.35581e+01
0.4980 1.30289e-22 1.68746e+01 2.00919e+01 2.35866e+01
0.4990 1.30279e-22 1.68470e+01 2.00439e+01 2.35143e+01
0.5000 1.29174e-22 1.68544e+01 2.00472e+01 2.35112e+01
0.5010 1.29668e-22 1.68842e+01 2.00936e+01 2.35831e+01
0.5020 1.29414e-22 1.68569e+01 2.00724e+01 2.35724e+01
0.5030 1.29179e-22 1.68631e+01 2.00759e+01 2.35778e+01
0.5040 1.28660e-22 1.68686e+01 2.00678e+01 2.35486e+01
0.5050 1.28796e-22 1.68619e+01 2.00631e+01 2.35476e+01
0.5060 1.28397e-22 1.68652e+01 2.00767e+01 2.35759e+01
0.5070 1.28373e-22 1.68993e+01 2.01182e+01 2.36272e+01
0.5080 1.28397e-22 1.68972e+01 2.01220e+01 2.36363e+01
0.5090 1.28843e-22 1.69220e+01 2.01446e+01 2.36543e+01
0.5100 1.28946e-22 1.69460e+01 2.01711e+01 2.36836e+01
0.5110 1.28322e-22 1.68913e+01 2.01141e+01 2.36246e+01
0.5120 1.28884e-22 1.69567e+01 2.02264e+01 2.37961e+01
0.5130 1.28584e-22 1.69615e+01 2.02377e+01 2.38112e+01
0.5140 1.29548e-22 1.70230e+01 2.03338e+01 2.39500e+01
0.5150 1.28268e-22 1.69901e+01 2.02914e+01 2.38945e+01
0.5160 1.29365e-22 1.70273e+01 2.03613e+01 2.40129e+01
0.5170 1.28409e-22 1.69717e+01 2.02805e+01 2.38991e+01
0.5180 1.28483e-22 1.69994e+01 2.03150e+01 2.39417e+01
0.5190 1.28514e-22 1.69665e+01 2.02697e+01 2.38841e+01
0.5200 1.28630e-22 1.70028e+01 2.03076e+01 2.39272e+01
0.5210 1.29653e-22 1.70743e+01 2.04037e+01 2.40497e+01
0.5220 1.28571e-22 1.69990e+01 2.03078e+01 2.39323e+01
0.5230 1.28359e-22 1.69852e+01 2.02858e+01 2.39010e+01
0.5240 1.28188e-22 1.69503e+01 2.02254e+01 2.38120e+01
0.5250 1.27141e-22 1.69309e+01 2.02066e+01 2.37951e+01
0.5260 1.27295e-22 1.69601e+01 2.02493e+01 2.38473e+01
0.5270 1.27995e-22 1.70268e+01 2.03426e+01 2.39721e+01
0.5280 1.26568e-22 1.69590e+01 2.02367e+01 2.38167e+01
0.5290 1.26635e-22 1.69639e+01 2.02341e+01 2.38054e+01
0.5300 1.27013e-22 1.70255e+01 2.03157e+01 2.39106e+01
0.5310 1.27047e-22 1.70119e+01 2.03150e+01 2.39274e+01
0.5320 1.27124e-22 1.69876e+01 2.02752e+01 2.38620e+01
0.5330 1.26736e-22 1.70074e+01 2.03033e+01 2.39008e+01
0.5340 1.27203e-22 1.70627e+01 2.03981e+01 2.40467e+01
0.5350 1.26834e-22 1.70742e+01 2.04025e+01 2.40318e+01
0.5360 1.26513e-22 1.70821e+01 2.04215e+01 2.40676e+01
0.5370 1.27181e-22 1.70911e+01 2.04301e+01 2.40790e+01
0.5380 1.27158e-22 1.70573e+01 2.03961e+01 2.40450e+01
0.5390 1.27280e-22 1.71070e+01 2.04654e+01 2.41405e+01
0.5400 1.26720e-22 1.70434e+01 2.03695e+01 2.40083e+01
0.5410 1.25760e-22 1.70074e+01 2.03212e+01 2.39484e+01
0.5420 1.25315e-22 1.69963e+01 2.02903e+01 2.38926e+01
0.5430 1.25182e-22 1.69982e+01 2.02766e+01 2.38510e+01
0.5440 1.24665e-22 1.70044e+01 2.02855e+01 2.38637e+01
0.5450 1.24572e-22 1.69955e+01 2.02745e+01 2.38445e+01
0.5460 1.24621e-22 1.69396e+01 2.02156e+01 2.37844e+01
0.5470 1.24096e-22 1.70072e+01 2.02930e+01 2.38721e+01
0.5480 1.24381e-22 1.70334e+01 2.03379e+01 2.39441e+01
0.5490 1.24801e-22 1.70750e+01 2.04126e+01 2.40667e+01
0.5500 1.25053e-22 1.70724e+01 2.04208e+01 2.40866e+01
0.5510 1.24722e-22 1.69946e+01 2.03225e+01 2.39617e+01
0.5520 1.24971e-22 1.70291e+01 2.03642e+01 2.40092e+01
0.5530 1.24935e-22 1.70788e+01 2.04552e+01 2.41549e+01
0.5540 1.24784e-22 1.70982e+01 2.04630e+01 2.41449e+01
0.5550 1.24338e-22 1.70459e+01 2.04057e+01 2.40860e+01
0.5560 1.24697e-22 1.70619e+01 2.04201e+01 2.40962e+01
0.5570 1.24621e-22 1.70144e+01 2.03503e+01 2.40023e+01
0.5580 1.24170e-22 1.70099e+01 2.03645e+01 2.40456e+01
0.5590 1.23907e-22 1.70245e+01 2.03837e+01 2.40717e+01
0.5600 1.24454e-22 1.70202e+01 2.03987e+01 2.41208e+01
0.5610 1.25092e-22 1.71229e+01 2.05355e+01 2.42949e+01
0.5620 1.24858e-22 1.70328e+01 2.03975e+01 2.40976e+01
0.5630 1.23727e-22 1.70442e+01 2.04101e+01 2.41045e+01
0.5640 1.24067e-22 1.70535e+01 2.04230e+01 2.41136e+01
0.5650 1.24418e-22 1.70847e+01 2.04659e+01 2.41739e+01
0.5660 1.24071e-22 1.71176e+01 2.05094e+01 2.42268e+01
0.5670 1.25425e-22 1.71476e+01 2.05548e+01 2.42930e+01
0.5680 1.24984e-22 1.70963e+01 2.04886e+01 2.42071e+01
0.5690 1.25594e-22 1.71266e+01 2.05336e+01 2.42709e+01
0.5700 1.23837e-22 1.70851e+01 2.04843e+01 2.42146e+01
0.5710 1.23764e-22 1.70773e+01 2.04602e+01 2.41640e+01
0.5720 1.24106e-22 1.70663e+01 2.04359e+01 2.41247e+01
0.5726 1.23658e-22 1.70610e+01 2.04271e+01 2.41063e+01
0.5730 1.23427e-22 1.70352e+01 2.03912e+01 2.40594e+01
0.5740 1.23139e-22 1.70531e+01 2.04241e+01 2.41130e+01
0.5750 1.22954e-22 1.70837e+01 2.04914e+01 2.42149e+01
0.5760 1.23952e-22 1.71337e+01 2.05684e+01 2.43352e+01
0.5770 1.24050e-22 1.71348e+01 2.05658e+01 2.43294e+01
0.5780 1.23950e-22 1.71246e+01 2.05825e+01 2.43780e+01
0.5790 1.24309e-22 1.71917e+01 2.06822e+01 2.45224e+01
0.5800 1.23011e-22 1.70654e+01 2.05123e+01 2.43014e+01
0.5810 1.23068e-22 1.70431e+01 2.04675e+01 2.42265e+01
0.5820 1.23612e-22 1.70832e+01 2.05396e+01 2.43427e+01
0.5830 1.23088e-22 1.70675e+01 2.05125e+01 2.43049e+01
0.5840 1.23173e-22 1.71049e+01 2.05873e+01 2.44291e+01
0.5850 1.23134e-22 1.70768e+01 2.05535e+01 2.43947e+01
0.5860 1.24419e-22 1.71823e+01 2.06968e+01 2.45925e+01
0.5870 1.23493e-22 1.71360e+01 2.06329e+01 2.45046e+01
0.5880 1.24426e-22 1.71422e+01 2.06360e+01 2.45029e+01
0.5890 1.23264e-22 1.70789e+01 2.05218e+01 2.43205e+01
0.5900 1.23080e-22 1.71057e+01 2.05682e+01 2.43961e+01
0.5910 1.22953e-22 1.70935e+01 2.05333e+01 2.43278e+01
0.5920 1.22497e-22 1.71057e+01 2.05562e+01 2.43629e+01
0.5930 1.22996e-22 1.70788e+01 2.05033e+01 2.42752e+01
0.5940 1.21973e-22 1.71478e+01 2.05671e+01 2.43192e+01
0.5950 1.22126e-22 1.71712e+01 2.06102e+01 2.43944e+01
0.5960 1.22658e-22 1.71893e+01 2.06461e+01 2.44549e+01
0.5970 1.22767e-22 1.71578e+01 2.05933e+01 2.43732e+01
0.5980 1.22237e-22 1.71684e+01 2.06154e+01 2.44140e+01
0.5990 1.22005e-22 1.71717e+01 2.06087e+01 2.43907e+01
0.6000 1.22449e-22 1.71973e+01 2.06676e+01 2.44977e+01
0.6010 1.22382e-22 1.72216e+01 2.07083e+01 2.45524e+01
0.6020 1.23577e-22 1.72474e+01 2.07869e+01 2.47013e+01
0.6030 1.22380e-22 1.72581e+01 2.07930e+01 2.46978e+01
0.6040 1.22318e-22 1.72406e+01 2.07455e+01 2.46188e+01
0.6050 1.23285e-22 1.72346e+01 2.07404e+01 2.46147e+01
0.6060 1.21694e-22 1.72017e+01 2.06983e+01 2.45550e+01
0.6070 1.22535e-22 1.72119e+01 2.07189e+01 2.45862e+01
0.6080 1.22861e-22 1.72445e+01 2.07584e+01 2.46356e+01
0.6090 1.22492e-22 1.72604e+01 2.07977e+01 2.47080e+01
0.6100 1.22505e-22 1.72911e+01 2.08318e+01 2.47497e+01
0.6110 1.22335e-22 1.72360e+01 2.07732e+01 2.46955e+01
0.6120 1.22900e-22 1.72438e+01 2.08059e+01 2.47683e+01
0.6130 1.21879e-22 1.72502e+01 2.08094e+01 2.47672e+01
0.6140 1.22672e-22 1.72418e+01 2.08180e+01 2.47999e+01
0.6150 1.22356e-22 1.73353e+01 2.09437e+01 2.49571e+01
0.6160 1.22237e-22 1.72945e+01 2.08784e+01 2.48663e+01
0.6170 1.22920e-22 1.72894e+01 2.08551e+01 2.48255e+01
0.6180 1.21490e-22 1.72857e+01 2.08509e+01 2.48139e+01
0.6190 1.22473e-22 1.73356e+01 2.09112e+01 2.48859e+01
0.6200 1.22162e-22 1.73304e+01 2.09260e+01 2.49334e+01
0.6210 1.22831e-22 1.73652e+01 2.09631e+01 2.49749e+01
0.6220 1.23200e-22 1.73682e+01 2.09731e+01 2.49962e+01
0.6230 1.22776e-22 1.73475e+01 2.09500e+01 2.49722e+01
0.6240 1.22562e-22 1.73477e+01 2.09616e+01 2.50020e+01
0.6250 1.22513e-22 1.72777e+01 2.08527e+01 2.48445e+01
0.6260 1.22891e-22 1.73176e+01 2.09130e+01 2.49304e+01
0.6270 1.21876e-22 1.72763e+01 2.08481e+01 2.48270e+01
0.6280 1.21874e-22 1.72680e+01 2.08358e+01 2.48107e+01
0.6290 1.21606e-22 1.72768e+01 2.08513e+01 2.48383e+01
0.6300 1.20261e-22 1.72251e+01 2.07712e+01 2.47214e+01
0.6310 1.21407e-22 1.72538e+01 2.08060e+01 2.47542e+01
0.6320 1.21494e-22 1.73377e+01 2.09049e+01 2.48556e+01
0.6330 1.22222e-22 1.74455e+01 2.10818e+01 2.51185e+01
0.6340 1.23485e-22 1.74343e+01 2.10952e+01 2.51701e+01
0.6350 1.22849e-22 1.74135e+01 2.10452e+01 2.50862e+01
0.6360 1.22858e-22 1.73982e+01 2.10152e+01 2.50336e+01
0.6370 1.22703e-22 1.73722e+01 2.09729e+01 2.49719e+01
0.6380 1.22335e-22 1.73524e+01 2.09505e+01 2.49507e+01
0.6390 1.20879e-22 1.73222e+01 2.09234e+01 2.49331e+01
0.6400 1.20803e-22 1.73907e+01 2.10212e+01 2.50645e+01
0.6410 1.21652e-22 1.74673e+01 2.11115e+01 2.51592e+01
0.6420 1.22480e-22 1.74415e+01 2.10806e+01 2.51166e+01
0.6430 1.22027e-22 1.74226e+01 2.10688e+01 2.51268e+01
0.6440 1.22627e-22 1.74151e+01 2.10634e+01 2.51279e+01
0.6450 1.21824e-22 1.73987e+01 2.10744e+01 2.51785e+01
0.6460 1.21445e-22 1.74063e+01 2.10686e+01 2.51464e+01
0.6470 1.22339e-22 1.73751e+01 2.10327e+01 2.51111e+01
0.6480 1.21793e-22 1.73673e+01 2.10050e+01 2.50567e+01
0.6490 1.20977e-22 1.73299e+01 2.09658e+01 2.50230e+01
0.6500 1.21099e-22 1.72774e+01 2.09013e+01 2.49537e+01
0.6510 1.21105e-22 1.72857e+01 2.09024e+01 2.49483e+01
0.6520 1.20497e-22 1.73083e+01 2.09361e+01 2.49922e+01
0.6530 1.21564e-22 1.73638e+01 2.10315e+01 2.51439e+01
0.6540 1.20394e-22 1.73606e+01 2.09945e+01 2.50591e+01
0.6550 1.20560e-22 1.73217e+01 2.09345e+01 2.49725e+01
0.6560 1.20441e-22 1.73173e+01 2.09448e+01 2.50110e+01
0.6565 1.20060e-22 1.73582e+01 2.09860e+01 2.50498e+01
0.6570 1.19697e-22 1.73855e+01 2.10458e+01 2.51513e+01
0.6580 1.20868e-22 1.74986e+01 2.11877e+01 2.53084e+01
0.6590 1.20973e-22 1.75589e+01 2.12534e+01 2.53686e+01
0.6600 1.21980e-22 1.75782e+01 2.13018e+01 2.54564e+01
0.6610 1.21113e-22 1.76444e+01 2.13902e+01 2.55596e+01
0.6620 1.22353e-22 1.76406e+01 2.13858e+01 2.55696e+01
0.6630 1.20561e-22 1.75643e+01 2.12522e+01 2.53621e+01
0.6640 1.20661e-22 1.76127e+01 2.13220e+01 2.54598e+01
0.6650 1.20321e-22 1.75941e+01 2.12900e+01 2.54084e+01
0.6660 1.20046e-22 1.76252e+01 2.13359e+01 2.54727e+01
0.6670 1.20566e-22 1.76619e+01 2.14363e+01 2.56508e+01
0.6680 1.21481e-22 1.76697e+01 2.14332e+01 2.56362e+01
0.6690 1.20899e-22 1.76610e+01 2.14120e+01 2.55940e+01
0.6700 1.20397e-22 1.75868e+01 2.12802e+01 2.53998e+01
0.6710 1.20416e-22 1.76191e+01 2.13196e+01 2.54436e+01
0.6720 1.19910e-22 1.76147e+01 2.13203e+01 2.54520e+01
0.6730 1.19700e-22 1.76553e+01 2.13885e+01 2.55503e+01
0.6740 1.19691e-22 1.76449e+01 2.13718e+01 2.55309e+01
0.6750 1.19009e-22 1.76419e+01 2.13507e+01 2.54857e+01
0.6760 1.19581e-22 1.77053e+01 2.14520e+01 2.56278e+01
0.6770 1.19016e-22 1.76403e+01 2.13740e+01 2.55370e+01
0.6780 1.19344e-22 1.76371e+01 2.13596e+01 2.55106e+01
0.6790 1.19689e-22 1.76517e+01 2.13772e+01 2.55312e+01
0.6800 1.18567e-22 1.75819e+01 2.13061e+01 2.54647e+01
0.6810 1.20082e-22 1.76564e+01 2.14053e+01 2.55886e+01
0.6820 1.19520e-22 1.76019e+01 2.13325e+01 2.54963e+01
0.6830 1.19436e-22 1.76370e+01 2.13721e+01 2.55440e+01
0.6840 1.19295e-22 1.76160e+01 2.13548e+01 2.55383e+01
0.6850 1.19551e-22 1.76203e+01 2.13572e+01 2.55357e+01
0.6860 1.19415e-22 1.75675e+01 2.12740e+01 2.54231e+01
0.6870 1.18525e-22 1.75473e+01 2.12425e+01 2.53795e+01
0.6880 1.18237e-22 1.75108e+01 2.11932e+01 2.53208e+01
0.6890 1.18680e-22 1.75172e+01 2.11797e+01 2.52748e+01
0.6900 1.18162e-22 1.74902e+01 2.11555e+01 2.52566e+01
0.6910 1.17732e-22 1.74935e+01 2.11563e+01 2.52520e+01
0.6920 1.17858e-22 1.74737e+01 2.11434e+01 2.52501e+01
0.6930 1.17784e-22 1.74624e+01 2.11463e+01 2.52744e+01
0.6940 1.17950e-22 1.74287e+01 2.10783e+01 2.51705e+01
0.6950 1.16996e-22 1.74080e+01 2.10389e+01 2.51064e+01
0.6960 1.17457e-22 1.74074e+01 2.10319e+01 2.50937e+01
0.6970 1.16054e-22 1.73963e+01 2.10253e+01 2.50915e+01
0.6980 1.16113e-22 1.73052e+01 2.08997e+01 2.49275e+01
0.6990 1.15348e-22 1.73471e+01 2.09855e+01 2.50678e+01
0.7000 1.15770e-22 1.73665e+01 2.10062e+01 2.50864e+01
0.7010 1.16057e-22 1.74022e+01 2.10376e+01 2.51106e+01
0.7020 1.16387e-22 1.73505e+01 2.09775e+01 2.50438e+01
0.7030 1.16626e-22 1.73975e+01 2.10365e+01 2.51142e+01
0.7040 1.16072e-22 1.74085e+01 2.10640e+01 2.51622e+01
0.7050 1.15595e-22 1.74060e+01 2.10318e+01 2.50906e+01
0.7060 1.16083e-22 1.74055e+01 2.10365e+01 2.51071e+01
0.7070 1.15691e-22 1.73973e+01 2.10354e+01 2.51159e+01
0.7080 1.15788e-22 1.74119e+01 2.10640e+01 2.51595e+01
0.7090 1.15870e-22 1.74287e+01 2.10961e+01 2.52087e+01
0.7100 1.15373e-22 1.74543e+01 2.11060e+01 2.51998e+01
0.7110 1.16487e-22 1.73737e+01 2.10257e+01 2.51255e+01
0.7120 1.15303e-22 1.73389e+01 2.09824e+01 2.50729e+01
0.7130 1.14708e-22 1.74301e+01 2.10975e+01 2.52104e+01
0.7140 1.15083e-22 1.73170e+01 2.09335e+01 2.49920e+01
0.7150 1.14601e-22 1.73568e+01 2.09844e+01 2.50539e+01
0.7160 1.14998e-22 1.73122e+01 2.09373e+01 2.50061e+01
0.7170 1.13847e-22 1.73824e+01 2.10241e+01 2.51117e+01
0.7180 1.14671e-22 1.73347e+01 2.09455e+01 2.50003e+01
0.7190 1.14559e-22 1.73576e+01 2.09955e+01 2.50835e+01
0.7200 1.14732e-22 1.73664e+01 2.09931e+01 2.50703e+01
0.7210 1.14222e-22 1.73690e+01 2.10295e+01 2.51525e+01
0.7220 1.14298e-22 1.73134e+01 2.09459e+01 2.50353e+01
0.7230 1.13663e-22 1.73421e+01 2.09644e+01 2.50355e+01
0.7240 1.14079e-22 1.72923e+01 2.09326e+01 2.50390e+01
0.7250 1.14319e-22 1.73071e+01 2.09425e+01 2.50451e+01
0.7260 1.13826e-22 1.72711e+01 2.08884e+01 2.49664e+01
0.7270 1.13867e-22 1.72339e+01 2.08107e+01 2.48403e+01
0.7280 1.12919e-22 1.72895e+01 2.09015e+01 2.49791e+01
0.7290 1.13790e-22 1.72980e+01 2.09199e+01 2.50114e+01
0.7300 1.14076e-22 1.73602e+01 2.10072e+01 2.51314e+01
0.7310 1.13426e-22 1.73695e+01 2.10057e+01 2.51127e+01
0.7320 1.14370e-22 1.74024e+01 2.10513e+01 2.51669e+01
0.7330 1.14461e-22 1.73821e+01 2.10319e+01 2.51516e+01
0.7340 1.14116e-22 1.74385e+01 2.11210e+01 2.52807e+01
0.7340 1.14113e-22 1.74385e+01 2.11210e+01 2.52808e+01
0.7350 1.14479e-22 1.74271e+01 2.10937e+01 2.52297e+01
0.7360 1.13953e-22 1.73924e+01 2.10491e+01 2.51788e+01
0.7370 1.13338e-22 1.73553e+01 2.09789e+01 2.50634e+01
0.7380 1.13339e-22 1.73805e+01 2.10320e+01 2.51562e+01
0.7390 1.13618e-22 1.73625e+01 2.10195e+01 2.51522e+01
0.7400 1.13445e-22 1.74299e+01 2.11080e+01 2.52617e+01
0.7410 1.14297e-22 1.74317e+01 2.11394e+01 2.53250e+01
0.7420 1.13638e-22 1.73900e+01 2.10727e+01 2.52242e+01
0.7430 1.14144e-22 1.73952e+01 2.10816e+01 2.52349e+01
0.7440 1.14063e-22 1.74232e+01 2.10970e+01 2.52314e+01
0.7450 1.13306e-22 1.73857e+01 2.10434e+01 2.51664e+01
0.7460 1.13581e-22 1.74369e+01 2.11068e+01 2.52444e+01
0.7470 1.13361e-22 1.74721e+01 2.11519e+01 2.53042e+01
0.7480 1.13260e-22 1.74351e+01 2.10753e+01 2.51699e+01
0.7490 1.13410e-22 1.73974e+01 2.10329e+01 2.51304e+01
0.7500 1.13185e-22 1.73326e+01 2.09389e+01 2.49990e+01
0.7510 1.13186e-22 1.73005e+01 2.08963e+01 2.49403e+01
0.7520 1.13157e-22 1.74070e+01 2.10382e+01 2.51255e+01
0.7530 1.13107e-22 1.74161e+01 2.10657e+01 2.51753e+01
0.7540 1.13331e-22 1.74004e+01 2.10342e+01 2.51193e+01
0.7550 1.12655e-22 1.73930e+01 2.10208e+01 2.50896e+01
0.7560 1.12891e-22 1.74165e+01 2.10802e+01 2.52003e+01
0.7570 1.13197e-22 1.74263e+01 2.10736e+01 2.51727e+01
0.7580 1.12219e-22 1.73555e+01 2.09813e+01 2.50568e+01
0.7590 1.12768e-22 1.74146e+01 2.10728e+01 2.51894e+01
0.7600 1.12110e-22 1.73617e+01 2.10065e+01 2.51096e+01
0.7610 1.11657e-22 1.73278e+01 2.09347e+01 2.49923e+01
0.7620 1.12505e-22 1.73449e+01 2.09802e+01 2.50728e+01
0.7630 1.12205e-22 1.73720e+01 2.10195e+01 2.51331e+01
0.7640 1.12310e-22 1.73508e+01 2.09740e+01 2.50532e+01
0.7650 1.12165e-22 1.73721e+01 2.10272e+01 2.51497e+01
0.7660 1.12423e-22 1.73719e+01 2.10179e+01 2.51272e+01
0.7670 1.11541e-22 1.73526e+01 2.09688e+01 2.50270e+01
0.7680 1.11638e-22 1.73443e+01 2.09706e+01 2.50460e+01
0.7690 1.12494e-22 1.74361e+01 2.10931e+01 2.52053e+01
0.7700 1.11513e-22 1.74351e+01 2.10996e+01 2.52198e+01
0.7710 1.11850e-22 1.74151e+01 2.10733e+01 2.51813e+01
0.7720 1.11901e-22 1.74532e+01 2.11321e+01 2.52714e+01
0.7730 1.11909e-22 1.74343e+01 2.11208e+01 2.52739e+01
0.7740 1.11639e-22 1.74630e+01 2.11476e+01 2.52904e+01
0.7750 1.11392e-22 1.74381e+01 2.11088e+01 2.52403e+01
0.7760 1.11206e-22 1.73956e+01 2.10564e+01 2.51780e+01
0.7770 1.11460e-22 1.73743e+01 2.10246e+01 2.51314e+01
0.7780 1.11475e-22 1.74296e+01 2.10991e+01 2.52239e+01
0.7790 1.11492e-22 1.74496e+01 2.11267e+01 2.52603e+01
0.7800 1.11175e-22 1.74242e+01 2.10896e+01 2.52075e+01
0.7810 1.12051e-22 1.74700e+01 2.11553e+01 2.52982e+01
0.7820 1.11264e-22 1.74328e+01 2.11010e+01 2.52260e+01
0.7830 1.10990e-22 1.74825e+01 2.11781e+01 2.53336e+01
0.7840 1.10847e-22 1.74489e+01 2.11473e+01 2.53130e+01
0.7850 1.10812e-22 1.74499e+01 2.11451e+01 2.53051e+01
0.7860 1.10514e-22 1.74409e+01 2.10923e+01 2.51964e+01
0.7870 1.09595e-22 1.74423e+01 2.10898e+01 2.51911e+01
0.7880 1.10237e-22 1.74262e+01 2.10683e+01 2.51664e+01
0.7890 1.10251e-22 1.74514e+01 2.11142e+01 2.52385e+01
0.7900 1.09722e-22 1.74488e+01 2.11128e+01 2.52397e+01
0.7910 1.09856e-22 1.74157e+01 2.10660e+01 2.51733e+01
0.7920 1.09649e-22 1.74182e+01 2.10595e+01 2.51469e+01
0.7930 1.10272e-22 1.74646e+01 2.11343e+01 2.52617e+01
0.7940 1.09999e-22 1.74450e+01 2.11027e+01 2.52150e+01
0.7950 1.09943e-22 1.74751e+01 2.11595e+01 2.53027e+01
0.7960 1.09912e-22 1.74551e+01 2.11320e+01 2.52671e+01
0.7970 1.10147e-22 1.74565e+01 2.11276e+01 2.52483e+01
0.7980 1.08929e-22 1.74726e+01 2.11325e+01 2.52359e+01
0.7990 1.09476e-22 1.74927e+01 2.11604e+01 2.52742e+01
0.8000 1.09262e-22 1.74447e+01 2.11203e+01 2.52492e+01
0.8010 1.09051e-22 1.74959e+01 2.11946e+01 2.53480e+01
0.8020 1.09180e-22 1.74418e+01 2.11281e+01 2.52719e+01
0.8030 1.09273e-22 1.74800e+01 2.11575e+01 2.52867e+01
0.8040 1.08605e-22 1.75155e+01 2.12105e+01 2.53626e+01
0.8050 1.09491e-22 1.75476e+01 2.12493e+01 2.54099e+01
0.8060 1.08957e-22 1.74911e+01 2.11626e+01 2.52906e+01
0.8070 1.08735e-22 1.74721e+01 2.11557e+01 2.53024e+01
0.8070 1.08862e-22 1.74694e+01 2.11502e+01 2.52941e+01
0.8080 1.08321e-22 1.74560e+01 2.11123e+01 2.52253e+01
0.8090 1.08149e-22 1.74874e+01 2.11575e+01 2.52798e+01
0.8100 1.08258e-22 1.74800e+01 2.11700e+01 2.53238e+01
0.8110 1.08486e-22 1.74407e+01 2.11310e+01 2.52848e+01
0.8120 1.07838e-22 1.74424e+01 2.11242e+01 2.52626e+01
0.8130 1.08559e-22 1.74939e+01 2.11991e+01 2.53631e+01
0.8140 1.08126e-22 1.75121e+01 2.12286e+01 2.54056e+01
0.8150 1.08335e-22 1.75176e+01 2.12202e+01 2.53735e+01
0.8160 1.08654e-22 1.75127e+01 2.12241e+01 2.53873e+01
0.8170 1.08013e-22 1.75006e+01 2.12079e+01 2.53631e+01
0.8180 1.08204e-22 1.75089e+01 2.12077e+01 2.53510e+01
0.8190 1.08022e-22 1.75164e+01 2.12036e+01 2.53272e+01
0.8200 1.07192e-22 1.75201e+01 2.12168e+01 2.53629e+01
0.8210 1.07728e-22 1.75503e+01 2.12884e+01 2.54873e+01
0.8220 1.08167e-22 1.75106e+01 2.12407e+01 2.54374e+01
0.8230 1.07301e-22 1.75206e+01 2.12656e+01 2.54744e+01
0.8240 1.07725e-22 1.75236e+01 2.12541e+01 2.54471e+01
0.8250 1.08230e-22 1.75245e+01 2.12743e+01 2.54874e+01
0.8260 1.07942e-22 1.75648e+01 2.13222e+01 2.55444e+01
0.8270 1.08041e-22 1.75213e+01 2.12544e+01 2.54440e+01
0.8280 1.07680e-22 1.75385e+01 2.12810e+01 2.54842e+01
0.8290 1.08755e-22 1.75824e+01 2.13481e+01 2.55773e+01
0.8300 1.07915e-22 1.75410e+01 2.12812e+01 2.54816e+01
0.8310 1.07625e-22 1.75422e+01 2.12911e+01 2.54996e+01
0.8320 1.08114e-22 1.75653e+01 2.13040e+01 2.54943e+01
0.8330 1.07244e-22 1.75274e+01 2.12660e+01 2.54563e+01
0.8340 1.07684e-22 1.75206e+01 2.12549e+01 2.54406e+01
0.8350 1.08025e-22 1.75404e+01 2.12894e+01 2.54936e+01
0.8360 1.07285e-22 1.75063e+01 2.12313e+01 2.54077e+01
0.8370 1.07696e-22 1.74917e+01 2.12237e+01 2.54065e+01
0.8380 1.07492e-22 1.75215e+01 2.12475e+01 2.54240e+01
0.8390 1.08016e-22 1.74624e+01 2.11772e+01 2.53458e+01
0.8400 1.07818e-22 1.74536e+01 2.11540e+01 2.53007e+01
0.8410 1.07158e-22 1.74523e+01 2.11651e+01 2.53365e+01
0.8420 1.07213e-22 1.74475e+01 2.11379e+01 2.52805e+01
0.8430 1.06800e-22 1.75343e+01 2.12729e+01 2.54721e+01
0.8440 1.07391e-22 1.75180e+01 2.12381e+01 2.54147e+01
0.8450 1.07915e-22 1.75662e+01 2.13036e+01 2.54972e+01
0.8460 1.07462e-22 1.75785e+01 2.13074e+01 2.54846e+01
0.8470 1.07487e-22 1.75557e+01 2.13056e+01 2.55143e+01
0.8480 1.07615e-22 1.75103e+01 2.12230e+01 2.53842e+01
0.8490 1.07343e-22 1.75623e+01 2.12873e+01 2.54639e+01
0.8500 1.07814e-22 1.75951e+01 2.13311e+01 2.55199e+01
0.8510 1.07472e-22 1.75940e+01 2.13589e+01 2.55880e+01
0.8520 1.07997e-22 1.75769e+01 2.13540e+01 2.55926e+01
0.8530 1.07441e-22 1.75752e+01 2.13381e+01 2.55681e+01
0.8540 1.07507e-22 1.75840e+01 2.13415e+01 2.55599e+01
0.8550 1.07653e-22 1.75733e+01 2.13203e+01 2.55257e+01
0.8560 1.07763e-22 1.75920e+01 2.13522e+01 2.55674e+01
0.8570 1.07833e-22 1.75338e+01 2.12774e+01 2.54758e+01
0.8580 1.07470e-22 1.75383e+01 2.12957e+01 2.55182e+01
0.8590 1.07490e-22 1.75210e+01 2.12929e+01 2.55403e+01
0.8600 1.07039e-22 1.74902e+01 2.12285e+01 2.54347e+01
0.8610 1.07689e-22 1.74990e+01 2.12566e+01 2.54876e+01
0.8620 1.07063e-22 1.74545e+01 2.11949e+01 2.54104e+01
0.8630 1.06790e-22 1.74508e+01 2.11902e+01 2.54002e+01
0.8640 1.06729e-22 1.74623e+01 2.11818e+01 2.53654e+01
0.8650 1.06607e-22 1.74753e+01 2.12127e+01 2.54194e+01
0.8660 1.07162e-22 1.74856e+01 2.12324e+01 2.54511e+01
0.8670 1.06059e-22 1.75101e+01 2.12698e+01 2.55053e+01
0.8680 1.06348e-22 1.75278e+01 2.12753e+01 2.54898e+01
0.8690 1.06747e-22 1.75098e+01 2.12571e+01 2.54754e+01
0.8700 1.05891e-22 1.74695e+01 2.11891e+01 2.53690e+01
0.8710 1.05716e-22 1.74438e+01 2.11561e+01 2.53233e+01
0.8720 1.06806e-22 1.75537e+01 2.13223e+01 2.55540e+01
0.8730 1.06680e-22 1.75386e+01 2.12809e+01 2.54739e+01
0.8740 1.06610e-22 1.75534e+01 2.13455e+01 2.56120e+01
0.8750 1.06587e-22 1.75027e+01 2.12671e+01 2.54957e+01
0.8755 1.06327e-22 1.74983e+01 2.12603e+01 2.54850e+01
0.8760 1.05566e-22 1.75105e+01 2.12752e+01 2.55044e+01
0.8770 1.07733e-22 1.75342e+01 2.13177e+01 2.55753e+01
0.8780 1.06135e-22 1.74995e+01 2.12651e+01 2.55015e+01
0.8790 1.06231e-22 1.75076e+01 2.12537e+01 2.54689e+01
0.8800 1.05470e-22 1.74545e+01 2.11988e+01 2.54188e+01
0.8810 1.06346e-22 1.75648e+01 2.13646e+01 2.56477e+01
0.8820 1.05998e-22 1.75403e+01 2.13291e+01 2.55949e+01
0.8830 1.06346e-22 1.76009e+01 2.13699e+01 2.56019e+01
0.8840 1.07072e-22 1.76218e+01 2.14232e+01 2.56994e+01
0.8850 1.06452e-22 1.76856e+01 2.15303e+01 2.58540e+01
0.8860 1.06734e-22 1.76398e+01 2.14478e+01 2.57345e+01
0.8870 1.05901e-22 1.75902e+01 2.13652e+01 2.56077e+01
0.8880 1.06209e-22 1.75608e+01 2.13468e+01 2.56137e+01
0.8890 1.05668e-22 1.75781e+01 2.13676e+01 2.56330e+01
0.8900 1.05743e-22 1.75629e+01 2.13596e+01 2.56298e+01
0.8910 1.05545e-22 1.75726e+01 2.13839e+01 2.56789e+01
0.8920 1.06310e-22 1.75612e+01 2.13629e+01 2.56466e+01
0.8930 1.05570e-22 1.75364e+01 2.13220e+01 2.55878e+01
0.8940 1.05644e-22 1.75130e+01 2.12677e+01 2.54969e+01
0.8950 1.04958e-22 1.75272e+01 2.12728e+01 2.54875e+01
0.8960 1.05418e-22 1.74986e+01 2.12580e+01 2.54986e+01
0.8970 1.04619e-22 1.75086e+01 2.12863e+01 2.55524e+01
0.8980 1.05088e-22 1.75032e+01 2.13037e+01 2.55986e+01
0.8990 1.04822e-22 1.75322e+01 2.13483e+01 2.56634e+01
0.9000 1.05254e-22 1.74794e+01 2.12728e+01 2.55555e+01
0.9010 1.04385e-22 1.74725e+01 2.12612e+01 2.55350e+01
0.9020 1.05087e-22 1.74903e+01 2.12691e+01 2.55313e+01
0.9030 1.04334e-22 1.75476e+01 2.13369e+01 2.56049e+01
0.9040 1.04856e-22 1.75776e+01 2.13768e+01 2.56564e+01
0.9050 1.04529e-22 1.75499e+01 2.13222e+01 2.55629e+01
0.9060 1.05067e-22 1.75432e+01 2.13162e+01 2.55602e+01
0.9070 1.04495e-22 1.75605e+01 2.13477e+01 2.56168e+01
0.9080 1.04457e-22 1.75058e+01 2.12922e+01 2.55637e+01
0.9090 1.04349e-22 1.75400e+01 2.13314e+01 2.56068e+01
0.9100 1.04416e-22 1.75443e+01 2.13132e+01 2.55572e+01
0.9110 1.03925e-22 1.75434e+01 2.13264e+01 2.55904e+01
0.9120 1.03822e-22 1.75771e+01 2.13460e+01 2.55836e+01
0.9130 1.03967e-22 1.75960e+01 2.13779e+01 2.56355e+01
0.9140 1.04590e-22 1.75756e+01 2.13428e+01 2.55802e+01
0.9150 1.04141e-22 1.75320e+01 2.12961e+01 2.55274e+01
0.9160 1.04510e-22 1.75694e+01 2.13307e+01 2.55574e+01
0.9170 1.03741e-22 1.75243e+01 2.12842e+01 2.55144e+01
0.9180 1.03303e-22 1.75094e+01 2.12498e+01 2.54571e+01
0.9190 1.03980e-22 1.75574e+01 2.13020e+01 2.55109e+01
0.9200 1.03712e-22 1.75051e+01 2.12567e+01 2.54806e+01
0.9210 1.03094e-22 1.75676e+01 2.13379e+01 2.55777e+01
0.9220 1.03993e-22 1.75385e+01 2.13110e+01 2.55594e+01
0.9230 1.03653e-22 1.75414e+01 2.13185e+01 2.55765e+01
0.9240 1.03511e-22 1.74814e+01 2.12265e+01 2.54433e+01
0.9250 1.02853e-22 1.74982e+01 2.12403e+01 2.54533e+01
0.9260 1.03426e-22 1.75343e+01 2.13165e+01 2.55801e+01
0.9270 1.03154e-22 1.75069e+01 2.12828e+01 2.55449e+01
0.9280 1.03300e-22 1.75265e+01 2.12833e+01 2.55185e+01
0.9290 1.03160e-22 1.75568e+01 2.13285e+01 2.55760e+01
0.9300 1.03600e-22 1.75569e+01 2.13094e+01 2.55291e+01
0.9310 1.02376e-22 1.75602e+01 2.13185e+01 2.55436e+01
0.9320 1.03010e-22 1.75455e+01 2.12986e+01 2.55213e+01
0.9330 1.03401e-22 1.75586e+01 2.13090e+01 2.55218e+01
0.9340 1.03526e-22 1.75983e+01 2.13834e+01 2.56368e+01
0.9350 1.04118e-22 1.76226e+01 2.14160e+01 2.56747e+01
0.9360 1.03437e-22 1.75945e+01 2.13996e+01 2.56770e+01
0.9370 1.04022e-22 1.75689e+01 2.13598e+01 2.56163e+01
0.9380 1.03686e-22 1.75121e+01 2.12525e+01 2.54513e+01
0.9389 1.03261e-22 1.75765e+01 2.13675e+01 2.56236e+01
0.9390 1.03279e-22 1.75771e+01 2.13678e+01 2.56227e+01
0.9400 1.03761e-22 1.76182e+01 2.14434e+01 2.57454e+01
0.9410 1.03351e-22 1.75561e+01 2.13776e+01 2.56806e+01
0.9420 1.02845e-22 1.75997e+01 2.14387e+01 2.57599e+01
0.9430 1.03750e-22 1.76210e+01 2.14533e+01 2.57669e+01
0.9440 1.03307e-22 1.76012e+01 2.14439e+01 2.57687e+01
0.9450 1.03178e-22 1.75844e+01 2.14182e+01 2.57335e+01
0.9460 1.03126e-22 1.76683e+01 2.15225e+01 2.58559e+01
0.9470 1.03437e-22 1.76430e+01 2.14890e+01 2.58108e+01
0.9480 1.02458e-22 1.76092e+01 2.14052e+01 2.56679e+01
0.9490 1.03063e-22 1.76238e+01 2.14409e+01 2.57300e+01
0.9500 1.02557e-22 1.76702e+01 2.14941e+01 2.57884e+01
0.9510 1.03163e-22 1.77169e+01 2.15554e+01 2.58560e+01
0.9520 1.02888e-22 1.77390e+01 2.15823e+01 2.58859e+01
0.9530 1.02831e-22 1.77075e+01 2.15178e+01 2.57829e+01
0.9540 1.03757e-22 1.76907e+01 2.14964e+01 2.57552e+01
0.9550 1.02192e-22 1.76535e+01 2.14467e+01 2.56951e+01
0.9560 1.02276e-22 1.76575e+01 2.14739e+01 2.57538e+01
0.9570 1.02495e-22 1.75915e+01 2.13814e+01 2.56316e+01
0.9580 1.02255e-22 1.76242e+01 2.14343e+01 2.57131e+01
0.9590 1.02520e-22 1.76066e+01 2.13786e+01 2.56058e+01
0.9600 1.00999e-22 1.75734e+01 2.13335e+01 2.55412e+01
0.9610 1.01829e-22 1.75871e+01 2.13755e+01 2.56222e+01
0.9620 1.01071e-22 1.75735e+01 2.13400e+01 2.55542e+01
0.9630 1.01639e-22 1.75571e+01 2.13388e+01 2.55668e+01
0.9640 1.01065e-22 1.75090e+01 2.12681e+01 2.54766e+01
0.9650 1.01135e-22 1.75214e+01 2.12984e+01 2.55366e+01
0.9660 1.00751e-22 1.74857e+01 2.12397e+01 2.54457e+01
0.9670 1.01096e-22 1.75843e+01 2.13626e+01 2.55908e+01
0.9680 1.01357e-22 1.75196e+01 2.12814e+01 2.54927e+01
0.9690 1.01131e-22 1.75424e+01 2.12826e+01 2.54683e+01
0.9700 1.00815e-22 1.75318e+01 2.12763e+01 2.54666e+01
0.9710 9.98089e-23 1.75296e+01 2.12595e+01 2.54306e+01
0.9720 1.00426e-22 1.75009e+01 2.12318e+01 2.54091e+01
0.9730 9.93573e-23 1.75193e+01 2.12589e+01 2.54412e+01
0.9740 1.00199e-22 1.75213e+01 2.12866e+01 2.55007e+01
0.9750 1.00209e-22 1.75910e+01 2.13956e+01 2.56537e+01
0.9760 1.00333e-22 1.75058e+01 2.12600e+01 2.54610e+01
0.9770 9.99177e-23 1.75194e+01 2.12812e+01 2.54861e+01
0.9780 1.00548e-22 1.75603e+01 2.13365e+01 2.55666e+01
0.9790 1.00337e-22 1.75321e+01 2.13168e+01 2.55582e+01
0.9800 9.95205e-23 1.75382e+01 2.13421e+01 2.55999e+01
0.9810 1.00098e-22 1.75598e+01 2.13863e+01 2.56759e+01
0.9820 9.98053e-23 1.75376e+01 2.13316e+01 2.55749e+01
0.9830 1.00258e-22 1.75117e+01 2.13172e+01 2.55769e+01
0.9840 9.99544e-23 1.74778e+01 2.12571e+01 2.54845e+01
0.9850 9.98920e-23 1.75336e+01 2.13222e+01 2.55673e+01
0.9860 1.00635e-22 1.75707e+01 2.13725e+01 2.56313e+01
0.9870 9.98821e-23 1.75394e+01 2.13284e+01 2.55670e+01
0.9880 9.99662e-23 1.75307e+01 2.13297e+01 2.55881e+01
0.9890 1.00196e-22 1.74893e+01 2.12935e+01 2.55604e+01
0.9900 9.95069e-23 1.75537e+01 2.13616e+01 2.56280e+01
0.9910 1.00219e-22 1.74959e+01 2.12929e+01 2.55498e+01
0.9920 9.92999e-23 1.74726e+01 2.12371e+01 2.54564e+01
0.9930 9.91366e-23 1.75143e+01 2.13063e+01 2.55603e+01
0.9940 9.96228e-23 1.75220e+01 2.13102e+01 2.55506e+01
0.9950 9.92764e-23 1.75645e+01 2.13754e+01 2.56388e+01
0.9960 1.00114e-22 1.76494e+01 2.15108e+01 2.58287e+01
0.9970 9.94400e-23 1.76479e+01 2.15170e+01 2.58411e+01
0.9980 1.00402e-22 1.77338e+01 2.16532e+01 2.60264e+01
0.9990 1.01204e-22 1.77247e+01 2.16500e+01 2.60377e+01
1.0000 1.00685e-22 1.76937e+01 2.15962e+01 2.59600e+01
1.0010 9.91279e-23 1.75782e+01 2.14064e+01 2.56852e+01
1.0020 9.96068e-23 1.76587e+01 2.15093e+01 2.58165e+01
1.0030 1.00033e-22 1.76183e+01 2.14583e+01 2.57547e+01
1.0040 9.96732e-23 1.75978e+01 2.14217e+01 2.57018e+01
1.0050 9.90355e-23 1.75781e+01 2.13959e+01 2.56734e+01
1.0060 9.93305e-23 1.75970e+01 2.14509e+01 2.57757e+01
1.0066 9.95358e-23 1.75867e+01 2.14369e+01 2.57594e+01
1.0070 9.99519e-23 1.75898e+01 2.14351e+01 2.57451e+01
1.0080 9.92193e-23 1.76112e+01 2.14635e+01 2.57750e+01
1.0090 9.87859e-23 1.76208e+01 2.14994e+01 2.58434e+01
1.0100 1.00209e-22 1.76604e+01 2.15503e+01 2.59093e+01
1.0110 9.89496e-23 1.76882e+01 2.15787e+01 2.59356e+01
1.0120 1.00332e-22 1.76967e+01 2.15600e+01 2.58781e+01
1.0130 9.95344e-23 1.76458e+01 2.15003e+01 2.58139e+01
1.0140 9.96242e-23 1.77110e+01 2.15954e+01 2.59346e+01
1.0150 9.93552e-23 1.77199e+01 2.16106e+01 2.59629e+01
1.0160 9.99114e-23 1.77429e+01 2.16550e+01 2.60382e+01
1.0170 9.85016e-23 1.76295e+01 2.14996e+01 2.58363e+01
1.0180 9.92287e-23 1.76422e+01 2.15130e+01 2.58552e+01
1.0190 9.92429e-23 1.76755e+01 2.15512e+01 2.58955e+01
1.0200 9.91711e-23 1.76922e+01 2.15813e+01 2.59414e+01
1.0210 9.93031e-23 1.76808e+01 2.15580e+01 2.59065e+01
1.0220 9.94836e-23 1.77543e+01 2.16694e+01 2.60576e+01
1.0230 9.98307e-23 1.77762e+01 2.16830e+01 2.60520e+01
1.0240 9.88244e-23 1.77368e+01 2.16347e+01 2.59946e+01
1.0250 9.90668e-23 1.77358e+01 2.16208e+01 2.59672e+01
1.0260 9.95828e-23 1.76921e+01 2.15590e+01 2.58924e+01
1.0270 9.83335e-23 1.76577e+01 2.15188e+01 2.58449e+01
1.0280 9.79800e-23 1.76665e+01 2.15317e+01 2.58560e+01
1.0290 9.82696e-23 1.77380e+01 2.16452e+01 2.60212e+01
1.0300 9.85265e-23 1.76684e+01 2.15296e+01 2.58490e+01
1.0310 9.93327e-23 1.76786e+01 2.15642e+01 2.59178e+01
1.0320 9.90925e-23 1.76920e+01 2.16024e+01 2.59829e+01
1.0330 9.82758e-23 1.76627e+01 2.15453e+01 2.58916e+01
1.0340 9.86872e-23 1.76605e+01 2.15354e+01 2.58743e+01
1.0350 9.75937e-23 1.76195e+01 2.14888e+01 2.58218e+01
1.0360 9.81434e-23 1.76505e+01 2.15065e+01 2.58168e+01
1.0370 9.85366e-23 1.76484e+01 2.15042e+01 2.58131e+01
1.0380 9.75624e-23 1.76259e+01 2.14749e+01 2.57790e+01
1.0390 9.84118e-23 1.76371e+01 2.15045e+01 2.58366e+01
1.0400 9.74500e-23 1.76612e+01 2.15275e+01 2.58467e+01
1.0410 9.80864e-23 1.76489e+01 2.15206e+01 2.58511e+01
1.0420 9.72804e-23 1.76379e+01 2.14956e+01 2.58092e+01
1.0430 9.84952e-23 1.75676e+01 2.13929e+01 2.56651e+01
1.0440 9.73191e-23 1.75637e+01 2.13872e+01 2.56570e+01
1.0450 9.73050e-23 1.75646e+01 2.13938e+01 2.56734e+01
1.0460 9.70548e-23 1.76032e+01 2.14612e+01 2.57725e+01
1.0470 9.71220e-23 1.75814e+01 2.14363e+01 2.57460e+01
1.0480 9.78254e-23 1.76178e+01 2.14755e+01 2.57855e+01
1.0490 9.72219e-23 1.76512e+01 2.15195e+01 2.58434e+01
1.0500 9.73717e-23 1.76554e+01 2.15178e+01 2.58388e+01
1.0510 9.75641e-23 1.76162e+01 2.14799e+01 2.58074e+01
1.0520 9.76827e-23 1.75424e+01 2.13727e+01 2.56683e+01
1.0530 9.68907e-23 1.75280e+01 2.13545e+01 2.56520e+01
1.0540 9.64119e-23 1.75583e+01 2.13966e+01 2.56966e+01
1.0550 9.70424e-23 1.74981e+01 2.12937e+01 2.55473e+01
1.0560 9.73667e-23 1.75502e+01 2.13612e+01 2.56264e+01
1.0570 9.68166e-23 1.75341e+01 2.13243e+01 2.55641e+01
1.0580 9.69507e-23 1.75734e+01 2.13813e+01 2.56447e+01
1.0590 9.66706e-23 1.75335e+01 2.13422e+01 2.56003e+01
1.0600 9.67892e-23 1.75248e+01 2.13312e+01 2.55870e+01
1.0610 9.65006e-23 1.75768e+01 2.14103e+01 2.56949e+01
1.0620 9.65689e-23 1.75573e+01 2.13881e+01 2.56692e+01
1.0630 9.60944e-23 1.75448e+01 2.13681e+01 2.56394e+01
1.0640 9.63290e-23 1.75332e+01 2.13747e+01 2.56660e+01
1.0650 9.72048e-23 1.75894e+01 2.14469e+01 2.57556e+01
1.0660 9.68518e-23 1.75292e+01 2.13821e+01 2.56866e+01
1.0670 9.63590e-23 1.75273e+01 2.13667e+01 2.56572e+01
1.0680 9.62768e-23 1.74937e+01 2.13116e+01 2.55775e+01
1.0690 9.61592e-23 1.74578e+01 2.12354e+01 2.54542e+01
1.0700 9.68221e-23 1.75360e+01 2.13809e+01 2.56829e+01
1.0710 9.52525e-23 1.74976e+01 2.13015e+01 2.55546e+01
1.0720 9.62377e-23 1.74859e+01 2.12935e+01 2.55529e+01
1.0730 9.65122e-23 1.74740e+01 2.12676e+01 2.55075e+01
1.0740 9.61124e-23 1.74863e+01 2.12779e+01 2.55111e+01
1.0750 9.60540e-23 1.75027e+01 2.12943e+01 2.55287e+01
1.0760 9.58405e-23 1.74372e+01 2.11899e+01 2.53776e+01
1.0770 9.54005e-23 1.74867e+01 2.12498e+01 2.54458e+01
1.0780 9.57061e-23 1.74452e+01 2.11901e+01 2.53668e+01
1.0790 9.51923e-23 1.74309e+01 2.12033e+01 2.54226e+01
1.0800 9.53657e-23 1.74089e+01 2.11754e+01 2.53921e+01
1.0810 9.52926e-23 1.74492e+01 2.11881e+01 2.53585e+01
1.0820 9.46792e-23 1.74151e+01 2.11618e+01 2.53463e+01
1.0822 9.50631e-23 1.74425e+01 2.11828e+01 2.53599e+01
1.0830 9.56927e-23 1.74257e+01 2.11694e+01 2.53526e+01
1.0840 9.48837e-23 1.74143e+01 2.11732e+01 2.53755e+01
1.0850 9.49329e-23 1.74284e+01 2.11651e+01 2.53350e+01
1.0860 9.46949e-23 1.74701e+01 2.12255e+01 2.54182e+01
1.0870 9.51015e-23 1.74471e+01 2.11984e+01 2.53862e+01
1.0880 9.44459e-23 1.74043e+01 2.11621e+01 2.53569e+01
1.0890 9.51597e-23 1.74617e+01 2.12293e+01 2.54370e+01
1.0900 9.42943e-23 1.74099e+01 2.11627e+01 2.53495e+01
1.0910 9.53206e-23 1.74233e+01 2.11787e+01 2.53575e+01
1.0920 9.39677e-23 1.73588e+01 2.10853e+01 2.52376e+01
1.0930 9.41298e-23 1.74411e+01 2.11943e+01 2.53824e+01
1.0940 9.40283e-23 1.73930e+01 2.11063e+01 2.52438e+01
1.0950 9.39301e-23 1.73316e+01 2.10239e+01 2.51353e+01
1.0960 9.35950e-23 1.73242e+01 2.09997e+01 2.50911e+01
1.0970 9.39063e-23 1.72819e+01 2.09186e+01 2.49570e+01
1.0980 9.31998e-23 1.72587e+01 2.08826e+01 2.49045e+01
1.0990 9.33274e-23 1.72601e+01 2.08914e+01 2.49245e+01
1.1000 9.32086e-23 1.72434e+01 2.08506e+01 2.48505e+01
1.1010 9.37477e-23 1.72521e+01 2.08703e+01 2.48833e+01
1.1020 9.25048e-23 1.71909e+01 2.07950e+01 2.47873e+01
1.1030 9.26745e-23 1.72004e+01 2.07667e+01 2.47156e+01
1.1040 9.21442e-23 1.71314e+01 2.06897e+01 2.46268e+01
1.1050 9.25160e-23 1.71743e+01 2.07529e+01 2.47161e+01
1.1060 9.17792e-23 1.71174e+01 2.06765e+01 2.46161e+01
1.1070 9.24826e-23 1.70904e+01 2.06423e+01 2.45691e+01
1.1080 9.18728e-23 1.70540e+01 2.05738e+01 2.44615e+01
1.1090 9.19734e-23 1.70105e+01 2.05007e+01 2.43521e+01
1.1100 9.13341e-23 1.70207e+01 2.05238e+01 2.43921e+01
1.1110 9.09779e-23 1.70861e+01 2.06136e+01 2.45032e+01
1.1120 9.18263e-23 1.70883e+01 2.06146e+01 2.45026e+01
1.1130 9.10406e-23 1.70418e+01 2.05620e+01 2.44502e+01
1.1140 9.12767e-23 1.70425e+01 2.05550e+01 2.44286e+01
1.1150 9.14443e-23 1.70219e+01 2.05110e+01 2.43541e+01
1.1160 9.13038e-23 1.70179e+01 2.04848e+01 2.42996e+01
1.1170 9.08145e-23 1.69835e+01 2.04515e+01 2.42644e+01
1.1180 9.07301e-23 1.69533e+01 2.03834e+01 2.41549e+01
1.1190 9.04892e-23 1.69345e+01 2.03632e+01 2.41334e+01
1.1200 9.06362e-23 1.69341e+01 2.03605e+01 2.41224e+01
1.1210 9.02142e-23 1.69462e+01 2.03691e+01 2.41271e+01
1.1220 9.03642e-23 1.69471e+01 2.03956e+01 2.41835e+01
1.1230 9.01581e-23 1.69592e+01 2.04153e+01 2.42164e+01
1.1240 9.02709e-23 1.69723e+01 2.04060e+01 2.41757e+01
1.1250 9.03086e-23 1.69050e+01 2.03087e+01 2.40421e+01
1.1260 8.98882e-23 1.68686e+01 2.02531e+01 2.39636e+01
1.1270 9.00255e-23 1.68813e+01 2.02522e+01 2.39466e+01
1.1280 8.99157e-23 1.68654e+01 2.02451e+01 2.39515e+01
1.1290 8.99456e-23 1.69193e+01 2.03313e+01 2.40746e+01
1.1293 9.02513e-23 1.69323e+01 2.03530e+01 2.41043e+01
1.1300 9.00140e-23 1.68691e+01 2.02753e+01 2.40152e+01
1.1310 8.96933e-23 1.68567e+01 2.02468e+01 2.39675e+01
1.1320 8.97934e-23 1.68501e+01 2.02219e+01 2.39219e+01
1.1330 8.95367e-23 1.68569e+01 2.02206e+01 2.39046e+01
1.1340 8.95155e-23 1.68362e+01 2.01796e+01 2.38408e+01
1.1350 8.89945e-23 1.68391e+01 2.01870e+01 2.38537e+01
1.1360 8.96964e-23 1.67932e+01 2.01293e+01 2.37809e+01
1.1370 8.88238e-23 1.67485e+01 2.00514e+01 2.36621e+01
1.1380 8.90826e-23 1.67753e+01 2.00895e+01 2.37096e+01
1.1390 8.86182e-23 1.67756e+01 2.00933e+01 2.37140e+01
1.1400 8.91267e-23 1.68023e+01 2.01180e+01 2.37400e+01
1.1410 8.92267e-23 1.67312e+01 2.00376e+01 2.36574e+01
1.1420 8.90322e-23 1.67678e+01 2.00850e+01 2.37137e+01
1.1430 8.88963e-23 1.67921e+01 2.01232e+01 2.37664e+01
1.1440 8.88157e-23 1.67726e+01 2.01151e+01 2.37767e+01
1.1450 8.83719e-23 1.67967e+01 2.01403e+01 2.38014e+01
1.1460 8.92033e-23 1.68814e+01 2.02695e+01 2.39915e+01
1.1470 8.87857e-23 1.68201e+01 2.02003e+01 2.39176e+01
1.1480 8.90220e-23 1.68672e+01 2.02598e+01 2.39936e+01
1.1490 8.86480e-23 1.68572e+01 2.02342e+01 2.39463e+01
1.1500 8.88882e-23 1.68836e+01 2.02621e+01 2.39760e+01
1.1510 8.90360e-23 1.68987e+01 2.02872e+01 2.40129e+01
1.1520 8.92033e-23 1.69137e+01 2.03030e+01 2.40269e+01
1.1530 8.88869e-23 1.68666e+01 2.02442e+01 2.39526e+01
1.1540 8.91080e-23 1.69364e+01 2.03435e+01 2.40899e+01
1.1550 8.93461e-23 1.69501e+01 2.03673e+01 2.41280e+01
1.1560 8.90391e-23 1.68890e+01 2.02796e+01 2.40016e+01
1.1570 8.87204e-23 1.68999e+01 2.02492e+01 2.39133e+01
1.1580 8.87467e-23 1.68672e+01 2.02048e+01 2.38525e+01
1.1590 8.84090e-23 1.68281e+01 2.01510e+01 2.37817e+01
1.1600 8.83450e-23 1.68086e+01 2.01132e+01 2.37213e+01
1.1610 8.83671e-23 1.68225e+01 2.01434e+01 2.37771e+01
1.1620 8.82091e-23 1.67963e+01 2.01106e+01 2.37398e+01
1.1630 8.80495e-23 1.67974e+01 2.01055e+01 2.37304e+01
1.1640 8.83714e-23 1.67619e+01 2.00341e+01 2.36091e+01
1.1650 8.82049e-23 1.67405e+01 2.00139e+01 2.35875e+01
1.1660 8.85447e-23 1.67633e+01 2.00269e+01 2.35872e+01
1.1670 8.77910e-23 1.67416e+01 2.00034e+01 2.35597e+01
1.1680 8.73722e-23 1.67357e+01 1.99899e+01 2.35419e+01
1.1690 8.80723e-23 1.67278e+01 1.99750e+01 2.35191e+01
1.1700 8.77650e-23 1.67386e+01 2.00055e+01 2.35804e+01
1.1710 8.78910e-23 1.67235e+01 2.00229e+01 2.36455e+01
1.1720 8.78789e-23 1.67264e+01 2.00652e+01 2.37369e+01
1.1730 8.89250e-23 1.67828e+01 2.01464e+01 2.38457e+01
1.1740 8.81183e-23 1.67695e+01 2.01152e+01 2.37926e+01
1.1750 8.80201e-23 1.67489e+01 2.01175e+01 2.38288e+01
1.1760 8.82879e-23 1.67819e+01 2.01511e+01 2.38578e+01
1.1770 8.82865e-23 1.67684e+01 2.01158e+01 2.37922e+01
1.1780 8.81737e-23 1.68027e+01 2.01517e+01 2.38268e+01
1.1790 8.80542e-23 1.67011e+01 2.00375e+01 2.36982e+01
1.1800 8.74357e-23 1.66844e+01 1.99722e+01 2.35698e+01
1.1810 8.76559e-23 1.66640e+01 1.99180e+01 2.34712e+01
1.1820 8.72253e-23 1.66583e+01 1.99252e+01 2.34956e+01
1.1830 8.74706e-23 1.66843e+01 1.99719e+01 2.35677e+01
1.1840 8.73271e-23 1.66693e+01 1.99215e+01 2.34747e+01
1.1850 8.72485e-23 1.65918e+01 1.98035e+01 2.33081e+01
1.1860 8.70950e-23 1.66209e+01 1.98227e+01 2.33161e+01
1.1870 8.68796e-23 1.66371e+01 1.98319e+01 2.33108e+01
1.1880 8.70106e-23 1.66074e+01 1.97890e+01 2.32471e+01
1.1890 8.69495e-23 1.66155e+01 1.97976e+01 2.32548e+01
1.1900 8.66877e-23 1.65954e+01 1.97563e+01 2.31890e+01
1.1910 8.66055e-23 1.65663e+01 1.97142e+01 2.31304e+01
1.1920 8.67746e-23 1.65592e+01 1.97259e+01 2.31718e+01
1.1930 8.66185e-23 1.65722e+01 1.97331e+01 2.31676e+01
1.1940 8.65071e-23 1.65544e+01 1.97060e+01 2.31232e+01
1.1950 8.63194e-23 1.65814e+01 1.97396e+01 2.31631e+01
1.1960 8.66295e-23 1.65843e+01 1.97530e+01 2.31915e+01
1.1970 8.65453e-23 1.65770e+01 1.97539e+01 2.32051e+01
1.1980 8.61301e-23 1.65231e+01 1.96748e+01 2.30959e+01
1.1990 8.62441e-23 1.65539e+01 1.97123e+01 2.31417e+01
1.2000 8.62017e-23 1.65122e+01 1.96576e+01 2.30725e+01
1.2010 8.57626e-23 1.65201e+01 1.96630e+01 2.30786e+01
1.2020 8.59437e-23 1.65126e+01 1.96631e+01 2.30871e+01
1.2030 8.61736e-23 1.65505e+01 1.97110e+01 2.31479e+01
1.2040 8.60810e-23 1.65462e+01 1.97068e+01 2.31506e+01
1.2050 8.62653e-23 1.65586e+01 1.97365e+01 2.32098e+01
1.2060 8.66566e-23 1.65480e+01 1.97254e+01 2.31978e+01
1.2070 8.58463e-23 1.65602e+01 1.97271e+01 2.31801e+01
1.2080 8.60905e-23 1.65594e+01 1.97380e+01 2.32039e+01
1.2090 8.61768e-23 1.65843e+01 1.97734e+01 2.32544e+01
1.2100 8.60405e-23 1.65230e+01 1.96766e+01 2.31180e+01
1.2110 8.60210e-23 1.65090e+01 1.96536e+01 2.30842e+01
1.2120 8.57532e-23 1.65031e+01 1.96466e+01 2.30714e+01
1.2130 8.61482e-23 1.65205e+01 1.96750e+01 2.31163e+01
1.2140 8.61764e-23 1.64931e+01 1.96310e+01 2.30540e+01
1.2150 8.59450e-23 1.65069e+01 1.96543e+01 2.30897e+01
1.2160 8.57530e-23 1.65011e+01 1.96352e+01 2.30559e+01
1.2170 8.54144e-23 1.64726e+01 1.96072e+01 2.30275e+01
1.2180 8.54360e-23 1.64752e+01 1.96123e+01 2.30342e+01
1.2190 8.57365e-23 1.64517e+01 1.95849e+01 2.30049e+01
1.2200 8.54873e-23 1.64395e+01 1.95600e+01 2.29654e+01
1.2210 8.56374e-23 1.64647e+01 1.95775e+01 2.29703e+01
1.2220 8.52435e-23 1.64566e+01 1.95605e+01 2.29422e+01
1.2230 8.54650e-23 1.64377e+01 1.95431e+01 2.29239e+01
1.2240 8.54744e-23 1.64980e+01 1.96183e+01 2.30156e+01
1.2250 8.53818e-23 1.64687e+01 1.95769e+01 2.29609e+01
1.2260 8.53711e-23 1.64637e+01 1.95770e+01 2.29698e+01
1.2270 8.53275e-23 1.64590e+01 1.95692e+01 2.29594e+01
1.2280 8.50310e-23 1.64489e+01 1.95511e+01 2.29340e+01
1.2290 8.50803e-23 1.64232e+01 1.95249e+01 2.29081e+01
1.2300 8.51991e-23 1.64368e+01 1.95427e+01 2.29357e+01
1.2310 8.52925e-23 1.64495e+01 1.95601e+01 2.29541e+01
1.2320 8.45840e-23 1.64334e+01 1.95292e+01 2.29054e+01
1.2330 8.47848e-23 1.64454e+01 1.95391e+01 2.29116e+01
1.2340 8.53311e-23 1.64839e+01 1.96102e+01 2.30253e+01
1.2350 8.52838e-23 1.64653e+01 1.95999e+01 2.30241e+01
1.2360 8.48669e-23 1.64744e+01 1.96111e+01 2.30368e+01
1.2370 8.48554e-23 1.64289e+01 1.95564e+01 2.29799e+01
1.2380 8.48272e-23 1.64334e+01 1.95564e+01 2.29681e+01
1.2390 8.54123e-23 1.64305e+01 1.95471e+01 2.29483e+01
1.2400 8.45895e-23 1.64156e+01 1.95273e+01 2.29220e+01
1.2410 8.51887e-23 1.64619e+01 1.95911e+01 2.30123e+01
1.2420 8.49238e-23 1.64297e+01 1.95564e+01 2.29742e+01
1.2430 8.47065e-23 1.64271e+01 1.95389e+01 2.29392e+01
1.2440 8.47850e-23 1.64253e+01 1.95458e+01 2.29526e+01
1.2450 8.51549e-23 1.64715e+01 1.96244e+01 2.30754e+01
1.2460 8.47047e-23 1.64793e+01 1.96212e+01 2.30563e+01
1.2470 8.47150e-23 1.64914e+01 1.96237e+01 2.30445e+01
1.2480 8.42996e-23 1.64624e+01 1.95830e+01 2.29829e+01
1.2490 8.46553e-23 1.64446e+01 1.95547e+01 2.29385e+01
1.2500 8.44986e-23 1.64361e+01 1.95366e+01 2.29054e+01
1.2510 8.43782e-23 1.64290e+01 1.95220e+01 2.28856e+01
1.2520 8.43281e-23 1.64339e+01 1.95311e+01 2.29040e+01
1.2530 8.40212e-23 1.64244e+01 1.95101e+01 2.28628e+01
1.2540 8.44182e-23 1.64415e+01 1.95208e+01 2.28707e+01
1.2550 8.42097e-23 1.64255e+01 1.94986e+01 2.28366e+01
1.2560 8.42101e-23 1.64252e+01 1.94853e+01 2.28033e+01
1.2570 8.40714e-23 1.64076e+01 1.94690e+01 2.27939e+01
1.2580 8.42313e-23 1.64318e+01 1.94908e+01 2.28119e+01
1.2590 8.38541e-23 1.63807e+01 1.94264e+01 2.27255e+01
1.2600 8.37961e-23 1.63752e+01 1.94024e+01 2.26800e+01
1.2610 8.37016e-23 1.63701e+01 1.94007e+01 2.26838e+01
1.2620 8.40684e-23 1.63921e+01 1.94216e+01 2.27066e+01
1.2630 8.40457e-23 1.63825e+01 1.94119e+01 2.27003e+01
1.2640 8.36587e-23 1.63651e+01 1.93806e+01 2.26502e+01
1.2650 8.39820e-23 1.63228e+01 1.93424e+01 2.26166e+01
1.2660 8.39195e-23 1.63570e+01 1.93742e+01 2.26435e+01
1.2670 8.35749e-23 1.63630e+01 1.93804e+01 2.26518e+01
1.2680 8.37268e-23 1.63730e+01 1.93942e+01 2.26732e+01
1.2690 8.34643e-23 1.63388e+01 1.93591e+01 2.26421e+01
1.2700 8.38262e-23 1.63732e+01 1.94012e+01 2.26948e+01
1.2710 8.38578e-23 1.63553e+01 1.93853e+01 2.26848e+01
1.2720 8.36222e-23 1.63538e+01 1.93795e+01 2.26729e+01
1.2730 8.33339e-23 1.63429e+01 1.93649e+01 2.26507e+01
1.2740 8.35660e-23 1.63171e+01 1.93255e+01 2.25932e+01
1.2750 8.36327e-23 1.63397e+01 1.93381e+01 2.25941e+01
1.2760 8.34863e-23 1.63391e+01 1.93329e+01 2.25814e+01
1.2770 8.33590e-23 1.63228e+01 1.93079e+01 2.25449e+01
1.2780 8.31053e-23 1.63416e+01 1.93220e+01 2.25535e+01
1.2790 8.29034e-23 1.63292e+01 1.93050e+01 2.25285e+01
1.2800 8.31667e-23 1.63141e+01 1.92900e+01 2.25190e+01
1.2810 8.30027e-23 1.63276e+01 1.93065e+01 2.25376e+01
1.2820 8.32122e-23 1.63316e+01 1.93116e+01 2.25462e+01
1.2830 8.35582e-23 1.63379e+01 1.93262e+01 2.25726e+01
1.2840 8.31025e-23 1.63458e+01 1.93282e+01 2.25687e+01
1.2850 8.31414e-23 1.63077e+01 1.92829e+01 2.25123e+01
1.2860 8.29138e-23 1.63409e+01 1.93238e+01 2.25609e+01
1.2870 8.30055e-23 1.63537e+01 1.93426e+01 2.25872e+01
1.2880 8.29180e-23 1.63669e+01 1.93605e+01 2.26140e+01
1.2890 8.30948e-23 1.63516e+01 1.93362e+01 2.25785e+01
1.2900 8.31733e-23 1.63550e+01 1.93446e+01 2.25951e+01
1.2910 8.28596e-23 1.63363e+01 1.93320e+01 2.25959e+01
1.2920 8.31456e-23 1.63541e+01 1.93463e+01 2.26016e+01
1.2930 8.30676e-23 1.63712e+01 1.93592e+01 2.26020e+01
1.2940 8.29381e-23 1.63491e+01 1.93384e+01 2.25838e+01
1.2950 8.29005e-23 1.63688e+01 1.93707e+01 2.26385e+01
1.2960 8.29545e-23 1.63800e+01 1.93823e+01 2.26490e+01
1.2970 8.30266e-23 1.63727e+01 1.93638e+01 2.26154e+01
1.2980 8.29520e-23 1.63353e+01 1.93173e+01 2.25593e+01
1.2990 8.29258e-23 1.63426e+01 1.93260e+01 2.25730e+01
1.3000 8.31354e-23 1.63283e+01 1.93334e+01 2.26086e+01
1.3010 8.29548e-23 1.63248e+01 1.93396e+01 2.26318e+01
1.3020 8.29200e-23 1.63294e+01 1.93463e+01 2.26377e+01
1.3030 8.27877e-23 1.63407e+01 1.93411e+01 2.26066e+01
1.3040 8.28959e-23 1.63466e+01 1.93414e+01 2.26014e+01
1.3050 8.29027e-23 1.63405e+01 1.93383e+01 2.25999e+01
1.3060 8.24417e-23 1.63338e+01 1.93233e+01 2.25745e+01
1.3070 8.22770e-23 1.63439e+01 1.93296e+01 2.25745e+01
1.3080 8.28765e-23 1.63325e+01 1.93266e+01 2.25857e+01
1.3090 8.29222e-23 1.63208e+01 1.93159e+01 2.25811e+01
1.3100 8.28147e-23 1.63344e+01 1.93373e+01 2.26129e+01
1.3110 8.27399e-23 1.63777e+01 1.93875e+01 2.26674e+01
1.3120 8.28293e-23 1.63490e+01 1.93509e+01 2.26224e+01
1.3130 8.26732e-23 1.63610e+01 1.93494e+01 2.26011e+01
1.3140 8.27333e-23 1.63496e+01 1.93407e+01 2.25938e+01
1.3150 8.24809e-23 1.63335e+01 1.93247e+01 2.25763e+01
1.3160 8.22783e-23 1.63527e+01 1.93514e+01 2.26070e+01
1.3170 8.24686e-23 1.63819e+01 1.93771e+01 2.26287e+01
1.3180 8.29224e-23 1.64041e+01 1.94136e+01 2.26892e+01
1.3190 8.23698e-23 1.63814e+01 1.93866e+01 2.26596e+01
1.3200 8.24919e-23 1.63576e+01 1.93692e+01 2.26547e+01
1.3210 8.21675e-23 1.63631e+01 1.93645e+01 2.26312e+01
1.3220 8.24376e-23 1.64027e+01 1.94228e+01 2.27130e+01
1.3230 8.25701e-23 1.63996e+01 1.94287e+01 2.27355e+01
1.3240 8.28380e-23 1.64070e+01 1.94390e+01 2.27467e+01
1.3250 8.25722e-23 1.64034e+01 1.94432e+01 2.27632e+01
1.3260 8.20365e-23 1.64159e+01 1.94579e+01 2.27832e+01
1.3270 8.23595e-23 1.64292e+01 1.94784e+01 2.28134e+01
1.3280 8.28149e-23 1.64317e+01 1.94859e+01 2.28292e+01
1.3290 8.30357e-23 1.64516e+01 1.95221e+01 2.28862e+01
1.3300 8.23784e-23 1.64062e+01 1.94610e+01 2.28017e+01
1.3310 8.26375e-23 1.64421e+01 1.95088e+01 2.28551e+01
1.3320 8.21864e-23 1.64279e+01 1.94870e+01 2.28265e+01
1.3330 8.22706e-23 1.64317e+01 1.94978e+01 2.28459e+01
1.3340 8.26039e-23 1.64561e+01 1.95070e+01 2.28353e+01
1.3350 8.25843e-23 1.64129e+01 1.94620e+01 2.27898e+01
1.3360 8.21404e-23 1.63942e+01 1.94338e+01 2.27485e+01
1.3370 8.21872e-23 1.64054e+01 1.94391e+01 2.27418e+01
1.3380 8.21895e-23 1.64134e+01 1.94468e+01 2.27516e+01
1.3390 8.17420e-23 1.63920e+01 1.94342e+01 2.27546e+01
1.3400 8.22568e-23 1.64651e+01 1.95430e+01 2.29145e+01
1.3410 8.23988e-23 1.64340e+01 1.95180e+01 2.29039e+01
1.3420 8.23004e-23 1.65071e+01 1.96146e+01 2.30262e+01
1.3430 8.22745e-23 1.64570e+01 1.95689e+01 2.29923e+01
1.3440 8.18899e-23 1.64073e+01 1.94861e+01 2.28639e+01
1.3450 8.23760e-23 1.64266e+01 1.95113e+01 2.28911e+01
1.3460 8.26468e-23 1.64536e+01 1.95321e+01 2.29007e+01
1.3470 8.28275e-23 1.64626e+01 1.95459e+01 2.29216e+01
1.3480 8.22221e-23 1.64367e+01 1.95039e+01 2.28561e+01
1.3490 8.16729e-23 1.64089e+01 1.94654e+01 2.27995e+01
1.3500 8.19401e-23 1.64376e+01 1.95028e+01 2.28486e+01
1.3510 8.19537e-23 1.64064e+01 1.94746e+01 2.28279e+01
1.3520 8.20367e-23 1.64107e+01 1.94969e+01 2.28742e+01
1.3530 8.23678e-23 1.64510e+01 1.95621e+01 2.29772e+01
1.3540 8.17885e-23 1.64180e+01 1.95202e+01 2.29216e+01
1.3550 8.23622e-23 1.64742e+01 1.95915e+01 2.30111e+01
1.3560 8.24018e-23 1.64967e+01 1.96138e+01 2.30346e+01
1.3570 8.20714e-23 1.64869e+01 1.96055e+01 2.30293e+01
1.3580 8.23690e-23 1.64449e+01 1.95449e+01 2.29507e+01
1.3590 8.21077e-23 1.64214e+01 1.95178e+01 2.29179e+01
1.3600 8.17791e-23 1.64184e+01 1.94966e+01 2.28647e+01
1.3610 8.20010e-23 1.64415e+01 1.95133e+01 2.28722e+01
1.3620 8.15448e-23 1.63838e+01 1.94342e+01 2.27636e+01
1.3630 8.16558e-23 1.63639e+01 1.94112e+01 2.27458e+01
1.3640 8.14785e-23 1.63734e+01 1.94360e+01 2.27938e+01
1.3650 8.17229e-23 1.63612e+01 1.94344e+01 2.28160e+01
1.3660 8.15585e-23 1.63964e+01 1.94781e+01 2.28645e+01
1.3670 8.18050e-23 1.64141e+01 1.94972e+01 2.28815e+01
1.3680 8.20202e-23 1.64192e+01 1.95150e+01 2.29171e+01
1.3690 8.18198e-23 1.63983e+01 1.94746e+01 2.28475e+01
1.3700 8.15114e-23 1.63596e+01 1.94122e+01 2.27547e+01
1.3710 8.15652e-23 1.63454e+01 1.93914e+01 2.27228e+01
1.3720 8.13095e-23 1.63650e+01 1.93950e+01 2.26995e+01
1.3730 8.12895e-23 1.63357e+01 1.93552e+01 2.26453e+01
1.3740 8.10872e-23 1.63426e+01 1.93576e+01 2.26458e+01
1.3750 8.09399e-23 1.63385e+01 1.93461e+01 2.26215e+01
1.3760 8.11368e-23 1.63486e+01 1.93620e+01 2.26485e+01
1.3770 8.12045e-23 1.63645e+01 1.93876e+01 2.26894e+01
1.3780 8.11098e-23 1.63683e+01 1.93931e+01 2.26980e+01
1.3790 8.11543e-23 1.64285e+01 1.94700e+01 2.27986e+01
1.3800 8.12567e-23 1.64138e+01 1.94541e+01 2.27820e+01
1.3810 8.09606e-23 1.63737e+01 1.94037e+01 2.27162e+01
1.3820 8.09896e-23 1.63858e+01 1.94236e+01 2.27428e+01
1.3830 8.06604e-23 1.63753e+01 1.94118e+01 2.27297e+01
1.3840 8.10978e-23 1.63951e+01 1.94417e+01 2.27719e+01
1.3850 8.11259e-23 1.64147e+01 1.94697e+01 2.28104e+01
1.3860 8.09075e-23 1.64161e+01 1.94709e+01 2.28096e+01
1.3870 8.04967e-23 1.64556e+01 1.95193e+01 2.28669e+01
1.3880 8.08835e-23 1.64540e+01 1.95315e+01 2.28994e+01
1.3890 8.11938e-23 1.64699e+01 1.95723e+01 2.29713e+01
1.3900 8.13701e-23 1.64502e+01 1.95396e+01 2.29292e+01
1.3910 8.13139e-23 1.64707e+01 1.95741e+01 2.29750e+01
1.3920 8.11004e-23 1.64366e+01 1.95358e+01 2.29313e+01
1.3930 8.10347e-23 1.64839e+01 1.95841e+01 2.29689e+01
1.3940 8.08903e-23 1.64500e+01 1.95321e+01 2.28948e+01
1.3950 8.08518e-23 1.64634e+01 1.95372e+01 2.28896e+01
1.3960 8.10351e-23 1.64574e+01 1.95243e+01 2.28748e+01
1.3970 8.11296e-23 1.64361e+01 1.94991e+01 2.28430e+01
1.3980 8.08557e-23 1.64299e+01 1.94964e+01 2.28434e+01
1.3990 8.06329e-23 1.64080e+01 1.94725e+01 2.28190e+01
1.4000 8.07405e-23 1.63990e+01 1.94654e+01 2.28173e+01
1.4010 8.08780e-23 1.64487e+01 1.95269e+01 2.28924e+01
1.4020 8.08288e-23 1.64364e+01 1.95085e+01 2.28677e+01
1.4030 8.09026e-23 1.64070e+01 1.94704e+01 2.28162e+01
1.4040 8.07411e-23 1.64460e+01 1.95138e+01 2.28644e+01
1.4050 8.04041e-23 1.64118e+01 1.94800e+01 2.28327e+01
1.4060 8.06457e-23 1.64539e+01 1.95492e+01 2.29406e+01
1.4065 8.09985e-23 1.64169e+01 1.95045e+01 2.28827e+01
1.4070 8.06139e-23 1.64419e+01 1.95260e+01 2.28973e+01
1.4080 8.03874e-23 1.64384e+01 1.95038e+01 2.28500e+01
1.4090 8.02159e-23 1.64005e+01 1.94591e+01 2.27998e+01
1.4100 8.04097e-23 1.63732e+01 1.94202e+01 2.27469e+01
1.4110 8.01533e-23 1.63730e+01 1.94326e+01 2.27817e+01
1.4120 8.06539e-23 1.63976e+01 1.94591e+01 2.28140e+01
1.4130 8.02384e-23 1.63905e+01 1.94470e+01 2.27921e+01
1.4140 8.06203e-23 1.63871e+01 1.94385e+01 2.27752e+01
1.4150 7.97592e-23 1.64102e+01 1.94889e+01 2.28664e+01
1.4160 8.03904e-23 1.64168e+01 1.94994e+01 2.28851e+01
1.4170 8.06302e-23 1.64417e+01 1.95208e+01 2.29012e+01
1.4180 8.02301e-23 1.63854e+01 1.94674e+01 2.28562e+01
1.4190 8.02908e-23 1.64013e+01 1.94865e+01 2.28808e+01
1.4200 8.04172e-23 1.64029e+01 1.95007e+01 2.29137e+01
1.4210 8.03333e-23 1.64325e+01 1.95309e+01 2.29408e+01
1.4220 8.03538e-23 1.64120e+01 1.94912e+01 2.28683e+01
1.4230 8.04604e-23 1.64307e+01 1.95164e+01 2.29065e+01
1.4240 8.05701e-23 1.64482e+01 1.95352e+01 2.29282e+01
1.4250 8.03961e-23 1.64083e+01 1.94701e+01 2.28298e+01
1.4260 8.00939e-23 1.64287e+01 1.94889e+01 2.28425e+01
1.4270 7.95147e-23 1.64243e+01 1.94708e+01 2.28083e+01
1.4280 7.99643e-23 1.64252e+01 1.94880e+01 2.28474e+01
1.4290 8.00402e-23 1.64467e+01 1.95276e+01 2.29080e+01
1.4300 8.01532e-23 1.64883e+01 1.96036e+01 2.30291e+01
1.4310 7.99350e-23 1.65178e+01 1.96489e+01 2.30953e+01
1.4320 8.04620e-23 1.65497e+01 1.97088e+01 2.31928e+01
1.4330 8.07293e-23 1.65441e+01 1.97129e+01 2.32101e+01
1.4340 8.04742e-23 1.65755e+01 1.97762e+01 2.33154e+01
1.4350 8.07218e-23 1.65782e+01 1.97702e+01 2.32973e+01
1.4360 8.06590e-23 1.65325e+01 1.97155e+01 2.32299e+01
1.4370 8.04618e-23 1.65751e+01 1.97746e+01 2.33056e+01
1.4380 8.08086e-23 1.64667e+01 1.95996e+01 2.30462e+01
1.4390 8.02325e-23 1.64374e+01 1.95373e+01 2.29376e+01
1.4400 8.00365e-23 1.64225e+01 1.95085e+01 2.28863e+01
1.4410 8.00027e-23 1.64347e+01 1.95157e+01 2.28848e+01
1.4420 7.99965e-23 1.64170e+01 1.94802e+01 2.28249e+01
1.4430 7.99605e-23 1.63841e+01 1.94304e+01 2.27593e+01
1.4440 7.99310e-23 1.63754e+01 1.94260e+01 2.27661e+01
1.4450 8.03653e-23 1.64687e+01 1.95722e+01 2.29836e+01
1.4460 7.99525e-23 1.63726e+01 1.94386e+01 2.28030e+01
1.4470 7.98386e-23 1.63663e+01 1.94246e+01 2.27795e+01
1.4480 7.95745e-23 1.63491e+01 1.93736e+01 2.26797e+01
1.4490 7.95182e-23 1.63723e+01 1.93779e+01 2.26526e+01
1.4500 7.94556e-23 1.63708e+01 1.93797e+01 2.26598e+01
1.4510 7.92648e-23 1.63480e+01 1.93491e+01 2.26239e+01
1.4520 7.93526e-23 1.63569e+01 1.93434e+01 2.25985e+01
1.4530 7.93327e-23 1.63276e+01 1.93119e+01 2.25669e+01
1.4540 7.94240e-23 1.63491e+01 1.93385e+01 2.26046e+01
1.4550 7.95353e-23 1.63369e+01 1.93193e+01 2.25777e+01
1.4560 7.93009e-23 1.63257e+01 1.93028e+01 2.25515e+01
1.4570 7.95433e-23 1.63331e+01 1.93074e+01 2.25512e+01
1.4580 7.91437e-23 1.63024e+01 1.92787e+01 2.25250e+01
1.4590 7.93654e-23 1.63170e+01 1.92922e+01 2.25353e+01
1.4600 7.90702e-23 1.63245e+01 1.93036e+01 2.25530e+01
1.4610 7.92288e-23 1.63192e+01 1.92890e+01 2.25294e+01
1.4620 7.90625e-23 1.63245e+01 1.92969e+01 2.25387e+01
1.4630 7.90509e-23 1.63179e+01 1.92961e+01 2.25449e+01
1.4640 7.89065e-23 1.63198e+01 1.92921e+01 2.25326e+01
1.4650 7.86704e-23 1.63065e+01 1.92797e+01 2.25226e+01
1.4660 7.87646e-23 1.63201e+01 1.93188e+01 2.26025e+01
1.4670 7.92899e-23 1.64138e+01 1.94800e+01 2.28577e+01
1.4680 7.90007e-23 1.63450e+01 1.93952e+01 2.27532e+01
1.4690 7.89247e-23 1.63288e+01 1.93649e+01 2.27020e+01
1.4700 7.90209e-23 1.63061e+01 1.93113e+01 2.26029e+01
1.4710 7.85291e-23 1.63153e+01 1.93039e+01 2.25625e+01
1.4720 7.87693e-23 1.63520e+01 1.93474e+01 2.26150e+01
1.4730 7.88878e-23 1.63588e+01 1.93607e+01 2.26413e+01
1.4740 7.86810e-23 1.63432e+01 1.93412e+01 2.26153e+01
1.4750 7.88450e-23 1.63518e+01 1.93422e+01 2.26050e+01
1.4760 7.89104e-23 1.63323e+01 1.93169e+01 2.25729e+01
1.4770 7.86469e-23 1.63426e+01 1.93431e+01 2.26207e+01
1.4780 7.86547e-23 1.63601e+01 1.93771e+01 2.26751e+01
1.4790 7.85971e-23 1.63460e+01 1.93635e+01 2.26661e+01
1.4800 7.89282e-23 1.64050e+01 1.94478e+01 2.27845e+01
1.4810 7.88435e-23 1.64286e+01 1.94814e+01 2.28251e+01
1.4820 7.85357e-23 1.64719e+01 1.95338e+01 2.28837e+01
1.4830 7.90663e-23 1.65768e+01 1.97253e+01 2.31935e+01
1.4840 7.92463e-23 1.65765e+01 1.97453e+01 2.32412e+01
1.4850 7.98844e-23 1.65900e+01 1.97894e+01 2.33248e+01
1.4860 7.98967e-23 1.65907e+01 1.97971e+01 2.33400e+01
1.4870 7.94706e-23 1.65562e+01 1.97366e+01 2.32409e+01
1.4880 7.94061e-23 1.65249e+01 1.96933e+01 2.31788e+01
1.4890 7.91923e-23 1.65479e+01 1.96840e+01 2.31230e+01
1.4900 7.91845e-23 1.64897e+01 1.95991e+01 2.30006e+01
1.4910 7.87158e-23 1.64577e+01 1.95475e+01 2.29268e+01
1.4920 7.86633e-23 1.64886e+01 1.95754e+01 2.29462e+01
1.4930 7.89023e-23 1.65099e+01 1.95913e+01 2.29503e+01
1.4940 7.89051e-23 1.64569e+01 1.95064e+01 2.28266e+01
1.4950 7.87428e-23 1.64663e+01 1.95350e+01 2.28816e+01
1.4960 7.87304e-23 1.64509e+01 1.94913e+01 2.27990e+01
1.4970 7.87352e-23 1.64178e+01 1.94468e+01 2.27416e+01
1.4980 7.87538e-23 1.64404e+01 1.94778e+01 2.27876e+01
1.4990 7.85213e-23 1.64302e+01 1.94703e+01 2.27836e+01
1.5000 7.83554e-23 1.64078e+01 1.94396e+01 2.27420e+01
1.5010 7.82752e-23 1.64128e+01 1.94288e+01 2.27097e+01
1.5020 7.84301e-23 1.64144e+01 1.94433e+01 2.27442e+01
1.5030 7.85298e-23 1.64441e+01 1.94957e+01 2.28336e+01
1.5040 7.83669e-23 1.64338e+01 1.94755e+01 2.27985e+01
1.5050 7.84104e-23 1.63996e+01 1.94341e+01 2.27474e+01
1.5060 7.84443e-23 1.64248e+01 1.94808e+01 2.28237e+01
1.5070 7.87285e-23 1.64780e+01 1.95562e+01 2.29283e+01
1.5080 7.87541e-23 1.64507e+01 1.95146e+01 2.28699e+01
1.5090 7.82297e-23 1.63914e+01 1.94228e+01 2.27328e+01
1.5100 7.82299e-23 1.63837e+01 1.94114e+01 2.27158e+01
1.5110 7.82808e-23 1.64021e+01 1.94373e+01 2.27571e+01
1.5120 7.84122e-23 1.63975e+01 1.94392e+01 2.27661e+01
1.5130 7.85409e-23 1.63968e+01 1.94421e+01 2.27773e+01
1.5140 7.82623e-23 1.64015e+01 1.94260e+01 2.27260e+01
1.5150 7.79499e-23 1.64057e+01 1.94323e+01 2.27343e+01
1.5160 7.84000e-23 1.64086e+01 1.94411e+01 2.27486e+01
1.5170 7.78579e-23 1.63966e+01 1.94281e+01 2.27364e+01
1.5180 7.80245e-23 1.64012e+01 1.94409e+01 2.27630e+01
1.5190 7.82292e-23 1.64127e+01 1.94632e+01 2.28035e+01
1.5200 7.80542e-23 1.64122e+01 1.94686e+01 2.28108e+01
1.5210 7.78902e-23 1.64137e+01 1.94892e+01 2.28524e+01
1.5220 7.84640e-23 1.64270e+01 1.95364e+01 2.29517e+01
1.5230 7.81622e-23 1.64298e+01 1.95443e+01 2.29690e+01
1.5240 7.78951e-23 1.64840e+01 1.96073e+01 2.30378e+01
1.5250 7.82119e-23 1.64355e+01 1.95435e+01 2.29535e+01
1.5260 7.80080e-23 1.64271e+01 1.95228e+01 2.29210e+01
1.5270 7.82219e-23 1.64655e+01 1.95795e+01 2.30042e+01
1.5280 7.76696e-23 1.64309e+01 1.95527e+01 2.29883e+01
1.5290 7.80300e-23 1.64665e+01 1.95682e+01 2.29757e+01
1.5300 7.81205e-23 1.64868e+01 1.96021e+01 2.30238e+01
1.5310 7.80051e-23 1.64934e+01 1.96147e+01 2.30433e+01
1.5320 7.83635e-23 1.65479e+01 1.97018e+01 2.31726e+01
1.5330 7.79660e-23 1.65241e+01 1.97094e+01 2.32261e+01
1.5340 7.81647e-23 1.65050e+01 1.96740e+01 2.31725e+01
1.5350 7.79671e-23 1.64769e+01 1.96239e+01 2.30843e+01
1.5360 7.79769e-23 1.64817e+01 1.96391e+01 2.31172e+01
1.5370 7.78301e-23 1.65076e+01 1.96713e+01 2.31578e+01
1.5380 7.81528e-23 1.65067e+01 1.96709e+01 2.31566e+01
1.5390 7.78251e-23 1.65300e+01 1.96805e+01 2.31438e+01
1.5400 7.78586e-23 1.65464e+01 1.96950e+01 2.31550e+01
1.5410 7.81616e-23 1.65072e+01 1.96622e+01 2.31317e+01
1.5420 7.77268e-23 1.65122e+01 1.96757e+01 2.31565e+01
1.5430 7.80823e-23 1.65141e+01 1.96952e+01 2.32024e+01
1.5440 7.80105e-23 1.65284e+01 1.97094e+01 2.32174e+01
1.5450 7.79262e-23 1.65496e+01 1.97433e+01 2.32625e+01
1.5460 7.91469e-23 1.66178e+01 1.98612e+01 2.34489e+01
1.5470 7.82519e-23 1.65517e+01 1.97815e+01 2.33543e+01
1.5480 7.84355e-23 1.65691e+01 1.97897e+01 2.33490e+01
1.5490 7.78927e-23 1.65103e+01 1.96911e+01 2.31991e+01
1.5500 7.77511e-23 1.65121e+01 1.96751e+01 2.31596e+01
1.5510 7.74286e-23 1.65175e+01 1.96821e+01 2.31679e+01
1.5520 7.77423e-23 1.64992e+01 1.96583e+01 2.31431e+01
1.5530 7.77361e-23 1.65512e+01 1.97311e+01 2.32375e+01
1.5540 7.84954e-23 1.65799e+01 1.97757e+01 2.33083e+01
1.5550 7.84214e-23 1.66312e+01 1.98755e+01 2.34736e+01
1.5560 7.82705e-23 1.65889e+01 1.98225e+01 2.34094e+01
1.5570 7.80575e-23 1.66416e+01 1.99047e+01 2.35291e+01
1.5577 7.80650e-23 1.65901e+01 1.98199e+01 2.34016e+01
1.5580 7.75993e-23 1.65799e+01 1.98031e+01 2.33726e+01
1.5590 7.79157e-23 1.65765e+01 1.97958e+01 2.33599e+01
1.5600 7.79999e-23 1.65787e+01 1.98112e+01 2.33946e+01
1.5610 7.85997e-23 1.66357e+01 1.99175e+01 2.35727e+01
1.5620 7.78232e-23 1.66049e+01 1.98472e+01 2.34422e+01
1.5630 7.75540e-23 1.65826e+01 1.98061e+01 2.33764e+01
1.5640 7.77414e-23 1.66379e+01 1.99060e+01 2.35385e+01
1.5650 7.81559e-23 1.66341e+01 1.98961e+01 2.35191e+01
1.5660 7.78383e-23 1.66297e+01 1.98972e+01 2.35222e+01
1.5670 7.83456e-23 1.66236e+01 1.98892e+01 2.35156e+01
1.5680 7.81980e-23 1.66351e+01 1.98966e+01 2.35149e+01
1.5690 7.79915e-23 1.66666e+01 1.99373e+01 2.35612e+01
1.5700 7.81787e-23 1.66099e+01 1.98777e+01 2.35028e+01
1.5710 7.81475e-23 1.66392e+01 1.99081e+01 2.35305e+01
1.5720 7.77867e-23 1.65752e+01 1.97956e+01 2.33527e+01
1.5730 7.77478e-23 1.65748e+01 1.97935e+01 2.33500e+01
1.5740 7.74224e-23 1.65580e+01 1.97827e+01 2.33421e+01
1.5750 7.77965e-23 1.65515e+01 1.97687e+01 2.33245e+01
1.5760 7.73260e-23 1.65594e+01 1.97683e+01 2.33127e+01
1.5770 7.78113e-23 1.65595e+01 1.97690e+01 2.33109e+01
1.5780 7.76219e-23 1.65510e+01 1.97631e+01 2.33106e+01
1.5790 7.74840e-23 1.65290e+01 1.97277e+01 2.32586e+01
1.5800 7.72183e-23 1.64983e+01 1.96852e+01 2.32037e+01
1.5810 7.69964e-23 1.64858e+01 1.96312e+01 2.30919e+01
1.5820 7.64762e-23 1.64492e+01 1.95803e+01 2.30272e+01
1.5830 7.71313e-23 1.64958e+01 1.96627e+01 2.31585e+01
1.5840 7.74401e-23 1.65232e+01 1.96979e+01 2.32082e+01
1.5850 7.68768e-23 1.64736e+01 1.96336e+01 2.31243e+01
1.5860 7.69002e-23 1.64689e+01 1.96212e+01 2.31016e+01
1.5870 7.62886e-23 1.64857e+01 1.96456e+01 2.31392e+01
1.5880 7.69747e-23 1.64956e+01 1.96521e+01 2.31496e+01
1.5890 7.69580e-23 1.65699e+01 1.97671e+01 2.33202e+01
1.5900 7.69308e-23 1.65828e+01 1.98298e+01 2.34542e+01
1.5910 7.76524e-23 1.66279e+01 1.99164e+01 2.36016e+01
1.5920 7.76774e-23 1.65563e+01 1.97710e+01 2.33504e+01
1.5930 7.69703e-23 1.65322e+01 1.97256e+01 2.32653e+01
1.5940 7.68411e-23 1.65125e+01 1.97009e+01 2.32275e+01
1.5950 7.66599e-23 1.65025e+01 1.96654e+01 2.31546e+01
1.5960 7.65242e-23 1.64714e+01 1.96088e+01 2.30682e+01
1.5970 7.67529e-23 1.64805e+01 1.96110e+01 2.30549e+01
1.5980 7.65768e-23 1.64910e+01 1.96377e+01 2.31071e+01
1.5990 7.64626e-23 1.64562e+01 1.95639e+01 2.29817e+01
1.6000 7.63310e-23 1.64430e+01 1.95486e+01 2.29621e+01
1.6010 7.62760e-23 1.64390e+01 1.95375e+01 2.29417e+01
1.6020 7.64521e-23 1.64496e+01 1.95402e+01 2.29363e+01
1.6030 7.62578e-23 1.64241e+01 1.95142e+01 2.29119e+01
1.6040 7.62832e-23 1.64066e+01 1.94965e+01 2.28954e+01
1.6050 7.60345e-23 1.64101e+01 1.94900e+01 2.28739e+01
1.6060 7.57436e-23 1.64174e+01 1.94819e+01 2.28411e+01
1.6070 7.60838e-23 1.64371e+01 1.95052e+01 2.28716e+01
1.6080 7.59808e-23 1.64319e+01 1.94961e+01 2.28599e+01
1.6090 7.58467e-23 1.64208e+01 1.94890e+01 2.28625e+01
1.6100 7.61324e-23 1.64214e+01 1.94877e+01 2.28534e+01
1.6110 7.60502e-23 1.64441e+01 1.95129e+01 2.28814e+01
1.6120 7.59477e-23 1.64415e+01 1.95158e+01 2.28958e+01
1.6130 7.63350e-23 1.64601e+01 1.95468e+01 2.29447e+01
1.6140 7.64372e-23 1.64836e+01 1.95788e+01 2.29860e+01
1.6150 7.61636e-23 1.64928e+01 1.95941e+01 2.30088e+01
1.6160 7.62971e-23 1.64918e+01 1.95867e+01 2.29960e+01
1.6170 7.59985e-23 1.64469e+01 1.95108e+01 2.28725e+01
1.6180 7.60667e-23 1.64486e+01 1.95084e+01 2.28626e+01
1.6190 7.59097e-23 1.64653e+01 1.95320e+01 2.28942e+01
1.6200 7.60687e-23 1.64517e+01 1.95069e+01 2.28525e+01
1.6210 7.59526e-23 1.64609e+01 1.95159e+01 2.28624e+01
1.6220 7.60486e-23 1.64578e+01 1.95175e+01 2.28717e+01
1.6230 7.62180e-23 1.65036e+01 1.95742e+01 2.29386e+01
1.6240 7.61029e-23 1.64793e+01 1.95506e+01 2.29162e+01
1.6250 7.58361e-23 1.64775e+01 1.95393e+01 2.28924e+01
1.6260 7.57982e-23 1.64676e+01 1.95303e+01 2.28812e+01
1.6270 7.58795e-23 1.64766e+01 1.95355e+01 2.28765e+01
1.6280 7.58699e-23 1.64754e+01 1.95356e+01 2.28812e+01
1.6290 7.61146e-23 1.64969e+01 1.95556e+01 2.29004e+01
1.6300 7.59357e-23 1.64766e+01 1.95307e+01 2.28726e+01
1.6310 7.58841e-23 1.64658e+01 1.94973e+01 2.28043e+01
1.6320 7.57038e-23 1.64882e+01 1.95294e+01 2.28536e+01
1.6330 7.59895e-23 1.64660e+01 1.95137e+01 2.28492e+01
1.6340 7.61333e-23 1.64581e+01 1.94935e+01 2.28110e+01
1.6350 7.60185e-23 1.64494e+01 1.94844e+01 2.28036e+01
1.6360 7.55997e-23 1.64439e+01 1.94810e+01 2.28010e+01
1.6370 7.59729e-23 1.64865e+01 1.95376e+01 2.28760e+01
1.6380 7.60591e-23 1.64704e+01 1.95232e+01 2.28661e+01
1.6390 7.60927e-23 1.64904e+01 1.95395e+01 2.28681e+01
1.6400 7.59401e-23 1.64963e+01 1.95433e+01 2.28706e+01
1.6410 7.59162e-23 1.64894e+01 1.95317e+01 2.28503e+01
1.6420 7.61207e-23 1.64864e+01 1.95245e+01 2.28384e+01
1.6430 7.59354e-23 1.64706e+01 1.94879e+01 2.27742e+01
1.6440 7.55287e-23 1.64622e+01 1.94702e+01 2.27429e+01
1.6450 7.58092e-23 1.64601e+01 1.94900e+01 2.27974e+01
1.6460 7.57048e-23 1.64598e+01 1.95053e+01 2.28351e+01
1.6470 7.57535e-23 1.64434e+01 1.94828e+01 2.28055e+01
1.6480 7.56942e-23 1.64677e+01 1.95166e+01 2.28505e+01
1.6490 7.56546e-23 1.64718e+01 1.95335e+01 2.28807e+01
1.6500 7.57283e-23 1.64989e+01 1.95721e+01 2.29395e+01
1.6510 7.56768e-23 1.65051e+01 1.95519e+01 2.28748e+01
1.6520 7.56972e-23 1.64697e+01 1.95046e+01 2.28142e+01
1.6530 7.59671e-23 1.64597e+01 1.94954e+01 2.28094e+01
1.6540 7.56577e-23 1.64545e+01 1.94779e+01 2.27746e+01
1.6550 7.55643e-23 1.64343e+01 1.94458e+01 2.27255e+01
1.6560 7.56712e-23 1.64416e+01 1.94640e+01 2.27650e+01
1.6570 7.55673e-23 1.64443e+01 1.94608e+01 2.27530e+01
1.6580 7.52396e-23 1.64345e+01 1.94353e+01 2.27020e+01
1.6590 7.53570e-23 1.64420e+01 1.94455e+01 2.27151e+01
1.6600 7.53966e-23 1.64631e+01 1.94721e+01 2.27534e+01
1.6610 7.52656e-23 1.64710e+01 1.94830e+01 2.27673e+01
1.6620 7.54547e-23 1.64986e+01 1.95179e+01 2.28108e+01
1.6630 7.53755e-23 1.64919e+01 1.95052e+01 2.27919e+01
1.6640 7.53474e-23 1.64834e+01 1.94862e+01 2.27571e+01
1.6650 7.52105e-23 1.64885e+01 1.94897e+01 2.27555e+01
1.6660 7.52941e-23 1.64888e+01 1.94856e+01 2.27455e+01
1.6670 7.53569e-23 1.64763e+01 1.94773e+01 2.27401e+01
1.6680 7.53033e-23 1.64793e+01 1.94830e+01 2.27523e+01
1.6690 7.52409e-23 1.64904e+01 1.94981e+01 2.27750e+01
1.6700 7.53676e-23 1.65067e+01 1.95140e+01 2.27869e+01
1.6710 7.54007e-23 1.65091e+01 1.95334e+01 2.28317e+01
1.6720 7.52608e-23 1.64849e+01 1.95052e+01 2.27979e+01
1.6730 7.54166e-23 1.64537e+01 1.94630e+01 2.27406e+01
1.6740 7.54013e-23 1.64850e+01 1.95106e+01 2.28086e+01
1.6750 7.51910e-23 1.64795e+01 1.95036e+01 2.28012e+01
1.6760 7.51176e-23 1.64850e+01 1.95057e+01 2.27973e+01
1.6770 7.52165e-23 1.64694e+01 1.94724e+01 2.27377e+01
1.6780 7.49010e-23 1.64429e+01 1.94305e+01 2.26741e+01
1.6790 7.49383e-23 1.64634e+01 1.94532e+01 2.26970e+01
1.6800 7.48275e-23 1.64537e+01 1.94429e+01 2.26864e+01
1.6810 7.48807e-23 1.64677e+01 1.94630e+01 2.27182e+01
1.6820 7.47481e-23 1.64447e+01 1.94353e+01 2.26888e+01
1.6830 7.47932e-23 1.64295e+01 1.94192e+01 2.26739e+01
1.6840 7.49323e-23 1.64437e+01 1.94377e+01 2.26991e+01
1.6850 7.48224e-23 1.64379e+01 1.94293e+01 2.26807e+01
1.6860 7.49354e-23 1.64827e+01 1.95015e+01 2.27897e+01
1.6870 7.46738e-23 1.64904e+01 1.95157e+01 2.28145e+01
1.6880 7.49700e-23 1.64944e+01 1.95186e+01 2.28162e+01
1.6890 7.47524e-23 1.65004e+01 1.95258e+01 2.28269e+01
1.6900 7.51868e-23 1.65395e+01 1.95745e+01 2.28824e+01
1.6910 7.51051e-23 1.65336e+01 1.95829e+01 2.29163e+01
1.6920 7.52291e-23 1.65208e+01 1.95578e+01 2.28698e+01
1.6930 7.53004e-23 1.65415e+01 1.95725e+01 2.28692e+01
1.6940 7.49992e-23 1.65335e+01 1.95690e+01 2.28743e+01
1.6950 7.47358e-23 1.65282e+01 1.95537e+01 2.28448e+01
1.6960 7.45532e-23 1.65099e+01 1.95336e+01 2.28222e+01
1.6970 7.50462e-23 1.64934e+01 1.95093e+01 2.27913e+01
1.6980 7.48681e-23 1.64770e+01 1.94928e+01 2.27727e+01
1.6988 7.46145e-23 1.64750e+01 1.94863e+01 2.27609e+01
1.6990 7.46587e-23 1.64928e+01 1.95162e+01 2.28061e+01
1.7000 7.49567e-23 1.65184e+01 1.95408e+01 2.28292e+01
1.7010 7.47738e-23 1.65162e+01 1.95371e+01 2.28224e+01
1.7020 7.48519e-23 1.65210e+01 1.95431e+01 2.28305e+01
1.7030 7.46654e-23 1.65298e+01 1.95546e+01 2.28428e+01
1.7040 7.46270e-23 1.65269e+01 1.95407e+01 2.28138e+01
1.7050 7.46832e-23 1.65176e+01 1.95230e+01 2.27836e+01
1.7060 7.47085e-23 1.64988e+01 1.95033e+01 2.27662e+01
1.7070 7.44923e-23 1.65117e+01 1.95194e+01 2.27846e+01
1.7080 7.45718e-23 1.65274e+01 1.95427e+01 2.28195e+01
1.7090 7.45125e-23 1.65093e+01 1.95170e+01 2.27844e+01
1.7100 7.43589e-23 1.65000e+01 1.95003e+01 2.27574e+01
1.7110 7.43101e-23 1.65106e+01 1.95127e+01 2.27738e+01
1.7120 7.43483e-23 1.65058e+01 1.95081e+01 2.27711e+01
1.7130 7.45250e-23 1.65222e+01 1.95392e+01 2.28210e+01
1.7140 7.45480e-23 1.65297e+01 1.95504e+01 2.28374e+01
1.7150 7.44400e-23 1.65265e+01 1.95339e+01 2.27997e+01
1.7160 7.44612e-23 1.65083e+01 1.95086e+01 2.27672e+01
1.7170 7.44556e-23 1.64933e+01 1.95012e+01 2.27714e+01
1.7180 7.43622e-23 1.64986e+01 1.95067e+01 2.27786e+01
1.7190 7.43454e-23 1.65283e+01 1.95485e+01 2.28314e+01
1.7200 7.42923e-23 1.65245e+01 1.95379e+01 2.28137e+01
1.7210 7.45944e-23 1.65388e+01 1.95562e+01 2.28377e+01
1.7220 7.46255e-23 1.65219e+01 1.95292e+01 2.27948e+01
1.7230 7.42439e-23 1.65271e+01 1.95417e+01 2.28137e+01
1.7240 7.42147e-23 1.65458e+01 1.95729e+01 2.28603e+01
1.7250 7.47053e-23 1.65905e+01 1.96256e+01 2.29192e+01
1.7260 7.44229e-23 1.65700e+01 1.96198e+01 2.29402e+01
1.7270 7.43309e-23 1.65924e+01 1.96396e+01 2.29550e+01
1.7280 7.42202e-23 1.65573e+01 1.95809e+01 2.28629e+01
1.7290 7.40755e-23 1.65537e+01 1.95883e+01 2.28861e+01
1.7300 7.41508e-23 1.65700e+01 1.96069e+01 2.29081e+01
1.7310 7.42035e-23 1.65694e+01 1.96140e+01 2.29255e+01
1.7320 7.43096e-23 1.65483e+01 1.95876e+01 2.28909e+01
1.7330 7.40033e-23 1.65482e+01 1.95883e+01 2.28917e+01
1.7340 7.40394e-23 1.65387e+01 1.95694e+01 2.28628e+01
1.7350 7.38201e-23 1.65218e+01 1.95491e+01 2.28386e+01
1.7360 7.40192e-23 1.65469e+01 1.95730e+01 2.28558e+01
1.7370 7.37196e-23 1.65270e+01 1.95441e+01 2.28178e+01
1.7380 7.36444e-23 1.65432e+01 1.95602e+01 2.28342e+01
1.7390 7.38671e-23 1.65472e+01 1.95700e+01 2.28510e+01
1.7400 7.37120e-23 1.65469e+01 1.95695e+01 2.28514e+01
1.7410 7.38537e-23 1.65447e+01 1.95705e+01 2.28572e+01
1.7420 7.36265e-23 1.65473e+01 1.95656e+01 2.28376e+01
1.7430 7.38724e-23 1.65579e+01 1.95689e+01 2.28324e+01
1.7440 7.36579e-23 1.65542e+01 1.95672e+01 2.28316e+01
1.7450 7.37187e-23 1.65546e+01 1.95840e+01 2.28740e+01
1.7460 7.38955e-23 1.65836e+01 1.96283e+01 2.29372e+01
1.7470 7.36630e-23 1.65971e+01 1.96610e+01 2.29894e+01
1.7480 7.39309e-23 1.66206e+01 1.96886e+01 2.30267e+01
1.7490 7.42401e-23 1.66257e+01 1.97054e+01 2.30600e+01
1.7500 7.38522e-23 1.65870e+01 1.96457e+01 2.29652e+01
1.7510 7.36920e-23 1.66027e+01 1.96620e+01 2.29789e+01
1.7520 7.35694e-23 1.66065e+01 1.96735e+01 2.29995e+01
1.7530 7.44153e-23 1.66370e+01 1.97268e+01 2.30925e+01
1.7540 7.40197e-23 1.66340e+01 1.97064e+01 2.30465e+01
1.7550 7.39812e-23 1.66296e+01 1.96989e+01 2.30329e+01
1.7560 7.35718e-23 1.66319e+01 1.97088e+01 2.30542e+01
1.7570 7.38387e-23 1.66254e+01 1.97030e+01 2.30517e+01
1.7580 7.39129e-23 1.66153e+01 1.96800e+01 2.30064e+01
1.7590 7.34968e-23 1.66231e+01 1.96975e+01 2.30342e+01
1.7600 7.34794e-23 1.66192e+01 1.96876e+01 2.30196e+01
1.7610 7.35221e-23 1.65960e+01 1.96824e+01 2.30424e+01
1.7620 7.34252e-23 1.65982e+01 1.96739e+01 2.30134e+01
1.7630 7.35675e-23 1.65913e+01 1.96672e+01 2.30095e+01
1.7640 7.36054e-23 1.66385e+01 1.97255e+01 2.30807e+01
1.7650 7.38088e-23 1.66332e+01 1.97194e+01 2.30740e+01
