# 1:time 2:Lum 3:eave 4:erms 5:eskw
0.0100 9.59232e-24 1.05217e+01 1.19055e+01 1.33812e+01
0.0110 1.18841e-23 1.06660e+01 1.20679e+01 1.35664e+01
0.0120 1.37713e-23 1.07078e+01 1.20795e+01 1.35212e+01
0.0130 1.67720e-23 1.08894e+01 1.22644e+01 1.37034e+01
0.0140 1.95284e-23 1.09426e+01 1.23130e+01 1.37612e+01
0.0150 2.25978e-23 1.11188e+01 1.25366e+01 1.40299e+01
0.0160 2.50211e-23 1.11559e+01 1.25694e+01 1.40645e+01
0.0170 2.73367e-23 1.12036e+01 1.25923e+01 1.40558e+01
0.0180 2.93053e-23 1.12513e+01 1.26808e+01 1.41906e+01
0.0190 3.14517e-23 1.13042e+01 1.27079e+01 1.41792e+01
0.0200 3.31884e-23 1.13169e+01 1.27423e+01 1.42455e+01
0.0210 3.51660e-23 1.13754e+01 1.27988e+01 1.42980e+01
0.0220 3.67784e-23 1.14377e+01 1.28690e+01 1.43746e+01
0.0230 3.78822e-23 1.14721e+01 1.29058e+01 1.44134e+01
0.0240 3.86272e-23 1.14783e+01 1.29117e+01 1.44193e+01
0.0250 3.92360e-23 1.14521e+01 1.28639e+01 1.43425e+01
0.0260 4.02590e-23 1.14746e+01 1.29025e+01 1.43982e+01
0.0270 4.14637e-23 1.14762e+01 1.28965e+01 1.43826e+01
0.0280 4.28666e-23 1.14924e+01 1.29106e+01 1.43925e+01
0.0290 4.43261e-23 1.15048e+01 1.29224e+01 1.44036e+01
0.0300 4.58558e-23 1.15183e+01 1.29321e+01 1.44081e+01
0.0310 4.73903e-23 1.15405e+01 1.29572e+01 1.44349e+01
0.0320 4.88923e-23 1.15628e+01 1.29807e+01 1.44583e+01
0.0330 5.03661e-23 1.15866e+01 1.30088e+01 1.44904e+01
0.0340 5.16793e-23 1.15977e+01 1.30194e+01 1.44994e+01
0.0350 5.29690e-23 1.16142e+01 1.30381e+01 1.45205e+01
0.0360 5.42374e-23 1.16332e+01 1.30612e+01 1.45478e+01
0.0370 5.55092e-23 1.16522e+01 1.30807e+01 1.45657e+01
0.0380 5.66197e-23 1.16582e+01 1.30845e+01 1.45666e+01
0.0390 5.78864e-23 1.16804e+01 1.31111e+01 1.45975e+01
0.0400 5.92143e-23 1.17132e+01 1.31518e+01 1.46477e+01
0.0410 6.03265e-23 1.17319e+01 1.31735e+01 1.46741e+01
0.0420 6.12670e-23 1.17471e+01 1.31910e+01 1.46944e+01
0.0430 6.20824e-23 1.17607e+01 1.32067e+01 1.47116e+01
0.0440 6.28836e-23 1.17684e+01 1.32122e+01 1.47120e+01
0.0450 6.38656e-23 1.17885e+01 1.32347e+01 1.47353e+01
0.0460 6.49598e-23 1.18128e+01 1.32624e+01 1.47667e+01
0.0470 6.60018e-23 1.18368e+01 1.32904e+01 1.48006e+01
0.0480 6.68690e-23 1.18583e+01 1.33157e+01 1.48311e+01
0.0490 6.74652e-23 1.18711e+01 1.33293e+01 1.48454e+01
0.0500 6.79469e-23 1.18812e+01 1.33407e+01 1.48570e+01
0.0510 6.84612e-23 1.18921e+01 1.33539e+01 1.48714e+01
0.0520 6.91143e-23 1.19054e+01 1.33688e+01 1.48869e+01
0.0530 6.99403e-23 1.19289e+01 1.33970e+01 1.49206e+01
0.0540 7.06811e-23 1.19429e+01 1.34113e+01 1.49353e+01
0.0550 7.14010e-23 1.19614e+01 1.34321e+01 1.49582e+01
0.0560 7.20096e-23 1.19789e+01 1.34531e+01 1.49831e+01
0.0570 7.25439e-23 1.19951e+01 1.34735e+01 1.50084e+01
0.0580 7.30499e-23 1.20086e+01 1.34898e+01 1.50279e+01
0.0590 7.36543e-23 1.20273e+01 1.35132e+01 1.50574e+01
0.0600 7.43039e-23 1.20435e+01 1.35316e+01 1.50776e+01
0.0610 7.50390e-23 1.20702e+01 1.35637e+01 1.51166e+01
0.0620 7.56284e-23 1.20879e+01 1.35842e+01 1.51405e+01
0.0630 7.61855e-23 1.21057e+01 1.36044e+01 1.51628e+01
0.0640 7.67090e-23 1.21284e+01 1.36340e+01 1.52016e+01
0.0650 7.71942e-23 1.21409e+01 1.36462e+01 1.52124e+01
0.0660 7.79084e-23 1.21732e+01 1.36869e+01 1.52640e+01
0.0670 7.84246e-23 1.21869e+01 1.37010e+01 1.52777e+01
0.0680 7.89777e-23 1.22105e+01 1.37291e+01 1.53109e+01
0.0690 7.95036e-23 1.22283e+01 1.37501e+01 1.53357e+01
0.0700 8.00678e-23 1.22550e+01 1.37828e+01 1.53754e+01
0.0710 8.04555e-23 1.22698e+01 1.38010e+01 1.53980e+01
0.0720 8.08556e-23 1.22858e+01 1.38185e+01 1.54165e+01
0.0730 8.12511e-23 1.23063e+01 1.38459e+01 1.54529e+01
0.0740 8.17025e-23 1.23245e+01 1.38664e+01 1.54759e+01
0.0750 8.21085e-23 1.23437e+01 1.38892e+01 1.55022e+01
0.0760 8.24711e-23 1.23614e+01 1.39114e+01 1.55303e+01
0.0770 8.28623e-23 1.23782e+01 1.39290e+01 1.55477e+01
0.0780 8.33516e-23 1.24042e+01 1.39620e+01 1.55895e+01
0.0790 8.37612e-23 1.24244e+01 1.39862e+01 1.56182e+01
0.0800 8.40822e-23 1.24405e+01 1.40043e+01 1.56382e+01
0.0810 8.43950e-23 1.24561e+01 1.40220e+01 1.56579e+01
0.0820 8.46937e-23 1.24741e+01 1.40433e+01 1.56828e+01
0.0830 8.51055e-23 1.25004e+01 1.40768e+01 1.57254e+01
0.0840 8.54315e-23 1.25178e+01 1.40970e+01 1.57484e+01
0.0850 8.57219e-23 1.25373e+01 1.41208e+01 1.57771e+01
0.0860 8.59463e-23 1.25541e+01 1.41412e+01 1.58017e+01
0.0870 8.61486e-23 1.25719e+01 1.41630e+01 1.58283e+01
0.0880 8.63499e-23 1.25885e+01 1.41833e+01 1.58526e+01
0.0890 8.65204e-23 1.26038e+01 1.42009e+01 1.58723e+01
0.0900 8.67431e-23 1.26225e+01 1.42241e+01 1.59009e+01
0.0910 8.71093e-23 1.26444e+01 1.42493e+01 1.59298e+01
0.0920 8.74840e-23 1.26687e+01 1.42784e+01 1.59639e+01
0.0930 8.77095e-23 1.26852e+01 1.42974e+01 1.59855e+01
0.0940 8.78820e-23 1.26981e+01 1.43102e+01 1.59971e+01
0.0950 8.82254e-23 1.27255e+01 1.43450e+01 1.60411e+01
0.0960 8.85309e-23 1.27487e+01 1.43739e+01 1.60763e+01
0.0970 8.87775e-23 1.27667e+01 1.43941e+01 1.60986e+01
0.0980 8.91362e-23 1.27926e+01 1.44257e+01 1.61367e+01
0.0990 8.94539e-23 1.28189e+01 1.44588e+01 1.61776e+01
0.1000 8.97044e-23 1.28409e+01 1.44855e+01 1.62095e+01
0.1010 8.99374e-23 1.28634e+01 1.45133e+01 1.62432e+01
0.1020 9.02027e-23 1.28898e+01 1.45477e+01 1.62873e+01
0.1030 9.04582e-23 1.29120e+01 1.45743e+01 1.63184e+01
0.1040 9.06719e-23 1.29356e+01 1.46040e+01 1.63546e+01
0.1050 9.08305e-23 1.29574e+01 1.46318e+01 1.63895e+01
0.1060 9.10268e-23 1.29799e+01 1.46592e+01 1.64223e+01
0.1070 9.11951e-23 1.30016e+01 1.46860e+01 1.64542e+01
0.1080 9.13007e-23 1.30229e+01 1.47142e+01 1.64907e+01
0.1090 9.14854e-23 1.30462e+01 1.47431e+01 1.65257e+01
0.1100 9.16207e-23 1.30669e+01 1.47684e+01 1.65555e+01
0.1110 9.17241e-23 1.30897e+01 1.47983e+01 1.65940e+01
0.1120 9.18417e-23 1.31087e+01 1.48209e+01 1.66201e+01
0.1130 9.20425e-23 1.31365e+01 1.48567e+01 1.66649e+01
0.1140 9.20824e-23 1.31537e+01 1.48787e+01 1.66923e+01
0.1150 9.22013e-23 1.31741e+01 1.49044e+01 1.67233e+01
0.1160 9.23384e-23 1.31964e+01 1.49317e+01 1.67558e+01
0.1170 9.24188e-23 1.32179e+01 1.49590e+01 1.67890e+01
0.1180 9.25066e-23 1.32382e+01 1.49842e+01 1.68194e+01
0.1190 9.25982e-23 1.32610e+01 1.50134e+01 1.68554e+01
0.1200 9.26566e-23 1.32813e+01 1.50392e+01 1.68870e+01
0.1210 9.27036e-23 1.33020e+01 1.50656e+01 1.69195e+01
0.1220 9.27970e-23 1.33251e+01 1.50958e+01 1.69577e+01
0.1230 9.28665e-23 1.33472e+01 1.51242e+01 1.69927e+01
0.1240 9.29552e-23 1.33701e+01 1.51535e+01 1.70289e+01
0.1250 9.30325e-23 1.33927e+01 1.51824e+01 1.70645e+01
0.1260 9.30424e-23 1.34120e+01 1.52067e+01 1.70939e+01
0.1270 9.30444e-23 1.34304e+01 1.52296e+01 1.71214e+01
0.1280 9.30335e-23 1.34476e+01 1.52498e+01 1.71443e+01
0.1290 9.30959e-23 1.34686e+01 1.52760e+01 1.71762e+01
0.1300 9.32473e-23 1.34915e+01 1.53036e+01 1.72084e+01
0.1310 9.34624e-23 1.35192e+01 1.53391e+01 1.72524e+01
0.1320 9.36626e-23 1.35451e+01 1.53700e+01 1.72882e+01
0.1330 9.38365e-23 1.35702e+01 1.54002e+01 1.73233e+01
0.1340 9.39857e-23 1.35942e+01 1.54286e+01 1.73557e+01
0.1350 9.41299e-23 1.36190e+01 1.54584e+01 1.73903e+01
0.1360 9.41836e-23 1.36436e+01 1.54887e+01 1.74264e+01
0.1370 9.41739e-23 1.36637e+01 1.55135e+01 1.74558e+01
0.1380 9.41953e-23 1.36869e+01 1.55434e+01 1.74929e+01
0.1390 9.42517e-23 1.37123e+01 1.55767e+01 1.75352e+01
0.1400 9.42842e-23 1.37336e+01 1.56036e+01 1.75680e+01
0.1410 9.43236e-23 1.37562e+01 1.56311e+01 1.76003e+01
0.1420 9.43619e-23 1.37777e+01 1.56572e+01 1.76312e+01
0.1430 9.43898e-23 1.37968e+01 1.56791e+01 1.76559e+01
0.1440 9.44894e-23 1.38193e+01 1.57047e+01 1.76844e+01
0.1450 9.46654e-23 1.38452e+01 1.57351e+01 1.77186e+01
0.1460 9.49025e-23 1.38756e+01 1.57697e+01 1.77570e+01
0.1470 9.51637e-23 1.39052e+01 1.58048e+01 1.77971e+01
0.1480 9.54370e-23 1.39434e+01 1.58520e+01 1.78545e+01
0.1490 9.55014e-23 1.39704e+01 1.58853e+01 1.78943e+01
0.1500 9.55042e-23 1.39924e+01 1.59112e+01 1.79240e+01
0.1510 9.55876e-23 1.40214e+01 1.59480e+01 1.79696e+01
0.1520 9.56325e-23 1.40463e+01 1.59789e+01 1.80073e+01
0.1530 9.56173e-23 1.40686e+01 1.60058e+01 1.80389e+01
0.1540 9.55681e-23 1.40867e+01 1.60251e+01 1.80588e+01
0.1550 9.56661e-23 1.41145e+01 1.60593e+01 1.80995e+01
0.1560 9.58794e-23 1.41470e+01 1.60978e+01 1.81439e+01
0.1570 9.60450e-23 1.41775e+01 1.61326e+01 1.81828e+01
0.1580 9.59586e-23 1.41966e+01 1.61536e+01 1.82049e+01
0.1590 9.57887e-23 1.42146e+01 1.61756e+01 1.82312e+01
0.1600 9.56118e-23 1.42330e+01 1.61985e+01 1.82592e+01
0.1610 9.55743e-23 1.42559e+01 1.62258e+01 1.82914e+01
0.1620 9.57228e-23 1.42851e+01 1.62589e+01 1.83283e+01
0.1630 9.57977e-23 1.43112e+01 1.62870e+01 1.83573e+01
0.1640 9.58682e-23 1.43368e+01 1.63154e+01 1.83882e+01
0.1650 9.58717e-23 1.43571e+01 1.63364e+01 1.84094e+01
0.1660 9.58334e-23 1.43804e+01 1.63626e+01 1.84382e+01
0.1670 9.58641e-23 1.44117e+01 1.64021e+01 1.84866e+01
0.1680 9.59035e-23 1.44432e+01 1.64432e+01 1.85392e+01
0.1690 9.58732e-23 1.44708e+01 1.64785e+01 1.85839e+01
0.1700 9.56201e-23 1.44906e+01 1.65048e+01 1.86179e+01
0.1710 9.52270e-23 1.45025e+01 1.65194e+01 1.86354e+01
0.1720 9.51498e-23 1.45253e+01 1.65481e+01 1.86717e+01
0.1730 9.51984e-23 1.45522e+01 1.65789e+01 1.87069e+01
0.1740 9.49344e-23 1.45602e+01 1.65830e+01 1.87054e+01
0.1750 9.45707e-23 1.45651e+01 1.65857e+01 1.87053e+01
0.1760 9.48492e-23 1.45967e+01 1.66218e+01 1.87470e+01
0.1770 9.54827e-23 1.46466e+01 1.66819e+01 1.88205e+01
0.1780 9.57711e-23 1.46797e+01 1.67198e+01 1.88642e+01
0.1790 9.57018e-23 1.46995e+01 1.67431e+01 1.88918e+01
0.1800 9.57691e-23 1.47279e+01 1.67828e+01 1.89473e+01
0.1810 9.58907e-23 1.47667e+01 1.68370e+01 1.90224e+01
0.1820 9.56125e-23 1.47795e+01 1.68543e+01 1.90462e+01
0.1830 9.52587e-23 1.47869e+01 1.68630e+01 1.90567e+01
0.1840 9.52178e-23 1.48086e+01 1.68905e+01 1.90924e+01
0.1850 9.53219e-23 1.48323e+01 1.69187e+01 1.91271e+01
0.1860 9.53578e-23 1.48533e+01 1.69422e+01 1.91531e+01
0.1870 9.51482e-23 1.48614e+01 1.69474e+01 1.91536e+01
0.1880 9.53058e-23 1.48871e+01 1.69781e+01 1.91923e+01
0.1890 9.55148e-23 1.49234e+01 1.70268e+01 1.92586e+01
0.1900 9.56402e-23 1.49566e+01 1.70739e+01 1.93269e+01
0.1910 9.55446e-23 1.49694e+01 1.70878e+01 1.93430e+01
0.1920 9.54476e-23 1.49935e+01 1.71192e+01 1.93851e+01
0.1930 9.52479e-23 1.50106e+01 1.71429e+01 1.94184e+01
0.1940 9.53953e-23 1.50370e+01 1.71751e+01 1.94590e+01
0.1950 9.53755e-23 1.50670e+01 1.72168e+01 1.95169e+01
0.1960 9.50801e-23 1.50745e+01 1.72256e+01 1.95277e+01
0.1970 9.51017e-23 1.50980e+01 1.72565e+01 1.95702e+01
0.1980 9.50181e-23 1.51225e+01 1.72903e+01 1.96177e+01
0.1990 9.48529e-23 1.51309e+01 1.72967e+01 1.96208e+01
0.2000 9.51530e-23 1.51646e+01 1.73381e+01 1.96730e+01
0.2010 9.53010e-23 1.52009e+01 1.73915e+01 1.97515e+01
0.2020 9.52087e-23 1.52164e+01 1.74139e+01 1.97853e+01
0.2030 9.51352e-23 1.52414e+01 1.74516e+01 1.98422e+01
0.2040 9.50147e-23 1.52615e+01 1.74788e+01 1.98802e+01
0.2050 9.48249e-23 1.52738e+01 1.74898e+01 1.98892e+01
0.2060 9.48179e-23 1.52942e+01 1.75125e+01 1.99154e+01
0.2070 9.50455e-23 1.53279e+01 1.75559e+01 1.99725e+01
0.2080 9.49090e-23 1.53539e+01 1.75961e+01 2.00346e+01
0.2090 9.43862e-23 1.53534e+01 1.76004e+01 2.00489e+01
0.2100 9.43491e-23 1.53752e+01 1.76305e+01 2.00921e+01
0.2110 9.46336e-23 1.54054e+01 1.76637e+01 2.01284e+01
0.2120 9.46683e-23 1.54115e+01 1.76569e+01 2.01008e+01
0.2130 9.47493e-23 1.54431e+01 1.77019e+01 2.01642e+01
0.2140 9.45455e-23 1.54656e+01 1.77456e+01 2.02412e+01
0.2150 9.43562e-23 1.54854e+01 1.77794e+01 2.02974e+01
0.2160 9.39933e-23 1.54881e+01 1.77827e+01 2.03020e+01
0.2170 9.40194e-23 1.55050e+01 1.78014e+01 2.03219e+01
0.2180 9.43097e-23 1.55383e+01 1.78433e+01 2.03744e+01
0.2190 9.43837e-23 1.55666e+01 1.78859e+01 2.04373e+01
0.2200 9.42021e-23 1.55873e+01 1.79249e+01 2.05053e+01
0.2210 9.38466e-23 1.56029e+01 1.79540e+01 2.05565e+01
0.2220 9.35306e-23 1.56156e+01 1.79768e+01 2.05957e+01
0.2230 9.36619e-23 1.56255e+01 1.79763e+01 2.05791e+01
0.2240 9.40824e-23 1.56517e+01 1.79966e+01 2.05894e+01
0.2243 9.41931e-23 1.56581e+01 1.80013e+01 2.05912e+01
0.2250 9.44795e-23 1.56917e+01 1.80488e+01 2.06582e+01
0.2260 9.44353e-23 1.57356e+01 1.81292e+01 2.07941e+01
0.2270 9.41786e-23 1.57575e+01 1.81737e+01 2.08748e+01
0.2280 9.40705e-23 1.57770e+01 1.82044e+01 2.09219e+01
0.2290 9.40202e-23 1.57816e+01 1.82005e+01 2.09042e+01
0.2300 9.43430e-23 1.58088e+01 1.82287e+01 2.09305e+01
0.2310 9.45211e-23 1.58414e+01 1.82748e+01 2.09947e+01
0.2320 9.42387e-23 1.58610e+01 1.83136e+01 2.10640e+01
0.2330 9.38813e-23 1.58840e+01 1.83607e+01 2.11475e+01
0.2340 9.34412e-23 1.58886e+01 1.83748e+01 2.11782e+01
0.2350 9.31710e-23 1.58852e+01 1.83634e+01 2.11556e+01
0.2360 9.35168e-23 1.59099e+01 1.83896e+01 2.11825e+01
0.2370 9.41168e-23 1.59593e+01 1.84575e+01 2.12748e+01
0.2380 9.42234e-23 1.59871e+01 1.85033e+01 2.13468e+01
0.2390 9.42240e-23 1.60158e+01 1.85514e+01 2.14231e+01
0.2400 9.43132e-23 1.60311e+01 1.85678e+01 2.14425e+01
0.2410 9.42942e-23 1.60358e+01 1.85628e+01 2.14231e+01
0.2420 9.41936e-23 1.60647e+01 1.86100e+01 2.14963e+01
0.2430 9.39522e-23 1.60872e+01 1.86541e+01 2.15744e+01
0.2440 9.37604e-23 1.61001e+01 1.86755e+01 2.16082e+01
0.2450 9.39469e-23 1.61224e+01 1.86988e+01 2.16296e+01
0.2460 9.44336e-23 1.61606e+01 1.87435e+01 2.16787e+01
0.2470 9.45419e-23 1.62004e+01 1.88058e+01 2.17708e+01
0.2480 9.38951e-23 1.62334e+01 1.88911e+01 2.19360e+01
0.2490 9.29317e-23 1.62161e+01 1.88864e+01 2.19571e+01
0.2500 9.28527e-23 1.61943e+01 1.88221e+01 2.18285e+01
0.2510 9.37092e-23 1.62244e+01 1.88301e+01 2.17960e+01
0.2520 9.46657e-23 1.63094e+01 1.89481e+01 2.19532e+01
0.2530 9.42203e-23 1.63537e+01 1.90316e+01 2.20909e+01
0.2540 9.20782e-23 1.63293e+01 1.90453e+01 2.21689e+01
0.2550 9.01414e-23 1.62512e+01 1.89485e+01 2.20579e+01
0.2560 8.97179e-23 1.61966e+01 1.88330e+01 2.18549e+01
0.2570 9.04658e-23 1.62016e+01 1.87918e+01 2.17348e+01
0.2580 9.23027e-23 1.63193e+01 1.89472e+01 2.19301e+01
0.2590 9.28143e-23 1.64240e+01 1.91243e+01 2.22056e+01
0.2600 9.07454e-23 1.64057e+01 1.91581e+01 2.23283e+01
0.2610 8.79153e-23 1.62793e+01 1.90009e+01 2.21468e+01
0.2620 8.66683e-23 1.61657e+01 1.87983e+01 2.18210e+01
0.2630 8.71818e-23 1.61303e+01 1.86783e+01 2.15664e+01
0.2640 8.84324e-23 1.61512e+01 1.86514e+01 2.14500e+01
0.2650 8.93724e-23 1.62732e+01 1.88608e+01 2.17756e+01
0.2660 8.92275e-23 1.63454e+01 1.90189e+01 2.20625e+01
0.2670 8.67620e-23 1.62926e+01 1.90211e+01 2.21650e+01
0.2680 8.52953e-23 1.61608e+01 1.88060e+01 2.18426e+01
0.2690 8.56362e-23 1.60778e+01 1.86050e+01 2.14664e+01
0.2700 8.72188e-23 1.60710e+01 1.85204e+01 2.12501e+01
0.2710 9.03698e-23 1.62748e+01 1.87971e+01 2.16075e+01
0.2720 9.11937e-23 1.64598e+01 1.91423e+01 2.21837e+01
0.2730 8.80911e-23 1.64212e+01 1.91861e+01 2.23645e+01
0.2740 8.49055e-23 1.62392e+01 1.89354e+01 2.20358e+01
0.2750 8.42784e-23 1.61041e+01 1.86552e+01 2.15437e+01
0.2760 8.48641e-23 1.60530e+01 1.85056e+01 2.12407e+01
0.2770 8.63146e-23 1.60851e+01 1.85051e+01 2.11769e+01
0.2780 8.77604e-23 1.62400e+01 1.87641e+01 2.15791e+01
0.2790 8.60423e-23 1.62288e+01 1.88240e+01 2.17585e+01
0.2800 8.50010e-23 1.61915e+01 1.87955e+01 2.17516e+01
0.2810 8.49359e-23 1.61715e+01 1.87430e+01 2.16520e+01
0.2820 8.42588e-23 1.60600e+01 1.85265e+01 2.12802e+01
0.2830 8.53834e-23 1.60838e+01 1.85180e+01 2.12120e+01
0.2840 8.57793e-23 1.61349e+01 1.85802e+01 2.12752e+01
0.2850 8.63983e-23 1.62203e+01 1.87320e+01 2.15227e+01
0.2860 8.51818e-23 1.61969e+01 1.87407e+01 2.15862e+01
0.2870 8.48586e-23 1.61702e+01 1.87058e+01 2.15426e+01
0.2880 8.47513e-23 1.61272e+01 1.86090e+01 2.13671e+01
0.2890 8.55278e-23 1.61157e+01 1.85483e+01 2.12267e+01
0.2900 8.55506e-23 1.61450e+01 1.86031e+01 2.13134e+01
0.2910 8.63533e-23 1.62008e+01 1.86879e+01 2.14427e+01
0.2920 8.65119e-23 1.61848e+01 1.86485e+01 2.13694e+01
0.2930 8.72816e-23 1.62208e+01 1.86961e+01 2.14343e+01
0.2940 8.67317e-23 1.61860e+01 1.86474e+01 2.13701e+01
0.2950 8.76333e-23 1.62069e+01 1.86463e+01 2.13328e+01
0.2960 8.76353e-23 1.62369e+01 1.86884e+01 2.13893e+01
0.2970 8.80671e-23 1.62750e+01 1.87467e+01 2.14777e+01
0.2980 8.58644e-23 1.62224e+01 1.87219e+01 2.15035e+01
0.2990 8.59776e-23 1.62032e+01 1.86611e+01 2.13766e+01
0.3000 8.69232e-23 1.62368e+01 1.86745e+01 2.13493e+01
0.3010 8.62063e-23 1.62453e+01 1.86996e+01 2.13984e+01
0.3020 8.46668e-23 1.61940e+01 1.86528e+01 2.13647e+01
0.3030 8.38431e-23 1.61572e+01 1.86028e+01 2.12949e+01
0.3040 8.26872e-23 1.60783e+01 1.84877e+01 2.11247e+01
0.3050 8.31402e-23 1.60651e+01 1.84378e+01 2.10140e+01
0.3060 8.32042e-23 1.60494e+01 1.84038e+01 2.09493e+01
0.3070 8.46834e-23 1.61141e+01 1.84885e+01 2.10594e+01
0.3080 8.63500e-23 1.61940e+01 1.86031e+01 2.12248e+01
0.3090 8.82799e-23 1.62910e+01 1.87335e+01 2.14013e+01
0.3100 8.90782e-23 1.63285e+01 1.87743e+01 2.14443e+01
0.3110 8.80263e-23 1.63255e+01 1.88017e+01 2.15196e+01
0.3120 8.65235e-23 1.62725e+01 1.87470e+01 2.14664e+01
0.3130 8.61908e-23 1.62578e+01 1.87200e+01 2.14190e+01
0.3140 8.58952e-23 1.62272e+01 1.86686e+01 2.13390e+01
0.3150 8.75292e-23 1.62734e+01 1.87072e+01 2.13610e+01
0.3160 8.83807e-23 1.63091e+01 1.87539e+01 2.14189e+01
0.3170 9.02280e-23 1.64064e+01 1.88908e+01 2.16092e+01
0.3180 9.03789e-23 1.64299e+01 1.89338e+01 2.16814e+01
0.3190 9.13564e-23 1.65179e+01 1.90722e+01 2.18888e+01
0.3200 9.09889e-23 1.65035e+01 1.90503e+01 2.18572e+01
0.3210 9.04924e-23 1.64905e+01 1.90303e+01 2.18291e+01
0.3220 8.92968e-23 1.64304e+01 1.89438e+01 2.17053e+01
0.3230 9.00367e-23 1.64625e+01 1.89665e+01 2.17130e+01
0.3240 9.04994e-23 1.64795e+01 1.89675e+01 2.16891e+01
0.3250 9.10666e-23 1.65059e+01 1.89902e+01 2.17022e+01
0.3260 9.17467e-23 1.65566e+01 1.90611e+01 2.17972e+01
0.3270 9.05211e-23 1.65284e+01 1.90459e+01 2.18031e+01
0.3280 8.94242e-23 1.64902e+01 1.90075e+01 2.17690e+01
0.3290 8.92985e-23 1.65081e+01 1.90335e+01 2.18066e+01
0.3300 8.93803e-23 1.65055e+01 1.90120e+01 2.17561e+01
0.3310 8.90328e-23 1.64932e+01 1.89950e+01 2.17318e+01
0.3320 8.91625e-23 1.64940e+01 1.89831e+01 2.16994e+01
0.3330 8.86256e-23 1.64798e+01 1.89645e+01 2.16732e+01
0.3340 8.79194e-23 1.64653e+01 1.89525e+01 2.16642e+01
0.3350 8.95706e-23 1.65595e+01 1.90841e+01 2.18459e+01
0.3360 9.15903e-23 1.66671e+01 1.92241e+01 2.20247e+01
0.3370 9.03940e-23 1.65964e+01 1.91252e+01 2.18888e+01
0.3380 8.95802e-23 1.65663e+01 1.90936e+01 2.18598e+01
0.3390 8.95181e-23 1.65935e+01 1.91281e+01 2.19039e+01
0.3400 9.00036e-23 1.66226e+01 1.91526e+01 2.19171e+01
0.3410 8.94608e-23 1.66040e+01 1.91188e+01 2.18609e+01
0.3420 8.89080e-23 1.65955e+01 1.91139e+01 2.18594e+01
0.3430 8.85259e-23 1.65985e+01 1.91281e+01 2.18882e+01
0.3440 8.81488e-23 1.65989e+01 1.91289e+01 2.18860e+01
0.3450 8.77939e-23 1.65871e+01 1.91113e+01 2.18594e+01
0.3460 8.68347e-23 1.65516e+01 1.90725e+01 2.18188e+01
0.3470 8.63919e-23 1.65122e+01 1.89968e+01 2.16905e+01
0.3480 8.70490e-23 1.65275e+01 1.89986e+01 2.16699e+01
0.3490 8.68092e-23 1.65056e+01 1.89603e+01 2.16064e+01
0.3500 8.80534e-23 1.65697e+01 1.90370e+01 2.16970e+01
0.3510 8.80390e-23 1.65838e+01 1.90644e+01 2.17420e+01
0.3520 8.85372e-23 1.66281e+01 1.91284e+01 2.18299e+01
0.3530 8.85008e-23 1.66399e+01 1.91508e+01 2.18678e+01
0.3540 8.77153e-23 1.66146e+01 1.91102e+01 2.18060e+01
0.3550 8.71029e-23 1.66225e+01 1.91238e+01 2.18269e+01
0.3560 8.63433e-23 1.65947e+01 1.90937e+01 2.17973e+01
0.3570 8.65768e-23 1.66330e+01 1.91410e+01 2.18539e+01
0.3580 8.59008e-23 1.65965e+01 1.90860e+01 2.17717e+01
0.3590 8.57398e-23 1.65853e+01 1.90619e+01 2.17254e+01
0.3600 8.57031e-23 1.66042e+01 1.90891e+01 2.17615e+01
0.3610 8.53067e-23 1.65884e+01 1.90604e+01 2.17125e+01
0.3620 8.50573e-23 1.65865e+01 1.90549e+01 2.16999e+01
0.3630 8.49914e-23 1.65829e+01 1.90428e+01 2.16758e+01
0.3640 8.48573e-23 1.65786e+01 1.90245e+01 2.16368e+01
0.3650 8.43951e-23 1.65527e+01 1.89882e+01 2.15857e+01
0.3660 8.44760e-23 1.65661e+01 1.89989e+01 2.15901e+01
0.3670 8.43931e-23 1.65710e+01 1.90091e+01 2.16053e+01
0.3680 8.38919e-23 1.65537e+01 1.89930e+01 2.15895e+01
0.3690 8.42540e-23 1.65719e+01 1.90145e+01 2.16131e+01
0.3691 8.42886e-23 1.65761e+01 1.90197e+01 2.16195e+01
0.3700 8.45832e-23 1.66046e+01 1.90625e+01 2.16804e+01
0.3710 8.38627e-23 1.65807e+01 1.90339e+01 2.16456e+01
0.3720 8.35543e-23 1.65686e+01 1.90107e+01 2.16055e+01
0.3730 8.39474e-23 1.65877e+01 1.90298e+01 2.16212e+01
0.3740 8.46748e-23 1.66426e+01 1.90981e+01 2.17043e+01
0.3750 8.43747e-23 1.66332e+01 1.90847e+01 2.16829e+01
0.3760 8.43251e-23 1.66403e+01 1.90918e+01 2.16870e+01
0.3770 8.37064e-23 1.66314e+01 1.90798e+01 2.16705e+01
0.3780 8.27166e-23 1.65927e+01 1.90254e+01 2.15944e+01
0.3790 8.23127e-23 1.65875e+01 1.90086e+01 2.15591e+01
0.3800 8.21702e-23 1.65960e+01 1.90152e+01 2.15614e+01
0.3810 8.22173e-23 1.66139e+01 1.90402e+01 2.15942e+01
0.3820 8.12413e-23 1.65711e+01 1.89820e+01 2.15141e+01
0.3830 8.10049e-23 1.65719e+01 1.89806e+01 2.15072e+01
0.3840 8.04138e-23 1.65443e+01 1.89481e+01 2.14692e+01
0.3850 8.04537e-23 1.65574e+01 1.89650e+01 2.14898e+01
0.3860 7.99408e-23 1.65430e+01 1.89466e+01 2.14656e+01
0.3870 7.99282e-23 1.65568e+01 1.89610e+01 2.14793e+01
0.3880 7.93696e-23 1.65259e+01 1.89182e+01 2.14178e+01
0.3890 7.92499e-23 1.65300e+01 1.89192e+01 2.14116e+01
0.3900 8.00782e-23 1.65800e+01 1.89722e+01 2.14655e+01
0.3910 7.98985e-23 1.65861e+01 1.89807e+01 2.14752e+01
0.3920 7.82263e-23 1.65081e+01 1.88837e+01 2.13537e+01
0.3930 7.82039e-23 1.65301e+01 1.89144e+01 2.13916e+01
0.3940 7.72395e-23 1.64865e+01 1.88603e+01 2.13239e+01
0.3950 7.66260e-23 1.64685e+01 1.88345e+01 2.12862e+01
0.3960 7.74681e-23 1.65371e+01 1.89119e+01 2.13709e+01
0.3970 7.78889e-23 1.65623e+01 1.89455e+01 2.14132e+01
0.3980 7.78576e-23 1.65476e+01 1.89250e+01 2.13829e+01
0.3990 7.76414e-23 1.65622e+01 1.89511e+01 2.14219e+01
0.4000 7.75470e-23 1.65564e+01 1.89382e+01 2.13985e+01
0.4010 7.62626e-23 1.64989e+01 1.88707e+01 2.13184e+01
0.4020 7.57864e-23 1.65043e+01 1.88799e+01 2.13297e+01
0.4030 7.57448e-23 1.65373e+01 1.89254e+01 2.13882e+01
0.4040 7.40118e-23 1.64596e+01 1.88354e+01 2.12845e+01
0.4050 7.40266e-23 1.65078e+01 1.89021e+01 2.13710e+01
0.4060 7.25236e-23 1.64471e+01 1.88426e+01 2.13146e+01
0.4070 7.09175e-23 1.63650e+01 1.87475e+01 2.12023e+01
0.4080 7.25375e-23 1.64912e+01 1.89056e+01 2.13967e+01
0.4090 7.23865e-23 1.65207e+01 1.89452e+01 2.14450e+01
0.4100 7.13978e-23 1.64627e+01 1.88808e+01 2.13725e+01
0.4110 7.03567e-23 1.64309e+01 1.88473e+01 2.13348e+01
0.4120 7.04344e-23 1.64575e+01 1.88778e+01 2.13680e+01
0.4130 6.93942e-23 1.64116e+01 1.88217e+01 2.12989e+01
0.4140 6.86107e-23 1.63715e+01 1.87644e+01 2.12208e+01
0.4150 6.85553e-23 1.64062e+01 1.88035e+01 2.12651e+01
0.4160 6.72016e-23 1.63350e+01 1.87201e+01 2.11689e+01
0.4170 6.81902e-23 1.64159e+01 1.88179e+01 2.12848e+01
0.4180 6.93518e-23 1.65101e+01 1.89350e+01 2.14290e+01
0.4190 6.83048e-23 1.64493e+01 1.88638e+01 2.13467e+01
0.4200 6.91535e-23 1.65039e+01 1.89271e+01 2.14222e+01
0.4210 6.82369e-23 1.64646e+01 1.88769e+01 2.13583e+01
0.4220 6.85875e-23 1.64826e+01 1.88898e+01 2.13650e+01
0.4230 6.99074e-23 1.65834e+01 1.90107e+01 2.15082e+01
0.4240 6.96297e-23 1.65732e+01 1.90012e+01 2.14992e+01
0.4250 7.04024e-23 1.66486e+01 1.90858e+01 2.15935e+01
0.4260 6.95915e-23 1.66106e+01 1.90464e+01 2.15534e+01
0.4270 7.05083e-23 1.66780e+01 1.91317e+01 2.16580e+01
0.4280 7.00514e-23 1.66599e+01 1.91068e+01 2.16272e+01
0.4290 6.94063e-23 1.66288e+01 1.90710e+01 2.15876e+01
0.4300 6.86987e-23 1.66085e+01 1.90487e+01 2.15633e+01
0.4310 6.97159e-23 1.66798e+01 1.91380e+01 2.16743e+01
0.4320 6.98971e-23 1.66932e+01 1.91549e+01 2.16958e+01
0.4330 6.97185e-23 1.67067e+01 1.91710e+01 2.17134e+01
0.4340 6.86099e-23 1.66870e+01 1.91543e+01 2.17030e+01
0.4350 6.81274e-23 1.66583e+01 1.91078e+01 2.16351e+01
0.4360 6.80676e-23 1.66980e+01 1.91547e+01 2.16910e+01
0.4370 6.74107e-23 1.66703e+01 1.91220e+01 2.16546e+01
0.4380 6.66961e-23 1.66367e+01 1.90843e+01 2.16129e+01
0.4390 6.62279e-23 1.66433e+01 1.90932e+01 2.16258e+01
0.4400 6.53483e-23 1.65988e+01 1.90375e+01 2.15565e+01
0.4410 6.53337e-23 1.66123e+01 1.90518e+01 2.15707e+01
0.4420 6.43778e-23 1.65466e+01 1.89735e+01 2.14795e+01
0.4430 6.44795e-23 1.65880e+01 1.90196e+01 2.15330e+01
0.4440 6.46658e-23 1.66541e+01 1.91077e+01 2.16474e+01
0.4450 6.30079e-23 1.65181e+01 1.89335e+01 2.14298e+01
0.4460 6.28860e-23 1.65629e+01 1.89900e+01 2.14979e+01
0.4470 6.39258e-23 1.66914e+01 1.91406e+01 2.16747e+01
0.4480 6.34706e-23 1.66882e+01 1.91363e+01 2.16720e+01
0.4490 6.31529e-23 1.67027e+01 1.91539e+01 2.16946e+01
0.4500 6.29622e-23 1.67070e+01 1.91630e+01 2.17109e+01
0.4510 6.23079e-23 1.66415e+01 1.90901e+01 2.16338e+01
0.4520 6.14899e-23 1.65719e+01 1.90031e+01 2.15257e+01
0.4530 6.20429e-23 1.66000e+01 1.90316e+01 2.15550e+01
0.4540 6.06074e-23 1.65195e+01 1.89392e+01 2.14509e+01
0.4550 6.06506e-23 1.65234e+01 1.89452e+01 2.14612e+01
0.4560 6.06301e-23 1.65668e+01 1.90053e+01 2.15431e+01
0.4570 5.87414e-23 1.64731e+01 1.88956e+01 2.14143e+01
0.4580 5.79203e-23 1.64745e+01 1.88934e+01 2.14080e+01
0.4590 5.82307e-23 1.65177e+01 1.89442e+01 2.14625e+01
0.4600 5.90819e-23 1.65801e+01 1.90216e+01 2.15659e+01
0.4610 5.95476e-23 1.66291e+01 1.90751e+01 2.16190e+01
0.4620 5.91000e-23 1.66047e+01 1.90552e+01 2.16053e+01
0.4630 6.00818e-23 1.66988e+01 1.91767e+01 2.17594e+01
0.4640 5.83715e-23 1.66047e+01 1.90560e+01 2.16067e+01
0.4650 5.78104e-23 1.65543e+01 1.90003e+01 2.15442e+01
0.4660 5.72558e-23 1.65800e+01 1.90350e+01 2.15871e+01
0.4670 5.83014e-23 1.66988e+01 1.91750e+01 2.17516e+01
0.4680 5.73131e-23 1.66294e+01 1.90956e+01 2.16614e+01
0.4690 5.72598e-23 1.66442e+01 1.91064e+01 2.16625e+01
0.4700 5.65958e-23 1.66210e+01 1.90855e+01 2.16473e+01
0.4710 5.56036e-23 1.65854e+01 1.90404e+01 2.15907e+01
0.4720 5.54517e-23 1.65943e+01 1.90551e+01 2.16148e+01
0.4730 5.46713e-23 1.65407e+01 1.89869e+01 2.15313e+01
0.4740 5.50081e-23 1.66136e+01 1.90697e+01 2.16249e+01
0.4750 5.51931e-23 1.66601e+01 1.91337e+01 2.17067e+01
0.4760 5.38557e-23 1.65453e+01 1.89983e+01 2.15466e+01
0.4770 5.39720e-23 1.65912e+01 1.90556e+01 2.16154e+01
0.4780 5.42577e-23 1.66150e+01 1.90829e+01 2.16521e+01
0.4784 5.48461e-23 1.66811e+01 1.91691e+01 2.17665e+01
0.4790 5.34301e-23 1.65845e+01 1.90549e+01 2.16311e+01
0.4800 5.34958e-23 1.65729e+01 1.90359e+01 2.16028e+01
0.4810 5.19112e-23 1.64479e+01 1.88811e+01 2.14121e+01
0.4820 5.17117e-23 1.64524e+01 1.88898e+01 2.14257e+01
0.4830 5.06361e-23 1.64248e+01 1.88632e+01 2.14023e+01
0.4840 5.06412e-23 1.64348e+01 1.88728e+01 2.14088e+01
0.4850 5.13174e-23 1.65075e+01 1.89526e+01 2.14941e+01
0.4860 5.09691e-23 1.64886e+01 1.89348e+01 2.14752e+01
0.4870 5.14893e-23 1.65342e+01 1.89966e+01 2.15590e+01
0.4880 5.13996e-23 1.65005e+01 1.89576e+01 2.15186e+01
0.4890 5.08002e-23 1.64381e+01 1.88815e+01 2.14250e+01
0.4900 5.07625e-23 1.64460e+01 1.88875e+01 2.14277e+01
0.4910 5.11421e-23 1.65034e+01 1.89575e+01 2.15125e+01
0.4920 5.13140e-23 1.65379e+01 1.90063e+01 2.15802e+01
0.4930 5.12469e-23 1.65533e+01 1.90301e+01 2.16119e+01
0.4940 5.09369e-23 1.65140e+01 1.89794e+01 2.15427e+01
0.4950 5.10260e-23 1.65433e+01 1.90177e+01 2.15969e+01
0.4960 5.12027e-23 1.65697e+01 1.90527e+01 2.16421e+01
0.4970 5.15005e-23 1.65847e+01 1.90643e+01 2.16469e+01
0.4980 5.12397e-23 1.65815e+01 1.90711e+01 2.16696e+01
0.4990 5.09002e-23 1.65523e+01 1.90333e+01 2.16233e+01
0.5000 5.04311e-23 1.65374e+01 1.90037e+01 2.15752e+01
0.5010 5.04107e-23 1.65713e+01 1.90492e+01 2.16391e+01
0.5020 5.06214e-23 1.65672e+01 1.90495e+01 2.16457e+01
0.5030 5.00697e-23 1.65419e+01 1.90117e+01 2.15944e+01
0.5040 4.98641e-23 1.65637e+01 1.90292e+01 2.16002e+01
0.5050 4.97909e-23 1.65568e+01 1.90195e+01 2.15920e+01
0.5060 4.91306e-23 1.65318e+01 1.90029e+01 2.15869e+01
0.5070 4.93883e-23 1.65901e+01 1.90733e+01 2.16713e+01
0.5080 4.90151e-23 1.65622e+01 1.90475e+01 2.16491e+01
0.5090 4.93677e-23 1.66074e+01 1.91027e+01 2.17133e+01
0.5100 4.95092e-23 1.66501e+01 1.91606e+01 2.17910e+01
0.5110 4.88991e-23 1.65941e+01 1.90932e+01 2.17051e+01
0.5120 4.92283e-23 1.66647e+01 1.92057e+01 2.18771e+01
0.5130 4.84399e-23 1.66052e+01 1.91355e+01 2.17877e+01
0.5140 4.92401e-23 1.66929e+01 1.92657e+01 2.19737e+01
0.5150 4.81704e-23 1.65874e+01 1.91276e+01 2.17928e+01
0.5160 4.96491e-23 1.67436e+01 1.93411e+01 2.20839e+01
0.5170 4.86217e-23 1.66237e+01 1.91818e+01 2.18766e+01
0.5180 4.91594e-23 1.66705e+01 1.92379e+01 2.19437e+01
0.5190 4.94974e-23 1.66780e+01 1.92422e+01 2.19467e+01
0.5200 5.05687e-23 1.67750e+01 1.93451e+01 2.20583e+01
0.5210 5.17023e-23 1.69142e+01 1.95255e+01 2.22909e+01
0.5220 5.01682e-23 1.67656e+01 1.93394e+01 2.20579e+01
0.5230 5.02580e-23 1.67814e+01 1.93541e+01 2.20722e+01
0.5240 4.97540e-23 1.67268e+01 1.92796e+01 2.19747e+01
0.5250 4.84631e-23 1.66509e+01 1.91926e+01 2.18786e+01
0.5260 4.86470e-23 1.66913e+01 1.92543e+01 2.19657e+01
0.5270 4.86334e-23 1.67076e+01 1.92849e+01 2.20153e+01
0.5280 4.79381e-23 1.66580e+01 1.92044e+01 2.18872e+01
0.5290 4.80251e-23 1.66877e+01 1.92373e+01 2.19285e+01
0.5300 4.86126e-23 1.67803e+01 1.93522e+01 2.20671e+01
0.5310 4.84141e-23 1.67535e+01 1.93289e+01 2.20493e+01
0.5320 4.81372e-23 1.67229e+01 1.92858e+01 2.19848e+01
0.5330 4.79437e-23 1.67295e+01 1.92985e+01 2.20027e+01
0.5340 4.75615e-23 1.67375e+01 1.93267e+01 2.20608e+01
0.5350 4.76531e-23 1.67675e+01 1.93539e+01 2.20751e+01
0.5360 4.71387e-23 1.67404e+01 1.93316e+01 2.20610e+01
0.5370 4.71667e-23 1.67209e+01 1.93088e+01 2.20395e+01
0.5380 4.76025e-23 1.67292e+01 1.93156e+01 2.20418e+01
0.5390 4.88964e-23 1.68696e+01 1.94882e+01 2.22560e+01
0.5400 4.83852e-23 1.67981e+01 1.93912e+01 2.21261e+01
0.5410 4.70086e-23 1.66936e+01 1.92647e+01 2.19747e+01
0.5420 4.65815e-23 1.66547e+01 1.92081e+01 2.18964e+01
0.5430 4.60650e-23 1.66464e+01 1.91971e+01 2.18794e+01
0.5440 4.54325e-23 1.66193e+01 1.91671e+01 2.18443e+01
0.5450 4.47777e-23 1.65881e+01 1.91306e+01 2.17999e+01
0.5460 4.45508e-23 1.65203e+01 1.90500e+01 2.16985e+01
0.5470 4.48559e-23 1.66065e+01 1.91545e+01 2.18283e+01
0.5480 4.53701e-23 1.66607e+01 1.92288e+01 2.19315e+01
0.5490 4.50267e-23 1.66303e+01 1.92183e+01 2.19548e+01
0.5500 4.55703e-23 1.66933e+01 1.93056e+01 2.20714e+01
0.5510 4.49613e-23 1.65647e+01 1.91341e+01 2.18434e+01
0.5520 4.54802e-23 1.66376e+01 1.92227e+01 2.19413e+01
0.5530 4.54869e-23 1.67071e+01 1.93385e+01 2.21226e+01
0.5540 4.52239e-23 1.67008e+01 1.93167e+01 2.20799e+01
0.5550 4.53478e-23 1.66894e+01 1.93085e+01 2.20827e+01
0.5560 4.57939e-23 1.67147e+01 1.93177e+01 2.20659e+01
0.5570 4.64292e-23 1.67513e+01 1.93632e+01 2.21279e+01
0.5580 4.55929e-23 1.66649e+01 1.92710e+01 2.20395e+01
0.5590 4.56057e-23 1.66590e+01 1.92578e+01 2.20156e+01
0.5600 4.64415e-23 1.67315e+01 1.93690e+01 2.21824e+01
0.5610 4.70938e-23 1.68451e+01 1.95088e+01 2.23523e+01
0.5620 4.68363e-23 1.67645e+01 1.94000e+01 2.22065e+01
0.5630 4.60764e-23 1.67341e+01 1.93507e+01 2.21279e+01
0.5640 4.63091e-23 1.67685e+01 1.93938e+01 2.21756e+01
0.5650 4.60003e-23 1.67492e+01 1.93760e+01 2.21657e+01
0.5660 4.63916e-23 1.67983e+01 1.94326e+01 2.22278e+01
0.5670 4.73511e-23 1.68748e+01 1.95336e+01 2.23602e+01
0.5680 4.72989e-23 1.68328e+01 1.94823e+01 2.22939e+01
0.5690 4.82477e-23 1.69375e+01 1.96216e+01 2.24768e+01
0.5700 4.63374e-23 1.67775e+01 1.94268e+01 2.22402e+01
0.5710 4.61264e-23 1.67873e+01 1.94298e+01 2.22274e+01
0.5720 4.56276e-23 1.67150e+01 1.93262e+01 2.20872e+01
0.5726 4.51614e-23 1.66729e+01 1.92689e+01 2.20096e+01
0.5730 4.50883e-23 1.66699e+01 1.92666e+01 2.20078e+01
0.5740 4.45110e-23 1.66270e+01 1.92284e+01 2.19800e+01
0.5750 4.54095e-23 1.67379e+01 1.93829e+01 2.21748e+01
0.5760 4.57888e-23 1.67863e+01 1.94618e+01 2.23038e+01
0.5770 4.60738e-23 1.67874e+01 1.94585e+01 2.22946e+01
0.5780 4.53716e-23 1.67282e+01 1.94070e+01 2.22542e+01
0.5790 4.64462e-23 1.68747e+01 1.95950e+01 2.24955e+01
0.5800 4.55167e-23 1.67125e+01 1.93775e+01 2.22011e+01
0.5810 4.59682e-23 1.67410e+01 1.94027e+01 2.22236e+01
0.5820 4.59267e-23 1.67447e+01 1.94260e+01 2.22812e+01
0.5830 4.60990e-23 1.67634e+01 1.94366e+01 2.22839e+01
0.5840 4.58827e-23 1.67740e+01 1.94655e+01 2.23357e+01
0.5850 4.55578e-23 1.67231e+01 1.93860e+01 2.22164e+01
0.5860 4.66213e-23 1.68367e+01 1.95395e+01 2.24281e+01
0.5870 4.61124e-23 1.68086e+01 1.95009e+01 2.23819e+01
0.5880 4.65211e-23 1.68358e+01 1.95303e+01 2.24148e+01
0.5890 4.60118e-23 1.67849e+01 1.94505e+01 2.22929e+01
0.5900 4.59065e-23 1.67942e+01 1.94676e+01 2.23269e+01
0.5910 4.63422e-23 1.68361e+01 1.95013e+01 2.23402e+01
0.5920 4.60580e-23 1.68156e+01 1.94775e+01 2.23114e+01
0.5930 4.57439e-23 1.67540e+01 1.93923e+01 2.21948e+01
0.5940 4.56740e-23 1.68384e+01 1.94752e+01 2.22604e+01
0.5950 4.53841e-23 1.68280e+01 1.94741e+01 2.22812e+01
0.5960 4.56875e-23 1.68535e+01 1.95247e+01 2.23688e+01
0.5970 4.63031e-23 1.69057e+01 1.95853e+01 2.24336e+01
0.5980 4.56200e-23 1.68590e+01 1.95324e+01 2.23776e+01
0.5990 4.56214e-23 1.68650e+01 1.95240e+01 2.23429e+01
0.6000 4.59184e-23 1.69513e+01 1.96537e+01 2.25412e+01
0.6010 4.61382e-23 1.69382e+01 1.96409e+01 2.25220e+01
0.6020 4.66354e-23 1.69958e+01 1.97448e+01 2.26859e+01
0.6030 4.57459e-23 1.69442e+01 1.96811e+01 2.26079e+01
0.6040 4.52479e-23 1.68856e+01 1.95895e+01 2.24768e+01
0.6050 4.59944e-23 1.69395e+01 1.96730e+01 2.26006e+01
0.6060 4.55787e-23 1.69300e+01 1.96499e+01 2.25498e+01
0.6070 4.57243e-23 1.69019e+01 1.96216e+01 2.25194e+01
0.6080 4.70103e-23 1.70404e+01 1.97744e+01 2.26869e+01
0.6090 4.72236e-23 1.70890e+01 1.98551e+01 2.28163e+01
0.6100 4.64654e-23 1.70283e+01 1.97685e+01 2.27018e+01
0.6110 4.59717e-23 1.69375e+01 1.96670e+01 2.25909e+01
0.6120 4.62405e-23 1.69284e+01 1.96549e+01 2.25771e+01
0.6130 4.61273e-23 1.69435e+01 1.96785e+01 2.26126e+01
0.6140 4.67624e-23 1.69775e+01 1.97420e+01 2.27186e+01
0.6150 4.69863e-23 1.70936e+01 1.98888e+01 2.28999e+01
0.6160 4.69008e-23 1.70354e+01 1.97949e+01 2.27587e+01
0.6170 4.74687e-23 1.70729e+01 1.98184e+01 2.27657e+01
0.6180 4.62727e-23 1.69919e+01 1.97125e+01 2.26250e+01
0.6190 4.74110e-23 1.71090e+01 1.98563e+01 2.28023e+01
0.6200 4.78478e-23 1.71421e+01 1.98956e+01 2.28533e+01
0.6210 4.82349e-23 1.71735e+01 1.99213e+01 2.28746e+01
0.6220 4.86917e-23 1.71940e+01 1.99486e+01 2.29097e+01
0.6230 4.87322e-23 1.71954e+01 1.99667e+01 2.29557e+01
0.6240 4.81070e-23 1.71845e+01 1.99763e+01 2.29986e+01
0.6250 4.83374e-23 1.71375e+01 1.98894e+01 2.28517e+01
0.6260 4.82124e-23 1.71474e+01 1.99125e+01 2.28948e+01
0.6270 4.74358e-23 1.71003e+01 1.98396e+01 2.27814e+01
0.6280 4.68424e-23 1.70219e+01 1.97529e+01 2.26906e+01
0.6290 4.67315e-23 1.70420e+01 1.97855e+01 2.27415e+01
0.6300 4.59742e-23 1.69664e+01 1.96758e+01 2.25869e+01
0.6310 4.64186e-23 1.70267e+01 1.97617e+01 2.26943e+01
0.6320 4.70535e-23 1.71415e+01 1.98958e+01 2.28363e+01
0.6330 4.72531e-23 1.72499e+01 2.00573e+01 2.30749e+01
0.6340 4.72025e-23 1.71888e+01 1.99995e+01 2.30303e+01
0.6350 4.72123e-23 1.72086e+01 2.00204e+01 2.30549e+01
0.6360 4.73053e-23 1.71818e+01 1.99682e+01 2.29641e+01
0.6370 4.72109e-23 1.71659e+01 1.99515e+01 2.29452e+01
0.6380 4.72149e-23 1.71716e+01 1.99564e+01 2.29474e+01
0.6390 4.62940e-23 1.71185e+01 1.98931e+01 2.28729e+01
0.6400 4.62694e-23 1.71742e+01 1.99707e+01 2.29825e+01
0.6410 4.71321e-23 1.72620e+01 2.00738e+01 2.30967e+01
0.6420 4.82272e-23 1.73404e+01 2.01818e+01 2.32344e+01
0.6430 4.75406e-23 1.72631e+01 2.00861e+01 2.31288e+01
0.6440 4.74778e-23 1.72635e+01 2.00918e+01 2.31422e+01
0.6450 4.68859e-23 1.72442e+01 2.00993e+01 2.31915e+01
0.6460 4.64478e-23 1.71992e+01 2.00229e+01 2.30631e+01
0.6470 4.66691e-23 1.71989e+01 2.00359e+01 2.31028e+01
0.6480 4.71385e-23 1.72509e+01 2.00821e+01 2.31326e+01
0.6490 4.62325e-23 1.71461e+01 1.99668e+01 2.30114e+01
0.6500 4.62237e-23 1.71079e+01 1.99162e+01 2.29513e+01
0.6510 4.62127e-23 1.71387e+01 1.99391e+01 2.29685e+01
0.6520 4.69164e-23 1.72378e+01 2.00638e+01 2.31265e+01
0.6530 4.71633e-23 1.72771e+01 2.01319e+01 2.32412e+01
0.6540 4.69903e-23 1.72871e+01 2.01205e+01 2.31894e+01
0.6550 4.70792e-23 1.72789e+01 2.01074e+01 2.31677e+01
0.6560 4.66450e-23 1.72211e+01 2.00477e+01 2.31230e+01
0.6565 4.66161e-23 1.72614e+01 2.00838e+01 2.31446e+01
0.6570 4.62409e-23 1.72582e+01 2.00924e+01 2.31732e+01
0.6580 4.72197e-23 1.74197e+01 2.03026e+01 2.34345e+01
0.6590 4.76973e-23 1.74944e+01 2.03890e+01 2.35261e+01
0.6600 4.77789e-23 1.74829e+01 2.03922e+01 2.35531e+01
0.6610 4.76053e-23 1.75862e+01 2.05328e+01 2.37358e+01
0.6620 4.76551e-23 1.75768e+01 2.05407e+01 2.37839e+01
0.6630 4.63551e-23 1.74680e+01 2.03680e+01 2.35199e+01
0.6640 4.62604e-23 1.74864e+01 2.03926e+01 2.35578e+01
0.6650 4.64539e-23 1.75012e+01 2.04068e+01 2.35653e+01
0.6660 4.65468e-23 1.75609e+01 2.05073e+01 2.37236e+01
0.6670 4.62514e-23 1.75498e+01 2.05354e+01 2.38028e+01
0.6680 4.62459e-23 1.75287e+01 2.05128e+01 2.37754e+01
0.6690 4.57387e-23 1.75140e+01 2.04815e+01 2.37235e+01
0.6700 4.51966e-23 1.74299e+01 2.03485e+01 2.35291e+01
0.6710 4.55527e-23 1.75297e+01 2.04700e+01 2.36729e+01
0.6720 4.50294e-23 1.74852e+01 2.04163e+01 2.36101e+01
0.6730 4.49674e-23 1.74933e+01 2.04300e+01 2.36299e+01
0.6740 4.51774e-23 1.74930e+01 2.04266e+01 2.36243e+01
0.6750 4.49878e-23 1.75010e+01 2.04285e+01 2.36190e+01
0.6760 4.51165e-23 1.75546e+01 2.05137e+01 2.37427e+01
0.6770 4.44246e-23 1.74503e+01 2.04020e+01 2.36251e+01
0.6780 4.45647e-23 1.74417e+01 2.03728e+01 2.35682e+01
0.6790 4.46557e-23 1.74313e+01 2.03659e+01 2.35669e+01
0.6800 4.42305e-23 1.73737e+01 2.03034e+01 2.35041e+01
0.6810 4.52126e-23 1.74846e+01 2.04557e+01 2.37044e+01
0.6820 4.50778e-23 1.74487e+01 2.03891e+01 2.35959e+01
0.6830 4.47770e-23 1.74582e+01 2.04045e+01 2.36292e+01
0.6840 4.48223e-23 1.74213e+01 2.03613e+01 2.35812e+01
0.6850 4.49528e-23 1.74165e+01 2.03515e+01 2.35654e+01
0.6860 4.51556e-23 1.74279e+01 2.03487e+01 2.35442e+01
0.6870 4.44761e-23 1.73822e+01 2.02934e+01 2.34810e+01
0.6880 4.41457e-23 1.73404e+01 2.02456e+01 2.34296e+01
0.6890 4.40610e-23 1.73230e+01 2.02112e+01 2.33719e+01
0.6900 4.36173e-23 1.72585e+01 2.01415e+01 2.32938e+01
0.6910 4.32930e-23 1.72303e+01 2.01015e+01 2.32408e+01
0.6920 4.24879e-23 1.71585e+01 2.00307e+01 2.31767e+01
0.6930 4.24574e-23 1.71437e+01 2.00254e+01 2.31834e+01
0.6940 4.24138e-23 1.71291e+01 1.99965e+01 2.31395e+01
0.6950 4.17807e-23 1.70840e+01 1.99336e+01 2.30592e+01
0.6960 4.20049e-23 1.70790e+01 1.99283e+01 2.30502e+01
0.6970 4.14005e-23 1.70602e+01 1.99071e+01 2.30293e+01
0.6980 4.11698e-23 1.69704e+01 1.97915e+01 2.28804e+01
0.6990 4.08543e-23 1.69980e+01 1.98470e+01 2.29712e+01
0.7000 4.07972e-23 1.69451e+01 1.97817e+01 2.28943e+01
0.7010 4.11500e-23 1.70267e+01 1.98798e+01 2.30090e+01
0.7020 4.15128e-23 1.69939e+01 1.98525e+01 2.29969e+01
0.7030 4.14813e-23 1.70324e+01 1.98989e+01 2.30513e+01
0.7040 4.11698e-23 1.70325e+01 1.99115e+01 2.30841e+01
0.7050 4.10431e-23 1.70332e+01 1.98933e+01 2.30299e+01
0.7060 4.08775e-23 1.70097e+01 1.98622e+01 2.29939e+01
0.7070 4.09995e-23 1.70321e+01 1.98951e+01 2.30441e+01
0.7080 4.17680e-23 1.70904e+01 1.99516e+01 2.30924e+01
0.7090 4.20019e-23 1.71379e+01 2.00235e+01 2.31949e+01
0.7100 4.16268e-23 1.71226e+01 1.99807e+01 2.31121e+01
0.7110 4.19636e-23 1.70749e+01 1.99509e+01 2.31093e+01
0.7120 4.12292e-23 1.70217e+01 1.98834e+01 2.30254e+01
0.7130 4.12014e-23 1.70835e+01 1.99514e+01 2.30975e+01
0.7140 4.14513e-23 1.70016e+01 1.98422e+01 2.29520e+01
0.7150 4.13218e-23 1.70327e+01 1.98778e+01 2.29983e+01
0.7160 4.10643e-23 1.69634e+01 1.97900e+01 2.28886e+01
0.7170 4.05416e-23 1.70324e+01 1.98905e+01 2.30305e+01
0.7180 4.08346e-23 1.70329e+01 1.98850e+01 2.30188e+01
0.7190 4.08883e-23 1.70514e+01 1.99243e+01 2.30916e+01
0.7200 4.06665e-23 1.70266e+01 1.98765e+01 2.30151e+01
0.7210 4.05192e-23 1.70446e+01 1.99281e+01 2.31132e+01
0.7220 4.05326e-23 1.69981e+01 1.98563e+01 2.30073e+01
0.7230 4.07021e-23 1.70548e+01 1.99152e+01 2.30595e+01
0.7240 4.03872e-23 1.69487e+01 1.98016e+01 2.29526e+01
0.7250 4.06847e-23 1.69892e+01 1.98580e+01 2.30314e+01
0.7260 4.03036e-23 1.69714e+01 1.98168e+01 2.29571e+01
0.7270 4.07236e-23 1.69377e+01 1.97500e+01 2.28432e+01
0.7280 4.09117e-23 1.70241e+01 1.98681e+01 2.30123e+01
0.7290 4.12683e-23 1.70798e+01 1.99426e+01 2.31121e+01
0.7300 4.13467e-23 1.71408e+01 2.00345e+01 2.32461e+01
0.7310 4.08881e-23 1.71136e+01 1.99863e+01 2.31713e+01
0.7320 4.08153e-23 1.71122e+01 1.99964e+01 2.31915e+01
0.7330 4.10302e-23 1.71023e+01 1.99825e+01 2.31791e+01
0.7340 4.09484e-23 1.71706e+01 2.00947e+01 2.33488e+01
0.7340 4.09462e-23 1.71705e+01 2.00945e+01 2.33487e+01
0.7350 4.10793e-23 1.71750e+01 2.00867e+01 2.33138e+01
0.7360 4.05685e-23 1.70981e+01 1.99783e+01 2.31701e+01
0.7370 4.06985e-23 1.71179e+01 1.99945e+01 2.31755e+01
0.7380 4.07725e-23 1.71253e+01 1.99923e+01 2.31599e+01
0.7390 4.10073e-23 1.71209e+01 1.99946e+01 2.31731e+01
0.7400 4.08441e-23 1.71417e+01 2.00330e+01 2.32328e+01
0.7410 4.08467e-23 1.71278e+01 2.00405e+01 2.32690e+01
0.7420 4.05051e-23 1.70660e+01 1.99455e+01 2.31211e+01
0.7430 4.06996e-23 1.70790e+01 1.99668e+01 2.31526e+01
0.7440 4.15697e-23 1.71738e+01 2.00665e+01 2.32528e+01
0.7450 4.15746e-23 1.71673e+01 2.00396e+01 2.32016e+01
0.7460 4.18628e-23 1.72410e+01 2.01288e+01 2.33122e+01
0.7470 4.16557e-23 1.72345e+01 2.01224e+01 2.33084e+01
0.7480 4.17284e-23 1.72368e+01 2.01007e+01 2.32429e+01
0.7490 4.15618e-23 1.71676e+01 2.00234e+01 2.31644e+01
0.7500 4.13509e-23 1.71148e+01 1.99472e+01 2.30559e+01
0.7510 4.17573e-23 1.71329e+01 1.99588e+01 2.30547e+01
0.7520 4.20468e-23 1.72363e+01 2.00956e+01 2.32373e+01
0.7530 4.17772e-23 1.72471e+01 2.01156e+01 2.32661e+01
0.7540 4.19208e-23 1.72492e+01 2.01124e+01 2.32539e+01
0.7550 4.16697e-23 1.72426e+01 2.01078e+01 2.32417e+01
0.7560 4.19546e-23 1.72662e+01 2.01592e+01 2.33378e+01
0.7570 4.20800e-23 1.73022e+01 2.01846e+01 2.33435e+01
0.7580 4.13198e-23 1.72331e+01 2.01053e+01 2.32532e+01
0.7590 4.15634e-23 1.72766e+01 2.01677e+01 2.33440e+01
0.7600 4.11437e-23 1.72087e+01 2.00827e+01 2.32383e+01
0.7610 4.09341e-23 1.72062e+01 2.00664e+01 2.32020e+01
0.7620 4.11973e-23 1.72090e+01 2.00734e+01 2.32132e+01
0.7630 4.12366e-23 1.72072e+01 2.00688e+01 2.32124e+01
0.7640 4.18812e-23 1.72752e+01 2.01420e+01 2.32829e+01
0.7650 4.15503e-23 1.72589e+01 2.01447e+01 2.33190e+01
0.7660 4.17197e-23 1.72635e+01 2.01433e+01 2.33093e+01
0.7670 4.15487e-23 1.72528e+01 2.01056e+01 2.32214e+01
0.7680 4.15218e-23 1.72846e+01 2.01557e+01 2.32943e+01
0.7690 4.17027e-23 1.73397e+01 2.02268e+01 2.33902e+01
0.7700 4.09250e-23 1.73012e+01 2.01852e+01 2.33465e+01
0.7710 4.11948e-23 1.72966e+01 2.01851e+01 2.33467e+01
0.7720 4.13243e-23 1.73092e+01 2.02117e+01 2.34041e+01
0.7730 4.15947e-23 1.73190e+01 2.02293e+01 2.34315e+01
0.7740 4.15520e-23 1.73380e+01 2.02498e+01 2.34537e+01
0.7750 4.11505e-23 1.72993e+01 2.02033e+01 2.33986e+01
0.7760 4.07389e-23 1.72210e+01 2.01076e+01 2.32825e+01
0.7770 4.06471e-23 1.71970e+01 2.00687e+01 2.32184e+01
0.7780 4.07299e-23 1.72508e+01 2.01489e+01 2.33303e+01
0.7790 4.10815e-23 1.73064e+01 2.02214e+01 2.34236e+01
0.7800 4.11613e-23 1.73369e+01 2.02553e+01 2.34571e+01
0.7810 4.12973e-23 1.73602e+01 2.02912e+01 2.35124e+01
0.7820 4.03769e-23 1.72658e+01 2.01737e+01 2.33666e+01
0.7830 4.01523e-23 1.73232e+01 2.02571e+01 2.34853e+01
0.7840 4.06180e-23 1.73651e+01 2.03204e+01 2.35780e+01
0.7850 4.05327e-23 1.73317e+01 2.02734e+01 2.35146e+01
0.7860 4.04736e-23 1.73372e+01 2.02467e+01 2.34442e+01
0.7870 3.94505e-23 1.72453e+01 2.01235e+01 2.32818e+01
0.7880 3.94618e-23 1.72414e+01 2.01266e+01 2.33001e+01
0.7890 3.95716e-23 1.72716e+01 2.01840e+01 2.33956e+01
0.7900 3.91078e-23 1.72659e+01 2.01753e+01 2.33796e+01
0.7910 3.95817e-23 1.72725e+01 2.01843e+01 2.33867e+01
0.7920 3.94089e-23 1.72520e+01 2.01535e+01 2.33390e+01
0.7930 3.98008e-23 1.73036e+01 2.02254e+01 2.34401e+01
0.7940 3.95914e-23 1.73002e+01 2.02158e+01 2.34211e+01
0.7950 3.91574e-23 1.72602e+01 2.01926e+01 2.34277e+01
0.7960 3.91143e-23 1.72520e+01 2.01820e+01 2.34140e+01
0.7970 3.93210e-23 1.72734e+01 2.02056e+01 2.34264e+01
0.7980 3.87738e-23 1.72668e+01 2.01763e+01 2.33646e+01
0.7990 3.90553e-23 1.72752e+01 2.01760e+01 2.33512e+01
0.8000 3.87805e-23 1.72405e+01 2.01523e+01 2.33490e+01
0.8010 3.84359e-23 1.72584e+01 2.01911e+01 2.34160e+01
0.8020 3.82051e-23 1.71675e+01 2.00783e+01 2.32769e+01
0.8030 3.80431e-23 1.71690e+01 2.00659e+01 2.32443e+01
0.8040 3.79529e-23 1.72352e+01 2.01595e+01 2.33727e+01
0.8050 3.84749e-23 1.73037e+01 2.02434e+01 2.34765e+01
0.8060 3.78813e-23 1.72060e+01 2.01127e+01 2.33026e+01
0.8070 3.73674e-23 1.71361e+01 2.00430e+01 2.32416e+01
0.8070 3.74266e-23 1.71366e+01 2.00404e+01 2.32353e+01
0.8080 3.75491e-23 1.71446e+01 2.00250e+01 2.31854e+01
0.8090 3.75073e-23 1.71778e+01 2.00876e+01 2.32800e+01
0.8100 3.75890e-23 1.71873e+01 2.01132e+01 2.33345e+01
0.8110 3.75633e-23 1.71422e+01 2.00613e+01 2.32773e+01
0.8120 3.74109e-23 1.71389e+01 2.00509e+01 2.32498e+01
0.8130 3.78215e-23 1.72153e+01 2.01532e+01 2.33763e+01
0.8140 3.76506e-23 1.72228e+01 2.01761e+01 2.34265e+01
0.8150 3.77027e-23 1.72293e+01 2.01605e+01 2.33749e+01
0.8160 3.73659e-23 1.71752e+01 2.01132e+01 2.33387e+01
0.8170 3.70976e-23 1.71615e+01 2.01031e+01 2.33316e+01
0.8180 3.77073e-23 1.72205e+01 2.01723e+01 2.34106e+01
0.8190 3.77880e-23 1.72278e+01 2.01643e+01 2.33779e+01
0.8200 3.79699e-23 1.72993e+01 2.02445e+01 2.34748e+01
0.8210 3.80557e-23 1.72991e+01 2.02617e+01 2.35165e+01
0.8220 3.78879e-23 1.72372e+01 2.01964e+01 2.34532e+01
0.8230 3.77835e-23 1.72404e+01 2.02110e+01 2.34812e+01
0.8240 3.83276e-23 1.72508e+01 2.02059e+01 2.34536e+01
0.8250 3.86446e-23 1.73279e+01 2.03144e+01 2.36006e+01
0.8260 3.84871e-23 1.73606e+01 2.03615e+01 2.36674e+01
0.8270 3.81382e-23 1.72737e+01 2.02463e+01 2.35115e+01
0.8280 3.86442e-23 1.73402e+01 2.03326e+01 2.36245e+01
0.8290 3.92455e-23 1.74213e+01 2.04417e+01 2.37759e+01
0.8300 3.91036e-23 1.74079e+01 2.04041e+01 2.37027e+01
0.8310 3.89873e-23 1.73943e+01 2.03928e+01 2.36942e+01
0.8320 3.92861e-23 1.74412e+01 2.04503e+01 2.37576e+01
0.8330 3.84055e-23 1.73450e+01 2.03343e+01 2.36200e+01
0.8340 3.86849e-23 1.73551e+01 2.03480e+01 2.36378e+01
0.8350 3.84963e-23 1.73416e+01 2.03388e+01 2.36369e+01
0.8360 3.83362e-23 1.73252e+01 2.03108e+01 2.35951e+01
0.8370 3.81234e-23 1.73105e+01 2.02969e+01 2.35788e+01
0.8380 3.87745e-23 1.73717e+01 2.03561e+01 2.36357e+01
0.8390 3.91050e-23 1.73564e+01 2.03392e+01 2.36178e+01
0.8400 3.88848e-23 1.73367e+01 2.03013e+01 2.35532e+01
0.8410 3.87764e-23 1.73208e+01 2.02862e+01 2.35450e+01
0.8420 3.88668e-23 1.73361e+01 2.02912e+01 2.35322e+01
0.8430 3.92728e-23 1.74585e+01 2.04546e+01 2.37485e+01
0.8440 3.93357e-23 1.74309e+01 2.04133e+01 2.36933e+01
0.8450 3.98151e-23 1.75096e+01 2.05154e+01 2.38210e+01
0.8460 3.94740e-23 1.74914e+01 2.04917e+01 2.37878e+01
0.8470 3.96424e-23 1.75030e+01 2.05136e+01 2.38215e+01
0.8480 3.95698e-23 1.74656e+01 2.04418e+01 2.37016e+01
0.8490 3.98409e-23 1.75342e+01 2.05292e+01 2.38162e+01
0.8500 4.01918e-23 1.76058e+01 2.06111e+01 2.39095e+01
0.8510 3.97178e-23 1.75558e+01 2.05655e+01 2.38747e+01
0.8520 4.01192e-23 1.75946e+01 2.06410e+01 2.39933e+01
0.8530 4.00996e-23 1.75866e+01 2.06191e+01 2.39593e+01
0.8540 4.03129e-23 1.76104e+01 2.06466e+01 2.39911e+01
0.8550 4.00613e-23 1.75625e+01 2.05899e+01 2.39272e+01
0.8560 3.99031e-23 1.75691e+01 2.06035e+01 2.39465e+01
0.8570 3.96660e-23 1.75025e+01 2.05092e+01 2.38125e+01
0.8580 3.98545e-23 1.75403e+01 2.05699e+01 2.39112e+01
0.8590 3.94617e-23 1.75084e+01 2.05645e+01 2.39519e+01
0.8600 3.90397e-23 1.74607e+01 2.04790e+01 2.38125e+01
0.8610 3.92300e-23 1.74421e+01 2.04539e+01 2.37753e+01
0.8620 3.94579e-23 1.74548e+01 2.04775e+01 2.38188e+01
0.8630 3.92994e-23 1.74572e+01 2.04627e+01 2.37782e+01
0.8640 3.90073e-23 1.74182e+01 2.03965e+01 2.36760e+01
0.8650 3.88301e-23 1.74006e+01 2.03906e+01 2.36893e+01
0.8660 3.91761e-23 1.74361e+01 2.04395e+01 2.37599e+01
0.8670 3.88656e-23 1.75021e+01 2.05254e+01 2.38706e+01
0.8680 3.82871e-23 1.74298e+01 2.04452e+01 2.37792e+01
0.8690 3.82738e-23 1.74307e+01 2.04417e+01 2.37690e+01
0.8700 3.75678e-23 1.73455e+01 2.03217e+01 2.35992e+01
0.8710 3.74875e-23 1.73083e+01 2.02653e+01 2.35064e+01
0.8720 3.87412e-23 1.74920e+01 2.05244e+01 2.38693e+01
0.8730 3.87047e-23 1.75334e+01 2.05645e+01 2.38923e+01
0.8740 3.84147e-23 1.74826e+01 2.05369e+01 2.39152e+01
0.8750 3.86080e-23 1.74447e+01 2.04783e+01 2.38200e+01
0.8755 3.84055e-23 1.74384e+01 2.04723e+01 2.38156e+01
0.8760 3.85994e-23 1.75013e+01 2.05461e+01 2.39029e+01
0.8770 3.93145e-23 1.75133e+01 2.05692e+01 2.39462e+01
0.8780 3.86557e-23 1.74535e+01 2.04744e+01 2.38065e+01
0.8790 3.87917e-23 1.74642e+01 2.04641e+01 2.37718e+01
0.8800 3.87727e-23 1.74730e+01 2.04959e+01 2.38421e+01
0.8810 3.89920e-23 1.75611e+01 2.06093e+01 2.39791e+01
0.8820 3.88540e-23 1.75464e+01 2.05839e+01 2.39371e+01
0.8830 3.93546e-23 1.76253e+01 2.06601e+01 2.39983e+01
0.8840 3.92100e-23 1.76062e+01 2.06659e+01 2.40464e+01
0.8850 3.97405e-23 1.77178e+01 2.08002e+01 2.42025e+01
0.8860 3.96877e-23 1.76834e+01 2.07326e+01 2.40978e+01
0.8870 3.90912e-23 1.76032e+01 2.06220e+01 2.39426e+01
0.8880 3.91259e-23 1.75732e+01 2.05999e+01 2.39422e+01
0.8890 3.85026e-23 1.75477e+01 2.05720e+01 2.39079e+01
0.8900 3.84441e-23 1.75267e+01 2.05544e+01 2.38953e+01
0.8910 3.84253e-23 1.75463e+01 2.06075e+01 2.39997e+01
0.8920 3.86644e-23 1.75590e+01 2.06170e+01 2.40049e+01
0.8930 3.81670e-23 1.75014e+01 2.05488e+01 2.39275e+01
0.8940 3.84978e-23 1.75215e+01 2.05498e+01 2.38971e+01
0.8950 3.77951e-23 1.74764e+01 2.04812e+01 2.37990e+01
0.8960 3.80865e-23 1.75053e+01 2.05360e+01 2.38944e+01
0.8970 3.76125e-23 1.74881e+01 2.05264e+01 2.39018e+01
0.8980 3.78003e-23 1.75134e+01 2.05879e+01 2.40126e+01
0.8990 3.78028e-23 1.75364e+01 2.06233e+01 2.40594e+01
0.9000 3.79386e-23 1.75187e+01 2.05908e+01 2.40026e+01
0.9010 3.77537e-23 1.75096e+01 2.05781e+01 2.39844e+01
0.9020 3.82152e-23 1.75327e+01 2.05882e+01 2.39770e+01
0.9030 3.81058e-23 1.75961e+01 2.06664e+01 2.40652e+01
0.9040 3.79756e-23 1.76055e+01 2.06737e+01 2.40711e+01
0.9050 3.81415e-23 1.76134e+01 2.06838e+01 2.40750e+01
0.9060 3.80776e-23 1.75793e+01 2.06463e+01 2.40405e+01
0.9070 3.77488e-23 1.75761e+01 2.06399e+01 2.40374e+01
0.9080 3.76132e-23 1.75461e+01 2.06167e+01 2.40262e+01
0.9090 3.75024e-23 1.75597e+01 2.06326e+01 2.40483e+01
0.9100 3.74735e-23 1.75589e+01 2.06161e+01 2.40013e+01
0.9110 3.73488e-23 1.75579e+01 2.06253e+01 2.40269e+01
0.9120 3.74406e-23 1.75993e+01 2.06531e+01 2.40284e+01
0.9130 3.71625e-23 1.75726e+01 2.06225e+01 2.39973e+01
0.9140 3.77091e-23 1.76286e+01 2.06992e+01 2.40960e+01
0.9150 3.74533e-23 1.76044e+01 2.06801e+01 2.40814e+01
0.9160 3.72994e-23 1.75898e+01 2.06456e+01 2.40229e+01
0.9170 3.69172e-23 1.75333e+01 2.05859e+01 2.39619e+01
0.9180 3.67662e-23 1.74919e+01 2.05170e+01 2.38627e+01
0.9190 3.70466e-23 1.75488e+01 2.05938e+01 2.39643e+01
0.9200 3.67408e-23 1.74906e+01 2.05283e+01 2.38931e+01
0.9210 3.68363e-23 1.75635e+01 2.06190e+01 2.40018e+01
0.9220 3.75122e-23 1.76283e+01 2.07194e+01 2.41513e+01
0.9230 3.70041e-23 1.75551e+01 2.06321e+01 2.40561e+01
0.9240 3.68346e-23 1.75215e+01 2.05700e+01 2.39484e+01
0.9250 3.66391e-23 1.75295e+01 2.05826e+01 2.39682e+01
0.9260 3.69985e-23 1.75516e+01 2.06151e+01 2.40201e+01
0.9270 3.72224e-23 1.75614e+01 2.06288e+01 2.40413e+01
0.9280 3.72974e-23 1.75944e+01 2.06592e+01 2.40620e+01
0.9290 3.71949e-23 1.76286e+01 2.07126e+01 2.41371e+01
0.9300 3.75104e-23 1.76370e+01 2.07001e+01 2.40950e+01
0.9310 3.70442e-23 1.76336e+01 2.07052e+01 2.41097e+01
0.9320 3.71374e-23 1.76326e+01 2.07063e+01 2.41159e+01
0.9330 3.70525e-23 1.76207e+01 2.06793e+01 2.40672e+01
0.9340 3.68360e-23 1.76208e+01 2.07153e+01 2.41542e+01
0.9350 3.72217e-23 1.77001e+01 2.08154e+01 2.42710e+01
0.9360 3.69210e-23 1.76368e+01 2.07602e+01 2.42290e+01
0.9370 3.77259e-23 1.76995e+01 2.08280e+01 2.42928e+01
0.9380 3.74982e-23 1.76219e+01 2.06890e+01 2.40767e+01
0.9389 3.70253e-23 1.76340e+01 2.07328e+01 2.41616e+01
0.9390 3.68594e-23 1.76259e+01 2.07233e+01 2.41482e+01
0.9400 3.70249e-23 1.76544e+01 2.07786e+01 2.42462e+01
0.9410 3.67960e-23 1.75902e+01 2.07151e+01 2.41886e+01
0.9420 3.65450e-23 1.76168e+01 2.07526e+01 2.42365e+01
0.9430 3.66571e-23 1.76297e+01 2.07701e+01 2.42667e+01
0.9440 3.62452e-23 1.75910e+01 2.07147e+01 2.41842e+01
0.9450 3.61820e-23 1.75634e+01 2.06753e+01 2.41309e+01
0.9460 3.64650e-23 1.76732e+01 2.08149e+01 2.42991e+01
0.9470 3.64733e-23 1.76360e+01 2.07694e+01 2.42437e+01
0.9480 3.62898e-23 1.76305e+01 2.07328e+01 2.41661e+01
0.9490 3.63199e-23 1.76404e+01 2.07529e+01 2.41972e+01
0.9500 3.61500e-23 1.76623e+01 2.07805e+01 2.42362e+01
0.9510 3.64636e-23 1.77374e+01 2.08710e+01 2.43359e+01
0.9520 3.63487e-23 1.77406e+01 2.08759e+01 2.43369e+01
0.9530 3.64415e-23 1.76982e+01 2.08157e+01 2.42599e+01
0.9540 3.67932e-23 1.77104e+01 2.08295e+01 2.42690e+01
0.9550 3.60358e-23 1.76453e+01 2.07483e+01 2.41728e+01
0.9560 3.57220e-23 1.76112e+01 2.07238e+01 2.41694e+01
0.9570 3.54066e-23 1.75144e+01 2.05947e+01 2.39999e+01
0.9580 3.49765e-23 1.75044e+01 2.06004e+01 2.40377e+01
0.9590 3.50208e-23 1.74757e+01 2.05421e+01 2.39371e+01
0.9600 3.45121e-23 1.74326e+01 2.04890e+01 2.38624e+01
0.9610 3.45586e-23 1.74150e+01 2.04884e+01 2.38937e+01
0.9620 3.42537e-23 1.74217e+01 2.04979e+01 2.38980e+01
0.9630 3.44355e-23 1.73860e+01 2.04658e+01 2.38686e+01
0.9640 3.43513e-23 1.73653e+01 2.04254e+01 2.38031e+01
0.9650 3.43891e-23 1.73996e+01 2.04721e+01 2.38744e+01
0.9660 3.40738e-23 1.73363e+01 2.03726e+01 2.37203e+01
0.9670 3.42842e-23 1.74166e+01 2.04816e+01 2.38665e+01
0.9680 3.45601e-23 1.73801e+01 2.04198e+01 2.37694e+01
0.9690 3.44303e-23 1.73810e+01 2.04034e+01 2.37338e+01
0.9700 3.40806e-23 1.73532e+01 2.03811e+01 2.37180e+01
0.9710 3.35525e-23 1.73353e+01 2.03529e+01 2.36744e+01
0.9720 3.38818e-23 1.73320e+01 2.03569e+01 2.36962e+01
0.9730 3.34025e-23 1.73132e+01 2.03397e+01 2.36733e+01
0.9740 3.38271e-23 1.73884e+01 2.04567e+01 2.38422e+01
0.9750 3.39000e-23 1.74430e+01 2.05469e+01 2.39813e+01
0.9760 3.37642e-23 1.73406e+01 2.04000e+01 2.37777e+01
0.9770 3.37601e-23 1.73692e+01 2.04213e+01 2.37813e+01
0.9780 3.39009e-23 1.73976e+01 2.04728e+01 2.38688e+01
0.9790 3.37634e-23 1.73749e+01 2.04539e+01 2.38544e+01
0.9800 3.34345e-23 1.73371e+01 2.04118e+01 2.38015e+01
0.9810 3.40305e-23 1.73953e+01 2.04981e+01 2.39264e+01
0.9820 3.38927e-23 1.73689e+01 2.04513e+01 2.38441e+01
0.9830 3.37704e-23 1.73036e+01 2.03805e+01 2.37738e+01
0.9840 3.41326e-23 1.73496e+01 2.04053e+01 2.37624e+01
0.9850 3.45379e-23 1.74657e+01 2.05636e+01 2.39812e+01
0.9860 3.51911e-23 1.75249e+01 2.06171e+01 2.40252e+01
0.9870 3.43685e-23 1.74215e+01 2.04875e+01 2.38600e+01
0.9880 3.43559e-23 1.73786e+01 2.04474e+01 2.38355e+01
0.9890 3.43731e-23 1.73738e+01 2.04620e+01 2.38763e+01
0.9900 3.43536e-23 1.74441e+01 2.05340e+01 2.39419e+01
0.9910 3.43633e-23 1.73794e+01 2.04545e+01 2.38500e+01
0.9920 3.40192e-23 1.73377e+01 2.03765e+01 2.37217e+01
0.9930 3.38869e-23 1.73706e+01 2.04277e+01 2.38008e+01
0.9940 3.40788e-23 1.73854e+01 2.04486e+01 2.38228e+01
0.9950 3.38890e-23 1.74252e+01 2.05027e+01 2.38899e+01
0.9960 3.47660e-23 1.75923e+01 2.07407e+01 2.42131e+01
0.9970 3.44304e-23 1.75632e+01 2.07077e+01 2.41695e+01
0.9980 3.51026e-23 1.76503e+01 2.08322e+01 2.43404e+01
0.9990 3.61408e-23 1.77692e+01 2.10077e+01 2.45907e+01
1.0000 3.59905e-23 1.77636e+01 2.09711e+01 2.45109e+01
1.0010 3.47844e-23 1.75188e+01 2.06149e+01 2.40197e+01
1.0020 3.50545e-23 1.76155e+01 2.07434e+01 2.41941e+01
1.0030 3.51662e-23 1.75896e+01 2.07164e+01 2.41668e+01
1.0040 3.49614e-23 1.75707e+01 2.06935e+01 2.41432e+01
1.0050 3.47977e-23 1.75796e+01 2.06969e+01 2.41398e+01
1.0060 3.51393e-23 1.76089e+01 2.07589e+01 2.42536e+01
1.0066 3.50325e-23 1.75678e+01 2.07022e+01 2.41749e+01
1.0070 3.53715e-23 1.76005e+01 2.07373e+01 2.42043e+01
1.0080 3.52367e-23 1.76505e+01 2.08069e+01 2.42966e+01
1.0090 3.47520e-23 1.76154e+01 2.07892e+01 2.43049e+01
1.0100 3.54593e-23 1.76864e+01 2.08837e+01 2.44317e+01
1.0110 3.49820e-23 1.76890e+01 2.08731e+01 2.43943e+01
1.0120 3.53800e-23 1.76839e+01 2.08481e+01 2.43382e+01
1.0130 3.51072e-23 1.76577e+01 2.08269e+01 2.43314e+01
1.0140 3.53162e-23 1.77136e+01 2.08879e+01 2.43949e+01
1.0150 3.52227e-23 1.77275e+01 2.09173e+01 2.44481e+01
1.0160 3.56437e-23 1.77745e+01 2.09900e+01 2.45599e+01
1.0170 3.48722e-23 1.76580e+01 2.08300e+01 2.43461e+01
1.0180 3.51388e-23 1.76694e+01 2.08460e+01 2.43751e+01
1.0190 3.50807e-23 1.77034e+01 2.08982e+01 2.44501e+01
1.0200 3.48436e-23 1.77031e+01 2.09008e+01 2.44550e+01
1.0210 3.49881e-23 1.76600e+01 2.08374e+01 2.43686e+01
1.0220 3.50757e-23 1.77674e+01 2.09780e+01 2.45474e+01
1.0230 3.51539e-23 1.77994e+01 2.10302e+01 2.46185e+01
1.0240 3.44961e-23 1.77276e+01 2.09379e+01 2.45018e+01
1.0250 3.43658e-23 1.76771e+01 2.08669e+01 2.44101e+01
1.0260 3.44095e-23 1.76311e+01 2.08120e+01 2.43501e+01
1.0270 3.36088e-23 1.75478e+01 2.06993e+01 2.42003e+01
1.0280 3.31371e-23 1.75121e+01 2.06506e+01 2.41246e+01
1.0290 3.34115e-23 1.75740e+01 2.07567e+01 2.42954e+01
1.0300 3.35565e-23 1.75375e+01 2.06809e+01 2.41595e+01
1.0310 3.37400e-23 1.75643e+01 2.07490e+01 2.42856e+01
1.0320 3.34641e-23 1.75267e+01 2.07014e+01 2.42282e+01
1.0330 3.34588e-23 1.75333e+01 2.06969e+01 2.42011e+01
1.0340 3.38157e-23 1.75254e+01 2.06760e+01 2.41633e+01
1.0350 3.37456e-23 1.75560e+01 2.07183e+01 2.42212e+01
1.0360 3.38144e-23 1.75498e+01 2.06857e+01 2.41496e+01
1.0370 3.39511e-23 1.75264e+01 2.06512e+01 2.40964e+01
1.0380 3.40138e-23 1.75469e+01 2.06788e+01 2.41362e+01
1.0390 3.41668e-23 1.75738e+01 2.07370e+01 2.42423e+01
1.0400 3.41178e-23 1.76464e+01 2.08227e+01 2.43341e+01
1.0410 3.43224e-23 1.76357e+01 2.08186e+01 2.43413e+01
1.0420 3.36333e-23 1.75212e+01 2.06642e+01 2.41376e+01
1.0430 3.39755e-23 1.74976e+01 2.06266e+01 2.40784e+01
1.0440 3.35854e-23 1.74849e+01 2.06063e+01 2.40489e+01
1.0450 3.35215e-23 1.74742e+01 2.06029e+01 2.40596e+01
1.0460 3.32737e-23 1.74815e+01 2.06215e+01 2.40896e+01
1.0470 3.35369e-23 1.75135e+01 2.06557e+01 2.41265e+01
1.0480 3.37885e-23 1.75509e+01 2.07038e+01 2.41877e+01
1.0490 3.35108e-23 1.75630e+01 2.07176e+01 2.42060e+01
1.0500 3.34805e-23 1.75347e+01 2.06784e+01 2.41578e+01
1.0510 3.37580e-23 1.75184e+01 2.06713e+01 2.41686e+01
1.0520 3.38613e-23 1.74744e+01 2.06070e+01 2.40828e+01
1.0530 3.34677e-23 1.74351e+01 2.05571e+01 2.40317e+01
1.0540 3.31651e-23 1.74477e+01 2.05737e+01 2.40424e+01
1.0550 3.33134e-23 1.73963e+01 2.04922e+01 2.39191e+01
1.0560 3.35367e-23 1.74584e+01 2.05688e+01 2.40110e+01
1.0570 3.31463e-23 1.74079e+01 2.04871e+01 2.38849e+01
1.0580 3.32217e-23 1.74602e+01 2.05669e+01 2.40048e+01
1.0590 3.31266e-23 1.73953e+01 2.04901e+01 2.39106e+01
1.0600 3.32007e-23 1.74072e+01 2.05121e+01 2.39392e+01
1.0610 3.30891e-23 1.74472e+01 2.05836e+01 2.40573e+01
1.0620 3.27149e-23 1.73820e+01 2.05157e+01 2.39891e+01
1.0630 3.23172e-23 1.73401e+01 2.04570e+01 2.39039e+01
1.0640 3.25052e-23 1.73347e+01 2.04682e+01 2.39340e+01
1.0650 3.30918e-23 1.73882e+01 2.05228e+01 2.39870e+01
1.0660 3.33193e-23 1.74156e+01 2.05703e+01 2.40596e+01
1.0670 3.30131e-23 1.73825e+01 2.05276e+01 2.40116e+01
1.0680 3.31495e-23 1.73574e+01 2.04729e+01 2.39141e+01
1.0690 3.31422e-23 1.73301e+01 2.04233e+01 2.38346e+01
1.0700 3.31087e-23 1.73965e+01 2.05367e+01 2.40184e+01
1.0710 3.24104e-23 1.73061e+01 2.03874e+01 2.37894e+01
1.0720 3.25154e-23 1.73124e+01 2.04003e+01 2.38044e+01
1.0730 3.27718e-23 1.73073e+01 2.03979e+01 2.38089e+01
1.0740 3.27614e-23 1.73682e+01 2.04662e+01 2.38850e+01
1.0750 3.27065e-23 1.73725e+01 2.04600e+01 2.38668e+01
1.0760 3.25650e-23 1.73091e+01 2.03758e+01 2.37569e+01
1.0770 3.22800e-23 1.73104e+01 2.03775e+01 2.37569e+01
1.0780 3.21958e-23 1.72612e+01 2.03105e+01 2.36675e+01
1.0790 3.19304e-23 1.72356e+01 2.03095e+01 2.37187e+01
1.0800 3.19548e-23 1.72303e+01 2.02971e+01 2.36973e+01
1.0810 3.17857e-23 1.72224e+01 2.02592e+01 2.36048e+01
1.0820 3.13918e-23 1.72012e+01 2.02487e+01 2.36139e+01
1.0822 3.15646e-23 1.72127e+01 2.02575e+01 2.36207e+01
1.0830 3.18352e-23 1.72103e+01 2.02476e+01 2.35949e+01
1.0840 3.15261e-23 1.72017e+01 2.02594e+01 2.36344e+01
1.0850 3.18635e-23 1.72314e+01 2.02701e+01 2.36116e+01
1.0860 3.16455e-23 1.72659e+01 2.03171e+01 2.36770e+01
1.0870 3.15445e-23 1.71959e+01 2.02385e+01 2.35949e+01
1.0880 3.13372e-23 1.71557e+01 2.02003e+01 2.35587e+01
1.0890 3.15975e-23 1.71961e+01 2.02509e+01 2.36215e+01
1.0900 3.15599e-23 1.72204e+01 2.02792e+01 2.36465e+01
1.0910 3.20563e-23 1.72371e+01 2.02963e+01 2.36524e+01
1.0920 3.13618e-23 1.70982e+01 2.01077e+01 2.34087e+01
1.0930 3.12180e-23 1.71906e+01 2.02317e+01 2.35830e+01
1.0940 3.10263e-23 1.71330e+01 2.01622e+01 2.34965e+01
1.0950 3.08154e-23 1.70417e+01 2.00351e+01 2.33211e+01
1.0960 3.06240e-23 1.70074e+01 1.99729e+01 2.32248e+01
1.0970 3.03826e-23 1.69265e+01 1.98466e+01 2.30278e+01
1.0980 2.97080e-23 1.68721e+01 1.97812e+01 2.29527e+01
1.0990 2.95724e-23 1.68354e+01 1.97550e+01 2.29549e+01
1.1000 2.94825e-23 1.68030e+01 1.96907e+01 2.28332e+01
1.1010 2.95793e-23 1.67937e+01 1.96805e+01 2.28253e+01
1.1020 2.90030e-23 1.67401e+01 1.96058e+01 2.27172e+01
1.1030 2.87116e-23 1.66403e+01 1.94497e+01 2.24848e+01
1.1040 2.82996e-23 1.65868e+01 1.93909e+01 2.24146e+01
1.1050 2.83516e-23 1.66220e+01 1.94533e+01 2.25218e+01
1.1060 2.81825e-23 1.65772e+01 1.93800e+01 2.24038e+01
1.1070 2.84104e-23 1.65566e+01 1.93542e+01 2.23635e+01
1.1080 2.79558e-23 1.64255e+01 1.91648e+01 2.20990e+01
1.1090 2.78375e-23 1.63977e+01 1.91201e+01 2.20292e+01
1.1100 2.75025e-23 1.63597e+01 1.90852e+01 2.20035e+01
1.1110 2.72248e-23 1.63860e+01 1.91189e+01 2.20400e+01
1.1120 2.73900e-23 1.64062e+01 1.91576e+01 2.21052e+01
1.1130 2.73714e-23 1.63885e+01 1.91285e+01 2.20640e+01
1.1140 2.74789e-23 1.63955e+01 1.91415e+01 2.20842e+01
1.1150 2.74102e-23 1.63266e+01 1.90438e+01 2.19481e+01
1.1160 2.71515e-23 1.62844e+01 1.89729e+01 2.18370e+01
1.1170 2.66198e-23 1.62226e+01 1.88967e+01 2.17376e+01
1.1180 2.64222e-23 1.61140e+01 1.87317e+01 2.15018e+01
1.1190 2.64224e-23 1.61468e+01 1.87735e+01 2.15533e+01
1.1200 2.63444e-23 1.61086e+01 1.87287e+01 2.14994e+01
1.1210 2.64385e-23 1.61332e+01 1.87605e+01 2.15386e+01
1.1220 2.63360e-23 1.60942e+01 1.87227e+01 2.15074e+01
1.1230 2.61021e-23 1.60629e+01 1.86934e+01 2.14761e+01
1.1240 2.61711e-23 1.60898e+01 1.87088e+01 2.14748e+01
1.1250 2.58975e-23 1.59847e+01 1.85718e+01 2.12992e+01
1.1260 2.55688e-23 1.59431e+01 1.85139e+01 2.12207e+01
1.1270 2.54793e-23 1.59221e+01 1.84758e+01 2.11668e+01
1.1280 2.54900e-23 1.59167e+01 1.84686e+01 2.11535e+01
1.1290 2.56397e-23 1.59487e+01 1.85353e+01 2.12684e+01
1.1293 2.57555e-23 1.59610e+01 1.85593e+01 2.13049e+01
1.1300 2.57126e-23 1.58983e+01 1.84702e+01 2.11882e+01
1.1310 2.56755e-23 1.58890e+01 1.84570e+01 2.11668e+01
1.1320 2.56996e-23 1.58939e+01 1.84373e+01 2.11160e+01
1.1330 2.57463e-23 1.59043e+01 1.84405e+01 2.11071e+01
1.1340 2.54046e-23 1.58481e+01 1.83585e+01 2.09926e+01
1.1350 2.53578e-23 1.58707e+01 1.83954e+01 2.10514e+01
1.1360 2.53892e-23 1.58425e+01 1.83592e+01 2.10046e+01
1.1370 2.47008e-23 1.57032e+01 1.81726e+01 2.07580e+01
1.1380 2.49916e-23 1.57370e+01 1.82175e+01 2.08130e+01
1.1390 2.49448e-23 1.57233e+01 1.82030e+01 2.07956e+01
1.1400 2.50900e-23 1.57320e+01 1.82085e+01 2.07992e+01
1.1410 2.49173e-23 1.56603e+01 1.81291e+01 2.07107e+01
1.1420 2.50457e-23 1.57197e+01 1.82103e+01 2.08223e+01
1.1430 2.51426e-23 1.57358e+01 1.82334e+01 2.08529e+01
1.1440 2.52269e-23 1.57416e+01 1.82472e+01 2.08776e+01
1.1450 2.51810e-23 1.57605e+01 1.82571e+01 2.08729e+01
1.1460 2.55642e-23 1.58588e+01 1.83835e+01 2.10397e+01
1.1470 2.53968e-23 1.57875e+01 1.83041e+01 2.09481e+01
1.1480 2.56817e-23 1.58373e+01 1.83677e+01 2.10349e+01
1.1490 2.58693e-23 1.58621e+01 1.83934e+01 2.10580e+01
1.1500 2.61780e-23 1.59445e+01 1.84709e+01 2.11233e+01
1.1510 2.64182e-23 1.59645e+01 1.85067e+01 2.11863e+01
1.1520 2.65972e-23 1.59967e+01 1.85387e+01 2.12144e+01
1.1530 2.66718e-23 1.59955e+01 1.85406e+01 2.12139e+01
1.1540 2.71339e-23 1.60871e+01 1.86606e+01 2.13708e+01
1.1550 2.71497e-23 1.60924e+01 1.86805e+01 2.14092e+01
1.1560 2.61983e-23 1.59440e+01 1.84815e+01 2.11559e+01
1.1570 2.59172e-23 1.59156e+01 1.84183e+01 2.10390e+01
1.1580 2.57035e-23 1.58564e+01 1.83547e+01 2.09727e+01
1.1590 2.56330e-23 1.58201e+01 1.83042e+01 2.09039e+01
1.1600 2.54192e-23 1.57694e+01 1.82343e+01 2.08096e+01
1.1610 2.54547e-23 1.58122e+01 1.82924e+01 2.08883e+01
1.1620 2.52323e-23 1.57750e+01 1.82520e+01 2.08470e+01
1.1630 2.50855e-23 1.57030e+01 1.81628e+01 2.07423e+01
1.1640 2.53866e-23 1.57220e+01 1.81655e+01 2.07233e+01
1.1650 2.54494e-23 1.57140e+01 1.81644e+01 2.07278e+01
1.1660 2.55317e-23 1.57080e+01 1.81509e+01 2.07019e+01
1.1670 2.51345e-23 1.56777e+01 1.81084e+01 2.06445e+01
1.1680 2.49005e-23 1.56672e+01 1.80868e+01 2.06096e+01
1.1690 2.50521e-23 1.56313e+01 1.80480e+01 2.05711e+01
1.1700 2.50757e-23 1.56573e+01 1.80885e+01 2.06310e+01
1.1710 2.53456e-23 1.56985e+01 1.81594e+01 2.07378e+01
1.1720 2.52210e-23 1.56909e+01 1.81726e+01 2.07747e+01
1.1730 2.56754e-23 1.57336e+01 1.82318e+01 2.08594e+01
1.1740 2.56514e-23 1.57489e+01 1.82568e+01 2.08995e+01
1.1750 2.54456e-23 1.56985e+01 1.82046e+01 2.08488e+01
1.1760 2.60748e-23 1.57989e+01 1.83140e+01 2.09616e+01
1.1770 2.59573e-23 1.57848e+01 1.83022e+01 2.09525e+01
1.1780 2.62384e-23 1.58413e+01 1.83617e+01 2.10089e+01
1.1790 2.54866e-23 1.56812e+01 1.81608e+01 2.07582e+01
1.1800 2.50043e-23 1.55897e+01 1.80203e+01 2.05570e+01
1.1810 2.48873e-23 1.55585e+01 1.79666e+01 2.04730e+01
1.1820 2.46353e-23 1.55273e+01 1.79397e+01 2.04571e+01
1.1830 2.47429e-23 1.55498e+01 1.79851e+01 2.05346e+01
1.1840 2.42332e-23 1.54605e+01 1.78563e+01 2.03560e+01
1.1850 2.39528e-23 1.53863e+01 1.77460e+01 2.01994e+01
1.1860 2.38007e-23 1.53833e+01 1.77436e+01 2.02003e+01
1.1870 2.37903e-23 1.53872e+01 1.77352e+01 2.01708e+01
1.1880 2.36913e-23 1.53699e+01 1.77049e+01 2.01209e+01
1.1890 2.34586e-23 1.53396e+01 1.76707e+01 2.00823e+01
1.1900 2.34205e-23 1.52924e+01 1.75980e+01 1.99782e+01
1.1910 2.32432e-23 1.52665e+01 1.75609e+01 1.99281e+01
1.1920 2.33275e-23 1.52662e+01 1.75712e+01 1.99509e+01
1.1930 2.34858e-23 1.52992e+01 1.76120e+01 2.00020e+01
1.1940 2.32155e-23 1.52522e+01 1.75511e+01 1.99195e+01
1.1950 2.30657e-23 1.52586e+01 1.75585e+01 1.99279e+01
1.1960 2.29123e-23 1.52414e+01 1.75479e+01 1.99249e+01
1.1970 2.30256e-23 1.52483e+01 1.75603e+01 1.99430e+01
1.1980 2.27129e-23 1.51827e+01 1.74831e+01 1.98576e+01
1.1990 2.27556e-23 1.52141e+01 1.75142e+01 1.98880e+01
1.2000 2.25721e-23 1.51668e+01 1.74587e+01 1.98226e+01
1.2010 2.24124e-23 1.51452e+01 1.74330e+01 1.97932e+01
1.2020 2.22752e-23 1.51149e+01 1.74025e+01 1.97649e+01
1.2030 2.24327e-23 1.51619e+01 1.74586e+01 1.98291e+01
1.2040 2.26102e-23 1.51762e+01 1.74739e+01 1.98493e+01
1.2050 2.27167e-23 1.52132e+01 1.75364e+01 1.99498e+01
1.2060 2.26843e-23 1.52005e+01 1.75130e+01 1.99094e+01
1.2070 2.24375e-23 1.51747e+01 1.74774e+01 1.98573e+01
1.2080 2.25063e-23 1.51770e+01 1.74887e+01 1.98801e+01
1.2090 2.25858e-23 1.52270e+01 1.75577e+01 1.99743e+01
1.2100 2.22045e-23 1.51211e+01 1.74146e+01 1.97866e+01
1.2110 2.19894e-23 1.50858e+01 1.73687e+01 1.97281e+01
1.2120 2.20760e-23 1.50945e+01 1.73749e+01 1.97308e+01
1.2130 2.23489e-23 1.51234e+01 1.74095e+01 1.97724e+01
1.2140 2.23001e-23 1.51077e+01 1.73870e+01 1.97432e+01
1.2150 2.20600e-23 1.50791e+01 1.73593e+01 1.97162e+01
1.2160 2.21554e-23 1.50868e+01 1.73641e+01 1.97184e+01
1.2170 2.19398e-23 1.50476e+01 1.73198e+01 1.96702e+01
1.2180 2.18965e-23 1.50380e+01 1.73099e+01 1.96592e+01
1.2190 2.20878e-23 1.50449e+01 1.73198e+01 1.96770e+01
1.2200 2.19863e-23 1.50357e+01 1.73004e+01 1.96429e+01
1.2210 2.21609e-23 1.50540e+01 1.73098e+01 1.96389e+01
1.2220 2.20555e-23 1.50438e+01 1.72983e+01 1.96269e+01
1.2230 2.20400e-23 1.50434e+01 1.73026e+01 1.96350e+01
1.2240 2.20329e-23 1.50978e+01 1.73601e+01 1.96940e+01
1.2250 2.17087e-23 1.50233e+01 1.72676e+01 1.95801e+01
1.2260 2.14666e-23 1.50051e+01 1.72553e+01 1.95742e+01
1.2270 2.16591e-23 1.50136e+01 1.72618e+01 1.95789e+01
1.2280 2.17112e-23 1.50144e+01 1.72549e+01 1.95644e+01
1.2290 2.18259e-23 1.50178e+01 1.72568e+01 1.95646e+01
1.2300 2.17447e-23 1.50079e+01 1.72443e+01 1.95497e+01
1.2310 2.16932e-23 1.50063e+01 1.72425e+01 1.95464e+01
1.2320 2.13319e-23 1.49588e+01 1.71826e+01 1.94731e+01
1.2330 2.15222e-23 1.49822e+01 1.72087e+01 1.95031e+01
1.2340 2.16570e-23 1.50277e+01 1.72709e+01 1.95848e+01
1.2350 2.15563e-23 1.50198e+01 1.72802e+01 1.96172e+01
1.2360 2.15045e-23 1.50153e+01 1.72774e+01 1.96149e+01
1.2370 2.14998e-23 1.49670e+01 1.72202e+01 1.95552e+01
1.2380 2.15545e-23 1.49853e+01 1.72351e+01 1.95625e+01
1.2390 2.17142e-23 1.49959e+01 1.72499e+01 1.95801e+01
1.2400 2.15986e-23 1.49696e+01 1.72196e+01 1.95448e+01
1.2410 2.16884e-23 1.50133e+01 1.72744e+01 1.96165e+01
1.2420 2.16653e-23 1.49876e+01 1.72422e+01 1.95764e+01
1.2430 2.14908e-23 1.49729e+01 1.72140e+01 1.95296e+01
1.2440 2.18063e-23 1.50134e+01 1.72702e+01 1.96026e+01
1.2450 2.19483e-23 1.50666e+01 1.73493e+01 1.97193e+01
1.2460 2.19019e-23 1.50679e+01 1.73394e+01 1.96922e+01
1.2470 2.16351e-23 1.50537e+01 1.73170e+01 1.96547e+01
1.2480 2.14906e-23 1.50326e+01 1.72889e+01 1.96147e+01
1.2490 2.15443e-23 1.50236e+01 1.72796e+01 1.96046e+01
1.2500 2.13313e-23 1.49730e+01 1.72090e+01 1.95080e+01
1.2510 2.13638e-23 1.49604e+01 1.71885e+01 1.94797e+01
1.2520 2.14830e-23 1.49937e+01 1.72267e+01 1.95298e+01
1.2530 2.13179e-23 1.49722e+01 1.71961e+01 1.94857e+01
1.2540 2.15125e-23 1.50038e+01 1.72285e+01 1.95222e+01
1.2550 2.14759e-23 1.49904e+01 1.72035e+01 1.94750e+01
1.2560 2.16016e-23 1.50042e+01 1.72160e+01 1.94831e+01
1.2570 2.14222e-23 1.49507e+01 1.71584e+01 1.94259e+01
1.2580 2.13015e-23 1.49569e+01 1.71581e+01 1.94158e+01
1.2590 2.10574e-23 1.48949e+01 1.70817e+01 1.93187e+01
1.2600 2.10381e-23 1.49089e+01 1.70897e+01 1.93200e+01
1.2610 2.10152e-23 1.48874e+01 1.70677e+01 1.92984e+01
1.2620 2.10912e-23 1.49031e+01 1.70760e+01 1.92967e+01
1.2630 2.10114e-23 1.48783e+01 1.70472e+01 1.92657e+01
1.2640 2.09718e-23 1.48568e+01 1.70131e+01 1.92174e+01
1.2650 2.10172e-23 1.48336e+01 1.69964e+01 1.92098e+01
1.2660 2.09758e-23 1.48458e+01 1.70075e+01 1.92198e+01
1.2670 2.07302e-23 1.48258e+01 1.69804e+01 1.91845e+01
1.2680 2.07449e-23 1.48323e+01 1.69891e+01 1.91970e+01
1.2690 2.07489e-23 1.48212e+01 1.69789e+01 1.91872e+01
1.2700 2.10628e-23 1.48740e+01 1.70395e+01 1.92605e+01
1.2710 2.10718e-23 1.48550e+01 1.70225e+01 1.92458e+01
1.2720 2.09528e-23 1.48449e+01 1.70020e+01 1.92128e+01
1.2730 2.07345e-23 1.48283e+01 1.69838e+01 1.91897e+01
1.2740 2.07103e-23 1.48137e+01 1.69598e+01 1.91536e+01
1.2750 2.06399e-23 1.48188e+01 1.69594e+01 1.91471e+01
1.2760 2.05351e-23 1.48068e+01 1.69428e+01 1.91245e+01
1.2770 2.04235e-23 1.48033e+01 1.69320e+01 1.91027e+01
1.2780 2.02548e-23 1.48026e+01 1.69277e+01 1.90944e+01
1.2790 2.02260e-23 1.47935e+01 1.69117e+01 1.90705e+01
1.2800 2.02484e-23 1.47694e+01 1.68866e+01 1.90488e+01
1.2810 2.02830e-23 1.47929e+01 1.69132e+01 1.90763e+01
1.2820 2.03349e-23 1.47963e+01 1.69201e+01 1.90896e+01
1.2830 2.05575e-23 1.48287e+01 1.69604e+01 1.91411e+01
1.2840 2.03180e-23 1.47877e+01 1.69073e+01 1.90729e+01
1.2850 2.01123e-23 1.47382e+01 1.68504e+01 1.90055e+01
1.2860 2.00979e-23 1.47642e+01 1.68824e+01 1.90429e+01
1.2870 2.01433e-23 1.47789e+01 1.69039e+01 1.90731e+01
1.2880 2.03153e-23 1.48091e+01 1.69314e+01 1.90978e+01
1.2890 2.03232e-23 1.48051e+01 1.69286e+01 1.90977e+01
1.2900 2.03856e-23 1.48217e+01 1.69478e+01 1.91216e+01
1.2910 2.02393e-23 1.48014e+01 1.69261e+01 1.91000e+01
1.2920 2.02000e-23 1.48019e+01 1.69257e+01 1.90958e+01
1.2930 2.02276e-23 1.48082e+01 1.69305e+01 1.90969e+01
1.2940 2.00875e-23 1.47762e+01 1.68969e+01 1.90610e+01
1.2950 2.00080e-23 1.47885e+01 1.69140e+01 1.90884e+01
1.2960 2.00070e-23 1.48038e+01 1.69304e+01 1.91053e+01
1.2970 1.99912e-23 1.47940e+01 1.69143e+01 1.90781e+01
1.2980 2.00061e-23 1.47743e+01 1.68843e+01 1.90388e+01
1.2990 2.00422e-23 1.47681e+01 1.68781e+01 1.90345e+01
1.3000 2.01590e-23 1.47564e+01 1.68798e+01 1.90530e+01
1.3010 2.01081e-23 1.47567e+01 1.68891e+01 1.90710e+01
1.3020 2.00391e-23 1.47655e+01 1.69028e+01 1.90923e+01
1.3030 2.01555e-23 1.47711e+01 1.69003e+01 1.90799e+01
1.3040 2.01696e-23 1.47921e+01 1.69149e+01 1.90862e+01
1.3050 1.99880e-23 1.47720e+01 1.68975e+01 1.90711e+01
1.3060 1.96797e-23 1.47404e+01 1.68584e+01 1.90200e+01
1.3070 1.96305e-23 1.47615e+01 1.68813e+01 1.90464e+01
1.3080 1.98661e-23 1.47646e+01 1.68868e+01 1.90567e+01
1.3090 1.98290e-23 1.47381e+01 1.68581e+01 1.90271e+01
1.3100 1.99021e-23 1.47651e+01 1.68900e+01 1.90655e+01
1.3110 1.98350e-23 1.48021e+01 1.69326e+01 1.91133e+01
1.3120 1.96812e-23 1.47637e+01 1.68934e+01 1.90719e+01
1.3130 1.96929e-23 1.47681e+01 1.68843e+01 1.90469e+01
1.3140 1.98848e-23 1.47729e+01 1.68899e+01 1.90522e+01
1.3150 1.98016e-23 1.47743e+01 1.68960e+01 1.90610e+01
1.3160 1.96496e-23 1.47814e+01 1.69069e+01 1.90758e+01
1.3170 1.96873e-23 1.48054e+01 1.69259e+01 1.90904e+01
1.3180 1.97922e-23 1.48257e+01 1.69543e+01 1.91317e+01
1.3190 1.96012e-23 1.47929e+01 1.69173e+01 1.90887e+01
1.3200 1.95643e-23 1.47851e+01 1.69183e+01 1.91038e+01
1.3210 1.94934e-23 1.47803e+01 1.69064e+01 1.90780e+01
1.3220 1.96344e-23 1.48151e+01 1.69543e+01 1.91441e+01
1.3230 1.97485e-23 1.48046e+01 1.69452e+01 1.91409e+01
1.3240 1.99444e-23 1.48256e+01 1.69680e+01 1.91644e+01
1.3250 1.97888e-23 1.48179e+01 1.69654e+01 1.91698e+01
1.3260 1.96620e-23 1.48351e+01 1.69866e+01 1.91961e+01
1.3270 1.97621e-23 1.48567e+01 1.70092e+01 1.92189e+01
1.3280 1.97860e-23 1.48503e+01 1.70054e+01 1.92180e+01
1.3290 1.98832e-23 1.48785e+01 1.70482e+01 1.92800e+01
1.3300 1.98426e-23 1.48436e+01 1.70028e+01 1.92197e+01
1.3310 1.98990e-23 1.48705e+01 1.70392e+01 1.92630e+01
1.3320 1.97168e-23 1.48402e+01 1.70027e+01 1.92195e+01
1.3330 1.98142e-23 1.48629e+01 1.70322e+01 1.92588e+01
1.3340 2.01771e-23 1.49215e+01 1.70806e+01 1.92955e+01
1.3350 2.02231e-23 1.48940e+01 1.70455e+01 1.92511e+01
1.3360 2.01232e-23 1.48626e+01 1.70090e+01 1.92072e+01
1.3370 1.99803e-23 1.48679e+01 1.70105e+01 1.92004e+01
1.3380 2.00037e-23 1.48644e+01 1.70077e+01 1.91989e+01
1.3390 2.00772e-23 1.48692e+01 1.70222e+01 1.92300e+01
1.3400 2.01270e-23 1.49139e+01 1.70807e+01 1.93087e+01
1.3410 2.03299e-23 1.48798e+01 1.70446e+01 1.92747e+01
1.3420 2.04762e-23 1.49831e+01 1.71730e+01 1.94325e+01
1.3430 2.01424e-23 1.48978e+01 1.70845e+01 1.93429e+01
1.3440 2.01831e-23 1.48658e+01 1.70331e+01 1.92655e+01
1.3450 2.03318e-23 1.49213e+01 1.70992e+01 1.93414e+01
1.3460 2.05461e-23 1.49362e+01 1.71086e+01 1.93407e+01
1.3470 2.07344e-23 1.49873e+01 1.71731e+01 1.94216e+01
1.3480 2.04839e-23 1.49428e+01 1.71107e+01 1.93364e+01
1.3490 2.02298e-23 1.48904e+01 1.70536e+01 1.92719e+01
1.3500 2.02077e-23 1.49278e+01 1.70980e+01 1.93244e+01
1.3510 1.99976e-23 1.48709e+01 1.70407e+01 1.92689e+01
1.3520 2.03020e-23 1.49056e+01 1.70921e+01 1.93446e+01
1.3530 2.02613e-23 1.49259e+01 1.71266e+01 1.93935e+01
1.3540 2.02412e-23 1.48842e+01 1.70789e+01 1.93390e+01
1.3550 2.05265e-23 1.49763e+01 1.71874e+01 1.94698e+01
1.3560 2.03632e-23 1.49599e+01 1.71653e+01 1.94403e+01
1.3570 2.04867e-23 1.49845e+01 1.71977e+01 1.94844e+01
1.3580 2.04945e-23 1.49331e+01 1.71254e+01 1.93877e+01
1.3590 2.02533e-23 1.49029e+01 1.70927e+01 1.93530e+01
1.3600 2.05010e-23 1.49443e+01 1.71289e+01 1.93743e+01
1.3610 2.04245e-23 1.49592e+01 1.71372e+01 1.93738e+01
1.3620 2.02512e-23 1.48907e+01 1.70537e+01 1.92695e+01
1.3630 2.02726e-23 1.48836e+01 1.70404e+01 1.92523e+01
1.3640 2.02436e-23 1.48964e+01 1.70631e+01 1.92940e+01
1.3650 2.04315e-23 1.49013e+01 1.70711e+01 1.93097e+01
1.3660 2.03597e-23 1.49080e+01 1.70837e+01 1.93261e+01
1.3670 2.06820e-23 1.49563e+01 1.71440e+01 1.93984e+01
1.3680 2.06595e-23 1.49650e+01 1.71623e+01 1.94275e+01
1.3690 2.04645e-23 1.49601e+01 1.71516e+01 1.94090e+01
1.3700 2.02966e-23 1.49053e+01 1.70718e+01 1.92962e+01
1.3710 2.02487e-23 1.48833e+01 1.70389e+01 1.92482e+01
1.3720 2.00923e-23 1.48881e+01 1.70330e+01 1.92269e+01
1.3730 1.98921e-23 1.48655e+01 1.70029e+01 1.91876e+01
1.3740 1.97635e-23 1.48637e+01 1.69977e+01 1.91800e+01
1.3750 1.96842e-23 1.48280e+01 1.69531e+01 1.91234e+01
1.3760 1.97925e-23 1.48522e+01 1.69837e+01 1.91637e+01
1.3770 1.97226e-23 1.48516e+01 1.69886e+01 1.91765e+01
1.3780 1.97497e-23 1.48719e+01 1.70082e+01 1.91947e+01
1.3790 1.96208e-23 1.49011e+01 1.70444e+01 1.92423e+01
1.3800 1.95714e-23 1.48954e+01 1.70432e+01 1.92466e+01
1.3810 1.95399e-23 1.48650e+01 1.70114e+01 1.92103e+01
1.3820 1.95439e-23 1.48831e+01 1.70349e+01 1.92381e+01
1.3830 1.94420e-23 1.48605e+01 1.70121e+01 1.92158e+01
1.3840 1.95438e-23 1.48809e+01 1.70416e+01 1.92579e+01
1.3850 1.94814e-23 1.48887e+01 1.70532e+01 1.92719e+01
1.3860 1.93918e-23 1.48812e+01 1.70409e+01 1.92549e+01
1.3870 1.93099e-23 1.49096e+01 1.70802e+01 1.93077e+01
1.3880 1.94418e-23 1.49225e+01 1.71073e+01 1.93533e+01
1.3890 1.95657e-23 1.49292e+01 1.71255e+01 1.93845e+01
1.3900 1.98762e-23 1.49613e+01 1.71554e+01 1.94150e+01
1.3910 1.97631e-23 1.49720e+01 1.71742e+01 1.94380e+01
1.3920 1.96930e-23 1.49345e+01 1.71468e+01 1.94257e+01
1.3930 1.97095e-23 1.49771e+01 1.71892e+01 1.94601e+01
1.3940 1.95786e-23 1.49439e+01 1.71422e+01 1.93945e+01
1.3950 1.96024e-23 1.49491e+01 1.71340e+01 1.93680e+01
1.3960 1.98348e-23 1.49505e+01 1.71291e+01 1.93603e+01
1.3970 1.98747e-23 1.49240e+01 1.70992e+01 1.93269e+01
1.3980 1.96665e-23 1.49091e+01 1.70839e+01 1.93103e+01
1.3990 1.95027e-23 1.48769e+01 1.70486e+01 1.92722e+01
1.4000 1.95691e-23 1.48677e+01 1.70413e+01 1.92708e+01
1.4010 1.95699e-23 1.49059e+01 1.70842e+01 1.93177e+01
1.4020 1.95438e-23 1.49221e+01 1.71045e+01 1.93446e+01
1.4030 1.94718e-23 1.48785e+01 1.70499e+01 1.92745e+01
1.4040 1.94310e-23 1.49234e+01 1.71031e+01 1.93369e+01
1.4050 1.92246e-23 1.48878e+01 1.70674e+01 1.93019e+01
1.4060 1.92914e-23 1.49219e+01 1.71165e+01 1.93708e+01
1.4065 1.94206e-23 1.48997e+01 1.70897e+01 1.93371e+01
1.4070 1.94150e-23 1.49153e+01 1.71033e+01 1.93480e+01
1.4080 1.93028e-23 1.49257e+01 1.71011e+01 1.93278e+01
1.4090 1.91947e-23 1.48897e+01 1.70610e+01 1.92854e+01
1.4100 1.92292e-23 1.48620e+01 1.70240e+01 1.92381e+01
1.4110 1.91658e-23 1.48657e+01 1.70414e+01 1.92754e+01
1.4120 1.92823e-23 1.48877e+01 1.70601e+01 1.92903e+01
1.4130 1.92017e-23 1.48663e+01 1.70352e+01 1.92598e+01
1.4140 1.92251e-23 1.48561e+01 1.70245e+01 1.92459e+01
1.4150 1.89905e-23 1.48578e+01 1.70447e+01 1.92981e+01
1.4160 1.91874e-23 1.48904e+01 1.70793e+01 1.93324e+01
1.4170 1.92243e-23 1.48941e+01 1.70834e+01 1.93393e+01
1.4180 1.91590e-23 1.48639e+01 1.70543e+01 1.93109e+01
1.4190 1.92425e-23 1.48786e+01 1.70687e+01 1.93278e+01
1.4200 1.92123e-23 1.48856e+01 1.70850e+01 1.93589e+01
1.4210 1.90998e-23 1.48856e+01 1.70877e+01 1.93603e+01
1.4220 1.90902e-23 1.48698e+01 1.70582e+01 1.93101e+01
1.4230 1.92657e-23 1.49059e+01 1.71001e+01 1.93629e+01
1.4240 1.94080e-23 1.49340e+01 1.71270e+01 1.93885e+01
1.4250 1.93273e-23 1.49191e+01 1.70950e+01 1.93315e+01
1.4260 1.92417e-23 1.49102e+01 1.70819e+01 1.93164e+01
1.4270 1.90331e-23 1.48907e+01 1.70525e+01 1.92716e+01
1.4280 1.91074e-23 1.48884e+01 1.70584e+01 1.92869e+01
1.4290 1.92055e-23 1.49247e+01 1.71125e+01 1.93646e+01
1.4300 1.92325e-23 1.49704e+01 1.71913e+01 1.94900e+01
1.4310 1.93508e-23 1.50071e+01 1.72402e+01 1.95512e+01
1.4320 1.97110e-23 1.50712e+01 1.73263e+01 1.96669e+01
1.4330 2.00300e-23 1.51095e+01 1.73774e+01 1.97330e+01
1.4340 2.00427e-23 1.51369e+01 1.74228e+01 1.98003e+01
1.4350 1.99719e-23 1.51062e+01 1.73863e+01 1.97528e+01
1.4360 1.99627e-23 1.50804e+01 1.73580e+01 1.97217e+01
1.4370 1.98955e-23 1.51239e+01 1.74092e+01 1.97793e+01
1.4380 1.98739e-23 1.50063e+01 1.72458e+01 1.95593e+01
1.4390 1.97509e-23 1.49829e+01 1.71938e+01 1.94679e+01
1.4400 1.94916e-23 1.49402e+01 1.71358e+01 1.93890e+01
1.4410 1.94921e-23 1.49604e+01 1.71559e+01 1.94080e+01
1.4420 1.93951e-23 1.49398e+01 1.71275e+01 1.93661e+01
1.4430 1.93168e-23 1.49267e+01 1.71045e+01 1.93333e+01
1.4440 1.92659e-23 1.49006e+01 1.70725e+01 1.92987e+01
1.4450 1.92976e-23 1.49626e+01 1.71749e+01 1.94627e+01
1.4460 1.91926e-23 1.48745e+01 1.70582e+01 1.93058e+01
1.4470 1.90498e-23 1.48669e+01 1.70428e+01 1.92784e+01
1.4480 1.89453e-23 1.48636e+01 1.70180e+01 1.92234e+01
1.4490 1.87918e-23 1.48624e+01 1.70032e+01 1.91866e+01
1.4500 1.86858e-23 1.48526e+01 1.69924e+01 1.91760e+01
1.4510 1.85497e-23 1.48212e+01 1.69480e+01 1.91180e+01
1.4520 1.84890e-23 1.48298e+01 1.69509e+01 1.91112e+01
1.4530 1.85011e-23 1.48003e+01 1.69205e+01 1.90828e+01
1.4540 1.84465e-23 1.47989e+01 1.69172e+01 1.90798e+01
1.4550 1.84130e-23 1.47836e+01 1.68963e+01 1.90532e+01
1.4560 1.83943e-23 1.47801e+01 1.68887e+01 1.90398e+01
1.4570 1.83188e-23 1.47711e+01 1.68781e+01 1.90260e+01
1.4580 1.81595e-23 1.47496e+01 1.68578e+01 1.90089e+01
1.4590 1.82580e-23 1.47538e+01 1.68590e+01 1.90056e+01
1.4600 1.81831e-23 1.47679e+01 1.68740e+01 1.90237e+01
1.4610 1.82125e-23 1.47643e+01 1.68684e+01 1.90176e+01
1.4620 1.82248e-23 1.47718e+01 1.68758e+01 1.90227e+01
1.4630 1.82176e-23 1.47629e+01 1.68707e+01 1.90222e+01
1.4640 1.82522e-23 1.47614e+01 1.68639e+01 1.90079e+01
1.4650 1.81345e-23 1.47430e+01 1.68417e+01 1.89811e+01
1.4660 1.82529e-23 1.47673e+01 1.68848e+01 1.90565e+01
1.4670 1.84044e-23 1.48470e+01 1.70132e+01 1.92528e+01
1.4680 1.83107e-23 1.47996e+01 1.69529e+01 1.91695e+01
1.4690 1.82630e-23 1.47814e+01 1.69253e+01 1.91301e+01
1.4700 1.82158e-23 1.47566e+01 1.68869e+01 1.90721e+01
1.4710 1.80920e-23 1.47745e+01 1.68998e+01 1.90737e+01
1.4720 1.81230e-23 1.48139e+01 1.69392e+01 1.91123e+01
1.4730 1.80499e-23 1.48157e+01 1.69456e+01 1.91259e+01
1.4740 1.80364e-23 1.47996e+01 1.69252e+01 1.90994e+01
1.4750 1.80876e-23 1.48013e+01 1.69200e+01 1.90860e+01
1.4760 1.81416e-23 1.47954e+01 1.69104e+01 1.90714e+01
1.4770 1.80919e-23 1.47765e+01 1.68972e+01 1.90689e+01
1.4780 1.81781e-23 1.48029e+01 1.69364e+01 1.91226e+01
1.4790 1.81294e-23 1.48035e+01 1.69378e+01 1.91288e+01
1.4800 1.82808e-23 1.48494e+01 1.69986e+01 1.92076e+01
1.4810 1.83842e-23 1.48693e+01 1.70279e+01 1.92449e+01
1.4820 1.84520e-23 1.49368e+01 1.71093e+01 1.93410e+01
1.4830 1.86307e-23 1.50385e+01 1.72773e+01 1.96017e+01
1.4840 1.86037e-23 1.50111e+01 1.72501e+01 1.95721e+01
1.4850 1.88221e-23 1.50516e+01 1.73218e+01 1.96848e+01
1.4860 1.89654e-23 1.50588e+01 1.73324e+01 1.96970e+01
1.4870 1.90299e-23 1.50704e+01 1.73384e+01 1.96904e+01
1.4880 1.90371e-23 1.50338e+01 1.72921e+01 1.96239e+01
1.4890 1.88992e-23 1.50467e+01 1.72892e+01 1.96041e+01
1.4900 1.88246e-23 1.50077e+01 1.72284e+01 1.95126e+01
1.4910 1.86839e-23 1.49731e+01 1.71755e+01 1.94362e+01
1.4920 1.85621e-23 1.49884e+01 1.71892e+01 1.94457e+01
1.4930 1.88356e-23 1.50231e+01 1.72179e+01 1.94647e+01
1.4940 1.87998e-23 1.49769e+01 1.71489e+01 1.93679e+01
1.4950 1.85706e-23 1.49746e+01 1.71527e+01 1.93782e+01
1.4960 1.86376e-23 1.49557e+01 1.71224e+01 1.93314e+01
1.4970 1.86907e-23 1.49311e+01 1.70905e+01 1.92915e+01
1.4980 1.86797e-23 1.49477e+01 1.71037e+01 1.93048e+01
1.4990 1.84948e-23 1.49227e+01 1.70801e+01 1.92847e+01
1.5000 1.83642e-23 1.48983e+01 1.70507e+01 1.92506e+01
1.5010 1.83613e-23 1.48953e+01 1.70367e+01 1.92227e+01
1.5020 1.84549e-23 1.49145e+01 1.70638e+01 1.92608e+01
1.5030 1.84000e-23 1.49192e+01 1.70813e+01 1.93001e+01
1.5040 1.83492e-23 1.49097e+01 1.70653e+01 1.92708e+01
1.5050 1.83869e-23 1.48963e+01 1.70486e+01 1.92490e+01
1.5060 1.85055e-23 1.49356e+01 1.71019e+01 1.93202e+01
1.5070 1.85363e-23 1.49638e+01 1.71415e+01 1.93767e+01
1.5080 1.84734e-23 1.49261e+01 1.70934e+01 1.93164e+01
1.5090 1.83188e-23 1.48871e+01 1.70386e+01 1.92382e+01
1.5100 1.83142e-23 1.48993e+01 1.70484e+01 1.92482e+01
1.5110 1.83042e-23 1.48850e+01 1.70319e+01 1.92309e+01
1.5120 1.82540e-23 1.48722e+01 1.70220e+01 1.92229e+01
1.5130 1.83087e-23 1.48813e+01 1.70454e+01 1.92681e+01
1.5140 1.82537e-23 1.48935e+01 1.70419e+01 1.92390e+01
1.5150 1.80365e-23 1.48953e+01 1.70452e+01 1.92404e+01
1.5160 1.80814e-23 1.48824e+01 1.70352e+01 1.92354e+01
1.5170 1.79093e-23 1.48700e+01 1.70189e+01 1.92124e+01
1.5180 1.79398e-23 1.48526e+01 1.70081e+01 1.92137e+01
1.5190 1.80451e-23 1.48740e+01 1.70415e+01 1.92641e+01
1.5200 1.79287e-23 1.48511e+01 1.70227e+01 1.92477e+01
1.5210 1.79209e-23 1.48694e+01 1.70559e+01 1.92984e+01
1.5220 1.81756e-23 1.49005e+01 1.71133e+01 1.93943e+01
1.5230 1.81537e-23 1.49051e+01 1.71180e+01 1.93982e+01
1.5240 1.80959e-23 1.49460e+01 1.71679e+01 1.94586e+01
1.5250 1.81046e-23 1.48853e+01 1.70957e+01 1.93732e+01
1.5260 1.81891e-23 1.48967e+01 1.70950e+01 1.93606e+01
1.5270 1.82335e-23 1.49468e+01 1.71562e+01 1.94336e+01
1.5280 1.80249e-23 1.49056e+01 1.71228e+01 1.94121e+01
1.5290 1.80605e-23 1.49067e+01 1.71000e+01 1.93575e+01
1.5300 1.81340e-23 1.49328e+01 1.71403e+01 1.94140e+01
1.5310 1.81838e-23 1.49667e+01 1.71772e+01 1.94550e+01
1.5320 1.81624e-23 1.50137e+01 1.72585e+01 1.95764e+01
1.5330 1.82377e-23 1.50313e+01 1.73017e+01 1.96549e+01
1.5340 1.82449e-23 1.50113e+01 1.72656e+01 1.95968e+01
1.5350 1.81075e-23 1.49818e+01 1.72222e+01 1.95320e+01
1.5360 1.81493e-23 1.49557e+01 1.71958e+01 1.95101e+01
1.5370 1.81482e-23 1.49756e+01 1.72207e+01 1.95406e+01
1.5380 1.83759e-23 1.50051e+01 1.72473e+01 1.95640e+01
1.5390 1.83900e-23 1.50229e+01 1.72637e+01 1.95763e+01
1.5400 1.82937e-23 1.50250e+01 1.72652e+01 1.95738e+01
1.5410 1.82803e-23 1.49988e+01 1.72442e+01 1.95598e+01
1.5420 1.82762e-23 1.49974e+01 1.72448e+01 1.95641e+01
1.5430 1.84186e-23 1.50303e+01 1.72892e+01 1.96202e+01
1.5440 1.83671e-23 1.50311e+01 1.72890e+01 1.96215e+01
1.5450 1.85494e-23 1.50639e+01 1.73336e+01 1.96812e+01
1.5460 1.89501e-23 1.51482e+01 1.74564e+01 1.98603e+01
1.5470 1.87402e-23 1.51144e+01 1.74228e+01 1.98275e+01
1.5480 1.87845e-23 1.51266e+01 1.74253e+01 1.98142e+01
1.5490 1.86256e-23 1.50652e+01 1.73388e+01 1.96925e+01
1.5500 1.83208e-23 1.50207e+01 1.72701e+01 1.95917e+01
1.5510 1.82505e-23 1.50163e+01 1.72681e+01 1.95943e+01
1.5520 1.84434e-23 1.50431e+01 1.72967e+01 1.96254e+01
1.5530 1.83878e-23 1.50636e+01 1.73291e+01 1.96719e+01
1.5540 1.86961e-23 1.50999e+01 1.73819e+01 1.97540e+01
1.5550 1.88191e-23 1.51534e+01 1.74673e+01 1.98870e+01
1.5560 1.89129e-23 1.51588e+01 1.74830e+01 1.99117e+01
1.5570 1.91194e-23 1.52492e+01 1.76033e+01 2.00796e+01
1.5577 1.93023e-23 1.52490e+01 1.75821e+01 2.00190e+01
1.5580 1.92509e-23 1.52486e+01 1.75734e+01 1.99971e+01
1.5590 1.93743e-23 1.52486e+01 1.75711e+01 1.99875e+01
1.5600 1.96607e-23 1.52415e+01 1.75659e+01 1.99890e+01
1.5610 1.99471e-23 1.53393e+01 1.77128e+01 2.02052e+01
1.5620 1.96605e-23 1.53015e+01 1.76452e+01 2.00893e+01
1.5630 1.96593e-23 1.52475e+01 1.75739e+01 1.99996e+01
1.5640 1.97821e-23 1.53064e+01 1.76590e+01 2.01227e+01
1.5650 2.00126e-23 1.53346e+01 1.76929e+01 2.01638e+01
1.5660 2.01359e-23 1.53413e+01 1.76972e+01 2.01600e+01
1.5670 2.02163e-23 1.53532e+01 1.77142e+01 2.01823e+01
1.5680 2.00325e-23 1.53415e+01 1.76939e+01 2.01486e+01
1.5690 1.98294e-23 1.53298e+01 1.76844e+01 2.01415e+01
1.5700 1.99214e-23 1.53110e+01 1.76640e+01 2.01201e+01
1.5710 1.99360e-23 1.53524e+01 1.77152e+01 2.01774e+01
1.5720 1.97470e-23 1.52638e+01 1.75835e+01 1.99913e+01
1.5730 1.95696e-23 1.52573e+01 1.75720e+01 1.99748e+01
1.5740 1.92618e-23 1.52252e+01 1.75495e+01 1.99632e+01
1.5750 1.95009e-23 1.52246e+01 1.75329e+01 1.99272e+01
1.5760 1.92100e-23 1.51819e+01 1.74795e+01 1.98606e+01
1.5770 1.90797e-23 1.51610e+01 1.74621e+01 1.98457e+01
1.5780 1.92966e-23 1.51865e+01 1.74974e+01 1.98961e+01
1.5790 1.91317e-23 1.51528e+01 1.74489e+01 1.98259e+01
1.5800 1.85830e-23 1.50760e+01 1.73620e+01 1.97274e+01
1.5810 1.82826e-23 1.50290e+01 1.72854e+01 1.96122e+01
1.5820 1.81165e-23 1.49840e+01 1.72266e+01 1.95417e+01
1.5830 1.83211e-23 1.50601e+01 1.73307e+01 1.96799e+01
1.5840 1.83753e-23 1.50584e+01 1.73284e+01 1.96779e+01
1.5850 1.81819e-23 1.50104e+01 1.72696e+01 1.96044e+01
1.5860 1.79486e-23 1.49769e+01 1.72256e+01 1.95486e+01
1.5870 1.79105e-23 1.50008e+01 1.72520e+01 1.95818e+01
1.5880 1.82085e-23 1.50271e+01 1.72762e+01 1.96076e+01
1.5890 1.84392e-23 1.51218e+01 1.74043e+01 1.97830e+01
1.5900 1.89404e-23 1.52484e+01 1.75944e+01 2.00656e+01
1.5910 1.93801e-23 1.53341e+01 1.77265e+01 2.02639e+01
1.5920 1.93217e-23 1.52683e+01 1.75996e+01 2.00376e+01
1.5930 1.89661e-23 1.51938e+01 1.75043e+01 1.99152e+01
1.5940 1.86814e-23 1.51400e+01 1.74303e+01 1.98087e+01
1.5950 1.85745e-23 1.51197e+01 1.73922e+01 1.97440e+01
1.5960 1.82666e-23 1.50627e+01 1.73102e+01 1.96321e+01
1.5970 1.84165e-23 1.50777e+01 1.73254e+01 1.96437e+01
1.5980 1.83917e-23 1.50807e+01 1.73300e+01 1.96530e+01
1.5990 1.81497e-23 1.50117e+01 1.72296e+01 1.95116e+01
1.6000 1.79577e-23 1.49756e+01 1.71861e+01 1.94588e+01
1.6010 1.77151e-23 1.49667e+01 1.71692e+01 1.94331e+01
1.6020 1.76629e-23 1.49596e+01 1.71608e+01 1.94243e+01
1.6030 1.75806e-23 1.49304e+01 1.71267e+01 1.93847e+01
1.6040 1.75829e-23 1.49133e+01 1.71077e+01 1.93624e+01
1.6050 1.75182e-23 1.49139e+01 1.70989e+01 1.93419e+01
1.6060 1.73893e-23 1.49089e+01 1.70837e+01 1.93118e+01
1.6070 1.74777e-23 1.49439e+01 1.71164e+01 1.93426e+01
1.6080 1.73573e-23 1.49205e+01 1.70893e+01 1.93127e+01
1.6090 1.73747e-23 1.49015e+01 1.70694e+01 1.92957e+01
1.6100 1.75385e-23 1.49128e+01 1.70804e+01 1.93018e+01
1.6110 1.73491e-23 1.49222e+01 1.70968e+01 1.93268e+01
1.6120 1.72726e-23 1.49035e+01 1.70718e+01 1.92984e+01
1.6130 1.74019e-23 1.49283e+01 1.71123e+01 1.93611e+01
1.6140 1.75439e-23 1.49711e+01 1.71674e+01 1.94296e+01
1.6150 1.74943e-23 1.49797e+01 1.71785e+01 1.94429e+01
1.6160 1.75195e-23 1.49686e+01 1.71546e+01 1.94039e+01
1.6170 1.73321e-23 1.49371e+01 1.71041e+01 1.93249e+01
1.6180 1.74383e-23 1.49370e+01 1.71018e+01 1.93186e+01
1.6190 1.72498e-23 1.49483e+01 1.71180e+01 1.93420e+01
1.6200 1.71289e-23 1.49137e+01 1.70738e+01 1.92873e+01
1.6210 1.72294e-23 1.49308e+01 1.70895e+01 1.93007e+01
1.6220 1.73239e-23 1.49511e+01 1.71143e+01 1.93310e+01
1.6230 1.73775e-23 1.49941e+01 1.71667e+01 1.93931e+01
1.6240 1.73818e-23 1.49859e+01 1.71613e+01 1.93904e+01
1.6250 1.72842e-23 1.49713e+01 1.71358e+01 1.93504e+01
1.6260 1.72025e-23 1.49598e+01 1.71268e+01 1.93416e+01
1.6270 1.71710e-23 1.49767e+01 1.71454e+01 1.93612e+01
1.6280 1.71772e-23 1.49643e+01 1.71305e+01 1.93452e+01
1.6290 1.72911e-23 1.49843e+01 1.71480e+01 1.93598e+01
1.6300 1.72765e-23 1.49726e+01 1.71324e+01 1.93412e+01
1.6310 1.72604e-23 1.49622e+01 1.71067e+01 1.92955e+01
1.6320 1.72617e-23 1.49761e+01 1.71220e+01 1.93164e+01
1.6330 1.73439e-23 1.49632e+01 1.71136e+01 1.93149e+01
1.6340 1.73875e-23 1.49634e+01 1.71101e+01 1.93051e+01
1.6350 1.73717e-23 1.49414e+01 1.70855e+01 1.92800e+01
1.6360 1.73062e-23 1.49273e+01 1.70691e+01 1.92596e+01
1.6370 1.74045e-23 1.49637e+01 1.71176e+01 1.93232e+01
1.6380 1.75318e-23 1.49705e+01 1.71274e+01 1.93387e+01
1.6390 1.74367e-23 1.49872e+01 1.71451e+01 1.93518e+01
1.6400 1.74114e-23 1.49896e+01 1.71485e+01 1.93561e+01
1.6410 1.74972e-23 1.50033e+01 1.71547e+01 1.93547e+01
1.6420 1.75125e-23 1.50067e+01 1.71583e+01 1.93579e+01
1.6430 1.74062e-23 1.49820e+01 1.71177e+01 1.92998e+01
1.6440 1.72097e-23 1.49667e+01 1.70902e+01 1.92574e+01
1.6450 1.71795e-23 1.49483e+01 1.70856e+01 1.92734e+01
1.6460 1.71936e-23 1.49512e+01 1.70999e+01 1.93010e+01
1.6470 1.72925e-23 1.49462e+01 1.70928e+01 1.92914e+01
1.6480 1.73831e-23 1.49766e+01 1.71271e+01 1.93314e+01
1.6490 1.73754e-23 1.49963e+01 1.71606e+01 1.93803e+01
1.6500 1.72575e-23 1.50001e+01 1.71732e+01 1.94092e+01
1.6510 1.72707e-23 1.50106e+01 1.71667e+01 1.93755e+01
1.6520 1.72298e-23 1.49755e+01 1.71237e+01 1.93218e+01
1.6530 1.72895e-23 1.49749e+01 1.71243e+01 1.93259e+01
1.6540 1.72263e-23 1.49747e+01 1.71164e+01 1.93087e+01
1.6550 1.71533e-23 1.49446e+01 1.70764e+01 1.92588e+01
1.6560 1.71458e-23 1.49580e+01 1.70983e+01 1.92943e+01
1.6570 1.70833e-23 1.49532e+01 1.70841e+01 1.92684e+01
1.6580 1.70049e-23 1.49500e+01 1.70743e+01 1.92468e+01
1.6590 1.70019e-23 1.49574e+01 1.70800e+01 1.92507e+01
1.6600 1.70178e-23 1.49706e+01 1.70967e+01 1.92728e+01
1.6610 1.69989e-23 1.49906e+01 1.71230e+01 1.93083e+01
1.6620 1.70493e-23 1.50007e+01 1.71322e+01 1.93142e+01
1.6630 1.70301e-23 1.50156e+01 1.71424e+01 1.93202e+01
1.6640 1.69725e-23 1.49973e+01 1.71181e+01 1.92868e+01
1.6650 1.69129e-23 1.49941e+01 1.71146e+01 1.92833e+01
1.6660 1.69536e-23 1.50021e+01 1.71196e+01 1.92830e+01
1.6670 1.70154e-23 1.49885e+01 1.71068e+01 1.92713e+01
1.6680 1.69111e-23 1.49874e+01 1.71150e+01 1.92936e+01
1.6690 1.68186e-23 1.49945e+01 1.71213e+01 1.92983e+01
1.6700 1.68684e-23 1.50093e+01 1.71372e+01 1.93127e+01
1.6710 1.69329e-23 1.50030e+01 1.71386e+01 1.93271e+01
1.6720 1.70257e-23 1.49821e+01 1.71151e+01 1.93001e+01
1.6730 1.71133e-23 1.49847e+01 1.71141e+01 1.92957e+01
1.6740 1.70801e-23 1.50120e+01 1.71529e+01 1.93486e+01
1.6750 1.68666e-23 1.50050e+01 1.71514e+01 1.93501e+01
1.6760 1.68325e-23 1.50152e+01 1.71572e+01 1.93479e+01
1.6770 1.69770e-23 1.50126e+01 1.71400e+01 1.93117e+01
1.6780 1.68491e-23 1.49932e+01 1.71092e+01 1.92678e+01
1.6790 1.68058e-23 1.50186e+01 1.71422e+01 1.93099e+01
1.6800 1.68406e-23 1.50128e+01 1.71321e+01 1.92966e+01
1.6810 1.68777e-23 1.50185e+01 1.71347e+01 1.92957e+01
1.6820 1.67280e-23 1.49898e+01 1.71035e+01 1.92652e+01
1.6830 1.67018e-23 1.49788e+01 1.70960e+01 1.92643e+01
1.6840 1.67903e-23 1.49795e+01 1.70981e+01 1.92708e+01
1.6850 1.68072e-23 1.49897e+01 1.71107e+01 1.92826e+01
1.6860 1.68982e-23 1.50448e+01 1.71847e+01 1.93834e+01
1.6870 1.68480e-23 1.50473e+01 1.71856e+01 1.93808e+01
1.6880 1.70279e-23 1.50513e+01 1.71884e+01 1.93837e+01
1.6890 1.69910e-23 1.50627e+01 1.72016e+01 1.94021e+01
1.6900 1.71027e-23 1.51003e+01 1.72499e+01 1.94648e+01
1.6910 1.71078e-23 1.51036e+01 1.72609e+01 1.94906e+01
1.6920 1.71334e-23 1.50957e+01 1.72470e+01 1.94650e+01
1.6930 1.72838e-23 1.51295e+01 1.72774e+01 1.94820e+01
1.6940 1.71697e-23 1.51206e+01 1.72693e+01 1.94776e+01
1.6950 1.71167e-23 1.51199e+01 1.72611e+01 1.94569e+01
1.6960 1.70143e-23 1.51146e+01 1.72567e+01 1.94557e+01
1.6970 1.71528e-23 1.50995e+01 1.72372e+01 1.94354e+01
1.6980 1.71572e-23 1.50988e+01 1.72371e+01 1.94336e+01
1.6988 1.70424e-23 1.50975e+01 1.72316e+01 1.94234e+01
1.6990 1.70311e-23 1.51165e+01 1.72548e+01 1.94502e+01
1.7000 1.70144e-23 1.51241e+01 1.72649e+01 1.94625e+01
1.7010 1.70757e-23 1.51326e+01 1.72689e+01 1.94583e+01
1.7020 1.71871e-23 1.51428e+01 1.72816e+01 1.94761e+01
1.7030 1.72130e-23 1.51677e+01 1.73097e+01 1.95081e+01
1.7040 1.71609e-23 1.51682e+01 1.73025e+01 1.94877e+01
1.7050 1.71114e-23 1.51673e+01 1.72958e+01 1.94740e+01
1.7060 1.71651e-23 1.51534e+01 1.72794e+01 1.94547e+01
1.7070 1.72175e-23 1.51737e+01 1.73016e+01 1.94784e+01
1.7080 1.71370e-23 1.51890e+01 1.73232e+01 1.95081e+01
1.7090 1.70752e-23 1.51884e+01 1.73228e+01 1.95078e+01
1.7100 1.70478e-23 1.51773e+01 1.73058e+01 1.94864e+01
1.7110 1.70228e-23 1.51781e+01 1.73033e+01 1.94800e+01
1.7120 1.70266e-23 1.51776e+01 1.73094e+01 1.94959e+01
1.7130 1.71994e-23 1.51949e+01 1.73353e+01 1.95314e+01
1.7140 1.71748e-23 1.51958e+01 1.73373e+01 1.95340e+01
1.7150 1.70243e-23 1.51948e+01 1.73275e+01 1.95111e+01
1.7160 1.70278e-23 1.51802e+01 1.73094e+01 1.94921e+01
1.7170 1.70907e-23 1.51693e+01 1.73052e+01 1.94982e+01
1.7180 1.70700e-23 1.51830e+01 1.73220e+01 1.95199e+01
1.7190 1.70760e-23 1.52165e+01 1.73672e+01 1.95772e+01
1.7200 1.70322e-23 1.52191e+01 1.73620e+01 1.95605e+01
1.7210 1.70800e-23 1.52256e+01 1.73722e+01 1.95769e+01
1.7220 1.71871e-23 1.52280e+01 1.73721e+01 1.95730e+01
1.7230 1.70330e-23 1.52288e+01 1.73765e+01 1.95789e+01
1.7240 1.70442e-23 1.52525e+01 1.74092e+01 1.96241e+01
1.7250 1.72414e-23 1.52993e+01 1.74626e+01 1.96820e+01
1.7260 1.71414e-23 1.52776e+01 1.74533e+01 1.96925e+01
1.7270 1.70223e-23 1.52962e+01 1.74728e+01 1.97154e+01
1.7280 1.69820e-23 1.52595e+01 1.74180e+01 1.96329e+01
1.7290 1.69875e-23 1.52662e+01 1.74315e+01 1.96578e+01
1.7300 1.70092e-23 1.52754e+01 1.74403e+01 1.96652e+01
1.7310 1.69578e-23 1.52695e+01 1.74457e+01 1.96873e+01
1.7320 1.69803e-23 1.52690e+01 1.74441e+01 1.96824e+01
1.7330 1.69994e-23 1.52705e+01 1.74446e+01 1.96834e+01
1.7340 1.70023e-23 1.52566e+01 1.74200e+01 1.96448e+01
1.7350 1.68765e-23 1.52487e+01 1.74099e+01 1.96351e+01
1.7360 1.69295e-23 1.52743e+01 1.74382e+01 1.96618e+01
1.7370 1.67887e-23 1.52473e+01 1.74004e+01 1.96106e+01
1.7380 1.67910e-23 1.52583e+01 1.74131e+01 1.96258e+01
1.7390 1.68568e-23 1.52669e+01 1.74248e+01 1.96410e+01
1.7400 1.67833e-23 1.52767e+01 1.74346e+01 1.96525e+01
1.7410 1.67608e-23 1.52669e+01 1.74285e+01 1.96499e+01
1.7420 1.67636e-23 1.52747e+01 1.74314e+01 1.96449e+01
1.7430 1.68333e-23 1.52851e+01 1.74357e+01 1.96417e+01
1.7440 1.66909e-23 1.52884e+01 1.74424e+01 1.96521e+01
1.7450 1.67067e-23 1.52745e+01 1.74384e+01 1.96643e+01
1.7460 1.68506e-23 1.53107e+01 1.74850e+01 1.97215e+01
1.7470 1.68445e-23 1.53394e+01 1.75342e+01 1.97929e+01
1.7480 1.68400e-23 1.53333e+01 1.75300e+01 1.97943e+01
1.7490 1.70039e-23 1.53369e+01 1.75396e+01 1.98084e+01
1.7500 1.68869e-23 1.53345e+01 1.75315e+01 1.97918e+01
1.7510 1.67771e-23 1.53408e+01 1.75380e+01 1.97981e+01
1.7520 1.68513e-23 1.53467e+01 1.75509e+01 1.98185e+01
1.7530 1.70566e-23 1.53796e+01 1.75917e+01 1.98713e+01
1.7540 1.69640e-23 1.53702e+01 1.75670e+01 1.98238e+01
1.7550 1.69534e-23 1.53761e+01 1.75749e+01 1.98335e+01
1.7560 1.68698e-23 1.53798e+01 1.75820e+01 1.98444e+01
1.7570 1.68749e-23 1.53876e+01 1.75947e+01 1.98630e+01
1.7580 1.68660e-23 1.53736e+01 1.75751e+01 1.98359e+01
1.7590 1.67703e-23 1.53855e+01 1.75935e+01 1.98627e+01
1.7600 1.67957e-23 1.53779e+01 1.75792e+01 1.98418e+01
1.7610 1.67949e-23 1.53399e+01 1.75488e+01 1.98218e+01
1.7620 1.67714e-23 1.53605e+01 1.75704e+01 1.98409e+01
1.7630 1.67464e-23 1.53504e+01 1.75586e+01 1.98258e+01
1.7640 1.68057e-23 1.53893e+01 1.76060e+01 1.98847e+01
1.7650 1.68681e-23 1.53957e+01 1.76139e+01 1.98950e+01
