# 1:time 2:Lum 3:eave 4:erms 5:eskw
0.0100 2.65296e-22 1.22094e+01 1.37168e+01 1.52703e+01
0.0110 2.25123e-22 1.18422e+01 1.32549e+01 1.47066e+01
0.0120 1.88467e-22 1.15534e+01 1.29136e+01 1.42866e+01
0.0130 1.77967e-22 1.13724e+01 1.26762e+01 1.39843e+01
0.0140 1.63111e-22 1.10347e+01 1.23129e+01 1.36180e+01
0.0150 1.53245e-22 1.10268e+01 1.23528e+01 1.37047e+01
0.0160 1.43303e-22 1.07842e+01 1.20743e+01 1.33941e+01
0.0170 1.38159e-22 1.07150e+01 1.19507e+01 1.32053e+01
0.0180 1.29209e-22 1.05354e+01 1.18282e+01 1.31515e+01
0.0190 1.23937e-22 1.05322e+01 1.17613e+01 1.29978e+01
0.0200 1.17096e-22 1.02670e+01 1.15376e+01 1.28369e+01
0.0210 1.12881e-22 1.01368e+01 1.13874e+01 1.26655e+01
0.0220 1.10143e-22 1.00345e+01 1.12672e+01 1.25265e+01
0.0230 1.06610e-22 9.89724e+00 1.11049e+01 1.23379e+01
0.0240 1.03484e-22 9.77289e+00 1.09586e+01 1.21702e+01
0.0250 1.01438e-22 9.68792e+00 1.08545e+01 1.20485e+01
0.0260 9.92678e-23 9.64161e+00 1.08320e+01 1.20647e+01
0.0270 9.77052e-23 9.59293e+00 1.07817e+01 1.20185e+01
0.0280 9.63562e-23 9.56378e+00 1.07540e+01 1.19966e+01
0.0290 9.43510e-23 9.51379e+00 1.07027e+01 1.19486e+01
0.0300 9.24646e-23 9.46289e+00 1.06436e+01 1.18828e+01
0.0310 9.10519e-23 9.43440e+00 1.06149e+01 1.18561e+01
0.0320 9.00317e-23 9.40673e+00 1.05824e+01 1.18199e+01
0.0330 8.89849e-23 9.38893e+00 1.05652e+01 1.18052e+01
0.0340 8.78354e-23 9.36208e+00 1.05339e+01 1.17698e+01
0.0350 8.68496e-23 9.34772e+00 1.05201e+01 1.17580e+01
0.0360 8.59340e-23 9.33746e+00 1.05150e+01 1.17614e+01
0.0370 8.53503e-23 9.33702e+00 1.05204e+01 1.17750e+01
0.0380 8.46028e-23 9.32581e+00 1.05109e+01 1.17685e+01
0.0390 8.40111e-23 9.32734e+00 1.05199e+01 1.17882e+01
0.0400 8.34759e-23 9.33174e+00 1.05326e+01 1.18122e+01
0.0410 8.28894e-23 9.33001e+00 1.05351e+01 1.18211e+01
0.0420 8.24600e-23 9.32868e+00 1.05371e+01 1.18282e+01
0.0430 8.21885e-23 9.33657e+00 1.05538e+01 1.18563e+01
0.0440 8.18735e-23 9.33618e+00 1.05566e+01 1.18629e+01
0.0450 8.16260e-23 9.34552e+00 1.05721e+01 1.18852e+01
0.0460 8.13460e-23 9.34971e+00 1.05779e+01 1.18924e+01
0.0470 8.11205e-23 9.35369e+00 1.05823e+01 1.18967e+01
0.0480 8.10450e-23 9.35918e+00 1.05894e+01 1.19051e+01
0.0490 8.11305e-23 9.36785e+00 1.05999e+01 1.19170e+01
0.0500 8.11911e-23 9.37764e+00 1.06146e+01 1.19370e+01
0.0510 8.11607e-23 9.38732e+00 1.06297e+01 1.19580e+01
0.0520 8.10045e-23 9.39392e+00 1.06399e+01 1.19719e+01
0.0530 8.09677e-23 9.40748e+00 1.06580e+01 1.19948e+01
0.0540 8.08872e-23 9.41520e+00 1.06666e+01 1.20036e+01
0.0550 8.10233e-23 9.42898e+00 1.06832e+01 1.20225e+01
0.0560 8.12702e-23 9.44701e+00 1.07066e+01 1.20512e+01
0.0570 8.14852e-23 9.46405e+00 1.07290e+01 1.20790e+01
0.0580 8.16156e-23 9.47935e+00 1.07490e+01 1.21033e+01
0.0590 8.17157e-23 9.49751e+00 1.07727e+01 1.21327e+01
0.0600 8.18057e-23 9.51294e+00 1.07913e+01 1.21538e+01
0.0610 8.20836e-23 9.53780e+00 1.08221e+01 1.21903e+01
0.0620 8.22789e-23 9.55718e+00 1.08465e+01 1.22195e+01
0.0630 8.24869e-23 9.57319e+00 1.08650e+01 1.22397e+01
0.0640 8.27843e-23 9.59856e+00 1.08976e+01 1.22799e+01
0.0650 8.29196e-23 9.61203e+00 1.09127e+01 1.22956e+01
0.0660 8.32587e-23 9.64122e+00 1.09493e+01 1.23399e+01
0.0670 8.34272e-23 9.65882e+00 1.09699e+01 1.23625e+01
0.0680 8.37863e-23 9.68541e+00 1.10015e+01 1.23984e+01
0.0690 8.40779e-23 9.71043e+00 1.10323e+01 1.24348e+01
0.0700 8.45186e-23 9.74121e+00 1.10702e+01 1.24791e+01
0.0710 8.47963e-23 9.76703e+00 1.11025e+01 1.25177e+01
0.0720 8.50415e-23 9.78779e+00 1.11266e+01 1.25442e+01
0.0730 8.53933e-23 9.81713e+00 1.11643e+01 1.25903e+01
0.0740 8.55919e-23 9.84052e+00 1.11916e+01 1.26208e+01
0.0750 8.59165e-23 9.86696e+00 1.12226e+01 1.26554e+01
0.0760 8.61671e-23 9.89408e+00 1.12563e+01 1.26953e+01
0.0770 8.63866e-23 9.91571e+00 1.12806e+01 1.27211e+01
0.0780 8.67327e-23 9.94707e+00 1.13193e+01 1.27668e+01
0.0790 8.70496e-23 9.97629e+00 1.13545e+01 1.28074e+01
0.0800 8.73059e-23 1.00015e+01 1.13838e+01 1.28399e+01
0.0810 8.75304e-23 1.00246e+01 1.14108e+01 1.28697e+01
0.0820 8.78379e-23 1.00514e+01 1.14421e+01 1.29046e+01
0.0830 8.82497e-23 1.00856e+01 1.14848e+01 1.29553e+01
0.0840 8.84978e-23 1.01113e+01 1.15154e+01 1.29900e+01
0.0850 8.87208e-23 1.01390e+01 1.15481e+01 1.30270e+01
0.0860 8.89075e-23 1.01641e+01 1.15782e+01 1.30614e+01
0.0870 8.91500e-23 1.01905e+01 1.16098e+01 1.30976e+01
0.0880 8.93534e-23 1.02152e+01 1.16395e+01 1.31314e+01
0.0890 8.95721e-23 1.02385e+01 1.16666e+01 1.31611e+01
0.0900 8.97829e-23 1.02683e+01 1.17019e+01 1.32014e+01
0.0910 8.99733e-23 1.02949e+01 1.17331e+01 1.32364e+01
0.0920 9.02869e-23 1.03260e+01 1.17697e+01 1.32774e+01
0.0930 9.05310e-23 1.03534e+01 1.18018e+01 1.33135e+01
0.0940 9.07377e-23 1.03766e+01 1.18274e+01 1.33400e+01
0.0950 9.10855e-23 1.04093e+01 1.18672e+01 1.33866e+01
0.0960 9.14379e-23 1.04418e+01 1.19059e+01 1.34306e+01
0.0970 9.16626e-23 1.04706e+01 1.19372e+01 1.34631e+01
0.0980 9.20042e-23 1.05042e+01 1.19747e+01 1.35030e+01
0.0990 9.24112e-23 1.05403e+01 1.20155e+01 1.35475e+01
0.1000 9.27535e-23 1.05726e+01 1.20513e+01 1.35857e+01
0.1010 9.30900e-23 1.06043e+01 1.20866e+01 1.36234e+01
0.1020 9.34266e-23 1.06395e+01 1.21274e+01 1.36693e+01
0.1030 9.36916e-23 1.06682e+01 1.21587e+01 1.37024e+01
0.1040 9.40085e-23 1.06997e+01 1.21935e+01 1.37393e+01
0.1050 9.42701e-23 1.07297e+01 1.22278e+01 1.37776e+01
0.1060 9.44777e-23 1.07599e+01 1.22608e+01 1.38128e+01
0.1070 9.46850e-23 1.07880e+01 1.22917e+01 1.38456e+01
0.1080 9.48870e-23 1.08179e+01 1.23260e+01 1.38843e+01
0.1090 9.50602e-23 1.08461e+01 1.23580e+01 1.39196e+01
0.1100 9.52300e-23 1.08726e+01 1.23874e+01 1.39513e+01
0.1110 9.53828e-23 1.09020e+01 1.24225e+01 1.39930e+01
0.1120 9.54686e-23 1.09252e+01 1.24482e+01 1.40209e+01
0.1130 9.56732e-23 1.09548e+01 1.24839e+01 1.40637e+01
0.1140 9.57596e-23 1.09794e+01 1.25140e+01 1.41009e+01
0.1150 9.58694e-23 1.10032e+01 1.25425e+01 1.41352e+01
0.1160 9.59858e-23 1.10295e+01 1.25738e+01 1.41734e+01
0.1170 9.61127e-23 1.10566e+01 1.26071e+01 1.42150e+01
0.1180 9.61792e-23 1.10805e+01 1.26362e+01 1.42506e+01
0.1190 9.62946e-23 1.11072e+01 1.26692e+01 1.42914e+01
0.1200 9.63970e-23 1.11302e+01 1.26987e+01 1.43294e+01
0.1210 9.64613e-23 1.11574e+01 1.27316e+01 1.43693e+01
0.1220 9.65404e-23 1.11834e+01 1.27642e+01 1.44105e+01
0.1230 9.66161e-23 1.12082e+01 1.27950e+01 1.44489e+01
0.1240 9.66920e-23 1.12339e+01 1.28267e+01 1.44881e+01
0.1250 9.67694e-23 1.12581e+01 1.28567e+01 1.45253e+01
0.1260 9.67873e-23 1.12805e+01 1.28840e+01 1.45587e+01
0.1270 9.67930e-23 1.13004e+01 1.29083e+01 1.45884e+01
0.1280 9.68089e-23 1.13199e+01 1.29308e+01 1.46146e+01
0.1290 9.68632e-23 1.13420e+01 1.29582e+01 1.46488e+01
0.1300 9.69396e-23 1.13648e+01 1.29852e+01 1.46809e+01
0.1310 9.71236e-23 1.13917e+01 1.30188e+01 1.47234e+01
0.1320 9.73659e-23 1.14189e+01 1.30508e+01 1.47611e+01
0.1330 9.76059e-23 1.14461e+01 1.30830e+01 1.47996e+01
0.1340 9.77901e-23 1.14720e+01 1.31134e+01 1.48355e+01
0.1350 9.79780e-23 1.14963e+01 1.31430e+01 1.48718e+01
0.1360 9.81343e-23 1.15235e+01 1.31760e+01 1.49121e+01
0.1370 9.81960e-23 1.15438e+01 1.32012e+01 1.49434e+01
0.1380 9.82572e-23 1.15690e+01 1.32326e+01 1.49828e+01
0.1390 9.83272e-23 1.15943e+01 1.32656e+01 1.50256e+01
0.1400 9.83619e-23 1.16174e+01 1.32944e+01 1.50618e+01
0.1410 9.84095e-23 1.16399e+01 1.33217e+01 1.50951e+01
0.1420 9.84433e-23 1.16618e+01 1.33483e+01 1.51275e+01
0.1430 9.84802e-23 1.16814e+01 1.33712e+01 1.51549e+01
0.1440 9.85814e-23 1.17031e+01 1.33965e+01 1.51846e+01
0.1450 9.87872e-23 1.17274e+01 1.34255e+01 1.52190e+01
0.1460 9.90526e-23 1.17554e+01 1.34581e+01 1.52571e+01
0.1470 9.93513e-23 1.17832e+01 1.34912e+01 1.52966e+01
0.1480 9.97230e-23 1.18186e+01 1.35355e+01 1.53527e+01
0.1490 9.99595e-23 1.18456e+01 1.35694e+01 1.53953e+01
0.1500 1.00072e-22 1.18669e+01 1.35954e+01 1.54275e+01
0.1510 1.00158e-22 1.18951e+01 1.36313e+01 1.54737e+01
0.1520 1.00212e-22 1.19187e+01 1.36616e+01 1.55129e+01
0.1530 1.00237e-22 1.19411e+01 1.36891e+01 1.55465e+01
0.1540 1.00224e-22 1.19588e+01 1.37096e+01 1.55702e+01
0.1550 1.00345e-22 1.19846e+01 1.37427e+01 1.56122e+01
0.1560 1.00547e-22 1.20138e+01 1.37788e+01 1.56569e+01
0.1570 1.00791e-22 1.20430e+01 1.38136e+01 1.56980e+01
0.1580 1.00835e-22 1.20630e+01 1.38369e+01 1.57251e+01
0.1590 1.00801e-22 1.20813e+01 1.38603e+01 1.57547e+01
0.1600 1.00748e-22 1.20992e+01 1.38838e+01 1.57855e+01
0.1610 1.00689e-22 1.21195e+01 1.39095e+01 1.58181e+01
0.1620 1.00804e-22 1.21439e+01 1.39391e+01 1.58539e+01
0.1630 1.00932e-22 1.21677e+01 1.39664e+01 1.58844e+01
0.1640 1.01048e-22 1.21901e+01 1.39927e+01 1.59149e+01
0.1650 1.01149e-22 1.22106e+01 1.40155e+01 1.59400e+01
0.1660 1.01198e-22 1.22322e+01 1.40418e+01 1.59714e+01
0.1670 1.01358e-22 1.22603e+01 1.40796e+01 1.60210e+01
0.1680 1.01477e-22 1.22902e+01 1.41205e+01 1.60758e+01
0.1690 1.01515e-22 1.23150e+01 1.41535e+01 1.61191e+01
0.1700 1.01459e-22 1.23347e+01 1.41803e+01 1.61549e+01
0.1710 1.01223e-22 1.23460e+01 1.41954e+01 1.61748e+01
0.1720 1.01092e-22 1.23640e+01 1.42201e+01 1.62079e+01
0.1730 1.01097e-22 1.23862e+01 1.42471e+01 1.62407e+01
0.1740 1.00982e-22 1.23961e+01 1.42553e+01 1.62460e+01
0.1750 1.00804e-22 1.24016e+01 1.42609e+01 1.62512e+01
0.1760 1.00943e-22 1.24265e+01 1.42916e+01 1.62892e+01
0.1770 1.01489e-22 1.24683e+01 1.43441e+01 1.63548e+01
0.1780 1.01960e-22 1.25005e+01 1.43828e+01 1.64007e+01
0.1790 1.02162e-22 1.25254e+01 1.44133e+01 1.64373e+01
0.1800 1.02272e-22 1.25520e+01 1.44505e+01 1.64880e+01
0.1810 1.02471e-22 1.25864e+01 1.44984e+01 1.65529e+01
0.1820 1.02281e-22 1.26015e+01 1.45184e+01 1.65787e+01
0.1830 1.01937e-22 1.26080e+01 1.45268e+01 1.65897e+01
0.1840 1.01833e-22 1.26289e+01 1.45539e+01 1.66241e+01
0.1850 1.01845e-22 1.26520e+01 1.45824e+01 1.66593e+01
0.1860 1.01941e-22 1.26736e+01 1.46084e+01 1.66896e+01
0.1870 1.01855e-22 1.26865e+01 1.46209e+01 1.67006e+01
0.1880 1.01938e-22 1.27088e+01 1.46486e+01 1.67345e+01
0.1890 1.02194e-22 1.27409e+01 1.46921e+01 1.67919e+01
0.1900 1.02399e-22 1.27753e+01 1.47394e+01 1.68555e+01
0.1910 1.02331e-22 1.27898e+01 1.47557e+01 1.68736e+01
0.1920 1.02363e-22 1.28109e+01 1.47834e+01 1.69090e+01
0.1930 1.02237e-22 1.28283e+01 1.48074e+01 1.69409e+01
0.1940 1.02226e-22 1.28493e+01 1.48334e+01 1.69728e+01
0.1950 1.02400e-22 1.28781e+01 1.48735e+01 1.70259e+01
0.1960 1.02202e-22 1.28882e+01 1.48865e+01 1.70421e+01
0.1970 1.02197e-22 1.29079e+01 1.49121e+01 1.70750e+01
0.1980 1.02299e-22 1.29323e+01 1.49448e+01 1.71174e+01
0.1990 1.02186e-22 1.29423e+01 1.49552e+01 1.71273e+01
0.2000 1.02427e-22 1.29718e+01 1.49911e+01 1.71700e+01
0.2010 1.02691e-22 1.30070e+01 1.50411e+01 1.72379e+01
0.2020 1.02631e-22 1.30245e+01 1.50652e+01 1.72704e+01
0.2030 1.02631e-22 1.30472e+01 1.50987e+01 1.73171e+01
0.2040 1.02574e-22 1.30645e+01 1.51232e+01 1.73502e+01
0.2050 1.02483e-22 1.30753e+01 1.51340e+01 1.73600e+01
0.2060 1.02562e-22 1.30938e+01 1.51556e+01 1.73841e+01
0.2070 1.02828e-22 1.31236e+01 1.51933e+01 1.74305e+01
0.2080 1.02928e-22 1.31521e+01 1.52329e+01 1.74844e+01
0.2090 1.02542e-22 1.31558e+01 1.52407e+01 1.74985e+01
0.2100 1.02433e-22 1.31722e+01 1.52632e+01 1.75282e+01
0.2110 1.02683e-22 1.32001e+01 1.52948e+01 1.75624e+01
0.2120 1.02796e-22 1.32135e+01 1.53013e+01 1.75577e+01
0.2130 1.03015e-22 1.32459e+01 1.53454e+01 1.76153e+01
0.2140 1.02836e-22 1.32701e+01 1.53860e+01 1.76780e+01
0.2150 1.02587e-22 1.32866e+01 1.54117e+01 1.77158e+01
0.2160 1.02174e-22 1.32895e+01 1.54156e+01 1.77198e+01
0.2170 1.02061e-22 1.33041e+01 1.54326e+01 1.77385e+01
0.2180 1.02288e-22 1.33348e+01 1.54716e+01 1.77856e+01
0.2190 1.02385e-22 1.33628e+01 1.55125e+01 1.78418e+01
0.2200 1.02234e-22 1.33822e+01 1.55447e+01 1.78911e+01
0.2210 1.01947e-22 1.33940e+01 1.55658e+01 1.79252e+01
0.2220 1.01677e-22 1.34030e+01 1.55824e+01 1.79515e+01
0.2230 1.01700e-22 1.34086e+01 1.55804e+01 1.79371e+01
0.2240 1.02233e-22 1.34388e+01 1.56100e+01 1.79629e+01
0.2243 1.02377e-22 1.34473e+01 1.56186e+01 1.79709e+01
0.2250 1.02813e-22 1.34835e+01 1.56685e+01 1.80368e+01
0.2260 1.03062e-22 1.35279e+01 1.57432e+01 1.81540e+01
0.2270 1.02866e-22 1.35499e+01 1.57825e+01 1.82190e+01
0.2280 1.02672e-22 1.35673e+01 1.58074e+01 1.82523e+01
0.2290 1.02550e-22 1.35751e+01 1.58103e+01 1.82439e+01
0.2300 1.02815e-22 1.36054e+01 1.58460e+01 1.82822e+01
0.2310 1.03090e-22 1.36452e+01 1.59030e+01 1.83634e+01
0.2320 1.02915e-22 1.36685e+01 1.59430e+01 1.84289e+01
0.2330 1.02542e-22 1.36892e+01 1.59829e+01 1.84970e+01
0.2340 1.01981e-22 1.36917e+01 1.59929e+01 1.85208e+01
0.2350 1.01667e-22 1.36912e+01 1.59881e+01 1.85079e+01
0.2360 1.01913e-22 1.37173e+01 1.60189e+01 1.85398e+01
0.2370 1.02589e-22 1.37707e+01 1.60922e+01 1.86366e+01
0.2380 1.02822e-22 1.38064e+01 1.61479e+01 1.87208e+01
0.2390 1.02823e-22 1.38394e+01 1.62028e+01 1.88101e+01
0.2400 1.02818e-22 1.38608e+01 1.62320e+01 1.88546e+01
0.2410 1.02740e-22 1.38772e+01 1.62490e+01 1.88738e+01
0.2420 1.02782e-22 1.39141e+01 1.63094e+01 1.89699e+01
0.2430 1.02619e-22 1.39407e+01 1.63586e+01 1.90551e+01
0.2440 1.02463e-22 1.39560e+01 1.63819e+01 1.90859e+01
0.2450 1.02636e-22 1.39795e+01 1.64068e+01 1.91048e+01
0.2460 1.03095e-22 1.40209e+01 1.64563e+01 1.91604e+01
0.2470 1.03226e-22 1.40656e+01 1.65268e+01 1.92704e+01
0.2480 1.02578e-22 1.40988e+01 1.66135e+01 1.94510e+01
0.2490 1.01411e-22 1.40785e+01 1.66048e+01 1.94688e+01
0.2500 1.01124e-22 1.40588e+01 1.65456e+01 1.93385e+01
0.2510 1.02136e-22 1.41029e+01 1.65796e+01 1.93453e+01
0.2520 1.03418e-22 1.41958e+01 1.67142e+01 1.95383e+01
0.2530 1.03189e-22 1.42422e+01 1.68037e+01 1.96998e+01
0.2540 1.01097e-22 1.42167e+01 1.68203e+01 1.98019e+01
0.2550 9.88135e-23 1.41343e+01 1.67217e+01 1.96998e+01
0.2560 9.81350e-23 1.40765e+01 1.66006e+01 1.94682e+01
0.2570 9.90042e-23 1.40838e+01 1.65626e+01 1.93379e+01
0.2580 1.01049e-22 1.41940e+01 1.67039e+01 1.95087e+01
0.2590 1.01781e-22 1.42880e+01 1.68680e+01 1.97868e+01
0.2600 9.94038e-23 1.42624e+01 1.69092e+01 1.99842e+01
0.2610 9.59645e-23 1.41314e+01 1.67546e+01 1.98362e+01
0.2620 9.43339e-23 1.40238e+01 1.65493e+01 1.94570e+01
0.2630 9.48145e-23 1.39986e+01 1.64413e+01 1.91903e+01
0.2640 9.62493e-23 1.40340e+01 1.64354e+01 1.90912e+01
0.2650 9.77451e-23 1.41518e+01 1.66344e+01 1.94062e+01
0.2660 9.71660e-23 1.41971e+01 1.67593e+01 1.96742e+01
0.2670 9.40689e-23 1.41335e+01 1.67717e+01 1.98763e+01
0.2680 9.16976e-23 1.39891e+01 1.65226e+01 1.94542e+01
0.2690 9.19303e-23 1.39216e+01 1.63345e+01 1.90499e+01
0.2700 9.38356e-23 1.39433e+01 1.62940e+01 1.88811e+01
0.2710 9.79251e-23 1.41542e+01 1.65762e+01 1.92380e+01
0.2720 9.92073e-23 1.43231e+01 1.69000e+01 1.98236e+01
0.2730 9.54141e-23 1.42545e+01 1.69227e+01 2.00598e+01
0.2740 9.13050e-23 1.40545e+01 1.66387e+01 1.96655e+01
0.2750 9.00640e-23 1.39236e+01 1.63509e+01 1.90972e+01
0.2760 9.08617e-23 1.39009e+01 1.62448e+01 1.88412e+01
0.2770 9.26385e-23 1.39517e+01 1.62715e+01 1.88063e+01
0.2780 9.46566e-23 1.41102e+01 1.65428e+01 1.92727e+01
0.2790 9.27588e-23 1.40863e+01 1.65911e+01 1.94666e+01
0.2800 9.06204e-23 1.40086e+01 1.65014e+01 1.93652e+01
0.2810 9.03117e-23 1.39839e+01 1.64324e+01 1.92153e+01
0.2820 8.97496e-23 1.38906e+01 1.62364e+01 1.88393e+01
0.2830 9.10121e-23 1.39279e+01 1.62510e+01 1.87986e+01
0.2840 9.21655e-23 1.39798e+01 1.63164e+01 1.88649e+01
0.2850 9.23988e-23 1.40348e+01 1.64317e+01 1.91042e+01
0.2860 9.07328e-23 1.39870e+01 1.63996e+01 1.91018e+01
0.2870 8.98099e-23 1.39604e+01 1.63607e+01 1.90489e+01
0.2880 8.99003e-23 1.39350e+01 1.62874e+01 1.88890e+01
0.2890 9.07107e-23 1.39437e+01 1.62579e+01 1.87867e+01
0.2900 9.13306e-23 1.39833e+01 1.63215e+01 1.88754e+01
0.2910 9.21317e-23 1.40374e+01 1.64052e+01 1.90090e+01
0.2920 9.21013e-23 1.40292e+01 1.63786e+01 1.89525e+01
0.2930 9.27414e-23 1.40684e+01 1.64246e+01 1.90090e+01
0.2940 9.22007e-23 1.40407e+01 1.63898e+01 1.89714e+01
0.2950 9.29239e-23 1.40711e+01 1.64049e+01 1.89590e+01
0.2960 9.34456e-23 1.41083e+01 1.64583e+01 1.90318e+01
0.2970 9.35392e-23 1.41353e+01 1.65042e+01 1.91168e+01
0.2980 9.15898e-23 1.40789e+01 1.64729e+01 1.91461e+01
0.2990 9.09727e-23 1.40344e+01 1.63767e+01 1.89569e+01
0.3000 9.18491e-23 1.40652e+01 1.63848e+01 1.89106e+01
0.3010 9.14061e-23 1.40767e+01 1.64143e+01 1.89778e+01
0.3020 8.97075e-23 1.40320e+01 1.63719e+01 1.89530e+01
0.3030 8.85086e-23 1.39777e+01 1.62936e+01 1.88350e+01
0.3040 8.71193e-23 1.39119e+01 1.61945e+01 1.86794e+01
0.3050 8.76166e-23 1.39108e+01 1.61654e+01 1.85954e+01
0.3060 8.78339e-23 1.38975e+01 1.61367e+01 1.85381e+01
0.3070 8.91026e-23 1.39517e+01 1.62120e+01 1.86398e+01
0.3080 9.07511e-23 1.40255e+01 1.63146e+01 1.87787e+01
0.3090 9.27949e-23 1.41276e+01 1.64507e+01 1.89589e+01
0.3100 9.37156e-23 1.41752e+01 1.65029e+01 1.90162e+01
0.3110 9.29300e-23 1.41850e+01 1.65450e+01 1.91130e+01
0.3120 9.15853e-23 1.41385e+01 1.64984e+01 1.90719e+01
0.3130 9.10097e-23 1.41218e+01 1.64660e+01 1.90096e+01
0.3140 9.06950e-23 1.40939e+01 1.64216e+01 1.89411e+01
0.3150 9.18699e-23 1.41337e+01 1.64547e+01 1.89545e+01
0.3160 9.29805e-23 1.41786e+01 1.65116e+01 1.90201e+01
0.3170 9.45281e-23 1.42616e+01 1.66258e+01 1.91728e+01
0.3180 9.49364e-23 1.42871e+01 1.66704e+01 1.92469e+01
0.3190 9.59149e-23 1.43743e+01 1.68039e+01 1.94453e+01
0.3200 9.57958e-23 1.43832e+01 1.68128e+01 1.94575e+01
0.3210 9.52819e-23 1.43782e+01 1.68049e+01 1.94472e+01
0.3220 9.41769e-23 1.43330e+01 1.67380e+01 1.93475e+01
0.3230 9.46860e-23 1.43630e+01 1.67611e+01 1.93576e+01
0.3240 9.52869e-23 1.43888e+01 1.67762e+01 1.93552e+01
0.3250 9.59513e-23 1.44199e+01 1.68064e+01 1.93792e+01
0.3260 9.65889e-23 1.44655e+01 1.68681e+01 1.94587e+01
0.3270 9.54484e-23 1.44352e+01 1.68432e+01 1.94455e+01
0.3280 9.40505e-23 1.43879e+01 1.67931e+01 1.93966e+01
0.3290 9.37888e-23 1.44128e+01 1.68307e+01 1.94521e+01
0.3300 9.39008e-23 1.44276e+01 1.68327e+01 1.94325e+01
0.3310 9.36552e-23 1.44229e+01 1.68303e+01 1.94329e+01
0.3320 9.36629e-23 1.44270e+01 1.68263e+01 1.94127e+01
0.3330 9.32234e-23 1.44116e+01 1.68058e+01 1.93821e+01
0.3340 9.25732e-23 1.43825e+01 1.67746e+01 1.93477e+01
0.3350 9.38604e-23 1.44602e+01 1.68850e+01 1.95049e+01
0.3360 9.58433e-23 1.45709e+01 1.70263e+01 1.96818e+01
0.3370 9.49298e-23 1.45198e+01 1.69496e+01 1.95724e+01
0.3380 9.37487e-23 1.44888e+01 1.69160e+01 1.95426e+01
0.3390 9.38317e-23 1.45171e+01 1.69527e+01 1.95894e+01
0.3400 9.41757e-23 1.45489e+01 1.69828e+01 1.96105e+01
0.3410 9.38141e-23 1.45398e+01 1.69605e+01 1.95698e+01
0.3420 9.32451e-23 1.45302e+01 1.69497e+01 1.95536e+01
0.3430 9.27476e-23 1.45235e+01 1.69489e+01 1.95588e+01
0.3440 9.21636e-23 1.45166e+01 1.69432e+01 1.95514e+01
0.3450 9.16601e-23 1.45095e+01 1.69355e+01 1.95439e+01
0.3460 9.06507e-23 1.44772e+01 1.69027e+01 1.95161e+01
0.3470 9.02615e-23 1.44540e+01 1.68494e+01 1.94174e+01
0.3480 9.05573e-23 1.44730e+01 1.68602e+01 1.94121e+01
0.3490 9.04082e-23 1.44609e+01 1.68385e+01 1.93736e+01
0.3500 9.14492e-23 1.45169e+01 1.69075e+01 1.94565e+01
0.3510 9.15930e-23 1.45274e+01 1.69288e+01 1.94941e+01
0.3520 9.20363e-23 1.45566e+01 1.69721e+01 1.95540e+01
0.3530 9.20816e-23 1.45676e+01 1.69900e+01 1.95834e+01
0.3540 9.14359e-23 1.45417e+01 1.69500e+01 1.95254e+01
0.3550 9.09995e-23 1.45551e+01 1.69707e+01 1.95593e+01
0.3560 8.99366e-23 1.45295e+01 1.69426e+01 1.95344e+01
0.3570 9.01755e-23 1.45745e+01 1.69961e+01 1.95954e+01
0.3580 8.93445e-23 1.45390e+01 1.69416e+01 1.95121e+01
0.3590 8.90502e-23 1.45315e+01 1.69238e+01 1.94746e+01
0.3600 8.90277e-23 1.45538e+01 1.69559e+01 1.95170e+01
0.3610 8.85830e-23 1.45362e+01 1.69264e+01 1.94691e+01
0.3620 8.82610e-23 1.45271e+01 1.69145e+01 1.94534e+01
0.3630 8.82139e-23 1.45272e+01 1.69086e+01 1.94385e+01
0.3640 8.81996e-23 1.45293e+01 1.68996e+01 1.94130e+01
0.3650 8.76007e-23 1.45035e+01 1.68662e+01 1.93693e+01
0.3660 8.78849e-23 1.45288e+01 1.68923e+01 1.93939e+01
0.3670 8.76412e-23 1.45327e+01 1.69013e+01 1.94080e+01
0.3680 8.71143e-23 1.45144e+01 1.68839e+01 1.93916e+01
0.3690 8.73052e-23 1.45252e+01 1.68961e+01 1.94033e+01
0.3691 8.73265e-23 1.45294e+01 1.69017e+01 1.94103e+01
0.3700 8.75399e-23 1.45579e+01 1.69434e+01 1.94675e+01
0.3710 8.68045e-23 1.45325e+01 1.69121e+01 1.94315e+01
0.3720 8.64125e-23 1.45207e+01 1.68893e+01 1.93947e+01
0.3730 8.64660e-23 1.45376e+01 1.69086e+01 1.94148e+01
0.3740 8.73614e-23 1.46014e+01 1.69868e+01 1.95082e+01
0.3750 8.69563e-23 1.45915e+01 1.69745e+01 1.94924e+01
0.3760 8.69741e-23 1.46040e+01 1.69904e+01 1.95087e+01
0.3770 8.66844e-23 1.46028e+01 1.69885e+01 1.95048e+01
0.3780 8.56646e-23 1.45628e+01 1.69354e+01 1.94364e+01
0.3790 8.54760e-23 1.45647e+01 1.69305e+01 1.94205e+01
0.3800 8.53418e-23 1.45770e+01 1.69438e+01 1.94336e+01
0.3810 8.52007e-23 1.45909e+01 1.69654e+01 1.94639e+01
0.3820 8.42335e-23 1.45502e+01 1.69114e+01 1.93939e+01
0.3830 8.39302e-23 1.45567e+01 1.69163e+01 1.93953e+01
0.3840 8.32084e-23 1.45267e+01 1.68794e+01 1.93524e+01
0.3850 8.30388e-23 1.45337e+01 1.68906e+01 1.93663e+01
0.3860 8.26050e-23 1.45188e+01 1.68716e+01 1.93429e+01
0.3870 8.24275e-23 1.45219e+01 1.68710e+01 1.93379e+01
0.3880 8.19006e-23 1.44985e+01 1.68399e+01 1.92956e+01
0.3890 8.18216e-23 1.45125e+01 1.68550e+01 1.93098e+01
0.3900 8.25911e-23 1.45667e+01 1.69158e+01 1.93756e+01
0.3910 8.25499e-23 1.45810e+01 1.69338e+01 1.93969e+01
0.3920 8.09195e-23 1.44956e+01 1.68263e+01 1.92659e+01
0.3930 8.06705e-23 1.45130e+01 1.68553e+01 1.93053e+01
0.3940 7.97970e-23 1.44749e+01 1.68075e+01 1.92470e+01
0.3950 7.92434e-23 1.44583e+01 1.67856e+01 1.92175e+01
0.3960 8.00415e-23 1.45205e+01 1.68563e+01 1.92941e+01
0.3970 8.02862e-23 1.45501e+01 1.68951e+01 1.93422e+01
0.3980 7.99808e-23 1.45204e+01 1.68559e+01 1.92913e+01
0.3990 7.98288e-23 1.45375e+01 1.68816e+01 1.93257e+01
0.4000 7.96108e-23 1.45319e+01 1.68671e+01 1.92995e+01
0.4010 7.83306e-23 1.44828e+01 1.68094e+01 1.92326e+01
0.4020 7.79676e-23 1.44944e+01 1.68319e+01 1.92654e+01
0.4030 7.78952e-23 1.45326e+01 1.68855e+01 1.93340e+01
0.4040 7.61119e-23 1.44494e+01 1.67881e+01 1.92226e+01
0.4050 7.60652e-23 1.44939e+01 1.68500e+01 1.93010e+01
0.4060 7.45161e-23 1.44283e+01 1.67803e+01 1.92293e+01
0.4070 7.25863e-23 1.43314e+01 1.66681e+01 1.91005e+01
0.4080 7.39935e-23 1.44540e+01 1.68274e+01 1.92977e+01
0.4090 7.40695e-23 1.44946e+01 1.68819e+01 1.93653e+01
0.4100 7.28426e-23 1.44353e+01 1.68109e+01 1.92807e+01
0.4110 7.18816e-23 1.44010e+01 1.67756e+01 1.92440e+01
0.4120 7.19589e-23 1.44383e+01 1.68243e+01 1.93039e+01
0.4130 7.08002e-23 1.43976e+01 1.67749e+01 1.92454e+01
0.4140 6.99215e-23 1.43615e+01 1.67199e+01 1.91695e+01
0.4150 6.99113e-23 1.43915e+01 1.67538e+01 1.92065e+01
0.4160 6.87858e-23 1.43241e+01 1.66754e+01 1.91187e+01
0.4170 6.96548e-23 1.44099e+01 1.67839e+01 1.92509e+01
0.4180 7.06624e-23 1.45054e+01 1.69049e+01 1.93995e+01
0.4190 6.98816e-23 1.44516e+01 1.68408e+01 1.93261e+01
0.4200 7.06678e-23 1.45020e+01 1.68972e+01 1.93891e+01
0.4210 6.97285e-23 1.44657e+01 1.68486e+01 1.93259e+01
0.4220 6.99342e-23 1.44775e+01 1.68543e+01 1.93238e+01
0.4230 7.12641e-23 1.45879e+01 1.69925e+01 1.94908e+01
0.4240 7.10609e-23 1.45851e+01 1.69935e+01 1.94963e+01
0.4250 7.17014e-23 1.46581e+01 1.70799e+01 1.95956e+01
0.4260 7.11177e-23 1.46200e+01 1.70371e+01 1.95495e+01
0.4270 7.21292e-23 1.46841e+01 1.71194e+01 1.96497e+01
0.4280 7.16737e-23 1.46667e+01 1.70909e+01 1.96109e+01
0.4290 7.12489e-23 1.46517e+01 1.70741e+01 1.95940e+01
0.4300 7.05685e-23 1.46294e+01 1.70427e+01 1.95533e+01
0.4310 7.12633e-23 1.46833e+01 1.71111e+01 1.96362e+01
0.4320 7.13776e-23 1.47051e+01 1.71385e+01 1.96697e+01
0.4330 7.10962e-23 1.47081e+01 1.71393e+01 1.96675e+01
0.4340 7.00395e-23 1.46792e+01 1.71037e+01 1.96272e+01
0.4350 6.93756e-23 1.46376e+01 1.70389e+01 1.95360e+01
0.4360 6.92756e-23 1.46673e+01 1.70692e+01 1.95651e+01
0.4370 6.87168e-23 1.46456e+01 1.70383e+01 1.95263e+01
0.4380 6.80008e-23 1.46173e+01 1.70101e+01 1.94996e+01
0.4390 6.75288e-23 1.46223e+01 1.70187e+01 1.95130e+01
0.4400 6.65188e-23 1.45640e+01 1.69423e+01 1.94154e+01
0.4410 6.63363e-23 1.45789e+01 1.69651e+01 1.94451e+01
0.4420 6.52731e-23 1.45188e+01 1.68954e+01 1.93661e+01
0.4430 6.52899e-23 1.45532e+01 1.69395e+01 1.94222e+01
0.4440 6.57152e-23 1.46327e+01 1.70448e+01 1.95554e+01
0.4450 6.37582e-23 1.44748e+01 1.68407e+01 1.93035e+01
0.4460 6.37725e-23 1.45313e+01 1.69165e+01 1.93973e+01
0.4470 6.48592e-23 1.46512e+01 1.70610e+01 1.95685e+01
0.4480 6.45802e-23 1.46601e+01 1.70708e+01 1.95794e+01
0.4490 6.42940e-23 1.46720e+01 1.70877e+01 1.96041e+01
0.4500 6.39449e-23 1.46752e+01 1.70996e+01 1.96261e+01
0.4510 6.33358e-23 1.46041e+01 1.70189e+01 1.95399e+01
0.4520 6.24943e-23 1.45293e+01 1.69190e+01 1.94113e+01
0.4530 6.29610e-23 1.45695e+01 1.69592e+01 1.94500e+01
0.4540 6.13281e-23 1.44886e+01 1.68646e+01 1.93443e+01
0.4550 6.12988e-23 1.44977e+01 1.68816e+01 1.93729e+01
0.4560 6.13782e-23 1.45459e+01 1.69519e+01 1.94671e+01
0.4570 5.97885e-23 1.44455e+01 1.68314e+01 1.93261e+01
0.4580 5.89402e-23 1.44354e+01 1.68200e+01 1.93139e+01
0.4590 5.89512e-23 1.44608e+01 1.68537e+01 1.93540e+01
0.4600 5.96941e-23 1.45291e+01 1.69285e+01 1.94375e+01
0.4610 5.99345e-23 1.45603e+01 1.69656e+01 1.94776e+01
0.4620 5.94253e-23 1.45411e+01 1.69514e+01 1.94709e+01
0.4630 6.06079e-23 1.46692e+01 1.71196e+01 1.96833e+01
0.4640 5.88277e-23 1.45718e+01 1.69949e+01 1.95307e+01
0.4650 5.80702e-23 1.45112e+01 1.69356e+01 1.94748e+01
0.4660 5.78204e-23 1.45502e+01 1.69931e+01 1.95532e+01
0.4670 5.87805e-23 1.46646e+01 1.71300e+01 1.97122e+01
0.4680 5.78693e-23 1.45996e+01 1.70613e+01 1.96435e+01
0.4690 5.77807e-23 1.46206e+01 1.70852e+01 1.96696e+01
0.4700 5.73654e-23 1.46012e+01 1.70701e+01 1.96619e+01
0.4710 5.63647e-23 1.45554e+01 1.70163e+01 1.96011e+01
0.4720 5.62711e-23 1.45722e+01 1.70447e+01 1.96457e+01
0.4730 5.54460e-23 1.45080e+01 1.69618e+01 1.95442e+01
0.4740 5.56639e-23 1.45722e+01 1.70387e+01 1.96332e+01
0.4750 5.58597e-23 1.46170e+01 1.71009e+01 1.97117e+01
0.4760 5.43745e-23 1.44900e+01 1.69463e+01 1.95277e+01
0.4770 5.42691e-23 1.45322e+01 1.70034e+01 1.96011e+01
0.4780 5.46192e-23 1.45613e+01 1.70398e+01 1.96501e+01
0.4784 5.51577e-23 1.46213e+01 1.71163e+01 1.97452e+01
0.4790 5.39393e-23 1.45263e+01 1.70006e+01 1.96090e+01
0.4800 5.38226e-23 1.45114e+01 1.69798e+01 1.95812e+01
0.4810 5.23622e-23 1.43858e+01 1.68291e+01 1.94046e+01
0.4820 5.21677e-23 1.43934e+01 1.68426e+01 1.94242e+01
0.4830 5.10734e-23 1.43550e+01 1.68021e+01 1.93822e+01
0.4840 5.09742e-23 1.43546e+01 1.68036e+01 1.93858e+01
0.4850 5.16274e-23 1.44274e+01 1.68839e+01 1.94706e+01
0.4860 5.13488e-23 1.44131e+01 1.68678e+01 1.94472e+01
0.4870 5.16966e-23 1.44611e+01 1.69296e+01 1.95257e+01
0.4880 5.14059e-23 1.44259e+01 1.68823e+01 1.94666e+01
0.4890 5.06810e-23 1.43580e+01 1.67949e+01 1.93569e+01
0.4900 5.06395e-23 1.43744e+01 1.68149e+01 1.93805e+01
0.4910 5.09049e-23 1.44184e+01 1.68724e+01 1.94534e+01
0.4920 5.11293e-23 1.44396e+01 1.69095e+01 1.95107e+01
0.4930 5.13082e-23 1.44614e+01 1.69424e+01 1.95512e+01
0.4940 5.11614e-23 1.44332e+01 1.69073e+01 1.95074e+01
0.4950 5.11267e-23 1.44611e+01 1.69425e+01 1.95561e+01
0.4960 5.13217e-23 1.44887e+01 1.69806e+01 1.96045e+01
0.4970 5.14263e-23 1.44916e+01 1.69807e+01 1.96007e+01
0.4980 5.12311e-23 1.45029e+01 1.70019e+01 1.96351e+01
0.4990 5.08496e-23 1.44663e+01 1.69544e+01 1.95745e+01
0.5000 5.02380e-23 1.44496e+01 1.69207e+01 1.95226e+01
0.5010 5.02332e-23 1.44645e+01 1.69432e+01 1.95571e+01
0.5020 5.03211e-23 1.44664e+01 1.69496e+01 1.95675e+01
0.5030 4.99054e-23 1.44459e+01 1.69161e+01 1.95215e+01
0.5040 4.96046e-23 1.44563e+01 1.69222e+01 1.95194e+01
0.5050 4.94947e-23 1.44356e+01 1.68914e+01 1.94803e+01
0.5060 4.90041e-23 1.44202e+01 1.68836e+01 1.94822e+01
0.5070 4.92678e-23 1.44747e+01 1.69510e+01 1.95637e+01
0.5080 4.90706e-23 1.44530e+01 1.69360e+01 1.95575e+01
0.5090 4.93338e-23 1.44920e+01 1.69888e+01 1.96252e+01
0.5100 4.94506e-23 1.45320e+01 1.70455e+01 1.97020e+01
0.5110 4.88478e-23 1.44755e+01 1.69814e+01 1.96273e+01
0.5120 4.91302e-23 1.45271e+01 1.70649e+01 1.97491e+01
0.5130 4.83026e-23 1.44736e+01 1.70028e+01 1.96765e+01
0.5140 4.88082e-23 1.45408e+01 1.71067e+01 1.98197e+01
0.5150 4.77917e-23 1.44470e+01 1.69834e+01 1.96639e+01
0.5160 4.92834e-23 1.45883e+01 1.71785e+01 1.99214e+01
0.5170 4.83578e-23 1.44784e+01 1.70331e+01 1.97388e+01
0.5180 4.87348e-23 1.45251e+01 1.70851e+01 1.97932e+01
0.5190 4.90552e-23 1.45360e+01 1.70905e+01 1.97946e+01
0.5200 4.99532e-23 1.46388e+01 1.71946e+01 1.98977e+01
0.5210 5.11406e-23 1.47818e+01 1.73717e+01 2.01073e+01
0.5220 4.96419e-23 1.46143e+01 1.71621e+01 1.98564e+01
0.5230 4.97373e-23 1.46319e+01 1.71787e+01 1.98691e+01
0.5240 4.92767e-23 1.45750e+01 1.70996e+01 1.97662e+01
0.5250 4.80729e-23 1.44879e+01 1.70027e+01 1.96652e+01
0.5260 4.80687e-23 1.45257e+01 1.70592e+01 1.97399e+01
0.5270 4.79321e-23 1.45309e+01 1.70748e+01 1.97700e+01
0.5280 4.73193e-23 1.44883e+01 1.70180e+01 1.96956e+01
0.5290 4.74848e-23 1.45126e+01 1.70426e+01 1.97211e+01
0.5300 4.81635e-23 1.46189e+01 1.71795e+01 1.98896e+01
0.5310 4.79159e-23 1.45847e+01 1.71475e+01 1.98622e+01
0.5320 4.76869e-23 1.45589e+01 1.71156e+01 1.98216e+01
0.5330 4.74673e-23 1.45577e+01 1.71220e+01 1.98372e+01
0.5340 4.71014e-23 1.45459e+01 1.71231e+01 1.98537e+01
0.5350 4.71752e-23 1.45789e+01 1.71636e+01 1.99006e+01
0.5360 4.67323e-23 1.45386e+01 1.71209e+01 1.98575e+01
0.5370 4.66135e-23 1.45161e+01 1.70838e+01 1.98060e+01
0.5380 4.69114e-23 1.45322e+01 1.71024e+01 1.98230e+01
0.5390 4.80769e-23 1.46867e+01 1.72947e+01 2.00543e+01
0.5400 4.76452e-23 1.46251e+01 1.72121e+01 1.99516e+01
0.5410 4.63857e-23 1.45212e+01 1.70787e+01 1.97881e+01
0.5420 4.58741e-23 1.44709e+01 1.70115e+01 1.97012e+01
0.5430 4.55292e-23 1.44741e+01 1.70183e+01 1.97105e+01
0.5440 4.48443e-23 1.44293e+01 1.69670e+01 1.96524e+01
0.5450 4.41247e-23 1.43736e+01 1.69069e+01 1.95894e+01
0.5460 4.38711e-23 1.42904e+01 1.68058e+01 1.94647e+01
0.5470 4.42102e-23 1.43887e+01 1.69282e+01 1.96173e+01
0.5480 4.46373e-23 1.44516e+01 1.70066e+01 1.97116e+01
0.5490 4.41127e-23 1.44030e+01 1.69636e+01 1.96803e+01
0.5500 4.46817e-23 1.44711e+01 1.70609e+01 1.98074e+01
0.5510 4.41830e-23 1.43548e+01 1.69109e+01 1.96223e+01
0.5520 4.47027e-23 1.44220e+01 1.70007e+01 1.97307e+01
0.5530 4.48173e-23 1.44803e+01 1.70921e+01 1.98633e+01
0.5540 4.44187e-23 1.44596e+01 1.70442e+01 1.97804e+01
0.5550 4.43233e-23 1.44482e+01 1.70322e+01 1.97703e+01
0.5560 4.47134e-23 1.44668e+01 1.70383e+01 1.97573e+01
0.5570 4.51931e-23 1.45054e+01 1.70844e+01 1.98178e+01
0.5580 4.44883e-23 1.44205e+01 1.69821e+01 1.96993e+01
0.5590 4.44025e-23 1.44110e+01 1.69666e+01 1.96801e+01
0.5600 4.52856e-23 1.44828e+01 1.70686e+01 1.98143e+01
0.5610 4.61509e-23 1.46130e+01 1.72264e+01 2.00015e+01
0.5620 4.57320e-23 1.45225e+01 1.71031e+01 1.98429e+01
0.5630 4.50635e-23 1.44994e+01 1.70743e+01 1.98094e+01
0.5640 4.53458e-23 1.45470e+01 1.71469e+01 1.99080e+01
0.5650 4.49208e-23 1.45010e+01 1.70901e+01 1.98397e+01
0.5660 4.51177e-23 1.45322e+01 1.71210e+01 1.98673e+01
0.5670 4.61515e-23 1.46367e+01 1.72528e+01 2.00287e+01
0.5680 4.61658e-23 1.46058e+01 1.72179e+01 1.99857e+01
0.5690 4.70758e-23 1.47166e+01 1.73587e+01 2.01565e+01
0.5700 4.53080e-23 1.45582e+01 1.71705e+01 1.99385e+01
0.5710 4.49958e-23 1.45449e+01 1.71502e+01 1.99056e+01
0.5720 4.45175e-23 1.44560e+01 1.70243e+01 1.97428e+01
0.5726 4.40919e-23 1.44145e+01 1.69707e+01 1.96757e+01
0.5730 4.40710e-23 1.44031e+01 1.69591e+01 1.96640e+01
0.5740 4.34040e-23 1.43625e+01 1.69142e+01 1.96168e+01
0.5750 4.41984e-23 1.44891e+01 1.71031e+01 1.98704e+01
0.5760 4.47099e-23 1.45402e+01 1.71704e+01 1.99587e+01
0.5770 4.48744e-23 1.45441e+01 1.71754e+01 1.99657e+01
0.5780 4.42525e-23 1.44803e+01 1.71163e+01 1.99151e+01
0.5790 4.49728e-23 1.46035e+01 1.72653e+01 2.00838e+01
0.5800 4.42079e-23 1.44728e+01 1.71045e+01 1.98912e+01
0.5810 4.46825e-23 1.45003e+01 1.71299e+01 1.99159e+01
0.5820 4.48795e-23 1.45031e+01 1.71377e+01 1.99310e+01
0.5830 4.47255e-23 1.44979e+01 1.71123e+01 1.98834e+01
0.5840 4.46115e-23 1.45027e+01 1.71216e+01 1.98950e+01
0.5850 4.42655e-23 1.44509e+01 1.70412e+01 1.97800e+01
0.5860 4.51859e-23 1.45478e+01 1.71672e+01 1.99425e+01
0.5870 4.47651e-23 1.45239e+01 1.71321e+01 1.98976e+01
0.5880 4.51920e-23 1.45539e+01 1.71616e+01 1.99212e+01
0.5890 4.47610e-23 1.45255e+01 1.71201e+01 1.98649e+01
0.5900 4.42835e-23 1.44963e+01 1.70758e+01 1.98049e+01
0.5910 4.47652e-23 1.45645e+01 1.71617e+01 1.99084e+01
0.5920 4.47167e-23 1.45685e+01 1.71644e+01 1.99081e+01
0.5930 4.43887e-23 1.44867e+01 1.70600e+01 1.97797e+01
0.5940 4.43601e-23 1.45997e+01 1.71879e+01 1.99190e+01
0.5950 4.41209e-23 1.45716e+01 1.71565e+01 1.98879e+01
0.5960 4.43681e-23 1.45825e+01 1.71827e+01 1.99299e+01
0.5970 4.49584e-23 1.46521e+01 1.72773e+01 2.00505e+01
0.5980 4.42521e-23 1.46104e+01 1.72229e+01 1.99871e+01
0.5990 4.41681e-23 1.45960e+01 1.71925e+01 1.99321e+01
0.6000 4.45096e-23 1.46602e+01 1.72736e+01 2.00320e+01
0.6010 4.46959e-23 1.46491e+01 1.72726e+01 2.00436e+01
0.6020 4.51991e-23 1.47058e+01 1.73767e+01 2.02028e+01
0.6030 4.42957e-23 1.46508e+01 1.73123e+01 2.01331e+01
0.6040 4.38281e-23 1.45937e+01 1.72249e+01 2.00138e+01
0.6050 4.46838e-23 1.46569e+01 1.73116e+01 2.01222e+01
0.6060 4.43107e-23 1.46645e+01 1.73241e+01 2.01364e+01
0.6070 4.43057e-23 1.46213e+01 1.72773e+01 2.00865e+01
0.6080 4.53853e-23 1.47486e+01 1.74183e+01 2.02370e+01
0.6090 4.57801e-23 1.48243e+01 1.75267e+01 2.03898e+01
0.6100 4.49500e-23 1.47348e+01 1.73896e+01 2.02018e+01
0.6110 4.46157e-23 1.46641e+01 1.73104e+01 2.01137e+01
0.6120 4.48253e-23 1.46284e+01 1.72631e+01 2.00565e+01
0.6130 4.46718e-23 1.46703e+01 1.73289e+01 2.01549e+01
0.6140 4.50904e-23 1.47027e+01 1.73870e+01 2.02430e+01
0.6150 4.51976e-23 1.47930e+01 1.74966e+01 2.03666e+01
0.6160 4.51289e-23 1.47271e+01 1.74006e+01 2.02381e+01
0.6170 4.59327e-23 1.47886e+01 1.74521e+01 2.02784e+01
0.6180 4.47837e-23 1.47079e+01 1.73412e+01 2.01290e+01
0.6190 4.58301e-23 1.48356e+01 1.74915e+01 2.03026e+01
0.6200 4.61485e-23 1.48629e+01 1.75230e+01 2.03414e+01
0.6210 4.66420e-23 1.49011e+01 1.75558e+01 2.03660e+01
0.6220 4.71966e-23 1.49395e+01 1.76081e+01 2.04369e+01
0.6230 4.70680e-23 1.49143e+01 1.75788e+01 2.04047e+01
0.6240 4.66294e-23 1.48909e+01 1.75594e+01 2.03914e+01
0.6250 4.66826e-23 1.48371e+01 1.74862e+01 2.02950e+01
0.6260 4.65889e-23 1.48389e+01 1.74915e+01 2.03063e+01
0.6270 4.58497e-23 1.47925e+01 1.74291e+01 2.02228e+01
0.6280 4.53914e-23 1.47194e+01 1.73439e+01 2.01276e+01
0.6290 4.51303e-23 1.47219e+01 1.73472e+01 2.01325e+01
0.6300 4.42188e-23 1.46550e+01 1.72563e+01 2.00154e+01
0.6310 4.49699e-23 1.47378e+01 1.73825e+01 2.01883e+01
0.6320 4.53937e-23 1.48326e+01 1.75120e+01 2.03508e+01
0.6330 4.56088e-23 1.49210e+01 1.76374e+01 2.05216e+01
0.6340 4.54301e-23 1.48468e+01 1.75555e+01 2.04376e+01
0.6350 4.54461e-23 1.48713e+01 1.75780e+01 2.04607e+01
0.6360 4.55655e-23 1.48561e+01 1.75391e+01 2.03867e+01
0.6370 4.55593e-23 1.48622e+01 1.75551e+01 2.04139e+01
0.6380 4.53674e-23 1.48426e+01 1.75325e+01 2.03875e+01
0.6390 4.46364e-23 1.47910e+01 1.74676e+01 2.03082e+01
0.6400 4.45576e-23 1.48451e+01 1.75430e+01 2.04134e+01
0.6410 4.56312e-23 1.49731e+01 1.77033e+01 2.06050e+01
0.6420 4.67696e-23 1.50729e+01 1.78534e+01 2.08053e+01
0.6430 4.59877e-23 1.49476e+01 1.76842e+01 2.05917e+01
0.6440 4.59664e-23 1.49646e+01 1.77016e+01 2.06101e+01
0.6450 4.51451e-23 1.49219e+01 1.76629e+01 2.05749e+01
0.6460 4.47735e-23 1.48798e+01 1.76090e+01 2.05050e+01
0.6470 4.48802e-23 1.48564e+01 1.75831e+01 2.04826e+01
0.6480 4.53533e-23 1.49376e+01 1.76716e+01 2.05712e+01
0.6490 4.46460e-23 1.48297e+01 1.75474e+01 2.04359e+01
0.6500 4.44758e-23 1.47876e+01 1.74886e+01 2.03603e+01
0.6510 4.44825e-23 1.47997e+01 1.74794e+01 2.03292e+01
0.6520 4.50964e-23 1.49043e+01 1.76158e+01 2.05001e+01
0.6530 4.54547e-23 1.49498e+01 1.76757e+01 2.05773e+01
0.6540 4.53101e-23 1.49769e+01 1.76988e+01 2.05914e+01
0.6550 4.53650e-23 1.49769e+01 1.77008e+01 2.05975e+01
0.6560 4.48272e-23 1.49177e+01 1.76314e+01 2.05283e+01
0.6565 4.48367e-23 1.49604e+01 1.76765e+01 2.05731e+01
0.6570 4.44021e-23 1.49423e+01 1.76629e+01 2.05647e+01
0.6580 4.53041e-23 1.51018e+01 1.78758e+01 2.08298e+01
0.6590 4.57678e-23 1.52011e+01 1.80098e+01 2.10020e+01
0.6600 4.59064e-23 1.51842e+01 1.79977e+01 2.09991e+01
0.6610 4.59459e-23 1.52796e+01 1.81312e+01 2.11718e+01
0.6620 4.59536e-23 1.52467e+01 1.80901e+01 2.11353e+01
0.6630 4.46870e-23 1.51318e+01 1.79225e+01 2.09002e+01
0.6640 4.44205e-23 1.51443e+01 1.79442e+01 2.09403e+01
0.6650 4.46401e-23 1.51770e+01 1.79888e+01 2.09949e+01
0.6660 4.46303e-23 1.52442e+01 1.80923e+01 2.11477e+01
0.6670 4.43573e-23 1.52197e+01 1.81063e+01 2.12091e+01
0.6680 4.41877e-23 1.51823e+01 1.80672e+01 2.11696e+01
0.6690 4.37374e-23 1.51797e+01 1.80572e+01 2.11492e+01
0.6700 4.32703e-23 1.50858e+01 1.79108e+01 2.09447e+01
0.6710 4.38634e-23 1.51964e+01 1.80489e+01 2.11052e+01
0.6720 4.33635e-23 1.51579e+01 1.79970e+01 2.10407e+01
0.6730 4.31359e-23 1.51348e+01 1.79707e+01 2.10135e+01
0.6740 4.32848e-23 1.51415e+01 1.79781e+01 2.10232e+01
0.6750 4.31178e-23 1.51506e+01 1.79805e+01 2.10155e+01
0.6760 4.34720e-23 1.52273e+01 1.80936e+01 2.11684e+01
0.6770 4.28215e-23 1.50980e+01 1.79526e+01 2.10228e+01
0.6780 4.29728e-23 1.50984e+01 1.79379e+01 2.09911e+01
0.6790 4.28574e-23 1.50664e+01 1.79043e+01 2.09600e+01
0.6800 4.24638e-23 1.50256e+01 1.78576e+01 2.09074e+01
0.6810 4.34918e-23 1.51546e+01 1.80367e+01 2.11412e+01
0.6820 4.33413e-23 1.50956e+01 1.79496e+01 2.10177e+01
0.6830 4.30556e-23 1.51049e+01 1.79540e+01 2.10253e+01
0.6840 4.29160e-23 1.50779e+01 1.79168e+01 2.09782e+01
0.6850 4.29687e-23 1.50758e+01 1.79134e+01 2.09730e+01
0.6860 4.32821e-23 1.50972e+01 1.79231e+01 2.09672e+01
0.6870 4.26195e-23 1.50258e+01 1.78326e+01 2.08602e+01
0.6880 4.24049e-23 1.49988e+01 1.77986e+01 2.08218e+01
0.6890 4.23939e-23 1.49900e+01 1.77771e+01 2.07816e+01
0.6900 4.17760e-23 1.49035e+01 1.76832e+01 2.06810e+01
0.6910 4.14270e-23 1.48786e+01 1.76510e+01 2.06430e+01
0.6920 4.07058e-23 1.47875e+01 1.75516e+01 2.05411e+01
0.6930 4.05038e-23 1.47621e+01 1.75339e+01 2.05307e+01
0.6940 4.04611e-23 1.47576e+01 1.75192e+01 2.05087e+01
0.6950 3.97180e-23 1.47024e+01 1.74370e+01 2.03957e+01
0.6960 3.99045e-23 1.47111e+01 1.74492e+01 2.04101e+01
0.6970 3.93975e-23 1.46873e+01 1.74260e+01 2.03936e+01
0.6980 3.92583e-23 1.46070e+01 1.73299e+01 2.02815e+01
0.6990 3.89025e-23 1.46086e+01 1.73427e+01 2.03042e+01
0.7000 3.87777e-23 1.45671e+01 1.72917e+01 2.02443e+01
0.7010 3.92485e-23 1.46657e+01 1.74125e+01 2.03910e+01
0.7020 3.94787e-23 1.46276e+01 1.73819e+01 2.03720e+01
0.7030 3.94218e-23 1.46595e+01 1.74208e+01 2.04189e+01
0.7040 3.90980e-23 1.46412e+01 1.73951e+01 2.03823e+01
0.7050 3.90218e-23 1.46567e+01 1.74037e+01 2.03784e+01
0.7060 3.87876e-23 1.46100e+01 1.73433e+01 2.03067e+01
0.7070 3.90544e-23 1.46436e+01 1.73917e+01 2.03792e+01
0.7080 3.97974e-23 1.47169e+01 1.74749e+01 2.04646e+01
0.7090 4.00840e-23 1.47684e+01 1.75343e+01 2.05258e+01
0.7100 3.97146e-23 1.47427e+01 1.74834e+01 2.04512e+01
0.7110 4.00156e-23 1.47041e+01 1.74634e+01 2.04523e+01
0.7120 3.93195e-23 1.46635e+01 1.74113e+01 2.03854e+01
0.7130 3.89828e-23 1.47022e+01 1.74433e+01 2.04097e+01
0.7140 3.92553e-23 1.46465e+01 1.73765e+01 2.03266e+01
0.7150 3.92643e-23 1.46685e+01 1.74015e+01 2.03560e+01
0.7160 3.90980e-23 1.46058e+01 1.73253e+01 2.02675e+01
0.7170 3.87737e-23 1.46706e+01 1.74110e+01 2.03776e+01
0.7180 3.88965e-23 1.46536e+01 1.73904e+01 2.03612e+01
0.7190 3.86336e-23 1.46619e+01 1.74099e+01 2.03985e+01
0.7200 3.84539e-23 1.46318e+01 1.73572e+01 2.03204e+01
0.7210 3.84343e-23 1.46458e+01 1.73981e+01 2.03918e+01
0.7220 3.83681e-23 1.45985e+01 1.73246e+01 2.02846e+01
0.7230 3.85372e-23 1.46822e+01 1.74183e+01 2.03797e+01
0.7240 3.81744e-23 1.45609e+01 1.72698e+01 2.02074e+01
0.7250 3.84239e-23 1.45829e+01 1.73086e+01 2.02697e+01
0.7260 3.80891e-23 1.45561e+01 1.72543e+01 2.01786e+01
0.7270 3.83284e-23 1.45359e+01 1.72104e+01 2.01046e+01
0.7280 3.85203e-23 1.46346e+01 1.73346e+01 2.02639e+01
0.7290 3.89822e-23 1.46833e+01 1.73953e+01 2.03360e+01
0.7300 3.90455e-23 1.47285e+01 1.74626e+01 2.04324e+01
0.7310 3.85849e-23 1.46838e+01 1.74033e+01 2.03629e+01
0.7320 3.85650e-23 1.46744e+01 1.74036e+01 2.03722e+01
0.7330 3.86417e-23 1.46553e+01 1.73718e+01 2.03273e+01
0.7340 3.86984e-23 1.47270e+01 1.74718e+01 2.04569e+01
0.7340 3.86957e-23 1.47270e+01 1.74718e+01 2.04569e+01
0.7350 3.87477e-23 1.47136e+01 1.74475e+01 2.04116e+01
0.7360 3.83151e-23 1.46354e+01 1.73353e+01 2.02598e+01
0.7370 3.84630e-23 1.46695e+01 1.73714e+01 2.02949e+01
0.7380 3.84946e-23 1.46647e+01 1.73494e+01 2.02485e+01
0.7390 3.87475e-23 1.46806e+01 1.73770e+01 2.02905e+01
0.7400 3.86990e-23 1.47128e+01 1.74274e+01 2.03601e+01
0.7410 3.85978e-23 1.46742e+01 1.74048e+01 2.03626e+01
0.7420 3.82445e-23 1.46137e+01 1.73275e+01 2.02567e+01
0.7430 3.84471e-23 1.46310e+01 1.73571e+01 2.03022e+01
0.7440 3.91816e-23 1.47426e+01 1.74705e+01 2.04101e+01
0.7450 3.92987e-23 1.47566e+01 1.74729e+01 2.03962e+01
0.7460 3.97002e-23 1.48312e+01 1.75555e+01 2.04853e+01
0.7470 3.94627e-23 1.48457e+01 1.75774e+01 2.05153e+01
0.7480 3.96475e-23 1.48665e+01 1.75950e+01 2.05262e+01
0.7490 3.94432e-23 1.47891e+01 1.74923e+01 2.03949e+01
0.7500 3.92844e-23 1.47352e+01 1.74252e+01 2.03159e+01
0.7510 3.96594e-23 1.47580e+01 1.74508e+01 2.03428e+01
0.7520 3.99334e-23 1.48601e+01 1.75795e+01 2.05035e+01
0.7530 3.97455e-23 1.48566e+01 1.75772e+01 2.05030e+01
0.7540 3.97429e-23 1.48530e+01 1.75670e+01 2.04807e+01
0.7550 3.95401e-23 1.48655e+01 1.75966e+01 2.05240e+01
0.7560 3.96832e-23 1.48609e+01 1.75990e+01 2.05359e+01
0.7570 4.00653e-23 1.49249e+01 1.76727e+01 2.06196e+01
0.7580 3.94147e-23 1.48558e+01 1.75993e+01 2.05466e+01
0.7590 3.95718e-23 1.48876e+01 1.76407e+01 2.06006e+01
0.7600 3.93318e-23 1.48411e+01 1.75833e+01 2.05318e+01
0.7610 3.89646e-23 1.48293e+01 1.75589e+01 2.04941e+01
0.7620 3.91429e-23 1.48208e+01 1.75466e+01 2.04757e+01
0.7630 3.90147e-23 1.48064e+01 1.75160e+01 2.04314e+01
0.7640 3.97320e-23 1.49047e+01 1.76393e+01 2.05777e+01
0.7650 3.92877e-23 1.48611e+01 1.75991e+01 2.05499e+01
0.7660 3.94373e-23 1.48606e+01 1.75965e+01 2.05424e+01
0.7670 3.93697e-23 1.48840e+01 1.76207e+01 2.05610e+01
0.7680 3.94766e-23 1.49156e+01 1.76618e+01 2.06116e+01
0.7690 3.96791e-23 1.49576e+01 1.77113e+01 2.06712e+01
0.7700 3.88466e-23 1.48857e+01 1.76272e+01 2.05790e+01
0.7710 3.92194e-23 1.49195e+01 1.76911e+01 2.06726e+01
0.7720 3.92011e-23 1.49038e+01 1.76685e+01 2.06527e+01
0.7730 3.94522e-23 1.49345e+01 1.77111e+01 2.07095e+01
0.7740 3.94698e-23 1.49735e+01 1.77549e+01 2.07589e+01
0.7750 3.91483e-23 1.49386e+01 1.77213e+01 2.07343e+01
0.7760 3.87715e-23 1.48640e+01 1.76310e+01 2.06235e+01
0.7770 3.86052e-23 1.48380e+01 1.75912e+01 2.05613e+01
0.7780 3.85502e-23 1.48831e+01 1.76588e+01 2.06543e+01
0.7790 3.89619e-23 1.49604e+01 1.77618e+01 2.07829e+01
0.7800 3.89253e-23 1.49803e+01 1.77874e+01 2.08144e+01
0.7810 3.91844e-23 1.50111e+01 1.78356e+01 2.08872e+01
0.7820 3.82678e-23 1.49110e+01 1.77117e+01 2.07370e+01
0.7830 3.81333e-23 1.49437e+01 1.77532e+01 2.07868e+01
0.7840 3.85132e-23 1.49854e+01 1.78109e+01 2.08600e+01
0.7850 3.84819e-23 1.49711e+01 1.77912e+01 2.08360e+01
0.7860 3.84096e-23 1.49846e+01 1.77817e+01 2.08001e+01
0.7870 3.75356e-23 1.48963e+01 1.76660e+01 2.06582e+01
0.7880 3.74087e-23 1.48603e+01 1.76273e+01 2.06207e+01
0.7890 3.75350e-23 1.48718e+01 1.76521e+01 2.06627e+01
0.7900 3.71099e-23 1.48655e+01 1.76457e+01 2.06575e+01
0.7910 3.74217e-23 1.48819e+01 1.76734e+01 2.06900e+01
0.7920 3.72147e-23 1.48768e+01 1.76682e+01 2.06834e+01
0.7930 3.75250e-23 1.49240e+01 1.77319e+01 2.07719e+01
0.7940 3.74634e-23 1.49278e+01 1.77304e+01 2.07617e+01
0.7950 3.70190e-23 1.48880e+01 1.77045e+01 2.07610e+01
0.7960 3.69833e-23 1.48687e+01 1.76896e+01 2.07563e+01
0.7970 3.71582e-23 1.48920e+01 1.77263e+01 2.07981e+01
0.7980 3.66477e-23 1.48883e+01 1.76995e+01 2.07434e+01
0.7990 3.68555e-23 1.48885e+01 1.76818e+01 2.06986e+01
0.8000 3.66681e-23 1.48527e+01 1.76585e+01 2.07008e+01
0.8010 3.63746e-23 1.48587e+01 1.76804e+01 2.07437e+01
0.8020 3.60302e-23 1.47810e+01 1.75836e+01 2.06243e+01
0.8030 3.58924e-23 1.47731e+01 1.75621e+01 2.05832e+01
0.8040 3.58290e-23 1.48268e+01 1.76382e+01 2.06816e+01
0.8050 3.63947e-23 1.49004e+01 1.77284e+01 2.07873e+01
0.8060 3.59195e-23 1.48223e+01 1.76272e+01 2.06618e+01
0.8070 3.50381e-23 1.47174e+01 1.75011e+01 2.05189e+01
0.8070 3.50691e-23 1.47126e+01 1.74931e+01 2.05079e+01
0.8080 3.53049e-23 1.47355e+01 1.75023e+01 2.05003e+01
0.8090 3.53813e-23 1.47679e+01 1.75639e+01 2.05887e+01
0.8100 3.54731e-23 1.47671e+01 1.75705e+01 2.06072e+01
0.8110 3.54301e-23 1.47280e+01 1.75186e+01 2.05407e+01
0.8120 3.53746e-23 1.47429e+01 1.75432e+01 2.05764e+01
0.8130 3.56974e-23 1.48002e+01 1.76275e+01 2.06850e+01
0.8140 3.56522e-23 1.48312e+01 1.76795e+01 2.07694e+01
0.8150 3.58037e-23 1.48396e+01 1.76706e+01 2.07337e+01
0.8160 3.54648e-23 1.47775e+01 1.76062e+01 2.06697e+01
0.8170 3.50464e-23 1.47557e+01 1.75889e+01 2.06585e+01
0.8180 3.55424e-23 1.48095e+01 1.76543e+01 2.07326e+01
0.8190 3.55512e-23 1.48277e+01 1.76635e+01 2.07315e+01
0.8200 3.56428e-23 1.48963e+01 1.77398e+01 2.08241e+01
0.8210 3.57609e-23 1.48757e+01 1.77206e+01 2.08025e+01
0.8220 3.56465e-23 1.48225e+01 1.76657e+01 2.07535e+01
0.8230 3.54660e-23 1.48487e+01 1.77070e+01 2.08125e+01
0.8240 3.59677e-23 1.48707e+01 1.77230e+01 2.08206e+01
0.8250 3.64195e-23 1.49570e+01 1.78465e+01 2.09799e+01
0.8260 3.63331e-23 1.49742e+01 1.78741e+01 2.10256e+01
0.8270 3.59171e-23 1.48686e+01 1.77375e+01 2.08524e+01
0.8280 3.63787e-23 1.49419e+01 1.78307e+01 2.09705e+01
0.8290 3.69733e-23 1.50123e+01 1.79258e+01 2.10996e+01
0.8300 3.68905e-23 1.50023e+01 1.78895e+01 2.10263e+01
0.8310 3.67731e-23 1.49928e+01 1.78845e+01 2.10264e+01
0.8320 3.72072e-23 1.50565e+01 1.79616e+01 2.11118e+01
0.8330 3.64178e-23 1.49574e+01 1.78445e+01 2.09807e+01
0.8340 3.66155e-23 1.49726e+01 1.78665e+01 2.10108e+01
0.8350 3.63978e-23 1.49384e+01 1.78286e+01 2.09655e+01
0.8360 3.61710e-23 1.49226e+01 1.77974e+01 2.09214e+01
0.8370 3.59955e-23 1.48928e+01 1.77642e+01 2.08775e+01
0.8380 3.64768e-23 1.49763e+01 1.78504e+01 2.09620e+01
0.8390 3.67811e-23 1.49651e+01 1.78383e+01 2.09486e+01
0.8400 3.67396e-23 1.49575e+01 1.78175e+01 2.09054e+01
0.8410 3.64738e-23 1.49394e+01 1.77906e+01 2.08716e+01
0.8420 3.63839e-23 1.49656e+01 1.78148e+01 2.08910e+01
0.8430 3.68289e-23 1.50855e+01 1.79660e+01 2.10743e+01
0.8440 3.69412e-23 1.50630e+01 1.79326e+01 2.10326e+01
0.8450 3.74748e-23 1.51532e+01 1.80482e+01 2.11735e+01
0.8460 3.71612e-23 1.51286e+01 1.80188e+01 2.11430e+01
0.8470 3.72230e-23 1.51311e+01 1.80294e+01 2.11579e+01
0.8480 3.72065e-23 1.50862e+01 1.79539e+01 2.10444e+01
0.8490 3.75087e-23 1.51589e+01 1.80410e+01 2.11482e+01
0.8500 3.79239e-23 1.52278e+01 1.81190e+01 2.12357e+01
0.8510 3.74425e-23 1.51701e+01 1.80593e+01 2.11777e+01
0.8520 3.78765e-23 1.52135e+01 1.81339e+01 2.12805e+01
0.8530 3.78537e-23 1.52334e+01 1.81499e+01 2.13022e+01
0.8540 3.79452e-23 1.52530e+01 1.81742e+01 2.13314e+01
0.8550 3.76306e-23 1.51927e+01 1.81030e+01 2.12520e+01
0.8560 3.75901e-23 1.52175e+01 1.81405e+01 2.13038e+01
0.8570 3.72290e-23 1.51196e+01 1.80159e+01 2.11498e+01
0.8580 3.73095e-23 1.51669e+01 1.80782e+01 2.12346e+01
0.8590 3.70468e-23 1.51198e+01 1.80396e+01 2.12104e+01
0.8600 3.67325e-23 1.50617e+01 1.79544e+01 2.10926e+01
0.8610 3.68673e-23 1.50297e+01 1.79070e+01 2.10241e+01
0.8620 3.71204e-23 1.50740e+01 1.79636e+01 2.10977e+01
0.8630 3.70108e-23 1.50714e+01 1.79491e+01 2.10717e+01
0.8640 3.66724e-23 1.50218e+01 1.78733e+01 2.09631e+01
0.8650 3.62644e-23 1.49954e+01 1.78525e+01 2.09524e+01
0.8660 3.64679e-23 1.50214e+01 1.78927e+01 2.10137e+01
0.8670 3.63128e-23 1.50785e+01 1.79619e+01 2.10912e+01
0.8680 3.58818e-23 1.50049e+01 1.78836e+01 2.10093e+01
0.8690 3.59201e-23 1.50083e+01 1.78877e+01 2.10189e+01
0.8700 3.51935e-23 1.49248e+01 1.77802e+01 2.08834e+01
0.8710 3.50290e-23 1.48816e+01 1.77278e+01 2.08079e+01
0.8720 3.61488e-23 1.50489e+01 1.79489e+01 2.10905e+01
0.8730 3.61443e-23 1.51024e+01 1.80216e+01 2.11757e+01
0.8740 3.57661e-23 1.50306e+01 1.79268e+01 2.10687e+01
0.8750 3.60158e-23 1.50417e+01 1.79512e+01 2.10995e+01
0.8755 3.59283e-23 1.50196e+01 1.79255e+01 2.10675e+01
0.8760 3.61057e-23 1.50862e+01 1.80010e+01 2.11530e+01
0.8770 3.68344e-23 1.50939e+01 1.80045e+01 2.11560e+01
0.8780 3.61766e-23 1.50596e+01 1.79519e+01 2.10835e+01
0.8790 3.62950e-23 1.50708e+01 1.79387e+01 2.10434e+01
0.8800 3.61994e-23 1.50642e+01 1.79381e+01 2.10577e+01
0.8810 3.64801e-23 1.51475e+01 1.80458e+01 2.11824e+01
0.8820 3.63610e-23 1.51205e+01 1.80152e+01 2.11490e+01
0.8830 3.69469e-23 1.52409e+01 1.81560e+01 2.13016e+01
0.8840 3.68040e-23 1.51951e+01 1.81141e+01 2.12713e+01
0.8850 3.71048e-23 1.52907e+01 1.82240e+01 2.13901e+01
0.8860 3.72578e-23 1.52822e+01 1.81870e+01 2.13249e+01
0.8870 3.66697e-23 1.52122e+01 1.81008e+01 2.12206e+01
0.8880 3.66485e-23 1.51439e+01 1.80254e+01 2.11444e+01
0.8890 3.60900e-23 1.51205e+01 1.80005e+01 2.11196e+01
0.8900 3.59492e-23 1.50919e+01 1.79742e+01 2.10936e+01
0.8910 3.60172e-23 1.51084e+01 1.80112e+01 2.11571e+01
0.8920 3.62780e-23 1.51238e+01 1.80311e+01 2.11821e+01
0.8930 3.58136e-23 1.50758e+01 1.79729e+01 2.11235e+01
0.8940 3.60917e-23 1.51058e+01 1.79985e+01 2.11349e+01
0.8950 3.55003e-23 1.50688e+01 1.79429e+01 2.10639e+01
0.8960 3.57336e-23 1.50661e+01 1.79512e+01 2.10878e+01
0.8970 3.53939e-23 1.50631e+01 1.79497e+01 2.10941e+01
0.8980 3.55029e-23 1.50881e+01 1.80073e+01 2.11907e+01
0.8990 3.54364e-23 1.50985e+01 1.80268e+01 2.12143e+01
0.9000 3.56126e-23 1.50842e+01 1.80031e+01 2.11767e+01
0.9010 3.54738e-23 1.50866e+01 1.80041e+01 2.11756e+01
0.9020 3.58586e-23 1.51001e+01 1.80100e+01 2.11738e+01
0.9030 3.59470e-23 1.52030e+01 1.81452e+01 2.13456e+01
0.9040 3.57074e-23 1.51848e+01 1.81135e+01 2.12967e+01
0.9050 3.57876e-23 1.52126e+01 1.81562e+01 2.13489e+01
0.9060 3.55635e-23 1.51536e+01 1.80872e+01 2.12769e+01
0.9070 3.51591e-23 1.51190e+01 1.80298e+01 2.11955e+01
0.9080 3.52447e-23 1.51030e+01 1.80272e+01 2.12137e+01
0.9090 3.51511e-23 1.51164e+01 1.80313e+01 2.12036e+01
0.9100 3.51333e-23 1.51390e+01 1.80501e+01 2.12150e+01
0.9110 3.48830e-23 1.51148e+01 1.80265e+01 2.11920e+01
0.9120 3.50965e-23 1.51683e+01 1.80788e+01 2.12339e+01
0.9130 3.48542e-23 1.51278e+01 1.80273e+01 2.11755e+01
0.9140 3.54138e-23 1.51784e+01 1.80990e+01 2.12667e+01
0.9150 3.52594e-23 1.51769e+01 1.81146e+01 2.12990e+01
0.9160 3.50890e-23 1.51502e+01 1.80628e+01 2.12233e+01
0.9170 3.46142e-23 1.50808e+01 1.79796e+01 2.11262e+01
0.9180 3.43215e-23 1.50440e+01 1.79238e+01 2.10542e+01
0.9190 3.45610e-23 1.50938e+01 1.79877e+01 2.11341e+01
0.9200 3.43188e-23 1.50419e+01 1.79270e+01 2.10631e+01
0.9210 3.44356e-23 1.50924e+01 1.79887e+01 2.11314e+01
0.9220 3.50712e-23 1.51673e+01 1.80987e+01 2.12845e+01
0.9230 3.47693e-23 1.51169e+01 1.80374e+01 2.12196e+01
0.9240 3.45978e-23 1.50661e+01 1.79660e+01 2.11204e+01
0.9250 3.43585e-23 1.50874e+01 1.79904e+01 2.11470e+01
0.9260 3.46026e-23 1.50993e+01 1.80007e+01 2.11601e+01
0.9270 3.47905e-23 1.51127e+01 1.80200e+01 2.11922e+01
0.9280 3.49892e-23 1.51712e+01 1.80849e+01 2.12569e+01
0.9290 3.47665e-23 1.51863e+01 1.81145e+01 2.12995e+01
0.9300 3.50312e-23 1.51852e+01 1.80956e+01 2.12610e+01
0.9310 3.48141e-23 1.52176e+01 1.81481e+01 2.13401e+01
0.9320 3.48745e-23 1.51913e+01 1.81231e+01 2.13190e+01
0.9330 3.48307e-23 1.51835e+01 1.81055e+01 2.12899e+01
0.9340 3.46574e-23 1.51855e+01 1.81287e+01 2.13395e+01
0.9350 3.49231e-23 1.52431e+01 1.82157e+01 2.14551e+01
0.9360 3.45774e-23 1.51805e+01 1.81479e+01 2.13797e+01
0.9370 3.54265e-23 1.52846e+01 1.82808e+01 2.15322e+01
0.9380 3.52014e-23 1.52222e+01 1.81724e+01 2.13739e+01
0.9389 3.46658e-23 1.52011e+01 1.81673e+01 2.13964e+01
0.9390 3.45249e-23 1.51889e+01 1.81517e+01 2.13767e+01
0.9400 3.47020e-23 1.52204e+01 1.82120e+01 2.14753e+01
0.9410 3.45146e-23 1.51590e+01 1.81463e+01 2.14105e+01
0.9420 3.42174e-23 1.51809e+01 1.81855e+01 2.14694e+01
0.9430 3.42997e-23 1.51673e+01 1.81566e+01 2.14273e+01
0.9440 3.39701e-23 1.51344e+01 1.81157e+01 2.13741e+01
0.9450 3.38717e-23 1.51172e+01 1.80931e+01 2.13451e+01
0.9460 3.41083e-23 1.52241e+01 1.82298e+01 2.15075e+01
0.9470 3.40592e-23 1.51899e+01 1.81812e+01 2.14413e+01
0.9480 3.40132e-23 1.52009e+01 1.81800e+01 2.14258e+01
0.9490 3.40622e-23 1.51920e+01 1.81743e+01 2.14200e+01
0.9500 3.39245e-23 1.52102e+01 1.81916e+01 2.14408e+01
0.9510 3.41495e-23 1.52682e+01 1.82690e+01 2.15342e+01
0.9520 3.39456e-23 1.52930e+01 1.83061e+01 2.15792e+01
0.9530 3.40053e-23 1.52587e+01 1.82549e+01 2.15126e+01
0.9540 3.43584e-23 1.52712e+01 1.82750e+01 2.15353e+01
0.9550 3.37252e-23 1.51977e+01 1.81793e+01 2.14222e+01
0.9560 3.34845e-23 1.51521e+01 1.81320e+01 2.13803e+01
0.9570 3.30803e-23 1.50345e+01 1.79823e+01 2.11975e+01
0.9580 3.26841e-23 1.50076e+01 1.79565e+01 2.11830e+01
0.9590 3.26607e-23 1.49844e+01 1.79094e+01 2.11026e+01
0.9600 3.20854e-23 1.49533e+01 1.78863e+01 2.10860e+01
0.9610 3.20752e-23 1.49205e+01 1.78563e+01 2.10688e+01
0.9620 3.18419e-23 1.49183e+01 1.78611e+01 2.10769e+01
0.9630 3.19769e-23 1.48867e+01 1.78289e+01 2.10369e+01
0.9640 3.19187e-23 1.48815e+01 1.78113e+01 2.10057e+01
0.9650 3.20278e-23 1.48981e+01 1.78298e+01 2.10327e+01
0.9660 3.18295e-23 1.48473e+01 1.77594e+01 2.09386e+01
0.9670 3.18328e-23 1.49118e+01 1.78404e+01 2.10381e+01
0.9680 3.20019e-23 1.48844e+01 1.78032e+01 2.09877e+01
0.9690 3.18785e-23 1.48895e+01 1.77817e+01 2.09369e+01
0.9700 3.16343e-23 1.48477e+01 1.77482e+01 2.09141e+01
0.9710 3.11594e-23 1.48182e+01 1.77025e+01 2.08483e+01
0.9720 3.14414e-23 1.47982e+01 1.76698e+01 2.08006e+01
0.9730 3.11151e-23 1.47930e+01 1.76746e+01 2.08196e+01
0.9740 3.15874e-23 1.48741e+01 1.78067e+01 2.10148e+01
0.9750 3.16414e-23 1.49229e+01 1.78902e+01 2.11421e+01
0.9760 3.15079e-23 1.48277e+01 1.77534e+01 2.09560e+01
0.9770 3.15782e-23 1.48765e+01 1.78066e+01 2.10023e+01
0.9780 3.17361e-23 1.48957e+01 1.78318e+01 2.10386e+01
0.9790 3.17031e-23 1.49007e+01 1.78527e+01 2.10772e+01
0.9800 3.12225e-23 1.48578e+01 1.78114e+01 2.10313e+01
0.9810 3.17423e-23 1.49263e+01 1.79073e+01 2.11565e+01
0.9820 3.16354e-23 1.49297e+01 1.79066e+01 2.11450e+01
0.9830 3.14558e-23 1.48480e+01 1.78114e+01 2.10434e+01
0.9840 3.18469e-23 1.48982e+01 1.78534e+01 2.10620e+01
0.9850 3.24688e-23 1.50274e+01 1.80131e+01 2.12633e+01
0.9860 3.31004e-23 1.50918e+01 1.80794e+01 2.13345e+01
0.9870 3.23037e-23 1.49971e+01 1.79464e+01 2.11478e+01
0.9880 3.22722e-23 1.49649e+01 1.79192e+01 2.11357e+01
0.9890 3.21304e-23 1.49415e+01 1.79106e+01 2.11453e+01
0.9900 3.22231e-23 1.50454e+01 1.80356e+01 2.12905e+01
0.9910 3.22786e-23 1.49731e+01 1.79497e+01 2.11933e+01
0.9920 3.18925e-23 1.49495e+01 1.78919e+01 2.10901e+01
0.9930 3.16982e-23 1.49649e+01 1.79136e+01 2.11213e+01
0.9940 3.18304e-23 1.49711e+01 1.79397e+01 2.11695e+01
0.9950 3.18101e-23 1.50141e+01 1.79982e+01 2.12422e+01
0.9960 3.25912e-23 1.51620e+01 1.81948e+01 2.14837e+01
0.9970 3.22266e-23 1.51337e+01 1.81745e+01 2.14745e+01
0.9980 3.28419e-23 1.52285e+01 1.83087e+01 2.16532e+01
0.9990 3.37491e-23 1.53504e+01 1.84664e+01 2.18570e+01
1.0000 3.38194e-23 1.53528e+01 1.84603e+01 2.18488e+01
1.0010 3.26050e-23 1.51342e+01 1.81462e+01 2.14252e+01
1.0020 3.28774e-23 1.52206e+01 1.82522e+01 2.15544e+01
1.0030 3.29299e-23 1.51819e+01 1.82140e+01 2.15285e+01
1.0040 3.27728e-23 1.51602e+01 1.81858e+01 2.15015e+01
1.0050 3.26630e-23 1.51673e+01 1.81783e+01 2.14766e+01
1.0060 3.29989e-23 1.52079e+01 1.82558e+01 2.16401e+01
1.0066 3.28932e-23 1.51766e+01 1.82196e+01 2.15870e+01
1.0070 3.31450e-23 1.51947e+01 1.82409e+01 2.15970e+01
1.0080 3.30815e-23 1.52441e+01 1.82999e+01 2.16598e+01
1.0090 3.26431e-23 1.52115e+01 1.82806e+01 2.16675e+01
1.0100 3.32849e-23 1.52810e+01 1.83744e+01 2.17972e+01
1.0110 3.29003e-23 1.52803e+01 1.83658e+01 2.17572e+01
1.0120 3.32633e-23 1.52781e+01 1.83405e+01 2.16904e+01
1.0130 3.29514e-23 1.52535e+01 1.83193e+01 2.16873e+01
1.0140 3.29945e-23 1.52933e+01 1.83596e+01 2.17207e+01
1.0150 3.29547e-23 1.53038e+01 1.83956e+01 2.18051e+01
1.0160 3.34276e-23 1.53476e+01 1.84501e+01 2.18746e+01
1.0170 3.27740e-23 1.52576e+01 1.83289e+01 2.17127e+01
1.0180 3.30501e-23 1.52442e+01 1.82962e+01 2.16577e+01
1.0190 3.28628e-23 1.52603e+01 1.83215e+01 2.16948e+01
1.0200 3.26664e-23 1.52645e+01 1.83408e+01 2.17416e+01
1.0210 3.27468e-23 1.52269e+01 1.82855e+01 2.16700e+01
1.0220 3.28894e-23 1.53203e+01 1.84106e+01 2.18252e+01
1.0230 3.31307e-23 1.53695e+01 1.84945e+01 2.19692e+01
1.0240 3.24055e-23 1.52766e+01 1.83752e+01 2.18262e+01
1.0250 3.21621e-23 1.52279e+01 1.83030e+01 2.17080e+01
1.0260 3.22156e-23 1.51668e+01 1.82286e+01 2.16273e+01
1.0270 3.14646e-23 1.50935e+01 1.81236e+01 2.14787e+01
1.0280 3.09825e-23 1.50555e+01 1.80838e+01 2.14295e+01
1.0290 3.11464e-23 1.51025e+01 1.81583e+01 2.15461e+01
1.0300 3.12803e-23 1.50582e+01 1.80832e+01 2.14215e+01
1.0310 3.15383e-23 1.50748e+01 1.81315e+01 2.15094e+01
1.0320 3.12314e-23 1.50374e+01 1.80921e+01 2.14850e+01
1.0330 3.11773e-23 1.50698e+01 1.81249e+01 2.15052e+01
1.0340 3.14206e-23 1.50612e+01 1.80952e+01 2.14438e+01
1.0350 3.14764e-23 1.51165e+01 1.81681e+01 2.15368e+01
1.0360 3.15729e-23 1.51144e+01 1.81438e+01 2.14706e+01
1.0370 3.16783e-23 1.51052e+01 1.81319e+01 2.14530e+01
1.0380 3.17483e-23 1.51236e+01 1.81545e+01 2.14831e+01
1.0390 3.18986e-23 1.51396e+01 1.81922e+01 2.15631e+01
1.0400 3.18863e-23 1.52078e+01 1.82772e+01 2.16489e+01
1.0410 3.21487e-23 1.52149e+01 1.83024e+01 2.17007e+01
1.0420 3.13170e-23 1.50875e+01 1.81220e+01 2.14542e+01
1.0430 3.16830e-23 1.50757e+01 1.81096e+01 2.14388e+01
1.0440 3.12872e-23 1.50582e+01 1.80875e+01 2.14093e+01
1.0450 3.12669e-23 1.50594e+01 1.80956e+01 2.14347e+01
1.0460 3.10915e-23 1.50629e+01 1.81069e+01 2.14494e+01
1.0470 3.13968e-23 1.50898e+01 1.81365e+01 2.14803e+01
1.0480 3.16327e-23 1.51181e+01 1.81811e+01 2.15568e+01
1.0490 3.13052e-23 1.51316e+01 1.81848e+01 2.15435e+01
1.0500 3.12486e-23 1.51069e+01 1.81514e+01 2.15018e+01
1.0510 3.15112e-23 1.51076e+01 1.81610e+01 2.15306e+01
1.0520 3.15988e-23 1.50708e+01 1.81069e+01 2.14531e+01
1.0530 3.11330e-23 1.50213e+01 1.80296e+01 2.13431e+01
1.0540 3.09441e-23 1.50324e+01 1.80605e+01 2.14033e+01
1.0550 3.10286e-23 1.49880e+01 1.79919e+01 2.13014e+01
1.0560 3.12018e-23 1.50428e+01 1.80576e+01 2.13717e+01
1.0570 3.08135e-23 1.49968e+01 1.79775e+01 2.12527e+01
1.0580 3.08942e-23 1.50362e+01 1.80410e+01 2.13443e+01
1.0590 3.07448e-23 1.49671e+01 1.79603e+01 2.12434e+01
1.0600 3.08812e-23 1.50084e+01 1.80237e+01 2.13266e+01
1.0610 3.07424e-23 1.50256e+01 1.80626e+01 2.13992e+01
1.0620 3.04066e-23 1.49726e+01 1.80088e+01 2.13510e+01
1.0630 3.00024e-23 1.49073e+01 1.79275e+01 2.12452e+01
1.0640 3.00823e-23 1.49168e+01 1.79627e+01 2.13169e+01
1.0650 3.05469e-23 1.49590e+01 1.79999e+01 2.13451e+01
1.0660 3.07173e-23 1.49770e+01 1.80395e+01 2.14068e+01
1.0670 3.05310e-23 1.49539e+01 1.79983e+01 2.13482e+01
1.0680 3.07402e-23 1.49477e+01 1.79761e+01 2.13011e+01
1.0690 3.07174e-23 1.49441e+01 1.79600e+01 2.12674e+01
1.0700 3.06117e-23 1.49734e+01 1.80113e+01 2.13573e+01
1.0710 3.00489e-23 1.48906e+01 1.78768e+01 2.11541e+01
1.0720 3.01365e-23 1.48997e+01 1.79016e+01 2.11968e+01
1.0730 3.02237e-23 1.48964e+01 1.78963e+01 2.11946e+01
1.0740 3.02972e-23 1.49487e+01 1.79574e+01 2.12642e+01
1.0750 3.03392e-23 1.49389e+01 1.79212e+01 2.12006e+01
1.0760 3.01250e-23 1.48864e+01 1.78582e+01 2.11286e+01
1.0770 2.98150e-23 1.48965e+01 1.78726e+01 2.11529e+01
1.0780 2.97842e-23 1.48444e+01 1.78004e+01 2.10439e+01
1.0790 2.94379e-23 1.47942e+01 1.77537e+01 2.10182e+01
1.0800 2.93497e-23 1.47723e+01 1.77246e+01 2.09783e+01
1.0810 2.93510e-23 1.47791e+01 1.77293e+01 2.09784e+01
1.0820 2.90108e-23 1.47520e+01 1.77014e+01 2.09532e+01
1.0822 2.91394e-23 1.47605e+01 1.77055e+01 2.09539e+01
1.0830 2.93778e-23 1.47606e+01 1.77067e+01 2.09473e+01
1.0840 2.91022e-23 1.47456e+01 1.76948e+01 2.09334e+01
1.0850 2.94356e-23 1.47851e+01 1.77260e+01 2.09537e+01
1.0860 2.92401e-23 1.48151e+01 1.77637e+01 2.10029e+01
1.0870 2.91003e-23 1.47555e+01 1.76971e+01 2.09363e+01
1.0880 2.89474e-23 1.47156e+01 1.76632e+01 2.09083e+01
1.0890 2.92468e-23 1.47476e+01 1.76954e+01 2.09340e+01
1.0900 2.92641e-23 1.47915e+01 1.77589e+01 2.10137e+01
1.0910 2.96729e-23 1.48192e+01 1.77974e+01 2.10582e+01
1.0920 2.90209e-23 1.46845e+01 1.76057e+01 2.08039e+01
1.0930 2.89771e-23 1.47441e+01 1.76879e+01 2.09212e+01
1.0940 2.89022e-23 1.47091e+01 1.76446e+01 2.08732e+01
1.0950 2.85749e-23 1.46092e+01 1.75144e+01 2.07183e+01
1.0960 2.82392e-23 1.45593e+01 1.74306e+01 2.05916e+01
1.0970 2.80688e-23 1.44998e+01 1.73459e+01 2.04694e+01
1.0980 2.74440e-23 1.44258e+01 1.72394e+01 2.03211e+01
1.0990 2.71917e-23 1.43726e+01 1.71902e+01 2.02956e+01
1.1000 2.71512e-23 1.43500e+01 1.71430e+01 2.02013e+01
1.1010 2.71906e-23 1.43345e+01 1.71207e+01 2.01716e+01
1.1020 2.66497e-23 1.42588e+01 1.70266e+01 2.00487e+01
1.1030 2.64261e-23 1.41728e+01 1.68956e+01 1.98707e+01
1.1040 2.59798e-23 1.40980e+01 1.68115e+01 1.97692e+01
1.1050 2.60901e-23 1.41149e+01 1.68412e+01 1.98167e+01
1.1060 2.59126e-23 1.40755e+01 1.67699e+01 1.97038e+01
1.1070 2.61202e-23 1.40839e+01 1.67873e+01 1.97232e+01
1.1080 2.55260e-23 1.39631e+01 1.66121e+01 1.94875e+01
1.1090 2.54170e-23 1.39260e+01 1.65675e+01 1.94324e+01
1.1100 2.52083e-23 1.38809e+01 1.65216e+01 1.93910e+01
1.1110 2.49522e-23 1.39043e+01 1.65469e+01 1.94126e+01
1.1120 2.50926e-23 1.39112e+01 1.65589e+01 1.94307e+01
1.1130 2.50903e-23 1.38963e+01 1.65355e+01 1.94008e+01
1.1140 2.52227e-23 1.39057e+01 1.65550e+01 1.94314e+01
1.1150 2.51990e-23 1.38563e+01 1.64827e+01 1.93349e+01
1.1160 2.48756e-23 1.38203e+01 1.64211e+01 1.92410e+01
1.1170 2.43788e-23 1.37326e+01 1.63030e+01 1.90762e+01
1.1180 2.41910e-23 1.36188e+01 1.61282e+01 1.88339e+01
1.1190 2.42265e-23 1.36643e+01 1.61931e+01 1.89228e+01
1.1200 2.41024e-23 1.36363e+01 1.61549e+01 1.88723e+01
1.1210 2.41531e-23 1.36607e+01 1.61914e+01 1.89215e+01
1.1220 2.39328e-23 1.36088e+01 1.61354e+01 1.88655e+01
1.1230 2.37139e-23 1.35862e+01 1.61169e+01 1.88508e+01
1.1240 2.37761e-23 1.35867e+01 1.61054e+01 1.88286e+01
1.1250 2.36708e-23 1.34911e+01 1.59725e+01 1.86500e+01
1.1260 2.33871e-23 1.34428e+01 1.59056e+01 1.85630e+01
1.1270 2.32603e-23 1.34076e+01 1.58471e+01 1.84790e+01
1.1280 2.32069e-23 1.34155e+01 1.58589e+01 1.84948e+01
1.1290 2.32550e-23 1.34345e+01 1.59066e+01 1.85825e+01
1.1293 2.33228e-23 1.34363e+01 1.59194e+01 1.86050e+01
1.1300 2.32681e-23 1.33866e+01 1.58432e+01 1.85006e+01
1.1310 2.32346e-23 1.33917e+01 1.58520e+01 1.85087e+01
1.1320 2.34016e-23 1.33984e+01 1.58301e+01 1.84535e+01
1.1330 2.34483e-23 1.34118e+01 1.58371e+01 1.84502e+01
1.1340 2.31739e-23 1.33430e+01 1.57322e+01 1.83015e+01
1.1350 2.31883e-23 1.33767e+01 1.57781e+01 1.83655e+01
1.1360 2.31988e-23 1.33310e+01 1.57243e+01 1.83014e+01
1.1370 2.24913e-23 1.31871e+01 1.55228e+01 1.80306e+01
1.1380 2.27427e-23 1.32391e+01 1.55880e+01 1.81089e+01
1.1390 2.26407e-23 1.32263e+01 1.55720e+01 1.80849e+01
1.1400 2.27198e-23 1.32264e+01 1.55701e+01 1.80823e+01
1.1410 2.25343e-23 1.31643e+01 1.55007e+01 1.80075e+01
1.1420 2.26737e-23 1.32192e+01 1.55808e+01 1.81200e+01
1.1430 2.26656e-23 1.32381e+01 1.56079e+01 1.81565e+01
1.1440 2.27179e-23 1.32375e+01 1.56160e+01 1.81764e+01
1.1450 2.26837e-23 1.32568e+01 1.56272e+01 1.81720e+01
1.1460 2.31285e-23 1.33313e+01 1.57242e+01 1.82991e+01
1.1470 2.30896e-23 1.32861e+01 1.56692e+01 1.82318e+01
1.1480 2.33926e-23 1.33501e+01 1.57489e+01 1.83337e+01
1.1490 2.34835e-23 1.33867e+01 1.57927e+01 1.83809e+01
1.1500 2.38423e-23 1.34645e+01 1.58662e+01 1.84438e+01
1.1510 2.39556e-23 1.34799e+01 1.59011e+01 1.85097e+01
1.1520 2.42002e-23 1.35326e+01 1.59581e+01 1.85691e+01
1.1530 2.44076e-23 1.35342e+01 1.59698e+01 1.85859e+01
1.1540 2.49505e-23 1.36493e+01 1.61187e+01 1.87774e+01
1.1550 2.50211e-23 1.36783e+01 1.61642e+01 1.88379e+01
1.1560 2.40508e-23 1.35077e+01 1.59256e+01 1.85286e+01
1.1570 2.37649e-23 1.34564e+01 1.58447e+01 1.84087e+01
1.1580 2.35114e-23 1.33938e+01 1.57693e+01 1.83217e+01
1.1590 2.33952e-23 1.33580e+01 1.57221e+01 1.82585e+01
1.1600 2.30545e-23 1.32887e+01 1.56308e+01 1.81393e+01
1.1610 2.31011e-23 1.33182e+01 1.56757e+01 1.82055e+01
1.1620 2.29884e-23 1.32845e+01 1.56298e+01 1.81483e+01
1.1630 2.27367e-23 1.32020e+01 1.55268e+01 1.80260e+01
1.1640 2.29718e-23 1.32388e+01 1.55538e+01 1.80398e+01
1.1650 2.29128e-23 1.32293e+01 1.55492e+01 1.80372e+01
1.1660 2.29716e-23 1.32173e+01 1.55331e+01 1.80137e+01
1.1670 2.26925e-23 1.31741e+01 1.54720e+01 1.79313e+01
1.1680 2.25878e-23 1.31782e+01 1.54623e+01 1.79036e+01
1.1690 2.26548e-23 1.31503e+01 1.54291e+01 1.78672e+01
1.1700 2.26066e-23 1.31676e+01 1.54591e+01 1.79125e+01
1.1710 2.29302e-23 1.32036e+01 1.55276e+01 1.80209e+01
1.1720 2.27758e-23 1.31891e+01 1.55384e+01 1.80588e+01
1.1730 2.31473e-23 1.32472e+01 1.56160e+01 1.81625e+01
1.1740 2.30836e-23 1.32646e+01 1.56473e+01 1.82111e+01
1.1750 2.28816e-23 1.32040e+01 1.55719e+01 1.81197e+01
1.1760 2.36122e-23 1.33360e+01 1.57391e+01 1.83201e+01
1.1770 2.36670e-23 1.33297e+01 1.57325e+01 1.83186e+01
1.1780 2.39575e-23 1.34080e+01 1.58208e+01 1.84124e+01
1.1790 2.31708e-23 1.32254e+01 1.55837e+01 1.81130e+01
1.1800 2.26066e-23 1.31181e+01 1.54151e+01 1.78691e+01
1.1810 2.24473e-23 1.30805e+01 1.53488e+01 1.77661e+01
1.1820 2.21948e-23 1.30369e+01 1.53019e+01 1.77201e+01
1.1830 2.22854e-23 1.30500e+01 1.53395e+01 1.77933e+01
1.1840 2.18077e-23 1.29606e+01 1.52036e+01 1.75995e+01
1.1850 2.14916e-23 1.28635e+01 1.50606e+01 1.73991e+01
1.1860 2.13405e-23 1.28529e+01 1.50465e+01 1.73863e+01
1.1870 2.12994e-23 1.28562e+01 1.50371e+01 1.73561e+01
1.1880 2.12626e-23 1.28493e+01 1.50179e+01 1.73176e+01
1.1890 2.09743e-23 1.28033e+01 1.49615e+01 1.72495e+01
1.1900 2.08213e-23 1.27484e+01 1.48768e+01 1.71295e+01
1.1910 2.07954e-23 1.27244e+01 1.48423e+01 1.70834e+01
1.1920 2.08796e-23 1.27310e+01 1.48638e+01 1.71234e+01
1.1930 2.09886e-23 1.27728e+01 1.49179e+01 1.71930e+01
1.1940 2.07249e-23 1.27146e+01 1.48412e+01 1.70866e+01
1.1950 2.05368e-23 1.27075e+01 1.48296e+01 1.70717e+01
1.1960 2.03655e-23 1.26712e+01 1.47949e+01 1.70390e+01
1.1970 2.04799e-23 1.26767e+01 1.48034e+01 1.70487e+01
1.1980 2.02324e-23 1.26174e+01 1.47261e+01 1.69554e+01
1.1990 2.02096e-23 1.26292e+01 1.47373e+01 1.69653e+01
1.2000 2.00179e-23 1.25784e+01 1.46779e+01 1.68956e+01
1.2010 1.98446e-23 1.25633e+01 1.46538e+01 1.68647e+01
1.2020 1.96678e-23 1.25156e+01 1.46008e+01 1.68042e+01
1.2030 1.98476e-23 1.25708e+01 1.46667e+01 1.68807e+01
1.2040 2.00905e-23 1.26055e+01 1.47107e+01 1.69420e+01
1.2050 2.02632e-23 1.26341e+01 1.47677e+01 1.70406e+01
1.2060 2.03151e-23 1.26281e+01 1.47485e+01 1.70000e+01
1.2070 2.00534e-23 1.26103e+01 1.47138e+01 1.69405e+01
1.2080 1.99800e-23 1.26101e+01 1.47211e+01 1.69555e+01
1.2090 1.99655e-23 1.26478e+01 1.47751e+01 1.70318e+01
1.2100 1.95632e-23 1.25220e+01 1.46057e+01 1.68105e+01
1.2110 1.93401e-23 1.24710e+01 1.45382e+01 1.67245e+01
1.2120 1.93477e-23 1.24886e+01 1.45585e+01 1.67476e+01
1.2130 1.97024e-23 1.25312e+01 1.46127e+01 1.68163e+01
1.2140 1.97010e-23 1.25117e+01 1.45857e+01 1.67822e+01
1.2150 1.95507e-23 1.24890e+01 1.45603e+01 1.67545e+01
1.2160 1.96041e-23 1.25014e+01 1.45730e+01 1.67687e+01
1.2170 1.94119e-23 1.24667e+01 1.45362e+01 1.67302e+01
1.2180 1.93872e-23 1.24595e+01 1.45305e+01 1.67258e+01
1.2190 1.94642e-23 1.24525e+01 1.45252e+01 1.67251e+01
1.2200 1.94482e-23 1.24491e+01 1.45105e+01 1.66942e+01
1.2210 1.95388e-23 1.24663e+01 1.45185e+01 1.66911e+01
1.2220 1.95862e-23 1.24717e+01 1.45239e+01 1.66968e+01
1.2230 1.96408e-23 1.24736e+01 1.45289e+01 1.67039e+01
1.2240 1.96189e-23 1.25187e+01 1.45747e+01 1.67474e+01
1.2250 1.92196e-23 1.24105e+01 1.44368e+01 1.65748e+01
1.2260 1.90647e-23 1.23899e+01 1.44202e+01 1.65617e+01
1.2270 1.91299e-23 1.24032e+01 1.44318e+01 1.65709e+01
1.2280 1.92064e-23 1.24136e+01 1.44382e+01 1.65767e+01
1.2290 1.93540e-23 1.24167e+01 1.44463e+01 1.65935e+01
1.2300 1.92941e-23 1.24065e+01 1.44320e+01 1.65747e+01
1.2310 1.92850e-23 1.23928e+01 1.44113e+01 1.65402e+01
1.2320 1.88732e-23 1.23340e+01 1.43318e+01 1.64401e+01
1.2330 1.89216e-23 1.23522e+01 1.43515e+01 1.64629e+01
1.2340 1.89729e-23 1.23809e+01 1.43996e+01 1.65299e+01
1.2350 1.91184e-23 1.23827e+01 1.44220e+01 1.65787e+01
1.2360 1.91125e-23 1.24040e+01 1.44481e+01 1.66091e+01
1.2370 1.91211e-23 1.23747e+01 1.44122e+01 1.65722e+01
1.2380 1.91315e-23 1.23905e+01 1.44262e+01 1.65816e+01
1.2390 1.93993e-23 1.24190e+01 1.44625e+01 1.66254e+01
1.2400 1.91077e-23 1.23909e+01 1.44297e+01 1.65863e+01
1.2410 1.92687e-23 1.24263e+01 1.44750e+01 1.66487e+01
1.2420 1.92340e-23 1.23972e+01 1.44377e+01 1.65981e+01
1.2430 1.91702e-23 1.23911e+01 1.44193e+01 1.65659e+01
1.2440 1.94104e-23 1.24355e+01 1.44899e+01 1.66648e+01
1.2450 1.95839e-23 1.24875e+01 1.45623e+01 1.67654e+01
1.2460 1.95566e-23 1.24952e+01 1.45612e+01 1.67520e+01
1.2470 1.94289e-23 1.24792e+01 1.45350e+01 1.67103e+01
1.2480 1.92309e-23 1.24492e+01 1.44988e+01 1.66637e+01
1.2490 1.92538e-23 1.24305e+01 1.44787e+01 1.66420e+01
1.2500 1.89805e-23 1.23749e+01 1.43939e+01 1.65201e+01
1.2510 1.87617e-23 1.23476e+01 1.43594e+01 1.64806e+01
1.2520 1.89400e-23 1.23841e+01 1.44003e+01 1.65321e+01
1.2530 1.89048e-23 1.23811e+01 1.43914e+01 1.65128e+01
1.2540 1.91629e-23 1.24161e+01 1.44304e+01 1.65631e+01
1.2550 1.91996e-23 1.24192e+01 1.44242e+01 1.65342e+01
1.2560 1.93168e-23 1.24446e+01 1.44536e+01 1.65677e+01
1.2570 1.90183e-23 1.23809e+01 1.43786e+01 1.64836e+01
1.2580 1.88879e-23 1.23651e+01 1.43494e+01 1.64380e+01
1.2590 1.87322e-23 1.23087e+01 1.42738e+01 1.63346e+01
1.2600 1.88435e-23 1.23332e+01 1.42939e+01 1.63543e+01
1.2610 1.87079e-23 1.22985e+01 1.42547e+01 1.63101e+01
1.2620 1.87679e-23 1.23187e+01 1.42699e+01 1.63156e+01
1.2630 1.86809e-23 1.22876e+01 1.42302e+01 1.62709e+01
1.2640 1.86075e-23 1.22780e+01 1.42097e+01 1.62369e+01
1.2650 1.86535e-23 1.22553e+01 1.41949e+01 1.62320e+01
1.2660 1.86115e-23 1.22664e+01 1.42032e+01 1.62366e+01
1.2670 1.83890e-23 1.22475e+01 1.41707e+01 1.61890e+01
1.2680 1.83140e-23 1.22265e+01 1.41481e+01 1.61655e+01
1.2690 1.84207e-23 1.22272e+01 1.41542e+01 1.61783e+01
1.2700 1.87637e-23 1.23024e+01 1.42447e+01 1.62905e+01
1.2710 1.87365e-23 1.22803e+01 1.42243e+01 1.62732e+01
1.2720 1.86670e-23 1.22594e+01 1.41907e+01 1.62228e+01
1.2730 1.84926e-23 1.22398e+01 1.41700e+01 1.61992e+01
1.2740 1.84043e-23 1.21980e+01 1.41141e+01 1.61264e+01
1.2750 1.83172e-23 1.21890e+01 1.40963e+01 1.61013e+01
1.2760 1.81792e-23 1.21688e+01 1.40688e+01 1.60655e+01
1.2770 1.80063e-23 1.21450e+01 1.40329e+01 1.60134e+01
1.2780 1.78865e-23 1.21395e+01 1.40184e+01 1.59896e+01
1.2790 1.78535e-23 1.21400e+01 1.40104e+01 1.59711e+01
1.2800 1.78517e-23 1.21140e+01 1.39816e+01 1.59426e+01
1.2810 1.79114e-23 1.21440e+01 1.40199e+01 1.59875e+01
1.2820 1.80517e-23 1.21632e+01 1.40459e+01 1.60229e+01
1.2830 1.82376e-23 1.21944e+01 1.40868e+01 1.60764e+01
1.2840 1.80240e-23 1.21555e+01 1.40343e+01 1.60080e+01
1.2850 1.77781e-23 1.20939e+01 1.39607e+01 1.59206e+01
1.2860 1.77139e-23 1.21160e+01 1.39877e+01 1.59524e+01
1.2870 1.77344e-23 1.21303e+01 1.40087e+01 1.59821e+01
1.2880 1.78675e-23 1.21587e+01 1.40383e+01 1.60127e+01
1.2890 1.79884e-23 1.21685e+01 1.40487e+01 1.60250e+01
1.2900 1.81135e-23 1.21919e+01 1.40760e+01 1.60581e+01
1.2910 1.79790e-23 1.21683e+01 1.40494e+01 1.60300e+01
1.2920 1.79594e-23 1.21634e+01 1.40416e+01 1.60176e+01
1.2930 1.79879e-23 1.21807e+01 1.40578e+01 1.60309e+01
1.2940 1.77473e-23 1.21380e+01 1.40126e+01 1.59821e+01
1.2950 1.75937e-23 1.21274e+01 1.40040e+01 1.59794e+01
1.2960 1.76186e-23 1.21329e+01 1.40080e+01 1.59800e+01
1.2970 1.76491e-23 1.21337e+01 1.40018e+01 1.59625e+01
1.2980 1.76502e-23 1.21167e+01 1.39739e+01 1.59247e+01
1.2990 1.77013e-23 1.21272e+01 1.39869e+01 1.59435e+01
1.3000 1.77323e-23 1.21184e+01 1.39965e+01 1.59732e+01
1.3010 1.76497e-23 1.21114e+01 1.39989e+01 1.59843e+01
1.3020 1.77228e-23 1.21308e+01 1.40269e+01 1.60248e+01
1.3030 1.78467e-23 1.21511e+01 1.40406e+01 1.60292e+01
1.3040 1.77867e-23 1.21610e+01 1.40405e+01 1.60185e+01
1.3050 1.75937e-23 1.21206e+01 1.39985e+01 1.59750e+01
1.3060 1.73903e-23 1.20807e+01 1.39472e+01 1.59069e+01
1.3070 1.72891e-23 1.20894e+01 1.39533e+01 1.59134e+01
1.3080 1.74832e-23 1.20872e+01 1.39529e+01 1.59182e+01
1.3090 1.74911e-23 1.20839e+01 1.39485e+01 1.59135e+01
1.3100 1.74772e-23 1.21021e+01 1.39744e+01 1.59461e+01
1.3110 1.75507e-23 1.21349e+01 1.40105e+01 1.59854e+01
1.3120 1.74740e-23 1.21061e+01 1.39771e+01 1.59469e+01
1.3130 1.74154e-23 1.21124e+01 1.39683e+01 1.59215e+01
1.3140 1.74223e-23 1.21211e+01 1.39814e+01 1.59348e+01
1.3150 1.73129e-23 1.21071e+01 1.39738e+01 1.59308e+01
1.3160 1.72415e-23 1.21166e+01 1.39907e+01 1.59575e+01
1.3170 1.72581e-23 1.21372e+01 1.40020e+01 1.59593e+01
1.3180 1.73238e-23 1.21460e+01 1.40155e+01 1.59829e+01
1.3190 1.72128e-23 1.21240e+01 1.39935e+01 1.59613e+01
1.3200 1.73623e-23 1.21195e+01 1.39974e+01 1.59778e+01
1.3210 1.73864e-23 1.21387e+01 1.40114e+01 1.59797e+01
1.3220 1.74789e-23 1.21777e+01 1.40674e+01 1.60581e+01
1.3230 1.74755e-23 1.21641e+01 1.40536e+01 1.60469e+01
1.3240 1.75228e-23 1.21793e+01 1.40695e+01 1.60633e+01
1.3250 1.73530e-23 1.21515e+01 1.40406e+01 1.60358e+01
1.3260 1.73047e-23 1.21630e+01 1.40582e+01 1.60605e+01
1.3270 1.74321e-23 1.21829e+01 1.40759e+01 1.60725e+01
1.3280 1.74723e-23 1.21849e+01 1.40812e+01 1.60832e+01
1.3290 1.76019e-23 1.22135e+01 1.41289e+01 1.61545e+01
1.3300 1.75392e-23 1.21902e+01 1.40983e+01 1.61114e+01
1.3310 1.75996e-23 1.22185e+01 1.41382e+01 1.61581e+01
1.3320 1.73942e-23 1.21869e+01 1.40997e+01 1.61133e+01
1.3330 1.74571e-23 1.22103e+01 1.41279e+01 1.61455e+01
1.3340 1.77574e-23 1.22731e+01 1.41804e+01 1.61849e+01
1.3350 1.78345e-23 1.22559e+01 1.41578e+01 1.61569e+01
1.3360 1.77969e-23 1.22369e+01 1.41390e+01 1.61376e+01
1.3370 1.77377e-23 1.22296e+01 1.41253e+01 1.61137e+01
1.3380 1.77189e-23 1.22199e+01 1.41155e+01 1.61063e+01
1.3390 1.77937e-23 1.22313e+01 1.41369e+01 1.61419e+01
1.3400 1.79322e-23 1.22852e+01 1.42056e+01 1.62282e+01
1.3410 1.79784e-23 1.22550e+01 1.41729e+01 1.61954e+01
1.3420 1.82051e-23 1.23640e+01 1.43132e+01 1.63723e+01
1.3430 1.79302e-23 1.22827e+01 1.42317e+01 1.62950e+01
1.3440 1.79182e-23 1.22495e+01 1.41759e+01 1.62113e+01
1.3450 1.80844e-23 1.23015e+01 1.42445e+01 1.62972e+01
1.3460 1.82905e-23 1.23261e+01 1.42653e+01 1.63106e+01
1.3470 1.85190e-23 1.23888e+01 1.43471e+01 1.64133e+01
1.3480 1.82061e-23 1.23497e+01 1.42936e+01 1.63439e+01
1.3490 1.79107e-23 1.22820e+01 1.42117e+01 1.62416e+01
1.3500 1.80774e-23 1.23226e+01 1.42612e+01 1.63000e+01
1.3510 1.78627e-23 1.22625e+01 1.42017e+01 1.62465e+01
1.3520 1.81804e-23 1.23090e+01 1.42636e+01 1.63285e+01
1.3530 1.81087e-23 1.23422e+01 1.43172e+01 1.64023e+01
1.3540 1.78975e-23 1.22990e+01 1.42671e+01 1.63461e+01
1.3550 1.82369e-23 1.23911e+01 1.43824e+01 1.64910e+01
1.3560 1.82008e-23 1.23806e+01 1.43643e+01 1.64637e+01
1.3570 1.81853e-23 1.24013e+01 1.43962e+01 1.65121e+01
1.3580 1.82063e-23 1.23572e+01 1.43289e+01 1.64173e+01
1.3590 1.79820e-23 1.23194e+01 1.42866e+01 1.63696e+01
1.3600 1.81268e-23 1.23624e+01 1.43255e+01 1.63960e+01
1.3610 1.80921e-23 1.23709e+01 1.43313e+01 1.63973e+01
1.3620 1.79585e-23 1.23105e+01 1.42536e+01 1.62972e+01
1.3630 1.80918e-23 1.23225e+01 1.42612e+01 1.63026e+01
1.3640 1.80382e-23 1.23193e+01 1.42658e+01 1.63272e+01
1.3650 1.82316e-23 1.23389e+01 1.42898e+01 1.63552e+01
1.3660 1.81157e-23 1.23490e+01 1.43052e+01 1.63742e+01
1.3670 1.82973e-23 1.23866e+01 1.43597e+01 1.64465e+01
1.3680 1.83816e-23 1.24035e+01 1.43884e+01 1.64884e+01
1.3690 1.83639e-23 1.24084e+01 1.43860e+01 1.64761e+01
1.3700 1.81384e-23 1.23439e+01 1.42959e+01 1.63547e+01
1.3710 1.79576e-23 1.23155e+01 1.42516e+01 1.62879e+01
1.3720 1.78089e-23 1.22982e+01 1.42214e+01 1.62411e+01
1.3730 1.77016e-23 1.22648e+01 1.41805e+01 1.61922e+01
1.3740 1.75846e-23 1.22522e+01 1.41565e+01 1.61590e+01
1.3750 1.74088e-23 1.22197e+01 1.41139e+01 1.61031e+01
1.3760 1.75305e-23 1.22472e+01 1.41502e+01 1.61532e+01
1.3770 1.74351e-23 1.22417e+01 1.41483e+01 1.61574e+01
1.3780 1.75372e-23 1.22690e+01 1.41757e+01 1.61843e+01
1.3790 1.74269e-23 1.22808e+01 1.41927e+01 1.62108e+01
1.3800 1.74277e-23 1.22629e+01 1.41733e+01 1.61884e+01
1.3810 1.73103e-23 1.22412e+01 1.41559e+01 1.61739e+01
1.3820 1.73478e-23 1.22651e+01 1.41879e+01 1.62131e+01
1.3830 1.72384e-23 1.22509e+01 1.41706e+01 1.61928e+01
1.3840 1.73196e-23 1.22642e+01 1.41959e+01 1.62350e+01
1.3850 1.73339e-23 1.22677e+01 1.42015e+01 1.62394e+01
1.3860 1.72607e-23 1.22748e+01 1.42039e+01 1.62381e+01
1.3870 1.71586e-23 1.23075e+01 1.42481e+01 1.62991e+01
1.3880 1.72493e-23 1.23166e+01 1.42715e+01 1.63391e+01
1.3890 1.73729e-23 1.23231e+01 1.42909e+01 1.63719e+01
1.3900 1.76607e-23 1.23612e+01 1.43259e+01 1.64058e+01
1.3910 1.75720e-23 1.23628e+01 1.43358e+01 1.64221e+01
1.3920 1.74747e-23 1.23229e+01 1.43049e+01 1.64048e+01
1.3930 1.74700e-23 1.23692e+01 1.43566e+01 1.64513e+01
1.3940 1.74412e-23 1.23389e+01 1.43098e+01 1.63869e+01
1.3950 1.74800e-23 1.23559e+01 1.43129e+01 1.63684e+01
1.3960 1.75079e-23 1.23746e+01 1.43283e+01 1.63852e+01
1.3970 1.75981e-23 1.23538e+01 1.43055e+01 1.63581e+01
1.3980 1.75103e-23 1.23230e+01 1.42685e+01 1.63096e+01
1.3990 1.73547e-23 1.22914e+01 1.42335e+01 1.62752e+01
1.4000 1.73753e-23 1.22847e+01 1.42249e+01 1.62644e+01
1.4010 1.73523e-23 1.23116e+01 1.42567e+01 1.63006e+01
1.4020 1.74143e-23 1.23193e+01 1.42674e+01 1.63200e+01
1.4030 1.72612e-23 1.22695e+01 1.42039e+01 1.62392e+01
1.4040 1.72973e-23 1.23148e+01 1.42566e+01 1.63000e+01
1.4050 1.70813e-23 1.22591e+01 1.42009e+01 1.62448e+01
1.4060 1.71410e-23 1.23063e+01 1.42634e+01 1.63234e+01
1.4065 1.71771e-23 1.22801e+01 1.42315e+01 1.62809e+01
1.4070 1.71374e-23 1.22927e+01 1.42422e+01 1.62924e+01
1.4080 1.70864e-23 1.22981e+01 1.42335e+01 1.62635e+01
1.4090 1.70152e-23 1.22481e+01 1.41770e+01 1.62035e+01
1.4100 1.70871e-23 1.22375e+01 1.41582e+01 1.61749e+01
1.4110 1.70838e-23 1.22486e+01 1.41798e+01 1.62108e+01
1.4120 1.71662e-23 1.22794e+01 1.42063e+01 1.62305e+01
1.4130 1.70091e-23 1.22526e+01 1.41729e+01 1.61897e+01
1.4140 1.70102e-23 1.22483e+01 1.41736e+01 1.61948e+01
1.4150 1.68890e-23 1.22553e+01 1.41961e+01 1.62447e+01
1.4160 1.71301e-23 1.22972e+01 1.42472e+01 1.63044e+01
1.4170 1.72005e-23 1.23049e+01 1.42548e+01 1.63138e+01
1.4180 1.70705e-23 1.22887e+01 1.42426e+01 1.63038e+01
1.4190 1.71289e-23 1.22952e+01 1.42482e+01 1.63111e+01
1.4200 1.71386e-23 1.22951e+01 1.42560e+01 1.63299e+01
1.4210 1.70459e-23 1.22941e+01 1.42573e+01 1.63327e+01
1.4220 1.69789e-23 1.22678e+01 1.42180e+01 1.62748e+01
1.4230 1.70694e-23 1.23005e+01 1.42563e+01 1.63238e+01
1.4240 1.72216e-23 1.23443e+01 1.43050e+01 1.63799e+01
1.4250 1.72335e-23 1.23341e+01 1.42818e+01 1.63393e+01
1.4260 1.71716e-23 1.23351e+01 1.42753e+01 1.63249e+01
1.4270 1.69743e-23 1.23087e+01 1.42334e+01 1.62618e+01
1.4280 1.70737e-23 1.23005e+01 1.42381e+01 1.62806e+01
1.4290 1.71136e-23 1.23264e+01 1.42821e+01 1.63467e+01
1.4300 1.71572e-23 1.23642e+01 1.43476e+01 1.64481e+01
1.4310 1.73439e-23 1.24327e+01 1.44414e+01 1.65722e+01
1.4320 1.76213e-23 1.25047e+01 1.45458e+01 1.67187e+01
1.4330 1.79013e-23 1.25517e+01 1.46136e+01 1.68115e+01
1.4340 1.78480e-23 1.25651e+01 1.46393e+01 1.68455e+01
1.4350 1.78682e-23 1.25516e+01 1.46152e+01 1.68102e+01
1.4360 1.79172e-23 1.25133e+01 1.45708e+01 1.67538e+01
1.4370 1.78924e-23 1.25687e+01 1.46429e+01 1.68443e+01
1.4380 1.78141e-23 1.24632e+01 1.44887e+01 1.66316e+01
1.4390 1.76422e-23 1.24312e+01 1.44274e+01 1.65332e+01
1.4400 1.74344e-23 1.23795e+01 1.43562e+01 1.64374e+01
1.4410 1.74261e-23 1.23877e+01 1.43637e+01 1.64426e+01
1.4420 1.74045e-23 1.23752e+01 1.43414e+01 1.64067e+01
1.4430 1.74023e-23 1.23596e+01 1.43183e+01 1.63764e+01
1.4440 1.72812e-23 1.23461e+01 1.42926e+01 1.63383e+01
1.4450 1.72814e-23 1.23899e+01 1.43692e+01 1.64626e+01
1.4460 1.70825e-23 1.23061e+01 1.42628e+01 1.63255e+01
1.4470 1.70027e-23 1.22960e+01 1.42487e+01 1.63090e+01
1.4480 1.69556e-23 1.22796e+01 1.42037e+01 1.62269e+01
1.4490 1.68095e-23 1.22908e+01 1.41982e+01 1.61973e+01
1.4500 1.66585e-23 1.22583e+01 1.41612e+01 1.61565e+01
1.4510 1.65094e-23 1.22174e+01 1.41030e+01 1.60789e+01
1.4520 1.65179e-23 1.22277e+01 1.41087e+01 1.60772e+01
1.4530 1.64885e-23 1.21993e+01 1.40749e+01 1.60388e+01
1.4540 1.63968e-23 1.21859e+01 1.40522e+01 1.60106e+01
1.4550 1.63904e-23 1.21854e+01 1.40458e+01 1.59986e+01
1.4560 1.62391e-23 1.21584e+01 1.40110e+01 1.59542e+01
1.4570 1.62275e-23 1.21448e+01 1.39938e+01 1.59294e+01
1.4580 1.60562e-23 1.21135e+01 1.39612e+01 1.58988e+01
1.4590 1.61275e-23 1.21242e+01 1.39730e+01 1.59120e+01
1.4600 1.60603e-23 1.21296e+01 1.39784e+01 1.59210e+01
1.4610 1.60977e-23 1.21251e+01 1.39673e+01 1.59060e+01
1.4620 1.60467e-23 1.21350e+01 1.39773e+01 1.59120e+01
1.4630 1.60962e-23 1.21431e+01 1.39919e+01 1.59342e+01
1.4640 1.60628e-23 1.21278e+01 1.39672e+01 1.58973e+01
1.4650 1.60137e-23 1.21166e+01 1.39531e+01 1.58814e+01
1.4660 1.61188e-23 1.21457e+01 1.40034e+01 1.59670e+01
1.4670 1.62577e-23 1.22275e+01 1.41324e+01 1.61580e+01
1.4680 1.61544e-23 1.21775e+01 1.40733e+01 1.60779e+01
1.4690 1.60980e-23 1.21423e+01 1.40251e+01 1.60181e+01
1.4700 1.60871e-23 1.21264e+01 1.40000e+01 1.59787e+01
1.4710 1.59689e-23 1.21297e+01 1.39957e+01 1.59627e+01
1.4720 1.60106e-23 1.21552e+01 1.40192e+01 1.59841e+01
1.4730 1.59763e-23 1.21468e+01 1.40080e+01 1.59706e+01
1.4740 1.59436e-23 1.21307e+01 1.39857e+01 1.59396e+01
1.4750 1.60188e-23 1.21459e+01 1.39957e+01 1.59423e+01
1.4760 1.60662e-23 1.21457e+01 1.39928e+01 1.59365e+01
1.4770 1.59284e-23 1.21234e+01 1.39790e+01 1.59367e+01
1.4780 1.60320e-23 1.21517e+01 1.40219e+01 1.59972e+01
1.4790 1.61351e-23 1.21523e+01 1.40238e+01 1.60034e+01
1.4800 1.62501e-23 1.22103e+01 1.40959e+01 1.60881e+01
1.4810 1.62259e-23 1.22294e+01 1.41299e+01 1.61379e+01
1.4820 1.63194e-23 1.23029e+01 1.42239e+01 1.62559e+01
1.4830 1.65515e-23 1.24005e+01 1.43816e+01 1.64900e+01
1.4840 1.66463e-23 1.23972e+01 1.43818e+01 1.64883e+01
1.4850 1.68607e-23 1.24428e+01 1.44667e+01 1.66205e+01
1.4860 1.70243e-23 1.24632e+01 1.44916e+01 1.66476e+01
1.4870 1.70769e-23 1.24874e+01 1.45182e+01 1.66721e+01
1.4880 1.68990e-23 1.24372e+01 1.44585e+01 1.65952e+01
1.4890 1.67847e-23 1.24483e+01 1.44513e+01 1.65702e+01
1.4900 1.68440e-23 1.24175e+01 1.44043e+01 1.65005e+01
1.4910 1.67388e-23 1.23979e+01 1.43648e+01 1.64344e+01
1.4920 1.66275e-23 1.24032e+01 1.43690e+01 1.64362e+01
1.4930 1.67717e-23 1.24415e+01 1.44019e+01 1.64588e+01
1.4940 1.66789e-23 1.23788e+01 1.43150e+01 1.63444e+01
1.4950 1.66355e-23 1.23793e+01 1.43199e+01 1.63560e+01
1.4960 1.66708e-23 1.23813e+01 1.43121e+01 1.63338e+01
1.4970 1.66164e-23 1.23554e+01 1.42796e+01 1.62950e+01
1.4980 1.65413e-23 1.23516e+01 1.42680e+01 1.62782e+01
1.4990 1.64248e-23 1.23221e+01 1.42331e+01 1.62397e+01
1.5000 1.63139e-23 1.22964e+01 1.41994e+01 1.61992e+01
1.5010 1.63508e-23 1.22992e+01 1.41921e+01 1.61778e+01
1.5020 1.64952e-23 1.23286e+01 1.42298e+01 1.62259e+01
1.5030 1.63793e-23 1.23201e+01 1.42323e+01 1.62461e+01
1.5040 1.62393e-23 1.22991e+01 1.42004e+01 1.61963e+01
1.5050 1.62973e-23 1.22791e+01 1.41795e+01 1.61759e+01
1.5060 1.64360e-23 1.23346e+01 1.42542e+01 1.62754e+01
1.5070 1.64827e-23 1.23501e+01 1.42780e+01 1.63075e+01
1.5080 1.63607e-23 1.23176e+01 1.42302e+01 1.62418e+01
1.5090 1.63557e-23 1.22993e+01 1.42074e+01 1.62138e+01
1.5100 1.64682e-23 1.23184e+01 1.42267e+01 1.62364e+01
1.5110 1.63707e-23 1.22935e+01 1.41899e+01 1.61877e+01
1.5120 1.62525e-23 1.22758e+01 1.41768e+01 1.61787e+01
1.5130 1.62681e-23 1.22881e+01 1.42040e+01 1.62278e+01
1.5140 1.62103e-23 1.22797e+01 1.41774e+01 1.61750e+01
1.5150 1.60896e-23 1.22721e+01 1.41691e+01 1.61595e+01
1.5160 1.61628e-23 1.22688e+01 1.41650e+01 1.61566e+01
1.5170 1.60122e-23 1.22573e+01 1.41525e+01 1.61400e+01
1.5180 1.59805e-23 1.22459e+01 1.41470e+01 1.61445e+01
1.5190 1.60297e-23 1.22603e+01 1.41718e+01 1.61844e+01
1.5200 1.59245e-23 1.22408e+01 1.41582e+01 1.61787e+01
1.5210 1.59255e-23 1.22547e+01 1.41871e+01 1.62223e+01
1.5220 1.61345e-23 1.22993e+01 1.42653e+01 1.63476e+01
1.5230 1.61532e-23 1.23048e+01 1.42710e+01 1.63505e+01
1.5240 1.60434e-23 1.23275e+01 1.42998e+01 1.63884e+01
1.5250 1.60523e-23 1.22793e+01 1.42385e+01 1.63124e+01
1.5260 1.60960e-23 1.22999e+01 1.42534e+01 1.63211e+01
1.5270 1.61814e-23 1.23436e+01 1.43055e+01 1.63827e+01
1.5280 1.60875e-23 1.23017e+01 1.42699e+01 1.63531e+01
1.5290 1.60384e-23 1.23044e+01 1.42488e+01 1.63058e+01
1.5300 1.60802e-23 1.23339e+01 1.42929e+01 1.63655e+01
1.5310 1.61556e-23 1.23559e+01 1.43165e+01 1.63906e+01
1.5320 1.62517e-23 1.24003e+01 1.43938e+01 1.65055e+01
1.5330 1.63415e-23 1.24326e+01 1.44608e+01 1.66143e+01
1.5340 1.63580e-23 1.24210e+01 1.44366e+01 1.65745e+01
1.5350 1.62450e-23 1.23906e+01 1.43900e+01 1.65046e+01
1.5360 1.62544e-23 1.23799e+01 1.43783e+01 1.64947e+01
1.5370 1.62138e-23 1.24012e+01 1.44023e+01 1.65203e+01
1.5380 1.64516e-23 1.24304e+01 1.44375e+01 1.65649e+01
1.5390 1.64596e-23 1.24662e+01 1.44773e+01 1.66095e+01
1.5400 1.64174e-23 1.24608e+01 1.44693e+01 1.65923e+01
1.5410 1.64502e-23 1.24269e+01 1.44380e+01 1.65640e+01
1.5420 1.63810e-23 1.24220e+01 1.44355e+01 1.65651e+01
1.5430 1.65371e-23 1.24454e+01 1.44746e+01 1.66230e+01
1.5440 1.64359e-23 1.24402e+01 1.44663e+01 1.66160e+01
1.5450 1.64588e-23 1.24739e+01 1.45121e+01 1.66738e+01
1.5460 1.68231e-23 1.25609e+01 1.46389e+01 1.68525e+01
1.5470 1.67177e-23 1.25252e+01 1.45982e+01 1.68043e+01
1.5480 1.68707e-23 1.25695e+01 1.46473e+01 1.68601e+01
1.5490 1.66733e-23 1.25219e+01 1.45758e+01 1.67579e+01
1.5500 1.63906e-23 1.24510e+01 1.44731e+01 1.66150e+01
1.5510 1.63249e-23 1.24504e+01 1.44736e+01 1.66159e+01
1.5520 1.65325e-23 1.24873e+01 1.45218e+01 1.66786e+01
1.5530 1.65747e-23 1.25107e+01 1.45566e+01 1.67272e+01
1.5540 1.67896e-23 1.25661e+01 1.46277e+01 1.68258e+01
1.5550 1.68215e-23 1.26090e+01 1.47034e+01 1.69441e+01
1.5560 1.69851e-23 1.26246e+01 1.47370e+01 1.69961e+01
1.5570 1.71426e-23 1.26998e+01 1.48290e+01 1.71088e+01
1.5577 1.73430e-23 1.27248e+01 1.48522e+01 1.71259e+01
1.5580 1.72931e-23 1.27332e+01 1.48593e+01 1.71287e+01
1.5590 1.74412e-23 1.27600e+01 1.48887e+01 1.71612e+01
1.5600 1.76738e-23 1.27584e+01 1.48890e+01 1.71640e+01
1.5610 1.80248e-23 1.28482e+01 1.50285e+01 1.73654e+01
1.5620 1.79342e-23 1.28373e+01 1.49986e+01 1.73046e+01
1.5630 1.78710e-23 1.27914e+01 1.49263e+01 1.72021e+01
1.5640 1.78485e-23 1.28312e+01 1.49887e+01 1.73009e+01
1.5650 1.81993e-23 1.28777e+01 1.50473e+01 1.73725e+01
1.5660 1.83246e-23 1.28730e+01 1.50422e+01 1.73596e+01
1.5670 1.84572e-23 1.28821e+01 1.50587e+01 1.73869e+01
1.5680 1.82393e-23 1.28494e+01 1.50100e+01 1.73167e+01
1.5690 1.79888e-23 1.28215e+01 1.49762e+01 1.72743e+01
1.5700 1.80224e-23 1.27962e+01 1.49543e+01 1.72574e+01
1.5710 1.81378e-23 1.28718e+01 1.50501e+01 1.73709e+01
1.5720 1.79394e-23 1.27785e+01 1.49086e+01 1.71709e+01
1.5730 1.78362e-23 1.27672e+01 1.48919e+01 1.71465e+01
1.5740 1.76477e-23 1.27346e+01 1.48669e+01 1.71281e+01
1.5750 1.77583e-23 1.27328e+01 1.48556e+01 1.71114e+01
1.5760 1.75018e-23 1.27028e+01 1.48144e+01 1.70611e+01
1.5770 1.74201e-23 1.26861e+01 1.48002e+01 1.70455e+01
1.5780 1.74738e-23 1.27073e+01 1.48324e+01 1.70898e+01
1.5790 1.73193e-23 1.26724e+01 1.47816e+01 1.70168e+01
1.5800 1.68400e-23 1.25609e+01 1.46451e+01 1.68553e+01
1.5810 1.65702e-23 1.25045e+01 1.45510e+01 1.67176e+01
1.5820 1.63581e-23 1.24589e+01 1.44879e+01 1.66385e+01
1.5830 1.65691e-23 1.25231e+01 1.45843e+01 1.67751e+01
1.5840 1.65626e-23 1.25264e+01 1.45846e+01 1.67729e+01
1.5850 1.63339e-23 1.24800e+01 1.45271e+01 1.67021e+01
1.5860 1.62009e-23 1.24488e+01 1.44814e+01 1.66398e+01
1.5870 1.61535e-23 1.24714e+01 1.45037e+01 1.66647e+01
1.5880 1.64103e-23 1.25162e+01 1.45548e+01 1.67285e+01
1.5890 1.65666e-23 1.26266e+01 1.47043e+01 1.69255e+01
1.5900 1.70019e-23 1.27558e+01 1.48994e+01 1.72010e+01
1.5910 1.76030e-23 1.28595e+01 1.50562e+01 1.74309e+01
1.5920 1.76308e-23 1.28308e+01 1.49936e+01 1.73189e+01
1.5930 1.72376e-23 1.27423e+01 1.48716e+01 1.71552e+01
1.5940 1.68866e-23 1.26657e+01 1.47638e+01 1.70036e+01
1.5950 1.67892e-23 1.26384e+01 1.47181e+01 1.69309e+01
1.5960 1.66167e-23 1.25716e+01 1.46138e+01 1.67813e+01
1.5970 1.66879e-23 1.25936e+01 1.46401e+01 1.68055e+01
1.5980 1.65386e-23 1.25891e+01 1.46325e+01 1.67955e+01
1.5990 1.63861e-23 1.25192e+01 1.45240e+01 1.66423e+01
1.6000 1.61561e-23 1.24544e+01 1.44441e+01 1.65448e+01
1.6010 1.59806e-23 1.24160e+01 1.43901e+01 1.64730e+01
1.6020 1.59212e-23 1.23948e+01 1.43603e+01 1.64350e+01
1.6030 1.57897e-23 1.23694e+01 1.43255e+01 1.63909e+01
1.6040 1.57137e-23 1.23476e+01 1.43027e+01 1.63638e+01
1.6050 1.56268e-23 1.23459e+01 1.42933e+01 1.63468e+01
1.6060 1.55101e-23 1.23332e+01 1.42703e+01 1.63113e+01
1.6070 1.56889e-23 1.23636e+01 1.42981e+01 1.63372e+01
1.6080 1.57532e-23 1.23660e+01 1.42933e+01 1.63233e+01
1.6090 1.56675e-23 1.23654e+01 1.42935e+01 1.63276e+01
1.6100 1.56719e-23 1.23704e+01 1.43003e+01 1.63330e+01
1.6110 1.55010e-23 1.23410e+01 1.42702e+01 1.63018e+01
1.6120 1.54044e-23 1.23176e+01 1.42420e+01 1.62750e+01
1.6130 1.54228e-23 1.23411e+01 1.42794e+01 1.63313e+01
1.6140 1.55116e-23 1.23763e+01 1.43260e+01 1.63909e+01
1.6150 1.54903e-23 1.23811e+01 1.43321e+01 1.63949e+01
1.6160 1.54761e-23 1.23816e+01 1.43214e+01 1.63736e+01
1.6170 1.54524e-23 1.23581e+01 1.42772e+01 1.62994e+01
1.6180 1.55448e-23 1.23786e+01 1.43012e+01 1.63249e+01
1.6190 1.53766e-23 1.23568e+01 1.42805e+01 1.63094e+01
1.6200 1.53665e-23 1.23126e+01 1.42177e+01 1.62243e+01
1.6210 1.53736e-23 1.23362e+01 1.42415e+01 1.62471e+01
1.6220 1.53554e-23 1.23321e+01 1.42375e+01 1.62437e+01
1.6230 1.54531e-23 1.23761e+01 1.42871e+01 1.62990e+01
1.6240 1.53665e-23 1.23534e+01 1.42673e+01 1.62822e+01
1.6250 1.53119e-23 1.23376e+01 1.42400e+01 1.62405e+01
1.6260 1.53489e-23 1.23248e+01 1.42275e+01 1.62226e+01
1.6270 1.53471e-23 1.23288e+01 1.42290e+01 1.62238e+01
1.6280 1.53306e-23 1.23162e+01 1.42125e+01 1.62041e+01
1.6290 1.53904e-23 1.23361e+01 1.42303e+01 1.62185e+01
1.6300 1.52929e-23 1.23137e+01 1.42048e+01 1.61922e+01
1.6310 1.53707e-23 1.23088e+01 1.41831e+01 1.61501e+01
1.6320 1.53026e-23 1.23248e+01 1.41950e+01 1.61615e+01
1.6330 1.53692e-23 1.22996e+01 1.41692e+01 1.61342e+01
1.6340 1.54557e-23 1.23008e+01 1.41717e+01 1.61394e+01
1.6350 1.54787e-23 1.22963e+01 1.41657e+01 1.61364e+01
1.6360 1.53371e-23 1.22817e+01 1.41489e+01 1.61132e+01
1.6370 1.54069e-23 1.23159e+01 1.41926e+01 1.61678e+01
1.6380 1.54724e-23 1.23194e+01 1.42000e+01 1.61811e+01
1.6390 1.55714e-23 1.23426e+01 1.42253e+01 1.62013e+01
1.6400 1.55316e-23 1.23503e+01 1.42326e+01 1.62096e+01
1.6410 1.54827e-23 1.23429e+01 1.42141e+01 1.61808e+01
1.6420 1.54707e-23 1.23289e+01 1.41971e+01 1.61613e+01
1.6430 1.53532e-23 1.22936e+01 1.41431e+01 1.60868e+01
1.6440 1.52769e-23 1.22772e+01 1.41130e+01 1.60411e+01
1.6450 1.52953e-23 1.22604e+01 1.41049e+01 1.60467e+01
1.6460 1.53160e-23 1.22728e+01 1.41344e+01 1.60935e+01
1.6470 1.52620e-23 1.22604e+01 1.41185e+01 1.60742e+01
1.6480 1.52950e-23 1.22862e+01 1.41523e+01 1.61180e+01
1.6490 1.53027e-23 1.23013e+01 1.41820e+01 1.61656e+01
1.6500 1.53432e-23 1.23017e+01 1.41867e+01 1.61804e+01
1.6510 1.53878e-23 1.23286e+01 1.41989e+01 1.61695e+01
1.6520 1.53251e-23 1.22912e+01 1.41525e+01 1.61109e+01
1.6530 1.53522e-23 1.22848e+01 1.41466e+01 1.61073e+01
1.6540 1.52394e-23 1.22731e+01 1.41218e+01 1.60703e+01
1.6550 1.52280e-23 1.22553e+01 1.40947e+01 1.60332e+01
1.6560 1.52391e-23 1.22730e+01 1.41180e+01 1.60637e+01
1.6570 1.51770e-23 1.22671e+01 1.41015e+01 1.60357e+01
1.6580 1.50571e-23 1.22515e+01 1.40763e+01 1.59954e+01
1.6590 1.50672e-23 1.22534e+01 1.40763e+01 1.59930e+01
1.6600 1.51193e-23 1.22720e+01 1.40985e+01 1.60238e+01
1.6610 1.51132e-23 1.22888e+01 1.41210e+01 1.60515e+01
1.6620 1.50867e-23 1.23094e+01 1.41414e+01 1.60727e+01
1.6630 1.51247e-23 1.23077e+01 1.41349e+01 1.60616e+01
1.6640 1.51393e-23 1.23009e+01 1.41221e+01 1.60407e+01
1.6650 1.50570e-23 1.23069e+01 1.41299e+01 1.60497e+01
1.6660 1.50168e-23 1.23060e+01 1.41258e+01 1.60418e+01
1.6670 1.49972e-23 1.22860e+01 1.41074e+01 1.60246e+01
1.6680 1.49720e-23 1.22889e+01 1.41193e+01 1.60503e+01
1.6690 1.50025e-23 1.22924e+01 1.41175e+01 1.60426e+01
1.6700 1.50947e-23 1.23241e+01 1.41544e+01 1.60838e+01
1.6710 1.49918e-23 1.23199e+01 1.41592e+01 1.60993e+01
1.6720 1.48612e-23 1.23020e+01 1.41397e+01 1.60785e+01
1.6730 1.49191e-23 1.22761e+01 1.41084e+01 1.60391e+01
1.6740 1.50284e-23 1.23102e+01 1.41524e+01 1.60956e+01
1.6750 1.50535e-23 1.23034e+01 1.41499e+01 1.60940e+01
1.6760 1.50369e-23 1.23208e+01 1.41620e+01 1.60971e+01
1.6770 1.49590e-23 1.22990e+01 1.41259e+01 1.60461e+01
1.6780 1.48216e-23 1.22558e+01 1.40662e+01 1.59690e+01
1.6790 1.48921e-23 1.22808e+01 1.40963e+01 1.60046e+01
1.6800 1.48431e-23 1.22844e+01 1.40961e+01 1.60021e+01
1.6810 1.47976e-23 1.22764e+01 1.40856e+01 1.59886e+01
1.6820 1.48074e-23 1.22539e+01 1.40600e+01 1.59615e+01
1.6830 1.48689e-23 1.22527e+01 1.40573e+01 1.59604e+01
1.6840 1.48578e-23 1.22588e+01 1.40667e+01 1.59766e+01
1.6850 1.48521e-23 1.22750e+01 1.40892e+01 1.60006e+01
1.6860 1.49280e-23 1.23190e+01 1.41537e+01 1.60944e+01
1.6870 1.48852e-23 1.23226e+01 1.41537e+01 1.60877e+01
1.6880 1.49201e-23 1.23270e+01 1.41600e+01 1.61013e+01
1.6890 1.49030e-23 1.23282e+01 1.41559e+01 1.60907e+01
1.6900 1.50472e-23 1.23736e+01 1.42125e+01 1.61618e+01
1.6910 1.50969e-23 1.23750e+01 1.42206e+01 1.61767e+01
1.6920 1.50945e-23 1.23683e+01 1.42110e+01 1.61611e+01
1.6930 1.51372e-23 1.24017e+01 1.42485e+01 1.61982e+01
1.6940 1.50362e-23 1.23790e+01 1.42218e+01 1.61684e+01
1.6950 1.50084e-23 1.23756e+01 1.42097e+01 1.61437e+01
1.6960 1.49774e-23 1.23555e+01 1.41892e+01 1.61230e+01
1.6970 1.51172e-23 1.23601e+01 1.41892e+01 1.61234e+01
1.6980 1.50875e-23 1.23507e+01 1.41829e+01 1.61197e+01
1.6988 1.50686e-23 1.23460e+01 1.41701e+01 1.60986e+01
1.6990 1.51278e-23 1.23643e+01 1.41939e+01 1.61256e+01
1.7000 1.52205e-23 1.23894e+01 1.42261e+01 1.61677e+01
1.7010 1.51554e-23 1.23959e+01 1.42311e+01 1.61658e+01
1.7020 1.50346e-23 1.23818e+01 1.42147e+01 1.61499e+01
1.7030 1.50146e-23 1.23913e+01 1.42278e+01 1.61664e+01
1.7040 1.50146e-23 1.23956e+01 1.42202e+01 1.61416e+01
1.7050 1.50872e-23 1.23944e+01 1.42163e+01 1.61335e+01
1.7060 1.50596e-23 1.23812e+01 1.41998e+01 1.61150e+01
1.7070 1.49844e-23 1.23901e+01 1.42106e+01 1.61279e+01
1.7080 1.50573e-23 1.24040e+01 1.42337e+01 1.61621e+01
1.7090 1.51053e-23 1.24047e+01 1.42305e+01 1.61555e+01
1.7100 1.50561e-23 1.24000e+01 1.42186e+01 1.61376e+01
1.7110 1.50413e-23 1.24008e+01 1.42184e+01 1.61361e+01
1.7120 1.50934e-23 1.24007e+01 1.42231e+01 1.61474e+01
1.7130 1.50688e-23 1.24207e+01 1.42507e+01 1.61831e+01
1.7140 1.50165e-23 1.24101e+01 1.42388e+01 1.61688e+01
1.7150 1.50148e-23 1.24062e+01 1.42237e+01 1.61375e+01
1.7160 1.50567e-23 1.23967e+01 1.42105e+01 1.61249e+01
1.7170 1.50097e-23 1.23857e+01 1.42073e+01 1.61312e+01
1.7180 1.50038e-23 1.23980e+01 1.42215e+01 1.61485e+01
1.7190 1.50264e-23 1.24250e+01 1.42657e+01 1.62136e+01
1.7200 1.50413e-23 1.24229e+01 1.42517e+01 1.61839e+01
1.7210 1.51197e-23 1.24456e+01 1.42795e+01 1.62170e+01
1.7220 1.51145e-23 1.24362e+01 1.42681e+01 1.62042e+01
1.7230 1.50373e-23 1.24463e+01 1.42816e+01 1.62183e+01
1.7240 1.50750e-23 1.24699e+01 1.43160e+01 1.62682e+01
1.7250 1.51602e-23 1.25070e+01 1.43601e+01 1.63166e+01
1.7260 1.51380e-23 1.24889e+01 1.43538e+01 1.63259e+01
1.7270 1.51526e-23 1.25078e+01 1.43715e+01 1.63464e+01
1.7280 1.51216e-23 1.24916e+01 1.43428e+01 1.62978e+01
1.7290 1.50772e-23 1.24902e+01 1.43431e+01 1.63008e+01
1.7300 1.50833e-23 1.24993e+01 1.43537e+01 1.63119e+01
1.7310 1.50965e-23 1.24937e+01 1.43626e+01 1.63419e+01
1.7320 1.51509e-23 1.24983e+01 1.43626e+01 1.63345e+01
1.7330 1.50081e-23 1.24976e+01 1.43642e+01 1.63417e+01
1.7340 1.50083e-23 1.24760e+01 1.43319e+01 1.62944e+01
1.7350 1.50033e-23 1.24695e+01 1.43198e+01 1.62831e+01
1.7360 1.50653e-23 1.24847e+01 1.43365e+01 1.62941e+01
1.7370 1.49942e-23 1.24690e+01 1.43103e+01 1.62556e+01
1.7380 1.49761e-23 1.24833e+01 1.43247e+01 1.62727e+01
1.7390 1.50503e-23 1.24867e+01 1.43327e+01 1.62851e+01
1.7400 1.50036e-23 1.24838e+01 1.43281e+01 1.62815e+01
1.7410 1.50397e-23 1.24789e+01 1.43240e+01 1.62761e+01
1.7420 1.49706e-23 1.24906e+01 1.43305e+01 1.62751e+01
1.7430 1.50116e-23 1.24935e+01 1.43277e+01 1.62643e+01
1.7440 1.50544e-23 1.24950e+01 1.43331e+01 1.62746e+01
1.7450 1.50112e-23 1.24928e+01 1.43408e+01 1.63001e+01
1.7460 1.50350e-23 1.25264e+01 1.43880e+01 1.63607e+01
1.7470 1.49585e-23 1.25406e+01 1.44236e+01 1.64176e+01
1.7480 1.50634e-23 1.25544e+01 1.44384e+01 1.64379e+01
1.7490 1.50353e-23 1.25557e+01 1.44529e+01 1.64620e+01
1.7500 1.49915e-23 1.25410e+01 1.44331e+01 1.64391e+01
1.7510 1.49711e-23 1.25454e+01 1.44343e+01 1.64357e+01
1.7520 1.49311e-23 1.25560e+01 1.44545e+01 1.64633e+01
1.7530 1.50927e-23 1.25787e+01 1.44813e+01 1.64962e+01
1.7540 1.49770e-23 1.25715e+01 1.44632e+01 1.64618e+01
1.7550 1.49439e-23 1.25702e+01 1.44638e+01 1.64678e+01
1.7560 1.48806e-23 1.25691e+01 1.44642e+01 1.64688e+01
1.7570 1.49219e-23 1.25612e+01 1.44580e+01 1.64643e+01
1.7580 1.49799e-23 1.25642e+01 1.44607e+01 1.64650e+01
1.7590 1.49642e-23 1.25836e+01 1.44890e+01 1.65032e+01
1.7600 1.49314e-23 1.25713e+01 1.44642e+01 1.64662e+01
1.7610 1.48827e-23 1.25407e+01 1.44465e+01 1.64646e+01
1.7620 1.48773e-23 1.25634e+01 1.44670e+01 1.64774e+01
1.7630 1.49495e-23 1.25633e+01 1.44654e+01 1.64732e+01
1.7640 1.49268e-23 1.26056e+01 1.45195e+01 1.65427e+01
1.7650 1.49622e-23 1.26107e+01 1.45265e+01 1.65503e+01
