####### LIGHTCURVES AND MEAN ENERGIES
####### 3 NEUTRINO SPECIES: NU_E, NUBAR_E AND N_X
####### ALL QUANTITIES ARE MEASURED AT 500 KM FROM THE CENTER
#######
####### FROM MODEL H (BUGLI ET AL. 2020,2021)
####### B0=0 G, l=-, r0=1.00e8 cm
####### UNITS: TIME [ms], LUMINOSITY [1e52 erg/s], ENERGY [MeV]


# TIME	L_NU_E     	L_NU_BAR   	L_NU_X     	E_NU_E     	E_NU_BAR  	E_NU_X      	E2_NU_E    	E2_NU_BAR 	E2_NU_X     
1	14.942229	0.000040	0.000024	11.228542	6.159410	0.894889	143.944530	50.642007	1.046467	
2	11.040845	0.142133	0.094248	11.207067	10.447968	2.817478	144.215639	126.591174	9.507848	
3	57.955867	0.706161	1.039294	14.611534	13.875221	4.789804	243.466356	223.538970	29.502797	
4	62.729580	0.460836	0.982269	14.118167	12.328441	6.269649	226.343770	177.934677	58.587917	
5	40.839186	0.636814	0.818142	12.933673	11.962533	6.113421	190.718666	164.472753	57.004580	
6	43.958897	0.845293	0.869799	13.019053	11.787811	5.309914	191.701679	160.089802	40.820831	
7	35.291286	0.982485	1.172005	12.557167	11.269987	4.650055	180.931062	147.145827	29.129160	
8	42.753575	0.936129	1.702197	12.872743	10.922895	4.537999	188.552023	140.539808	26.719278	
9	41.862456	0.891390	2.094874	12.716690	10.973265	4.448681	185.697240	140.984322	25.420458	
10	41.696180	0.995951	2.088174	12.629039	11.671256	4.436257	184.654857	157.823382	25.154373	
11	27.736026	0.839091	1.776372	11.766999	11.907759	4.483596	162.828003	163.136910	25.792186	
12	22.982644	0.727545	1.417874	11.674513	11.145069	4.352390	158.609203	146.598393	24.465148	
13	15.342659	0.797791	1.371756	10.479093	10.640212	4.127030	131.423709	133.552325	22.275275	
14	12.058013	0.983568	1.635627	9.704574	10.767614	4.150973	112.094056	135.250108	22.248163	
15	12.873735	1.395287	1.780664	9.895644	11.584970	4.284945	116.036887	158.911348	23.826505	
16	15.739222	1.274718	1.757405	10.900927	11.373310	4.245433	139.822038	152.661650	23.567296	
17	11.785835	1.496402	1.921904	10.442457	11.359595	4.192139	131.198880	153.338758	23.059788	
18	16.401430	1.840970	2.382553	11.167651	11.691851	4.306445	146.075303	162.021055	23.807089	
19	21.830929	1.950365	2.654161	11.491740	11.538864	4.292293	154.595800	157.131167	23.389412	
20	25.894751	2.048022	2.744933	10.960943	11.619430	4.306214	137.464477	158.895032	23.404874	
21	18.510612	2.095042	2.721153	10.621802	11.407379	4.311809	133.111505	151.408822	23.417880	
22	21.349475	2.127094	2.609275	10.573607	11.539892	4.281302	129.699379	153.940139	23.134948	
23	11.972728	2.086210	2.399441	10.349136	11.483919	4.349470	127.323770	153.130035	23.986133	
24	10.184180	2.123789	2.211244	10.015692	11.487103	4.239137	122.045477	152.939836	23.015169	
25	9.260007	2.291774	2.167975	9.860517	11.631128	4.173435	117.473588	156.527927	22.405144	
26	8.244996	2.551384	2.249327	9.528220	11.622338	4.103699	109.982361	156.205987	21.678373	
27	8.752244	2.734903	2.355868	9.513011	11.799372	4.076293	110.496657	161.420345	21.281621	
28	8.594334	2.902547	2.505516	9.364164	11.755357	4.063153	105.977982	159.868713	21.045083	
29	9.207144	3.082330	2.657046	9.293980	11.832017	4.064751	107.545214	162.304745	21.010534	
30	8.922693	3.310878	2.749705	9.228377	11.968292	4.097723	104.810806	166.205202	21.327411	
31	10.003588	3.231061	2.755581	9.410675	11.893345	4.105070	107.853106	164.221095	21.387328	
32	10.301372	3.274872	2.738389	9.418404	11.865111	4.081769	108.576933	163.481427	21.213688	
33	8.057104	3.239718	2.689017	9.040610	11.845539	4.079645	99.714021	163.190007	21.261652	
34	8.534317	3.310228	2.693408	9.022153	11.882456	4.067966	100.276883	164.374048	21.109649	
35	8.407462	3.381037	2.717140	9.108065	11.929818	4.055386	103.285363	165.539460	20.973510	
36	8.360280	3.489804	2.774706	9.211478	12.002729	4.063042	102.616240	167.526992	21.066624	
37	8.642932	3.568384	2.814216	9.334651	12.056196	4.078596	104.926115	169.006495	21.197583	
38	8.556903	3.608512	2.844765	9.410489	12.138657	4.098814	107.649150	171.505824	21.358681	
39	8.469598	3.634725	2.884776	9.432899	12.174295	4.119066	107.328391	172.785250	21.591673	
40	8.612669	3.626569	2.902580	9.454438	12.229457	4.141568	107.596059	174.219852	21.809217	
41	8.115137	3.568991	2.901557	9.398148	12.165287	4.151099	106.292175	172.445493	21.906992	
42	8.221649	3.567233	2.897496	9.364549	12.124288	4.151626	105.486179	171.241774	21.977838	
43	8.226072	3.630732	2.955818	9.299814	12.017355	4.132479	104.407511	168.359760	21.820288	
44	9.410385	3.878831	3.027134	9.399896	12.210258	4.162578	105.937344	173.693778	22.052966	
45	8.602551	4.039292	3.027487	9.322288	12.150731	4.118286	105.012973	171.220819	21.602500	
46	9.091052	4.152058	3.115588	9.345473	12.208680	4.155335	105.419872	173.513462	21.992057	
47	9.552140	4.567454	3.166035	9.334281	12.290168	4.100185	106.155951	174.723867	21.242247	
48	8.653057	4.532676	3.086359	9.401543	12.248212	4.107044	106.986983	173.720547	21.459709	
49	8.564561	4.872092	3.225166	9.244273	12.368874	4.134723	103.517591	177.447930	21.713603	
50	7.781003	4.872130	3.110026	9.177303	12.407385	4.078749	102.568119	177.991343	21.004369	
51	7.358416	4.975503	3.055485	9.169248	12.279484	4.044114	102.313063	174.973560	20.805796	
52	6.982904	5.109205	3.089758	9.031845	12.464768	4.055247	99.398319	179.940382	20.871337	
53	6.585411	5.144380	3.049926	8.913248	12.432745	4.025381	99.039264	179.511993	20.555240	
54	6.300322	5.228825	3.054085	8.788770	12.383117	4.001691	94.861158	177.900107	20.318901	
55	6.266846	5.222138	3.037595	8.734675	12.415104	3.982514	93.686787	178.970083	20.029965	
56	6.011935	5.244442	3.029390	8.634840	12.364970	3.959682	91.799434	177.709581	19.865177	
57	5.910272	5.320399	3.012675	8.637509	12.331286	3.942364	91.877285	176.750433	19.664688	
58	6.100091	5.307056	3.035129	8.631122	12.385179	3.952188	91.664394	178.456036	19.697148	
59	6.090335	5.388988	3.096081	8.576342	12.419142	3.979725	90.588692	179.518227	19.992060	
60	5.804089	5.459050	3.114400	8.574358	12.410458	3.970247	90.715816	179.315547	19.918450	
61	5.803322	5.436974	3.148581	8.599817	12.401810	3.965806	91.338494	179.155023	19.884336	
62	5.953131	5.400772	3.164491	8.674983	12.442025	3.966164	93.049340	180.457190	19.914673	
63	6.096492	5.379054	3.218024	8.740477	12.476811	4.002333	94.412589	181.327731	20.241507	
64	6.162663	5.362656	3.201068	8.823743	12.520241	4.017441	96.418442	182.727380	20.436164	
65	6.245163	5.460005	3.177902	8.868217	12.522730	4.018695	97.234182	182.600805	20.462225	
66	6.297542	5.711066	3.279735	8.973371	12.627292	4.049825	99.475022	186.001006	20.801424	
67	6.713756	5.937705	3.355286	9.120238	12.724714	4.065057	102.685223	189.212074	20.994077	
68	6.843631	6.148902	3.395919	9.196173	12.813565	4.072265	104.439096	191.916177	21.082820	
69	6.809184	5.878176	3.328630	9.222129	12.753287	4.057110	104.899963	190.534406	20.973598	
70	7.073561	5.929220	3.342538	9.311680	12.785902	4.073542	106.973688	191.049845	21.086053	
71	7.144433	6.007758	3.305812	9.318902	12.808762	4.047007	107.015273	191.672776	20.775922	
72	6.957998	5.958881	3.317651	9.273906	12.781265	4.037896	105.577345	191.197948	20.745894	
73	6.994894	5.979288	3.360502	9.283847	12.747422	4.057462	105.634302	190.204221	20.984242	
74	7.110114	5.959068	3.325239	9.281147	12.806835	4.087544	105.423793	191.496002	21.231481	
75	6.713408	6.038963	3.255674	9.181433	12.826575	4.058776	103.646620	191.643482	20.898314	
76	6.630532	5.817985	3.216177	9.177714	12.758813	4.041024	103.371801	190.175908	20.833921	
77	6.782437	5.937740	3.263436	9.275204	12.860398	4.070436	105.563515	192.983913	21.170893	
78	6.994989	5.946300	3.237182	9.272878	12.863095	4.071157	105.368952	192.963618	21.114703	
79	7.115126	6.185483	3.285096	9.271859	12.962080	4.072858	105.263563	195.339559	21.083037	
80	7.166567	6.135062	3.296747	9.263476	12.890921	4.050020	108.772192	193.467058	20.853495	
81	7.497055	6.168166	3.325625	9.331226	12.961915	4.061537	112.754813	195.976136	20.994912	
82	7.561028	6.438133	3.399943	9.333104	13.057535	4.093188	107.371194	198.531794	21.251793	
83	7.532239	6.394104	3.343552	9.299326	13.033379	4.078249	105.883232	197.785293	21.117765	
84	7.778418	6.553243	3.396038	9.294059	12.997391	4.059361	105.822723	196.748860	20.915453	
85	7.619125	6.687042	3.507704	9.358349	13.057804	4.088874	107.426528	198.979951	21.259346	
86	7.675083	6.597030	3.434498	9.401080	13.027343	4.063265	110.023002	198.240226	20.958783	
87	8.017856	6.814809	3.480934	9.423099	13.100234	4.084364	112.055145	200.112786	21.133781	
88	8.064529	6.936945	3.490772	9.384821	13.082165	4.078835	108.351796	199.464607	21.051089	
89	7.672905	7.069018	3.469213	9.330113	12.987782	4.044864	106.887973	196.533146	20.693106	
90	7.628426	7.076682	3.501033	9.353194	12.966910	4.050196	107.548910	196.265890	20.775907	
91	7.597557	7.128168	3.532780	9.407486	13.054308	4.080894	109.949280	199.149623	21.110283	
92	7.634531	7.275697	3.536484	9.432506	13.096866	4.094158	110.987854	200.371353	21.209758	
93	7.850682	7.418988	3.613862	9.547678	13.111038	4.103512	122.623511	200.900663	21.295091	
94	7.399108	7.309725	3.525670	9.458142	12.996377	4.057142	113.235313	197.432981	20.818293	
95	7.334491	7.304099	3.518340	9.518039	13.009652	4.054885	114.998078	197.872847	20.795528	
96	7.354590	7.234307	3.489462	9.555403	13.018336	4.059325	115.964377	198.111320	20.818560	
97	7.177053	7.241270	3.489124	9.599272	13.054549	4.076345	118.940854	199.275921	21.014639	
98	7.137368	7.211447	3.442511	9.540599	13.034437	4.064406	112.352305	198.900696	20.936542	
99	7.198432	7.354631	3.470571	9.577064	13.015482	4.057288	113.176236	198.265235	20.846624	
100	7.155749	7.388179	3.455248	9.656816	13.028983	4.052287	115.284720	198.601720	20.764633	
101	7.108459	7.462173	3.447366	9.740274	13.069427	4.058226	117.103121	199.858069	20.854151	
102	7.045858	7.435656	3.423635	9.723052	13.023771	4.055516	117.012371	198.736211	20.885289	
103	7.100961	7.439138	3.408203	9.753744	13.080081	4.076578	117.746752	200.487652	21.105725	
104	7.021468	7.480812	3.389808	9.794874	13.114390	4.070989	119.499562	201.405500	21.034999	
105	7.072043	7.420334	3.430835	9.826568	13.129534	4.070751	119.637567	202.281808	21.074700	
106	7.240083	7.398887	3.445612	9.888208	13.164403	4.071623	122.461570	203.471255	21.095607	
107	7.232604	7.349871	3.417037	9.884289	13.196625	4.070477	123.206398	204.352197	21.076003	
108	7.364475	7.283505	3.421844	9.894275	13.252145	4.089584	123.414023	205.978356	21.310390	
109	7.428349	7.320999	3.427239	9.931972	13.284963	4.098602	125.101458	206.697499	21.404652	
110	7.509150	7.386158	3.465823	9.981168	13.326326	4.102426	127.170305	207.918277	21.446388	
111	7.737454	7.465754	3.503518	9.997817	13.369659	4.104037	127.887816	209.181232	21.450053	
112	7.900807	7.533172	3.536131	9.978180	13.416032	4.119765	125.410670	210.570773	21.606945	
113	7.987772	7.595597	3.556007	10.010641	13.409903	4.123044	127.031558	210.332483	21.620644	
114	8.075139	7.674813	3.594697	10.064960	13.409214	4.129273	129.599033	210.370610	21.695041	
115	8.123542	7.694987	3.598085	10.114302	13.424201	4.143303	133.631568	211.134613	21.884670	
116	8.237545	7.850222	3.612785	10.140605	13.491924	4.165115	130.060913	213.203964	22.097797	
117	8.226185	7.989093	3.610094	10.195980	13.513091	4.160029	129.027087	213.700092	21.996601	
118	8.247075	7.997711	3.591790	10.209565	13.504998	4.143780	128.183531	213.412307	21.818397	
119	8.313985	7.936509	3.594620	10.197200	13.518123	4.147029	127.470131	214.089696	21.908346	
120	8.449994	8.034139	3.613796	10.297971	13.616855	4.175587	135.123082	217.095816	22.205538	
121	8.535836	8.130494	3.622666	10.251371	13.595776	4.170054	128.766812	216.288750	22.119207	
122	8.505127	8.245030	3.640676	10.308023	13.565841	4.165583	133.755884	215.299028	22.081747	
123	8.549738	8.232611	3.658230	10.286083	13.529528	4.160929	133.563622	214.286074	22.023220	
124	8.500344	8.242948	3.659355	10.276117	13.528673	4.161649	131.827540	214.409537	21.998485	
125	8.341479	8.107504	3.587210	10.245568	13.472775	4.128803	132.513124	212.734246	21.675040	
126	8.364555	8.293593	3.692354	10.293095	13.533851	4.160131	133.365651	214.715759	22.034715	
127	8.359824	8.324985	3.697779	10.339084	13.564363	4.174079	135.001026	215.847331	22.184587	
128	8.321362	8.436926	3.719036	10.345284	13.533635	4.172778	134.895619	214.898696	22.137377	
129	8.138488	8.305480	3.685218	10.271062	13.468315	4.162752	130.887537	213.010201	22.055519	
130	8.080622	8.327915	3.696293	10.327227	13.447469	4.162247	135.107393	212.296938	22.058904	
131	7.914093	8.293241	3.645644	10.350691	13.411287	4.150385	133.767294	211.155828	21.955183	
132	7.854759	8.419041	3.661343	10.447880	13.442977	4.158355	136.565342	212.090038	22.019696	
133	7.893990	8.518635	3.651333	10.552535	13.473321	4.162587	139.538504	213.117014	22.082687	
134	7.835978	8.541577	3.626490	10.534427	13.477626	4.163984	136.518092	213.363242	22.129342	
135	7.721772	8.487617	3.655864	10.558758	13.492135	4.166172	138.899721	214.019042	22.155431	
136	7.716307	8.320784	3.604825	10.557078	13.545855	4.155227	139.195055	215.769009	22.037025	
137	7.793010	8.305604	3.661906	10.588754	13.647724	4.183667	139.291044	219.132656	22.316839	
138	7.831120	8.108263	3.590735	10.612615	13.705689	4.179000	140.113045	220.861867	22.264487	
139	7.909265	8.203690	3.633295	10.616307	13.793832	4.213589	138.495892	223.354529	22.629078	
140	7.977111	8.172617	3.604868	10.675997	13.821507	4.206220	142.087651	224.087433	22.537453	
141	8.100310	8.291671	3.624507	10.687421	13.864361	4.223162	140.824380	225.169798	22.696422	
142	8.224999	8.417281	3.634647	10.680709	13.847774	4.219695	140.498167	224.627450	22.639126	
143	8.611157	8.640366	3.712911	10.684689	13.852927	4.216333	141.448412	224.996609	22.583424	
144	8.812461	8.746722	3.793945	10.696144	13.882031	4.227174	142.141749	226.151602	22.683300	
145	8.909170	8.854373	3.847620	10.704339	13.923458	4.231833	142.884849	227.439165	22.706667	
146	8.857163	8.812750	3.855154	10.707239	13.947863	4.228172	142.590907	228.176946	22.703321	
147	8.835442	8.673181	3.851661	10.779876	13.969050	4.238376	148.558440	228.861895	22.843209	
148	9.011077	8.795201	3.850966	10.807271	14.004372	4.251770	147.280982	229.942574	23.001660	
149	9.040047	8.889512	3.862973	10.775030	13.947373	4.251731	142.990855	228.285489	22.987693	
150	9.079925	8.991944	3.878337	10.799684	13.916554	4.246430	145.936206	227.491746	22.918181	
151	9.058242	8.954813	3.854310	10.825080	13.917032	4.246888	149.563339	227.739116	22.909384	
152	9.239845	9.017518	3.855400	10.775137	13.961749	4.252133	144.746795	229.226455	22.995073	
153	9.494878	9.185330	3.869669	10.764629	13.950833	4.250152	146.133069	228.858683	22.935493	
154	9.294018	9.152974	3.905971	10.699970	13.891293	4.238763	141.039622	227.245304	22.786269	
155	9.507648	9.170233	3.890973	10.759686	13.886903	4.242235	145.889074	227.035339	22.851422	
156	9.540814	9.170281	3.898237	10.717709	13.855934	4.250080	141.712169	226.056681	22.916456	
157	9.706350	9.266502	3.907895	10.724671	13.849408	4.236252	143.388716	225.900647	22.772381	
158	9.473948	9.292169	3.878382	10.759631	13.840615	4.223313	142.552041	225.736426	22.668820	
159	9.148101	9.223235	3.818524	10.864539	13.819267	4.227703	146.075701	225.038154	22.742132	
160	9.020951	9.204265	3.783106	10.904403	13.789259	4.223438	146.293766	223.873284	22.685627	
161	8.975629	9.197870	3.784549	10.902815	13.763402	4.206618	147.940752	223.232146	22.526010	
162	8.912335	9.178576	3.787646	10.918907	13.803068	4.207457	147.951308	224.647819	22.552971	
163	8.818603	9.003649	3.793461	10.956648	13.884308	4.224520	149.961730	227.288326	22.703971	
164	8.720030	8.806838	3.763573	11.020070	13.964829	4.231099	152.198263	229.857489	22.780448	
165	8.685325	8.756364	3.710014	11.004940	13.941406	4.222604	149.262193	228.870679	22.725093	
166	8.626895	8.925199	3.716324	11.075949	13.868259	4.219544	153.107748	226.355882	22.706354	
167	8.858440	9.089359	3.712038	11.098588	13.820236	4.212544	152.938157	224.702877	22.636416	
168	8.915298	9.123239	3.691878	11.013244	13.763373	4.200767	150.494811	223.144913	22.539438	
169	8.886330	9.151912	3.741921	10.933856	13.751655	4.204194	147.710092	223.027843	22.560427	
170	8.748140	8.984344	3.736102	10.925441	13.773542	4.203755	150.236388	223.968499	22.543029	
171	8.556298	8.759808	3.722825	10.936208	13.820718	4.210756	148.176822	225.612510	22.588497	
172	8.428200	8.570923	3.680462	11.020435	13.891267	4.223865	151.773241	227.840409	22.720920	
173	8.263414	8.451864	3.612358	11.078625	13.959719	4.209330	151.548017	229.818928	22.619651	
174	8.575204	8.689633	3.615876	11.123539	14.026963	4.222522	155.220540	231.671404	22.765624	
175	8.941801	8.913799	3.697981	11.092253	14.063334	4.248088	152.460508	232.775572	22.986956	
176	8.991110	8.870168	3.770087	11.067012	14.071292	4.250898	151.774196	233.075943	22.981199	
177	9.087222	8.686954	3.811110	11.097465	14.137043	4.266729	154.308484	235.422179	23.093940	
178	9.106454	8.561422	3.828778	11.081437	14.204035	4.287946	155.305332	237.848856	23.325224	
179	9.312640	8.590104	3.875944	11.079849	14.339117	4.309763	153.767182	242.628902	23.594796	
180	9.300810	8.709471	3.924232	11.098306	14.430320	4.321341	154.538257	245.192737	23.749270	
181	9.226982	8.648188	3.929723	11.153144	14.477804	4.339090	154.546513	246.579147	23.941850	
182	9.223756	8.666032	3.881713	11.247223	14.515297	4.367680	156.583722	247.370034	24.321651	
183	9.283996	8.945661	3.916323	11.369624	14.547019	4.400678	162.064565	248.387978	24.673899	
184	9.488756	9.108933	3.954825	11.372773	14.545510	4.403727	160.704116	248.879368	24.622439	
185	9.475869	9.190133	3.973553	11.403374	14.575855	4.401109	162.194036	250.235835	24.536492	
186	9.347571	9.134181	3.959719	11.396519	14.565891	4.389363	160.694860	249.984151	24.394396	
187	8.958979	8.894123	3.878076	11.292907	14.441777	4.347863	160.673910	245.590974	23.946122	
188	8.700943	8.708835	3.803805	11.238435	14.364146	4.304674	158.708233	243.056529	23.492072	
189	8.781803	8.794988	3.743992	11.218268	14.333285	4.293897	156.741877	241.895848	23.384527	
190	9.076747	9.011002	3.750312	11.223489	14.309331	4.292640	156.297741	240.975384	23.398849	
191	9.116001	9.185943	3.755571	11.293894	14.272856	4.281044	159.492922	239.840869	23.295433	
192	9.130280	9.167648	3.742426	11.316196	14.246787	4.279628	159.185145	239.222628	23.314455	
193	9.032401	8.882261	3.725937	11.292969	14.226162	4.279351	159.685764	239.245651	23.369369	
194	9.023263	8.689377	3.710876	11.278674	14.243001	4.293399	159.597089	240.468915	23.571544	
195	9.322667	8.792319	3.730824	11.425224	14.369370	4.293441	164.567759	245.131874	23.570545	
196	9.740178	9.158094	3.762160	11.583071	14.492939	4.303319	169.812385	248.724513	23.659684	
197	10.139415	9.633693	3.849408	11.687584	14.594852	4.333808	171.655609	251.140562	23.959130	
198	10.167107	9.646030	3.843173	11.707709	14.588532	4.340005	173.053333	250.703228	24.018193	
199	9.905921	9.440170	3.859684	11.675563	14.670580	4.359353	172.478992	253.202378	24.176475	
200	9.526057	9.221367	3.881321	11.675527	14.712641	4.359503	170.907078	254.421059	24.141256	
201	9.191090	8.850415	3.867653	11.720623	14.665475	4.360753	174.158406	253.071857	24.199540	
202	9.062508	8.772079	3.791057	11.709221	14.635593	4.339482	169.896239	252.239666	24.053886	
203	9.404876	9.027706	3.770215	11.710736	14.740410	4.380159	170.262646	255.934252	24.549688	
204	10.237705	9.664207	3.877070	11.788214	14.773956	4.392678	170.864398	256.814021	24.646206	
205	10.459217	10.063126	3.983572	11.822615	14.792005	4.390330	171.677286	257.276360	24.654554	
206	10.320351	10.103894	4.031844	11.727427	14.682852	4.385011	169.883987	253.291033	24.536836	
207	10.232216	10.048341	4.037692	11.633803	14.635538	4.367868	167.994556	252.109568	24.374711	
208	10.236646	10.025309	4.003813	11.637818	14.576402	4.376577	167.365443	250.351913	24.506090	
209	9.645495	9.959420	3.924785	11.591923	14.460417	4.386441	166.348402	246.075736	24.612169	
210	9.883683	9.922688	3.885745	11.782121	14.483880	4.360308	170.739346	247.859707	24.319411	
211	9.332727	9.724366	3.730191	11.720312	14.346848	4.338784	170.053602	242.762467	24.179546	
212	9.348617	9.791054	3.688860	11.732195	14.409354	4.331050	170.590698	244.982536	24.166408	
213	9.153031	9.608587	3.690827	11.687912	14.332794	4.323968	169.391665	242.621439	24.075495	
214	9.507052	9.710372	3.723838	11.715683	14.470475	4.340814	170.816621	247.370196	24.219288	
215	9.350426	9.583225	3.767740	11.725339	14.499353	4.341802	171.603402	247.740519	24.105312	
216	9.571143	9.531172	3.881879	11.766453	14.672354	4.363862	171.083075	254.389943	24.341536	
217	9.197731	9.265877	3.824740	11.864874	14.595427	4.344936	177.184513	252.422016	24.177506	
218	8.827232	8.888523	3.745510	11.819457	14.570420	4.332192	178.503422	251.574231	24.191446	
219	8.364063	8.495656	3.573933	11.842691	14.616845	4.326481	177.947910	253.282735	24.201054	
220	8.719607	8.761864	3.564023	11.878092	14.614942	4.330548	174.486185	252.146850	24.204144	
221	9.056043	9.170228	3.635143	11.816178	14.575808	4.345471	175.616768	251.052004	24.352760	
222	9.235227	9.212514	3.684799	11.764328	14.622883	4.348514	174.644184	252.301667	24.259086	
223	9.555173	9.412453	3.780684	11.694992	14.642837	4.348166	172.183799	252.335622	24.280958	
224	9.906275	9.812881	3.790506	11.791212	14.741387	4.390346	172.811343	255.370142	24.767179	
225	10.323860	10.124744	3.809840	12.016219	14.796803	4.425033	179.693995	257.164615	25.079968	
226	9.942957	10.116529	3.845243	12.015269	14.688132	4.406588	180.115112	253.388104	24.799332	
227	9.689252	9.538920	3.806165	11.872173	14.604883	4.397882	178.395448	251.275601	24.686058	
228	9.503817	9.319206	3.820842	11.697688	14.545534	4.364648	172.141745	249.640709	24.370919	
229	9.571187	9.256177	3.751910	11.825274	14.477244	4.343083	175.285365	248.185122	24.236428	
230	9.892127	10.003522	3.695820	11.975049	14.501745	4.372659	178.893240	248.134029	24.678549	
231	10.191662	10.206658	3.700420	12.042351	14.419395	4.367911	179.079773	246.647330	24.634283	
232	10.043940	10.510879	3.717291	11.970340	14.352133	4.332359	179.616024	244.539907	24.306503	
233	9.814804	10.217167	3.649827	12.027597	14.290496	4.308335	180.483402	242.832791	24.047648	
234	10.507058	10.698297	3.688995	12.055563	14.349692	4.328894	178.657823	244.158560	24.212007	
235	11.409372	10.993963	3.809395	12.153501	14.470281	4.354662	184.275897	247.836935	24.407958	
236	11.476364	11.063074	3.929602	12.111709	14.549153	4.373816	183.114640	250.384985	24.651756	
237	11.422349	11.073927	3.997206	12.092797	14.543905	4.358072	184.109726	250.372759	24.442861	
238	11.057375	10.662203	4.012190	11.958974	14.432776	4.349029	177.592424	246.723239	24.311435	
239	10.505644	10.606157	3.841255	12.047398	14.345654	4.305153	182.709565	244.112648	23.944428	
240	9.961577	10.059884	3.656477	12.046743	14.322830	4.299576	181.629934	243.532309	23.946574	
241	10.421359	10.078753	3.649896	12.005679	14.406215	4.321335	178.222283	245.850391	24.133718	
242	11.232307	10.228169	3.779410	12.002516	14.454321	4.339035	179.911995	247.213193	24.235374	
243	11.083866	10.430392	3.901670	12.025871	14.530841	4.357195	178.745881	249.651871	24.424953	
244	11.143315	10.555957	3.918071	12.029381	14.532240	4.349612	182.586682	249.484047	24.243576	
245	10.460980	9.953402	3.842097	11.879242	14.494669	4.338829	178.102309	248.410295	24.154887	
246	10.048479	9.543984	3.689417	11.815136	14.505393	4.337878	173.676095	249.694531	24.291722	
247	10.773349	10.287306	3.712752	12.011454	14.523753	4.377556	178.294433	250.454326	24.730970	
248	10.413072	10.175352	3.630499	12.206547	14.477998	4.347902	185.056980	248.606940	24.468502	
249	10.290883	10.330719	3.649158	12.315989	14.438198	4.322396	187.904732	246.826606	24.165650	
250	10.518077	10.536866	3.680881	12.338783	14.472675	4.325251	188.725801	247.624943	24.208557	
251	10.507439	10.408698	3.764586	12.260073	14.383680	4.297354	186.887044	244.644124	23.845047	
252	10.189993	9.994484	3.693775	12.144330	14.354466	4.274813	182.833215	244.102096	23.604147	
253	9.468609	9.653632	3.610659	12.060467	14.301697	4.252368	183.650283	242.777790	23.396281	
254	9.775788	10.023450	3.655616	12.088175	14.418688	4.253973	182.601461	246.469179	23.384307	
255	10.498913	10.092892	3.775775	12.026738	14.482776	4.268438	181.459376	248.401925	23.506176	
256	10.843437	10.151812	3.873145	12.038745	14.606655	4.316845	181.168577	252.316186	23.952830	
257	10.850870	10.304625	3.842860	12.074836	14.566857	4.346463	181.449668	250.750113	24.136013	
258	10.861869	10.428516	3.874844	12.161086	14.626661	4.353942	187.001153	253.241211	24.225778	
259	10.939964	10.423765	3.904672	12.185213	14.715862	4.354058	182.301041	256.882821	24.206011	
260	10.970261	10.293773	3.883005	12.160596	14.672853	4.336051	185.686080	255.564491	24.090193	
261	11.274312	10.458872	3.912182	12.169820	14.683219	4.350394	187.844471	255.968835	24.274996	
262	10.948497	10.227261	3.836109	12.146870	14.653895	4.360742	183.916049	254.905610	24.516015	
263	11.158229	10.410992	3.823206	12.269330	14.725423	4.389465	191.196086	257.411855	24.835770	
264	11.029846	10.507547	3.793380	12.280332	14.698139	4.383602	187.562434	256.364012	24.804147	
265	10.877345	10.485986	3.742940	12.344464	14.544369	4.378699	190.596012	251.054561	24.804262	
266	10.950160	10.469074	3.684289	12.283330	14.471761	4.379378	187.127949	248.513503	24.806884	
267	11.340481	10.602797	3.735659	12.138082	14.524421	4.361302	185.203141	250.765296	24.572984	
268	11.162684	10.803611	3.836509	12.065156	14.483916	4.368619	185.822139	249.431202	24.649473	
269	11.026676	10.420437	3.731841	12.104884	14.494342	4.327810	185.331561	249.862866	24.244988	
270	11.269812	10.352692	3.739112	12.179033	14.565055	4.326139	186.134633	252.090167	24.099344	
271	11.344418	10.566646	3.806841	12.220187	14.670730	4.348189	188.221074	255.351345	24.325129	
272	11.168201	10.259442	3.859351	12.257329	14.722083	4.334176	188.255040	256.743735	24.169356	
273	10.993698	10.174160	3.853983	12.285746	14.762931	4.325675	188.909348	258.068768	23.988502	
274	10.790961	9.957837	3.773073	12.298097	14.838600	4.313267	190.646636	260.548832	23.826727	
275	10.150532	9.480728	3.649844	12.188856	14.920509	4.334934	186.816835	263.725548	24.128087	
276	10.170088	9.470163	3.649645	12.248352	15.049240	4.362184	190.019658	268.549770	24.464934	
277	11.029199	10.445976	3.835269	12.498776	15.018633	4.417605	200.335629	267.443632	25.047958	
278	11.419512	10.592476	3.929212	12.604449	14.957888	4.414225	201.795832	266.062568	25.074775	
279	10.854262	9.881881	3.737733	12.457393	14.716699	4.414455	197.808194	258.276323	25.090315	
280	10.120532	9.647498	3.497731	12.490600	14.661164	4.399599	195.565638	256.651250	24.978600	
281	9.582661	9.161895	3.375863	12.544216	14.700246	4.400985	200.888498	256.985387	24.949695	
282	10.120102	9.341186	3.514381	12.362248	14.744369	4.355850	193.083895	258.518425	24.456462	
283	10.202547	9.494343	3.519939	12.416048	14.884240	4.374800	195.162330	263.562964	24.641170	
284	10.188377	9.638239	3.537742	12.457378	14.972746	4.385452	193.318340	265.305567	24.751246	
285	9.950627	9.363256	3.551769	12.357685	14.825464	4.362975	192.181171	260.493409	24.573376	
286	9.636969	9.246683	3.487103	12.301779	14.732836	4.375832	190.259582	258.083533	24.796583	
287	8.846805	9.154991	3.379463	12.375965	14.640198	4.352463	192.557980	255.468786	24.558253	
288	8.838207	8.952903	3.243477	12.632521	14.531076	4.308354	205.626780	251.717566	24.078515	
289	9.424585	9.304772	3.258809	12.587404	14.444043	4.294905	201.390706	248.375331	23.846059	
290	9.781398	9.426398	3.377153	12.543973	14.436687	4.292816	199.298776	248.577591	23.755630	
291	9.610764	9.120807	3.391854	12.472291	14.524052	4.320212	196.169096	250.925667	23.939538	
292	9.852784	9.310986	3.501789	12.413464	14.606472	4.355792	193.363291	252.830491	24.291735	
293	10.450736	9.662146	3.568608	12.326782	14.628456	4.396676	192.173043	253.503828	24.689207	
294	10.585988	9.831195	3.688481	12.289489	14.778704	4.448792	189.450376	258.398286	25.212692	
295	10.547580	9.699292	3.763961	12.315712	14.845826	4.425559	189.941780	261.423573	24.932366	
296	10.262595	9.645448	3.777696	12.271276	14.843325	4.453968	188.835444	261.987511	25.285987	
297	10.335183	9.334778	3.733418	12.334179	14.938468	4.467418	191.398364	265.848627	25.469571	
298	9.923246	9.195732	3.693749	12.349462	14.961531	4.475742	193.531430	266.634331	25.599592	
299	9.781779	9.194018	3.663701	12.428934	15.037496	4.487041	195.764944	269.072263	25.701070	
300	9.458966	9.005668	3.704075	12.370367	14.981225	4.479751	193.365080	266.907919	25.574182	
301	9.319297	9.032139	3.698603	12.280312	14.860086	4.481695	190.256886	263.007467	25.638632	
302	9.418545	9.107916	3.659819	12.227815	14.785437	4.432505	187.243511	260.984632	25.239471	
303	8.734269	8.750054	3.570739	12.270111	14.630692	4.410931	187.652237	256.838358	25.031384	
304	8.706210	8.765105	3.437232	12.412750	14.687639	4.400339	190.696540	257.662297	24.972396	
305	8.724656	8.682478	3.373885	12.493589	14.788128	4.417596	193.840394	260.715720	25.111749	
306	8.331815	8.261003	3.216269	12.477383	14.804430	4.427664	194.314909	260.923255	25.198284	
307	8.181895	8.074991	3.107309	12.511601	14.828675	4.391483	196.656165	261.511480	24.783670	
308	8.130564	8.024127	3.092039	12.433980	14.737028	4.346347	196.398122	258.908081	24.376491	
309	8.631104	8.235066	3.139747	12.366029	14.797239	4.327955	190.069476	261.530946	24.259867	
310	8.698737	8.276715	3.223763	12.451639	14.873894	4.319820	192.515856	264.895272	24.143795	
311	8.781792	8.396472	3.229758	12.417781	15.042494	4.349651	192.239578	270.344987	24.459385	
312	9.393675	8.759953	3.397432	12.427197	15.134147	4.381933	194.079073	273.191088	24.702850	
313	9.145347	8.385684	3.398545	12.563423	15.331910	4.439653	201.353920	279.784862	25.322796	
314	8.619398	8.158987	3.376337	12.547605	15.389122	4.483313	197.441691	280.507832	25.807734	
315	9.127383	8.721921	3.447844	12.643194	15.479082	4.518301	199.875893	283.491312	26.214097	
316	9.745302	9.258592	3.536221	12.667828	15.426870	4.530696	202.236622	282.057500	26.408657	
317	10.036820	9.735398	3.645620	12.603648	15.417168	4.507135	197.308400	282.744081	26.133818	
318	10.569899	10.025718	3.712461	12.609496	15.366246	4.487609	198.812499	280.608058	25.863261	
319	10.418926	9.790886	3.724919	12.535719	15.404628	4.516334	197.199552	281.668940	26.095993	
320	9.972534	9.515531	3.640637	12.546512	15.416057	4.507617	198.052208	281.964207	25.906918	
321	9.453858	8.984304	3.573369	12.486394	15.363635	4.502969	196.982326	279.828967	25.816203	
322	9.213446	8.657696	3.509841	12.371713	15.200173	4.494385	190.930585	274.087873	25.654598	
323	8.746842	8.264741	3.413554	12.426132	15.164536	4.474672	193.497207	273.056782	25.586537	
324	8.732151	8.400589	3.368053	12.499117	15.103060	4.486837	197.065633	272.193420	25.949748	
325	9.162109	9.030707	3.334777	12.736434	15.165437	4.476731	203.815809	274.725155	25.996765	
326	8.752802	8.743684	3.227863	12.729537	15.017167	4.454371	205.046122	269.680127	25.783186	
327	8.040436	8.133459	3.144756	12.510062	14.695886	4.396639	204.989000	259.035232	25.170366	
328	8.232963	8.181458	3.110611	12.547990	14.753225	4.397991	203.522980	260.284773	25.040098	
329	8.889155	8.784836	3.232358	12.526708	14.872374	4.415766	197.007878	263.982393	25.126680	
330	8.712354	8.461224	3.178396	12.525928	14.752180	4.372063	196.679456	259.349343	24.643535	
331	8.881279	8.632021	3.259976	12.421931	14.762632	4.380776	192.317632	259.873048	24.781712	
332	8.639761	8.259787	3.237759	12.313877	14.649768	4.377057	192.503521	256.542865	24.814708	
333	8.687496	8.292534	3.258362	12.141120	14.604753	4.381266	184.465911	255.172577	24.865672	
334	8.560623	8.234270	3.233769	12.053815	14.489621	4.367300	185.016104	250.829672	24.687141	
335	8.449871	8.168565	3.252622	12.054059	14.617024	4.373832	182.007918	254.925120	24.777590	
336	8.325576	8.118812	3.210630	12.236300	14.733133	4.412988	187.332951	258.582552	25.168419	
337	8.102799	8.037678	3.186794	12.329827	14.832673	4.427433	191.571411	262.485665	25.398824	
338	7.676843	7.729990	3.045099	12.316547	14.771162	4.449413	190.306538	260.725971	25.751259	
339	7.903753	7.857630	3.131398	12.450759	14.907163	4.481730	196.372505	266.145766	26.056277	
340	7.753836	7.947060	3.174500	12.297164	14.807920	4.459746	192.866890	262.129925	25.816512	
341	7.700522	7.768243	3.195551	12.271530	14.915591	4.472064	190.192899	266.314036	25.935938	
342	8.079752	7.918544	3.269388	12.307210	15.077814	4.511649	193.351411	271.195720	26.300598	
343	8.346930	8.048309	3.388123	12.369188	15.232642	4.565335	195.373391	276.607303	26.797230	
344	9.050741	8.707891	3.636279	12.332044	15.276928	4.582751	190.567846	278.178842	26.930737	
345	9.432416	8.936976	3.774003	12.213748	15.116499	4.558038	186.892941	272.998691	26.689881	
346	9.355146	8.948200	3.805591	12.267661	15.188232	4.555253	189.121781	275.530184	26.636113	
347	9.551931	9.061337	3.821406	12.414462	15.349948	4.564949	193.900600	281.032823	26.683832	
348	9.792145	9.075259	3.884209	12.462418	15.454897	4.578364	195.381968	285.025838	26.765676	
349	9.569528	8.803242	3.878723	12.453847	15.425208	4.552039	196.506993	285.213697	26.492764	
350	9.153969	8.613267	3.848208	12.396501	15.354126	4.520250	195.070052	282.976006	26.134405	
351	8.959862	8.580299	3.875848	12.360853	15.344518	4.498840	192.957273	283.181037	25.872651	
352	9.262472	8.756123	3.898514	12.469722	15.363856	4.513190	196.564858	284.069350	26.058347	
353	9.669001	9.029880	3.984751	12.597157	15.560782	4.564040	200.046243	291.337765	26.661100	
354	10.009416	9.136695	4.008956	12.685036	15.597899	4.595728	202.751067	292.707473	27.035953	
355	10.360496	9.521350	4.050144	12.942709	15.848607	4.641786	209.513544	301.550043	27.503170	
356	9.905348	9.318839	4.013571	12.837091	15.741896	4.634914	205.348395	296.489023	27.355104	
357	9.168544	8.851437	3.952330	12.505694	15.369862	4.548240	196.203408	283.074940	26.430470	
358	9.714675	9.428411	4.037262	12.518146	15.311537	4.514942	194.572207	280.683015	26.114579	
359	10.368572	9.725279	4.053333	12.563291	15.253878	4.550882	196.966736	278.412082	26.483910	
360	10.347680	9.458020	4.014866	12.407852	15.091545	4.555152	191.122084	273.259414	26.666001	
361	10.152342	9.467289	4.001788	12.449593	15.155103	4.576614	191.850220	275.232880	26.908621	
362	10.034537	9.194710	3.952519	12.432156	15.171852	4.575496	191.285582	275.568112	26.875773	
363	9.680170	8.974351	3.906297	12.321248	15.095495	4.532139	189.020980	273.326273	26.325378	
364	9.734231	9.181685	3.914839	12.420360	15.298885	4.554896	193.787721	280.888449	26.657970	
365	10.671923	9.948605	4.096803	12.679430	15.574229	4.648257	200.899617	290.612785	27.650770	
366	10.576355	9.770576	4.164928	12.690521	15.557578	4.668161	201.847060	290.572463	27.812294	
367	10.068803	9.334223	4.154292	12.689291	15.569622	4.639240	203.455111	291.081704	27.377020	
368	9.741743	9.095848	4.121459	12.555926	15.439192	4.600259	197.134902	285.455122	26.907467	
369	9.322586	8.904150	3.985877	12.603651	15.424452	4.567780	198.214211	284.958753	26.554844	
370	9.005535	8.446577	3.807058	12.685622	15.407635	4.538623	201.632157	284.495778	26.229123	
371	8.379250	8.028422	3.652218	12.758550	15.370736	4.479337	206.112432	283.575931	25.583169	
372	8.078406	7.804386	3.459990	12.731299	15.296074	4.452066	201.766170	280.970017	25.360388	
373	8.193820	7.841603	3.400180	12.890548	15.429463	4.443541	207.096452	285.505016	25.338653	
374	8.413467	7.980075	3.367348	12.865150	15.390434	4.475847	204.211983	282.743137	25.674395	
375	8.191518	7.744116	3.364802	12.826726	15.375030	4.462678	203.329048	281.453599	25.524181	
376	7.848675	7.559345	3.359412	12.739059	15.318243	4.428397	201.943906	279.890399	25.148579	
377	7.601781	7.401071	3.278081	12.748467	15.282501	4.404352	205.893460	279.064261	24.905673	
378	7.774349	7.599305	3.327683	12.550312	15.128940	4.383804	196.778733	274.080973	24.582053	
379	7.752733	7.403729	3.198456	12.636137	15.070063	4.344036	198.207531	271.980535	24.208966	
380	7.381843	7.207791	3.108027	12.633307	15.040882	4.324736	200.665217	271.161878	24.067725	
381	7.052243	6.841993	3.029619	12.545022	14.881649	4.295714	196.009382	265.858032	23.811746	
382	6.928311	6.757358	2.988558	12.467326	14.837965	4.308306	193.025376	264.792648	24.005401	
383	6.736207	6.609841	2.928618	12.457985	14.802957	4.328422	194.680937	263.603480	24.223072	
384	6.765333	6.691191	2.884682	12.613806	15.007059	4.367973	196.224869	269.868714	24.642982	
385	7.005447	6.851789	2.919419	12.726319	15.142351	4.400174	200.198148	274.430587	24.909317	
386	7.152239	6.911916	2.964308	12.705297	15.068376	4.366555	206.077210	272.145563	24.515694	
387	7.138460	6.877947	2.991973	12.536031	14.941249	4.321738	193.941916	268.049528	24.013115	
388	7.011279	6.806868	2.985895	12.535995	14.967116	4.302306	195.259331	269.366706	23.816913	
389	6.852123	6.702802	2.973756	12.570756	14.982689	4.305233	195.755164	270.363087	23.890982	
390	6.590144	6.458405	2.923518	12.543989	14.977581	4.320605	196.336722	271.121639	24.075332	
391	6.464021	6.270821	2.858520	12.250457	14.675337	4.270573	189.489096	262.667917	23.691419	
392	6.041291	5.817827	2.680180	11.685377	14.075121	4.105869	174.632017	243.506509	22.106841	
393	5.296332	5.173673	2.348491	11.150538	13.425670	3.898399	160.203089	223.780940	20.180483	
394	5.234348	5.135993	2.306600	11.109092	13.388547	3.886342	159.686412	222.816951	20.082382	
395	5.372650	5.226874	2.402971	11.186485	13.496079	3.949041	161.501500	225.942159	20.687444	
396	5.323609	5.137921	2.393520	11.214697	13.595887	3.987095	163.334873	229.613397	21.100182	
397	5.427606	5.210586	2.422458	11.284528	13.675934	4.024603	165.939001	231.966146	21.472551	
398	5.553670	5.305229	2.497451	11.228436	13.549144	4.029539	168.644090	227.613160	21.481985	
399	5.564660	5.280328	2.502167	11.232047	13.596387	4.039846	169.401942	229.498400	21.685021	
400	5.492811	5.210561	2.444419	11.345778	13.691707	4.057123	166.910319	231.960644	21.901901	
401	5.510064	5.363262	2.440373	11.516221	13.829465	4.090559	170.385451	235.527826	22.259242	
402	5.434508	5.359166	2.469081	11.571652	13.932660	4.113662	172.044773	238.964516	22.445430	
403	5.067301	5.083634	2.457120	11.507264	13.883605	4.107464	171.178764	237.872611	22.337098	
404	4.799323	4.843137	2.405512	11.392478	13.742667	4.086562	167.854724	233.596071	22.130938	
405	4.875961	4.935239	2.398821	11.369286	13.696402	4.078499	166.387732	231.631529	22.023331	
406	4.730666	4.848488	2.382342	11.333977	13.667895	4.062184	165.351357	230.799557	21.898117	
407	4.692267	4.762256	2.343423	11.289597	13.656056	4.072103	164.087330	229.852743	21.990787	
408	4.720424	4.724101	2.359882	11.267243	13.688146	4.096700	162.912046	230.470070	22.228026	
409	4.797378	4.798414	2.394824	11.269574	13.706181	4.095657	163.341610	231.308627	22.218096	
410	4.818110	4.821950	2.432151	11.279225	13.739651	4.100333	163.858098	232.525867	22.228181	
411	4.886016	4.868289	2.496266	11.395799	13.911638	4.142726	166.971518	237.775322	22.546378	
412	4.942548	4.937569	2.549821	11.411331	13.909357	4.142092	167.553416	238.044994	22.533766	
413	4.932479	4.920415	2.543198	11.233348	13.722121	4.117795	162.963709	232.484457	22.311676	
414	4.848350	4.867845	2.522391	11.220737	13.690912	4.103744	164.889796	232.547710	22.273160	
415	5.017395	4.998913	2.571695	11.300713	13.787671	4.141573	166.186495	236.220314	22.744990	
416	5.049482	5.057143	2.660448	11.395254	13.933667	4.213738	169.182825	240.707506	23.484628	
417	5.034689	5.064717	2.752205	11.475041	14.086759	4.287492	170.909186	245.601737	24.209556	
418	5.187427	5.246122	2.865729	11.568539	14.214337	4.340499	173.738995	249.915604	24.725278	
419	5.379023	5.439106	2.943600	11.617982	14.273395	4.369107	175.738005	252.328402	25.030810	
420	5.526325	5.583122	3.003584	11.671161	14.324809	4.384276	177.565723	254.528262	25.246791	
421	5.460034	5.497188	3.032197	11.604902	14.247822	4.381405	175.202040	251.628419	25.256723	
422	5.418404	5.425883	3.023772	11.579870	14.191168	4.339125	175.123064	249.167307	24.797288	
423	5.404355	5.416576	3.047519	11.538808	14.125779	4.312600	172.609266	246.701966	24.482794	
424	5.484809	5.491558	3.096094	11.500043	14.080788	4.315225	171.419093	245.093448	24.456795	
425	5.566135	5.547728	3.125032	11.550569	14.137551	4.336273	172.974855	247.306167	24.679880	
426	5.547277	5.542284	3.134201	11.462265	14.025866	4.342662	172.815773	243.218746	24.786505	
427	5.587453	5.557233	3.180055	11.404977	13.971418	4.342181	169.846843	241.837201	24.836259	
428	5.687647	5.667369	3.197239	11.462045	14.061111	4.362234	170.632519	244.952070	25.132264	
429	5.570142	5.571608	3.141588	11.381466	13.933350	4.327363	170.341980	240.322876	24.718746	
430	5.107899	5.157905	3.021069	11.105723	13.688891	4.269867	161.092144	232.440377	24.116568	
431	5.047906	5.117473	2.976471	11.076297	13.667908	4.246640	159.933761	231.800010	23.845695	
432	5.190609	5.174155	3.001933	11.196783	13.787815	4.254711	163.477685	235.826415	23.918747	
433	5.344089	5.281133	3.109603	11.161601	13.750505	4.273647	162.073873	234.277815	24.127135	
434	5.282955	5.298115	3.174052	11.045118	13.649547	4.279467	158.434749	230.413691	24.173404	
435	5.302363	5.259393	3.156920	11.069099	13.642611	4.273902	159.513506	230.704815	24.084338	
436	5.403559	5.346931	3.194474	11.030035	13.595888	4.286580	158.453860	229.377805	24.224032	
437	5.316871	5.228840	3.173015	10.991199	13.558386	4.294736	157.346227	228.117610	24.354951	
438	5.187280	5.173090	3.176777	10.981138	13.586278	4.302269	157.288953	229.131282	24.421889	
439	5.381363	5.374339	3.236093	10.970578	13.549537	4.327969	156.958610	227.336727	24.743594	
440	5.438136	5.336149	3.273617	11.002450	13.572768	4.335170	157.771705	227.964432	24.793932	
441	5.287638	5.240044	3.189580	10.940377	13.539076	4.309774	155.263800	226.724506	24.493898	
442	4.982700	5.010700	3.086722	10.853923	13.429213	4.267058	154.041497	224.100892	24.131773	
443	4.998017	4.913601	3.089548	10.850870	13.401374	4.253024	154.607471	224.006217	24.128694	
444	5.170975	5.083420	3.170561	10.938408	13.510604	4.291437	157.391914	227.906756	24.590503	
445	5.052442	5.137663	3.153056	10.964139	13.530700	4.325400	157.965446	228.224079	25.011986	
446	4.926857	4.902026	3.118786	10.918863	13.431515	4.319706	156.675273	224.396037	24.919404	
447	4.963885	4.978218	3.139341	10.911605	13.480158	4.325213	155.733980	226.042169	24.950941	
448	4.970514	5.064868	3.156535	10.964098	13.528985	4.336263	157.024957	227.155067	25.057323	
449	5.139782	5.144489	3.195140	10.984802	13.526806	4.346256	157.121260	226.766291	25.161468	
450	5.217700	5.198563	3.228349	11.021353	13.570084	4.357191	157.973844	228.071846	25.311166	
451	5.176348	5.134435	3.246852	10.954526	13.516474	4.370943	156.228472	226.503314	25.442364	
452	5.154839	5.085272	3.219220	10.988444	13.526958	4.362016	158.822769	226.949491	25.356878	
453	5.123677	5.131228	3.227056	10.943447	13.498053	4.343909	155.838147	225.747141	25.195451	
454	5.139565	5.098041	3.271846	10.893558	13.427742	4.346606	154.702701	223.772122	25.199143	
455	5.219779	5.150586	3.295582	10.882191	13.396301	4.358958	154.278492	222.715221	25.348821	
456	5.041160	5.124164	3.299641	10.805206	13.356640	4.344978	152.363502	221.563300	25.187738	
457	4.894714	4.979944	3.247918	10.685223	13.224273	4.336297	149.119886	217.223648	25.120374	
458	4.938029	5.030312	3.231542	10.655682	13.204377	4.356940	147.995539	216.476791	25.355878	
459	4.892712	4.994365	3.221135	10.631468	13.175382	4.380939	147.033273	214.831097	25.637575	
460	4.907596	5.028407	3.202456	10.661405	13.212371	4.386744	148.002911	216.301136	25.710896	
461	4.944206	5.079771	3.182205	10.647777	13.199040	4.384902	147.676150	215.847161	25.724295	
462	4.843572	4.955362	3.208802	10.650126	13.191249	4.383224	147.931029	215.767559	25.683325	
463	4.832311	4.921457	3.231280	10.614735	13.166508	4.378138	146.692670	214.808149	25.647001	
464	4.731220	4.749341	3.179562	10.614790	13.142821	4.356530	146.730564	214.324431	25.439389	
465	4.938596	4.976762	3.215547	10.736554	13.283923	4.372650	150.171501	218.736479	25.618337	
466	4.993244	5.047827	3.239116	10.772087	13.341193	4.386120	150.992036	220.449710	25.775618	
467	4.966233	5.055966	3.234557	10.750806	13.314444	4.380261	150.530356	219.701722	25.717497	
468	4.812565	4.941049	3.155542	10.652940	13.200734	4.340834	147.776069	216.047957	25.352028	
469	4.576973	4.645610	3.100324	10.565666	13.074753	4.308107	145.821037	212.608673	25.030698	
470	4.737345	4.800038	3.090379	10.572838	13.093896	4.293657	146.033684	213.044220	24.876340	
471	4.707557	4.763130	3.110505	10.592434	13.141594	4.294134	146.932949	215.332508	24.904019	
472	4.446064	4.541285	3.118450	10.619843	13.165213	4.286354	148.642728	216.942134	24.798088	
473	4.578025	4.672026	3.121639	10.622021	13.176304	4.265945	148.784069	217.124546	24.601273	
474	4.723136	4.840758	3.165731	10.716165	13.293292	4.288394	151.935267	221.376469	24.882979	
475	4.607655	4.794223	3.131483	10.713311	13.308683	4.309578	152.193604	221.761013	25.179523	
476	4.677688	4.826119	3.112326	10.654905	13.239097	4.326761	149.785696	219.143061	25.433786	
477	4.853667	4.855689	3.170308	10.719909	13.228086	4.333829	151.813006	218.970995	25.603978	
478	4.770714	4.867484	3.043552	10.667078	13.177463	4.303446	149.763491	216.890173	25.319610	
479	4.659088	4.725583	3.025339	10.541020	13.094129	4.293208	146.274027	214.194524	25.185609	
480	4.711766	4.711745	3.036817	10.583936	13.140125	4.282442	147.669295	216.348873	25.066464	
481	4.461686	4.504183	2.941926	10.462852	13.001321	4.267569	143.795303	211.295737	24.883499	
482	4.534186	4.524651	2.953326	10.467354	13.033973	4.284695	143.549438	211.922635	25.042552	
483	4.455991	4.440086	3.001878	10.415107	13.040156	4.291780	142.402261	212.471782	25.110036	
484	4.547132	4.345911	3.070442	10.423931	12.963594	4.289302	143.288665	210.684206	25.065415	
485	4.567781	4.400794	3.081002	10.453197	12.969821	4.296831	143.868974	210.587755	25.236242	
486	4.557147	4.497693	3.089725	10.492426	13.013222	4.309353	146.115910	212.489483	25.346884	
487	4.485285	4.446384	3.080650	10.472161	13.002914	4.327949	145.169014	212.240028	25.500249	
488	4.489334	4.461413	3.029813	10.473361	13.000330	4.311179	145.247763	212.309223	25.383253	
489	4.409743	4.371061	2.944584	10.459647	12.972523	4.293780	145.128234	211.293241	25.186451	
490	4.225080	4.138363	2.892374	10.390195	12.943229	4.290161	143.361280	210.631699	25.103685	
491	4.380245	4.323192	2.829956	10.448304	12.956864	4.248127	143.932874	210.034265	24.694862	
492	4.270272	4.260478	2.892507	10.472486	12.971025	4.257879	144.610656	210.709718	24.716102	
493	4.329729	4.292957	2.903529	10.399341	12.940868	4.294611	142.580380	209.518842	25.148472	
494	4.451036	4.483770	2.851743	10.422565	12.947513	4.260895	142.440799	208.982602	24.884274	
495	4.147240	4.154431	2.821495	10.315330	12.828581	4.234876	140.725919	207.116368	24.650294	
496	4.352925	4.351869	2.833990	10.320985	12.805080	4.226361	140.647017	205.546064	24.519004	
497	4.425417	4.471974	2.835101	10.300973	12.799069	4.213088	139.593519	204.892475	24.369990	
498	4.377717	4.392980	2.867225	10.305948	12.771645	4.211317	140.258097	205.298192	24.388176	
499	4.436558	4.512747	2.905432	10.269072	12.724767	4.219380	139.421045	203.797593	24.487077	
500	4.523947	4.556190	2.965570	10.380261	12.832091	4.241285	142.707161	207.521951	24.741429	
501	4.688832	4.644365	3.016328	10.474281	12.904152	4.242012	145.476529	210.165206	24.722618	
502	4.801275	4.763875	3.034305	10.499381	12.933004	4.259669	146.682256	211.461094	24.962051	
503	4.793142	4.643163	2.927542	10.541782	12.966100	4.262162	147.851617	213.126136	25.119759	
504	4.805441	4.755050	2.883945	10.675945	13.124608	4.243770	152.239962	218.849625	24.826427	
505	4.770108	4.792142	2.886284	10.734096	13.231837	4.235449	154.201042	223.041875	24.719211	
506	4.886002	4.830984	2.925647	10.789901	13.263147	4.244111	155.090087	223.172101	24.813443	
507	4.969724	4.882092	2.971536	10.748420	13.193827	4.234668	153.610205	220.624085	24.689293	
508	5.062863	5.025251	2.995703	10.661592	13.094685	4.251863	150.595245	216.576515	24.862265	
509	4.911147	4.939200	3.004858	10.543170	12.986875	4.256556	147.256501	212.748181	24.909107	
510	4.980062	4.900692	3.009495	10.494046	12.912561	4.276088	146.519319	210.105244	25.161402	
511	5.109676	5.027060	3.092582	10.512890	12.941188	4.312902	146.385494	210.694936	25.559042	
512	5.112170	5.005976	3.156006	10.591629	13.010661	4.311176	148.963081	212.832559	25.432215	
513	5.010189	4.958118	3.063138	10.543317	12.993244	4.243097	147.405310	212.597350	24.577994	
514	4.780879	4.725168	2.878311	10.509729	12.980954	4.208348	146.819938	212.114182	24.107168	
515	4.938577	4.856915	2.782874	10.718827	13.082924	4.159816	151.960431	214.702125	23.552884	
516	4.669179	4.539965	2.622774	10.562938	12.933915	4.093721	147.889414	210.237193	22.825420	
517	4.259434	4.180763	2.398234	10.440376	12.808626	4.022546	144.894282	207.104044	22.132144	
518	4.154716	4.031320	2.331886	10.323552	12.640194	3.948069	141.314133	201.700214	21.320580	
519	4.335745	4.249594	2.388076	10.333576	12.635704	3.967367	141.206979	201.114884	21.490298	
520	4.146482	4.007275	2.357538	10.282712	12.610602	3.959146	140.941913	201.906421	21.359689	
521	4.217964	4.072106	2.361577	10.346690	12.647089	3.967834	142.933297	203.424543	21.592116	
522	4.294844	4.179674	2.355387	10.372947	12.652958	3.978770	142.979843	203.069300	21.757484	
523	4.267852	4.172253	2.357712	10.355052	12.714857	4.047881	142.562957	204.848971	22.457251	
524	4.283580	4.185005	2.380489	10.490336	12.834028	4.054437	146.935233	209.508534	22.573935	
525	4.376250	4.220902	2.450244	10.671400	12.994857	4.079619	151.957856	214.733750	22.763182	
526	4.509335	4.369988	2.474643	10.779125	13.119358	4.136494	154.145049	217.438420	23.310840	
527	4.638165	4.437409	2.517468	10.808579	13.136539	4.146381	154.077626	217.086504	23.461737	
528	4.683284	4.488190	2.554288	10.762083	13.113246	4.149890	152.344946	215.964893	23.493226	
529	4.664449	4.513554	2.594282	10.661633	13.067396	4.201569	149.353947	213.960118	24.033584	
530	4.669065	4.491448	2.648529	10.645072	13.066563	4.189677	148.686816	213.570264	23.987866	
531	4.688220	4.600185	2.815340	10.653800	13.088676	4.260328	149.200315	214.697948	24.781094	
532	4.709234	4.685350	2.819736	10.603895	13.071800	4.279414	147.958964	214.317385	25.047775	
533	4.736589	4.608162	2.798526	10.618356	13.046403	4.259164	148.182163	213.306287	24.815980	
534	4.638413	4.564295	2.808755	10.631328	13.128032	4.281196	148.522806	215.279190	25.020195	
535	4.423083	4.342168	2.737187	10.536416	13.073743	4.238304	146.307369	214.021879	24.516446	
536	4.660356	4.432947	2.758632	10.650822	13.137561	4.223385	149.443925	216.490121	24.396689	
537	4.684941	4.485426	2.820295	10.710120	13.145172	4.236056	152.131348	217.515740	24.490604	
538	4.717195	4.632716	2.847176	10.648144	13.116391	4.243354	150.400216	217.142972	24.608139	
539	4.738207	4.580886	2.786692	10.567070	12.996773	4.198843	147.653136	212.479135	24.157051	
540	4.646777	4.574061	2.783910	10.620105	13.095789	4.234005	148.654355	215.295858	24.566159	
541	4.583296	4.568905	2.747879	10.555709	13.041631	4.233414	146.338860	212.749758	24.584671	
542	4.496350	4.417662	2.773193	10.469642	12.948882	4.258526	145.184211	210.160489	24.957854	
543	4.439160	4.371948	2.824563	10.483889	12.945522	4.315869	145.181657	210.143317	25.673133	
544	4.330208	4.369001	2.927838	10.400767	12.926659	4.302896	143.743368	210.286475	25.386376	
545	4.322208	4.377522	2.925547	10.389806	12.891886	4.274559	145.238378	209.062557	24.942856	
546	4.076054	4.140814	2.677593	10.313279	12.763915	4.199402	142.428199	204.898093	24.155963	
547	3.768740	3.796680	2.419943	10.191043	12.567197	4.093658	138.255294	199.026656	23.118056	
548	3.691601	3.682752	2.239832	10.143132	12.479685	4.058230	136.941909	196.017154	22.773069	
549	3.588796	3.599659	2.230884	10.468932	12.870163	4.104019	145.204279	207.126506	22.876049	
550	3.569971	3.532939	2.196474	10.332099	12.743021	4.045258	141.222975	203.118673	22.319862	
551	3.537934	3.447608	2.092133	10.289682	12.645234	4.034587	140.126682	200.304469	22.314666	
552	3.506244	3.495962	2.126687	10.285519	12.667449	4.045983	140.052638	201.236451	22.454325	
553	3.566803	3.553872	2.142289	10.334167	12.731638	4.078226	141.128640	203.104683	22.734436	
554	3.620651	3.647456	2.162371	10.464959	12.892744	4.122435	144.246208	207.665667	23.223114	
555	3.463068	3.485267	2.107456	10.412905	12.882109	4.147313	142.346047	207.317076	23.363166	
556	3.473742	3.447043	2.167696	10.196389	12.641192	4.072891	137.914733	201.175511	22.689405	
557	3.450956	3.485095	2.163015	10.140445	12.553685	4.050109	136.101306	198.323189	22.502561	
558	3.381511	3.445197	2.132368	10.097827	12.469010	4.034194	135.144551	195.591327	22.392662	
559	3.379582	3.444952	2.121125	10.090826	12.484915	4.043356	136.154447	196.112985	22.514257	
560	3.377392	3.410541	2.063857	10.163082	12.582177	4.066430	135.797317	198.140874	22.760525	
561	3.308798	3.354929	2.035991	10.310369	12.718555	4.065684	139.486180	201.872061	22.673848	
562	3.294411	3.327921	2.003169	10.370127	12.776303	4.083567	140.761255	203.436332	22.786961	
563	3.333438	3.335991	1.988922	10.310811	12.724168	4.061169	139.896798	202.078890	22.491569	
564	3.369378	3.351935	1.972328	10.337025	12.701760	4.028696	141.542038	201.651211	22.180019	
565	3.389067	3.379951	1.944346	10.350719	12.682533	4.008929	140.778065	200.749078	22.026537	
566	3.264768	3.309024	1.905411	10.331236	12.647073	3.963667	140.172948	199.942039	21.602882	
567	3.206940	3.231461	1.824323	10.271719	12.501653	3.892642	139.027372	195.520272	20.852752	
568	3.009733	3.058650	1.737914	10.110778	12.355518	3.844823	133.237211	190.289139	20.355578	
569	2.910801	2.924497	1.705099	10.176198	12.439714	3.843371	135.307945	193.652850	20.296153	
570	3.033794	3.049978	1.771397	10.090796	12.388630	3.844550	133.535003	191.976031	20.234165	
571	3.116243	3.023575	1.825996	10.000098	12.293991	3.850498	131.565927	190.030045	20.354684	
572	3.173615	3.150049	1.829513	10.100783	12.418043	3.869206	135.087848	194.870020	20.620572	
573	3.250434	3.196709	1.830157	10.207360	12.535319	3.910537	138.709850	198.113299	21.043923	
574	3.183008	3.106109	1.880804	10.245144	12.602063	3.969790	139.516942	200.082297	21.652221	
575	3.284318	3.227466	1.988089	10.524674	12.885897	4.069732	146.634977	209.374147	22.645734	
576	3.342499	3.336193	2.037628	10.605457	13.018972	4.151005	148.989186	213.061961	23.542006	
577	3.224694	3.166712	2.061992	10.561757	13.009817	4.212393	148.162361	213.023616	24.240671	
578	3.430206	3.409280	2.156327	10.724494	13.162949	4.249398	151.816451	217.648102	24.693744	
579	3.536092	3.572120	2.125082	10.567877	13.024416	4.183462	146.584811	212.139271	24.031207	
580	3.336536	3.362976	2.093168	10.291622	12.697403	4.095481	139.517402	202.018077	23.144455	
581	3.480453	3.476568	2.127327	10.279261	12.647116	4.058457	140.218265	201.750265	22.843457	
582	3.734179	3.676392	2.162797	10.322147	12.661505	4.058214	140.636915	201.097510	22.852231	
583	3.432629	3.447963	2.141615	10.280117	12.702744	4.108182	139.648261	202.438477	23.351191	
584	3.671529	3.665944	2.211193	10.355250	12.689072	4.129732	141.616526	202.064628	23.615601	
585	3.717003	3.763912	2.275414	10.405682	12.792713	4.158492	142.635913	204.969974	23.953744	
