####### LIGHTCURVES AND MEAN ENERGIES
####### 3 NEUTRINO SPECIES: NU_E, NUBAR_E AND N_X
####### ALL QUANTITIES ARE MEASURED AT 500 KM FROM THE CENTER
#######
####### FROM MODEL H (BUGLI ET AL. 2020,2021)
####### B0=0 G, l=-, r0=1.00e8 cm
####### UNITS: TIME [s], LUMINOSITY [erg/s], ENERGY [MeV]
# TIME	L_NU_E     	L_NU_BAR   	L_NU_X     	E_NU_E     	E_NU_BAR  	E_NU_X      	E2_NU_E    	E2_NU_BAR 	E2_NU_X
0.001 1.2056836e+53 3.4e+47 2.3e+47 11.070883 5.95298 0.872646 140.855256 47.424852 0.960377
0.002 8.601831e+52 8.2772e+50 4.3613e+50 11.08419 9.801302 2.333338 142.373703 110.747877 6.500914
0.003 4.1310258e+53 4.39778e+51 6.68528e+51 14.242191 14.102781 4.635763 232.853528 231.073251 26.367926
0.004 4.1547679e+53 2.8392899999999998e+51 7.23458e+51 13.857244 12.130539 6.832106 223.266241 177.91513 68.502928
0.005 2.9456326e+53 4.40647e+51 5.94665e+51 12.542303 11.736999 6.66924 181.671747 159.870213 69.250668
0.006 2.9540119e+53 5.66419e+51 5.88678e+51 12.738467 11.755341 5.712058 186.011013 160.299406 49.448726
0.007 2.3515367999999997e+53 6.87836e+51 7.58412e+51 12.317835 11.506629 4.857314 175.049584 153.640176 33.382012
0.008 2.8288234e+53 6.86361e+51 1.099632e+52 12.742651 11.371214 4.75389 186.147021 150.713782 29.958349
0.009 2.173992e+53 6.85965e+51 1.353826e+52 12.073893 11.40076 4.645839 170.886768 151.270579 28.200501
0.01 2.1662566999999997e+53 6.08504e+51 1.4315299999999999e+52 11.882868 11.261602 4.566636 166.423962 147.979145 27.226462
0.011 1.9190255e+53 6.01925e+51 1.368988e+52 11.434912 11.296283 4.55248 155.129859 150.724815 27.018387
0.012 1.8810383999999999e+53 6.01753e+51 1.203488e+52 11.142332 10.859325 4.350492 147.385421 139.840356 24.902141
0.013 1.8617615e+53 8.794079999999999e+51 1.370188e+52 10.566126 10.99974 4.194534 131.117275 141.042317 22.606048
0.014 1.8953033e+53 1.093671e+52 1.607929e+52 10.379742 10.913737 4.204626 125.62385 137.960822 22.428547
0.015 2.1035514e+53 1.333287e+52 1.777617e+52 10.657278 11.121795 4.337409 131.246452 143.675053 23.89703
0.016 2.2410977e+53 1.453539e+52 1.831233e+52 11.336357 11.251952 4.309152 148.277253 147.765283 23.74514
0.017 1.7198973999999999e+53 1.485764e+52 1.898214e+52 11.015698 11.228534 4.289422 140.983448 147.834246 23.587587
0.018 1.4190482e+53 1.4664569999999998e+52 1.94601e+52 10.652903 11.208799 4.290005 132.842733 147.676489 23.562026
0.019 1.2232446e+53 1.426761e+52 1.99705e+52 10.512684 11.127616 4.304411 130.321632 145.528037 23.678473
0.02 1.1597489e+53 1.4435269999999999e+52 2.010421e+52 10.144887 11.039645 4.28487 121.991265 142.984019 23.5284
0.021 1.030937e+53 1.563141e+52 2.029589e+52 9.962486 11.13363 4.282556 118.399317 144.451041 23.499062
0.022 9.715386e+52 1.732596e+52 2.034621e+52 9.671215 11.265006 4.276905 112.566378 147.255229 23.432454
0.023 1.0077464e+53 1.9228689999999998e+52 2.074262e+52 9.744687 11.391543 4.284019 113.224339 150.28767 23.459562
0.024 1.0699573e+53 2.1814429999999998e+52 2.145721e+52 9.810945 11.530032 4.273727 114.998681 154.034058 23.339519
0.025 1.167102e+53 2.4286270000000003e+52 2.25988e+52 9.862542 11.666368 4.250011 115.706123 157.390992 22.988919
0.026 1.1294958e+53 2.5075690000000004e+52 2.2817739999999998e+52 9.919147 11.680378 4.237708 116.432653 158.092462 22.892152
0.027 1.0506098e+53 2.548607e+52 2.2796599999999997e+52 9.892029 11.726753 4.22007 116.063499 159.745109 22.723353
0.028 1.0204853999999999e+53 2.594634e+52 2.310984e+52 9.858626 11.706559 4.203237 115.391568 158.756326 22.432099
0.029 9.223527e+52 2.419199e+52 2.2551459999999998e+52 9.601261 11.587447 4.17 110.193814 155.690129 22.113972
0.03 8.10537e+52 2.371233e+52 2.203868e+52 9.328432 11.709416 4.214785 104.460268 159.126469 22.581013
0.031 7.448286999999999e+52 2.274888e+52 2.110977e+52 9.143881 11.539382 4.167269 100.679579 154.444205 22.144112
0.032 7.125125e+52 2.3917380000000002e+52 2.10835e+52 9.018143 11.554592 4.138635 98.330206 154.665335 21.837654
0.033 7.162561e+52 2.540429e+52 2.1435719999999998e+52 8.983745 11.594446 4.143561 97.763206 155.901909 21.895547
0.034 7.480989e+52 2.737829e+52 2.2267519999999997e+52 9.106975 11.654052 4.138746 100.071294 157.387741 21.794909
0.035 7.933143e+52 3.016575e+52 2.374795e+52 9.171476 11.811163 4.152799 101.317411 161.603113 21.877032
0.036 8.309219e+52 3.220794e+52 2.477571e+52 9.256191 11.82545 4.13334 103.467808 162.204234 21.644461
0.037 8.977254e+52 3.523859e+52 2.598169e+52 9.445548 11.994459 4.142602 109.133445 166.790726 21.711331
0.038 8.345814999999999e+52 3.600956e+52 2.653474e+52 9.381473 12.072525 4.141009 106.593103 168.770501 21.640464
0.039 8.068341e+52 3.601841e+52 2.633267e+52 9.326959 12.111087 4.148809 104.472586 170.123379 21.748966
0.04 7.52412e+52 3.612832e+52 2.5924779999999997e+52 9.209004 12.091163 4.132124 101.931603 169.388994 21.59577
0.041 7.229155e+52 3.639856e+52 2.56987e+52 9.144924 12.106702 4.139564 100.665582 169.815489 21.701983
0.042 6.979148999999999e+52 3.6862e+52 2.54068e+52 9.056411 12.070322 4.138163 99.005403 168.990977 21.714831
0.043 7.152078e+52 3.761294e+52 2.5572219999999996e+52 9.069994 12.068922 4.128939 104.496683 168.723402 21.577711
0.044 6.987126e+52 3.8658600000000003e+52 2.574741e+52 9.022381 12.134525 4.14824 103.704707 170.549528 21.773881
0.045 6.749656e+52 3.887725e+52 2.5320070000000003e+52 8.939126 12.126467 4.116302 98.01072 170.150119 21.447444
0.046 6.628768e+52 3.89591e+52 2.523367e+52 8.901413 12.069248 4.086905 96.490628 168.896264 21.172219
0.047 6.471612e+52 3.939687e+52 2.517832e+52 8.870094 12.055623 4.06684 97.394446 168.488136 20.973853
0.048 6.391161000000001e+52 4.0378e+52 2.544406e+52 8.850339 12.136795 4.070903 95.423522 170.744924 20.983271
0.049 6.479046999999999e+52 4.100726e+52 2.584747e+52 8.867696 12.135577 4.074957 95.54286 171.134617 21.046409
0.05 6.339551e+52 4.2119489999999995e+52 2.601998e+52 8.868645 12.11434 4.058514 95.710544 170.62645 20.894007
0.051 6.352745e+52 4.3323590000000003e+52 2.634207e+52 8.862274 12.188051 4.063878 95.506826 172.651703 20.908731
0.052 6.295982999999999e+52 4.4344879999999997e+52 2.657387e+52 8.838593 12.23831 4.067316 95.060435 173.991822 20.941865
0.053 6.227595e+52 4.482622e+52 2.679906e+52 8.801577 12.240827 4.060311 94.405138 174.070553 20.885142
0.054 6.161006e+52 4.5679160000000003e+52 2.702239e+52 8.76479 12.28113 4.080522 93.815261 175.204272 21.111886
0.055 6.145135e+52 4.658216e+52 2.705519e+52 8.754965 12.298155 4.072045 93.493109 175.576707 21.007881
0.056 6.027073e+52 4.725824e+52 2.7237450000000003e+52 8.781048 12.334937 4.077065 94.059497 176.599875 21.093579
0.057 6.039368e+52 4.814966e+52 2.761689e+52 8.836604 12.35745 4.08983 95.286086 177.500645 21.228486
0.058 6.101883e+52 4.883164e+52 2.757301e+52 8.857445 12.410298 4.087818 95.880148 179.209602 21.160037
0.059 5.941137999999999e+52 4.963534e+52 2.751685e+52 8.854919 12.404046 4.082156 95.774853 178.838947 21.087785
0.06 5.767227e+52 4.970196e+52 2.746369e+52 8.810845 12.388481 4.081032 94.787221 178.369972 21.082308
0.061 5.732831e+52 4.988379e+52 2.7698e+52 8.765487 12.378574 4.073205 93.809681 178.001091 20.992649
0.062 5.690691e+52 4.937641000000001e+52 2.771691e+52 8.763709 12.366313 4.088445 94.010673 177.800931 21.175823
0.063 5.719966999999999e+52 4.878423e+52 2.753466e+52 8.768385 12.34706 4.088167 94.105916 177.243106 21.144732
0.064 5.706672e+52 4.870635e+52 2.726083e+52 8.748118 12.356606 4.088992 93.717557 177.265761 21.146748
0.065 5.623919e+52 4.867255e+52 2.696515e+52 8.729743 12.33073 4.07828 93.336152 176.712212 21.091842
0.066 5.550714e+52 4.947002000000001e+52 2.682827e+52 8.761909 12.358783 4.066612 94.132018 177.587628 21.001691
0.067 5.527694999999999e+52 5.104257e+52 2.724567e+52 8.832564 12.454519 4.070711 95.753799 180.325445 21.082618
0.068 5.556103e+52 5.282418e+52 2.753228e+52 8.875378 12.560946 4.075594 96.681764 183.412625 21.147962
0.069 5.643768e+52 5.405638999999999e+52 2.749003e+52 8.922119 12.621146 4.07239 97.675763 185.145422 21.108188
0.07 5.756174e+52 5.366581e+52 2.750855e+52 8.957514 12.612114 4.073431 98.50784 184.728043 21.111462
0.071 5.874308e+52 5.348583e+52 2.763154e+52 8.970474 12.58854 4.072683 98.837446 184.077632 21.087781
0.072 5.797992e+52 5.440498e+52 2.7804899999999997e+52 8.926121 12.610716 4.065618 97.848912 184.702257 21.017716
0.073 5.773016e+52 5.526782e+52 2.794883e+52 8.909903 12.661714 4.079139 97.580676 186.268113 21.186142
0.074 5.795472000000001e+52 5.546819e+52 2.794411e+52 8.931274 12.661275 4.089525 98.081926 186.326809 21.288026
0.075 5.776602e+52 5.534363e+52 2.8027030000000004e+52 8.963732 12.646298 4.100832 99.514671 185.901448 21.348934
0.076 5.864906999999999e+52 5.653744e+52 2.83624e+52 8.960499 12.706476 4.101162 98.442767 187.739239 21.334357
0.077 5.816623e+52 5.742257999999999e+52 2.83926e+52 8.97814 12.714991 4.100777 98.849879 187.907951 21.338845
0.078 5.874174e+52 5.681598e+52 2.804822e+52 9.024365 12.696498 4.094922 99.940324 187.539695 21.306051
0.079 5.890837000000001e+52 5.744996e+52 2.797257e+52 9.090634 12.767565 4.107689 101.299134 189.405356 21.440156
0.08 6.004742000000001e+52 5.854954000000001e+52 2.833491e+52 9.112345 12.789404 4.116944 101.536765 190.058364 21.525016
0.081 5.976786e+52 5.895563e+52 2.8287e+52 9.13265 12.782192 4.11228 102.031795 189.934382 21.488587
0.082 5.931477e+52 5.890838e+52 2.832294e+52 9.148666 12.741234 4.103005 102.567137 188.819894 21.410078
0.083 5.960125e+52 5.969948999999999e+52 2.821387e+52 9.149148 12.767438 4.08726 102.606862 189.501766 21.248959
0.084 5.997637e+52 6.02785e+52 2.8291659999999997e+52 9.180157 12.789507 4.092637 103.150579 190.384474 21.292444
0.085 6.069543e+52 6.071448e+52 2.8346719999999997e+52 9.212408 12.803209 4.097625 103.929635 190.964316 21.354791
0.086 6.140462e+52 6.135618e+52 2.845926e+52 9.220403 12.81005 4.101518 104.059152 191.20227 21.398687
0.087 6.248966000000001e+52 6.232566e+52 2.848621e+52 9.23016 12.842816 4.101896 104.09247 192.012635 21.371934
0.088 6.411945e+52 6.361024e+52 2.8778739999999996e+52 9.23433 12.873403 4.11251 104.089979 192.70546 21.466214
0.089 6.416051e+52 6.380822e+52 2.8678309999999997e+52 9.244619 12.845385 4.105193 104.277246 191.86537 21.410939
0.09 6.261087e+52 6.426454e+52 2.86065e+52 9.292532 12.877803 4.108958 105.987226 192.64613 21.462763
0.091 6.07971e+52 6.322921e+52 2.832392e+52 9.308147 12.871358 4.119199 105.942946 192.609745 21.610973
0.092 5.834693e+52 6.279550000000001e+52 2.808905e+52 9.285387 12.879317 4.109117 105.711997 192.962672 21.533905
0.093 5.860864e+52 6.271368e+52 2.809586e+52 9.347775 12.904823 4.120195 107.108365 193.726513 21.630765
0.094 5.863848e+52 6.176936999999999e+52 2.798365e+52 9.367654 12.886803 4.117279 107.852662 193.142937 21.575922
0.095 5.939018e+52 6.130567e+52 2.817785e+52 9.430377 12.914242 4.122527 109.358864 194.216694 21.63288
0.096 6.092846e+52 6.136864e+52 2.827797e+52 9.480562 12.976307 4.134565 110.143789 196.321764 21.780293
0.097 6.120597e+52 6.164369e+52 2.825994e+52 9.505275 13.019294 4.128009 110.762569 197.508982 21.691956
0.098 6.29596e+52 6.266428000000001e+52 2.843699e+52 9.541682 13.115821 4.136593 111.692371 200.142319 21.771787
0.099 6.32716e+52 6.332019e+52 2.842244e+52 9.574122 13.164853 4.14654 112.629851 201.461302 21.910798
0.1 6.288345999999999e+52 6.42292e+52 2.828471e+52 9.638648 13.189352 4.149397 114.278731 202.006636 21.943153
0.101 6.349256999999999e+52 6.482085999999999e+52 2.82845e+52 9.673189 13.153103 4.149479 114.617051 201.216594 21.974892
0.102 6.474791e+52 6.532671999999999e+52 2.843121e+52 9.699654 13.108061 4.134251 115.06111 200.120894 21.807041
0.103 6.428162999999999e+52 6.549490999999999e+52 2.827744e+52 9.671412 13.05823 4.11673 114.350433 198.886532 21.636639
0.104 6.541056e+52 6.633977e+52 2.853201e+52 9.693365 13.056309 4.122985 114.829721 199.139563 21.701155
0.105 6.46293e+52 6.71422e+52 2.8521209999999997e+52 9.671859 13.015522 4.117788 114.500507 197.877653 21.615103
0.106 6.402786e+52 6.709839e+52 2.852658e+52 9.686005 13.006331 4.123534 114.797379 197.948364 21.648422
0.107 6.356727e+52 6.664284e+52 2.8500049999999997e+52 9.676527 13.049463 4.120877 114.66283 199.270493 21.58179
0.108 6.528967e+52 6.557832e+52 2.853908e+52 9.633989 13.140772 4.128681 113.731374 201.945993 21.649895
0.109 6.675003e+52 6.536925e+52 2.873918e+52 9.573165 13.227902 4.14108 112.358144 204.248895 21.783655
0.11 6.776667999999999e+52 6.672558e+52 2.885923e+52 9.601413 13.318125 4.153033 113.070945 206.617477 21.933286
0.111 6.821962e+52 6.689668e+52 2.884322e+52 9.665602 13.343296 4.160132 114.287291 207.251488 22.003106
0.112 6.655327e+52 6.612667e+52 2.8520639999999997e+52 9.665954 13.295918 4.143668 114.421839 205.705353 21.837694
0.113 6.687534e+52 6.562013999999999e+52 2.8392149999999997e+52 9.666186 13.302676 4.14382 114.549246 205.922654 21.864326
0.114 6.564431e+52 6.520206e+52 2.833558e+52 9.67602 13.328581 4.155297 114.990895 206.582046 22.005846
0.115 6.471804e+52 6.649187e+52 2.850095e+52 9.731596 13.328465 4.161425 115.976445 206.414565 22.0809
0.116 6.394497999999999e+52 6.777426e+52 2.858673e+52 9.825842 13.290906 4.157167 118.160191 205.589639 22.053303
0.117 6.379109e+52 6.866586e+52 2.863108e+52 9.870125 13.223679 4.1524 119.03015 203.781877 21.999349
0.118 6.695295999999999e+52 6.956699000000001e+52 2.892803e+52 9.869106 13.262781 4.160086 118.876023 205.242245 22.08782
0.119 7.006890000000001e+52 7.083844e+52 2.943901e+52 9.814945 13.320504 4.174707 117.74087 206.920319 22.231699
0.12 7.104475e+52 7.193669e+52 2.9583659999999995e+52 9.778469 13.300845 4.176902 117.355817 206.048838 22.233886
0.121 6.792319e+52 7.074717e+52 2.922076e+52 9.779098 13.216352 4.159596 117.469642 203.851246 22.07067
0.122 6.712038e+52 6.968852e+52 2.880704e+52 9.887663 13.306497 4.175452 119.870436 206.690726 22.256443
0.123 6.613991e+52 6.807803e+52 2.840876e+52 9.892273 13.419904 4.183019 119.849733 209.832676 22.34624
0.124 6.825906e+52 6.76002e+52 2.810171e+52 9.918938 13.495553 4.175805 120.307596 211.865153 22.26554
0.125 6.48814e+52 6.525089000000001e+52 2.746926e+52 9.946766 13.487879 4.162157 121.077773 211.697087 22.185054
0.126 6.660561999999999e+52 6.513821e+52 2.7583459999999997e+52 9.987271 13.546613 4.163084 122.47121 213.552923 22.217588
0.127 6.689143999999999e+52 6.388754e+52 2.7851590000000004e+52 10.015321 13.591481 4.170911 124.416038 215.288682 22.297526
0.128 6.695312e+52 6.309611000000001e+52 2.8062930000000003e+52 9.999955 13.602718 4.167333 121.795675 215.669185 22.190252
0.129 7.017978e+52 6.489149e+52 2.884765e+52 10.027013 13.577549 4.179395 122.875002 214.814033 22.285567
0.13 7.387392e+52 6.770025e+52 2.9473919999999996e+52 10.084626 13.506339 4.187098 124.194758 212.882492 22.323045
0.131 7.541865e+52 7.035981e+52 3.012985e+52 10.09512 13.50046 4.204032 125.077923 213.203184 22.507119
0.132 7.235175e+52 7.007788e+52 2.989572e+52 10.000913 13.479276 4.200259 123.124557 213.0211 22.476216
0.133 6.80135e+52 6.822183e+52 2.9493999999999997e+52 10.032353 13.505277 4.201537 123.719929 213.766353 22.483605
0.134 6.546049e+52 6.814268e+52 2.8797830000000004e+52 10.153918 13.50866 4.193305 126.291905 213.578617 22.388526
0.135 6.351803e+52 6.951244e+52 2.8226330000000003e+52 10.271842 13.508094 4.1947 129.493105 213.267535 22.460184
0.136 6.518771e+52 7.147897999999999e+52 2.819823e+52 10.317956 13.559938 4.201904 129.467711 214.468487 22.548655
0.137 6.866562e+52 7.297205e+52 2.848337e+52 10.238678 13.576712 4.208893 127.748843 214.739305 22.625421
0.138 6.985091e+52 7.345424000000001e+52 2.884914e+52 10.115786 13.558101 4.215409 125.215514 214.326845 22.679382
0.139 7.098016e+52 7.323553999999999e+52 2.926348e+52 10.066595 13.506957 4.211809 124.402018 213.004639 22.632383
0.14 7.082042e+52 7.215515e+52 2.953243e+52 10.089233 13.494987 4.209533 125.454811 212.913978 22.615925
0.141 7.135591999999999e+52 7.198399e+52 2.95307e+52 10.176791 13.567238 4.20552 127.612975 215.119145 22.609655
0.142 7.118548e+52 7.215085000000001e+52 2.947514e+52 10.167717 13.633032 4.216627 127.20673 216.971441 22.745155
0.143 7.267164e+52 7.174614e+52 2.9549599999999996e+52 10.225092 13.73904 4.232601 129.968507 220.382781 22.83081
0.144 7.024602e+52 7.166419000000001e+52 2.949281e+52 10.274515 13.744341 4.223805 130.172463 220.19632 22.730386
0.145 6.844825e+52 7.195659e+52 2.9281100000000004e+52 10.260792 13.717359 4.233358 128.908387 219.444986 22.891662
0.146 6.672896e+52 7.158555e+52 2.8829549999999997e+52 10.239089 13.581835 4.203991 128.484125 215.317746 22.540502
0.147 6.508969e+52 7.138714e+52 2.865901e+52 10.240196 13.469115 4.184612 128.576053 212.219107 22.336432
0.148 6.342361000000001e+52 7.143823e+52 2.8126959999999997e+52 10.346708 13.474973 4.189759 130.921875 212.797432 22.41497
0.149 6.474848e+52 7.207602999999999e+52 2.8226879999999996e+52 10.318049 13.521301 4.199083 130.752444 213.911292 22.479431
0.15 6.617175e+52 7.153479e+52 2.804168e+52 10.234104 13.509872 4.194588 128.552038 213.293729 22.409266
0.151 6.464567e+52 6.944573e+52 2.7476159999999997e+52 10.190909 13.483397 4.181707 127.386764 212.519469 22.298156
0.152 6.368389e+52 6.832547e+52 2.726104e+52 10.195573 13.554842 4.18588 128.940754 214.505374 22.332084
0.153 6.359479e+52 6.834597e+52 2.741528e+52 10.188738 13.589606 4.180114 126.885276 215.573927 22.241019
0.154 6.547786999999999e+52 6.963852e+52 2.756775e+52 10.213905 13.638281 4.174443 127.239023 216.794304 22.155423
0.155 6.64623e+52 6.966606e+52 2.774488e+52 10.198938 13.618128 4.168537 126.963075 216.266301 22.069803
0.156 6.759915999999999e+52 6.862335e+52 2.7888289999999996e+52 10.200247 13.650807 4.176821 127.026284 217.47727 22.156427
0.157 6.967663e+52 6.896399e+52 2.803852e+52 10.191813 13.702079 4.190851 127.130845 219.149672 22.356058
0.158 7.064898999999999e+52 7.064571e+52 2.869149e+52 10.219356 13.753652 4.214084 127.918493 220.788806 22.606756
0.159 7.269374e+52 7.303939e+52 2.9466529999999997e+52 10.292074 13.813698 4.249494 130.0426 222.844023 22.979544
0.16 7.344954e+52 7.348173e+52 3.02382e+52 10.383533 13.844403 4.271698 133.079159 224.365746 23.200446
0.161 7.603696000000001e+52 7.23919e+52 3.1158229999999996e+52 10.500184 13.935916 4.291884 135.563591 227.91148 23.383403
0.162 7.65089e+52 7.349987999999999e+52 3.1539649999999997e+52 10.549979 13.927035 4.306365 137.363789 227.523697 23.568448
0.163 7.336725999999999e+52 7.330149999999999e+52 3.01739e+52 10.628411 13.828371 4.304239 138.47237 224.310642 23.57421
0.164 7.469210000000001e+52 7.821133e+52 3.024121e+52 10.795136 13.85055 4.299529 142.467702 224.684797 23.569633
0.165 7.229984e+52 7.926361e+52 3.013027e+52 10.838137 13.811964 4.296768 143.883785 223.816736 23.617123
0.166 7.115557e+52 7.699366e+52 2.978291e+52 10.955338 13.825885 4.288432 147.695337 225.102924 23.54907
0.167 7.471856e+52 7.883085e+52 2.995986e+52 11.028731 13.954174 4.300593 149.988299 228.482946 23.66568
0.168 7.39811e+52 7.792341e+52 2.9790269999999996e+52 10.856515 14.016535 4.284756 145.869502 229.901696 23.485835
0.169 7.369987e+52 7.805570999999999e+52 2.9644379999999997e+52 10.797463 14.034979 4.280796 143.126098 230.274518 23.433961
0.17 6.834785e+52 7.55781e+52 2.876944e+52 10.738276 13.802482 4.239045 140.978925 223.280193 23.018458
0.171 6.778853e+52 7.402897e+52 2.8962910000000004e+52 10.618497 13.834859 4.253211 138.812037 224.662899 23.152818
0.172 6.655733e+52 7.0492e+52 2.8566799999999997e+52 10.468032 13.835227 4.27293 135.755775 224.567699 23.325545
0.173 6.518777e+52 6.859458e+52 2.809101e+52 10.443715 13.798551 4.275555 137.125592 223.301881 23.363505
0.174 6.506636000000001e+52 6.877417999999999e+52 2.8172419999999997e+52 10.550982 13.841735 4.271947 138.810792 224.577684 23.328152
0.175 6.479648e+52 6.893006e+52 2.807896e+52 10.627899 13.904021 4.263407 139.65957 226.543044 23.233822
0.176 6.562445e+52 6.985364999999999e+52 2.804042e+52 10.648921 13.980478 4.269567 139.218613 228.616535 23.305126
0.177 6.765448e+52 7.179914e+52 2.8259150000000003e+52 10.653917 13.954387 4.266474 139.346695 227.552908 23.252567
0.178 6.865611999999999e+52 7.236058e+52 2.842934e+52 10.610889 13.868416 4.246073 138.000225 224.82671 23.039836
0.179 6.81321e+52 7.149152e+52 2.819039e+52 10.532147 13.833368 4.231903 135.815793 223.742052 22.871611
0.18 6.461648e+52 6.983875e+52 2.7720509999999997e+52 10.565751 13.844065 4.237921 137.147011 224.752063 22.944065
0.181 6.383206000000001e+52 6.956383e+52 2.748057e+52 10.594425 13.923948 4.245187 137.624374 227.457546 23.01133
0.182 6.65284e+52 7.176228e+52 2.807153e+52 10.575255 13.974702 4.263056 137.15462 228.873646 23.162239
0.183 6.741237e+52 7.217131e+52 2.808499e+52 10.596017 13.926772 4.26311 137.672707 227.596347 23.182159
0.184 7.017860999999999e+52 7.450891e+52 2.830778e+52 10.699354 13.906086 4.266408 139.308465 226.773161 23.265065
0.185 7.094811e+52 7.592201e+52 2.863994e+52 10.789886 13.848796 4.290059 141.427595 225.019826 23.552391
0.186 6.90159e+52 7.492783000000001e+52 2.7842250000000003e+52 10.843153 13.795939 4.280956 142.651683 223.642798 23.511013
0.187 7.122308999999999e+52 7.712128e+52 2.829097e+52 10.95385 14.067077 4.305924 145.917998 232.324051 23.749001
0.188 7.121081e+52 7.758287e+52 2.848172e+52 10.970285 14.159213 4.323467 147.866829 235.057343 23.895342
0.189 7.122801e+52 7.801514e+52 2.876037e+52 10.886164 14.134774 4.314334 147.169015 234.789883 23.773248
0.19 7.281647e+52 7.848469e+52 2.905108e+52 10.946039 14.181192 4.288761 147.038052 236.594967 23.564801
0.191 7.076101e+52 7.59818e+52 2.8150840000000003e+52 10.971339 14.100313 4.27569 147.94636 234.320415 23.472436
0.192 7.288678e+52 7.642267e+52 2.843213e+52 11.105851 14.257276 4.32937 151.081679 240.091589 24.092524
0.193 7.731763e+52 7.632684e+52 2.88583e+52 11.243548 14.402662 4.369356 156.215923 244.206752 24.485789
0.194 7.216568999999999e+52 7.340467000000001e+52 2.87451e+52 11.172193 14.491156 4.362544 152.843101 246.293168 24.410119
0.195 7.008212999999999e+52 7.006662e+52 2.7545229999999996e+52 11.144258 14.438048 4.313568 152.615479 244.675163 23.955198
0.196 6.767545e+52 6.921457e+52 2.7313649999999996e+52 10.980524 14.260893 4.271581 148.268659 238.505942 23.44213
0.197 6.896195e+52 7.013378000000001e+52 2.759708e+52 10.874877 14.242235 4.25805 145.989106 238.432134 23.227938
0.198 6.727536e+52 6.679884e+52 2.686029e+52 10.819375 14.180442 4.269519 144.569692 236.774098 23.344604
0.199 6.795385999999999e+52 6.898118e+52 2.7245970000000004e+52 10.867538 14.386023 4.290811 145.431491 243.213569 23.63736
0.2 7.227424e+52 6.971455e+52 2.715135e+52 11.119355 14.524909 4.317265 151.622544 247.395524 23.88827
0.201 7.188228e+52 6.732112e+52 2.735359e+52 11.040706 14.415138 4.324579 149.159882 243.516918 23.924117
0.202 7.474297e+52 7.32227e+52 2.830435e+52 11.059962 14.604716 4.331779 149.963856 250.396146 23.951871
0.203 7.358319e+52 6.891387e+52 2.751611e+52 10.919694 14.27907 4.324241 148.680209 239.484631 23.916612
0.204 7.39347e+52 7.687907e+52 2.9658820000000003e+52 10.796735 14.374715 4.37928 144.194484 242.283322 24.505378
0.205 7.521177e+52 7.265568e+52 2.835621e+52 11.152054 14.487657 4.359272 154.606076 247.159697 24.375507
0.206 6.763740999999999e+52 7.403554999999999e+52 2.82203e+52 11.180895 14.101144 4.320134 159.176161 233.163538 24.096885
0.207 7.319543e+52 7.895301e+52 2.7483889999999997e+52 11.397201 14.371348 4.335877 158.990281 243.700239 24.269009
0.208 6.244215e+52 6.725299e+52 2.573199e+52 11.169525 13.730811 4.317125 154.889339 222.304359 24.173423
0.209 7.046556e+52 7.988018e+52 2.779766e+52 11.255389 14.46436 4.377297 159.274255 246.190444 24.712769
0.21 6.754241000000001e+52 6.511298e+52 2.580279e+52 11.104861 14.238193 4.32817 154.557711 238.574834 24.181963
0.211 6.603632e+52 7.409825e+52 2.815036e+52 10.749047 14.413905 4.319291 143.302441 243.162128 23.921233
0.212 6.945935000000001e+52 6.296308e+52 2.6232419999999997e+52 10.979654 14.3392 4.26757 149.257858 243.343876 23.29654
0.213 5.632951e+52 6.550308e+52 2.769554e+52 10.403327 14.057901 4.318826 135.126242 232.615877 23.878932
0.214 7.243376e+52 6.862442e+52 2.695571e+52 11.143366 14.511139 4.336036 152.115755 249.408073 24.085085
0.215 5.849355e+52 6.37367e+52 2.613362e+52 10.580958 13.953007 4.31997 139.239633 229.005017 23.99394
0.216 7.425541e+52 8.100664e+52 2.899009e+52 11.044237 14.736485 4.358925 149.592278 255.172802 24.298304
0.217 6.730148e+52 6.570541999999999e+52 2.676978e+52 10.914628 14.147875 4.318237 147.425657 235.513557 23.92117
0.218 6.855342e+52 7.847103e+52 2.866521e+52 10.956485 14.645265 4.342546 147.674565 252.695418 24.200939
0.219 6.289801e+52 6.339288999999999e+52 2.562544e+52 11.058819 14.227455 4.323459 150.803268 239.237576 23.96968
0.22 5.624139000000001e+52 6.789675e+52 2.6331220000000004e+52 10.795319 14.09435 4.336476 142.872354 233.603533 24.173869
0.221 6.476645000000001e+52 7.134473e+52 2.6359040000000003e+52 11.186298 14.460125 4.370644 153.481199 246.752575 24.448485
0.222 5.712096e+52 6.569837999999999e+52 2.56872e+52 10.972613 14.131781 4.365149 148.027522 234.832683 24.505012
0.223 6.381494e+52 7.275373e+52 2.682062e+52 11.257139 14.516909 4.373989 155.881675 248.73734 24.524259
0.224 6.193914000000001e+52 6.793132e+52 2.568541e+52 11.12706 14.279455 4.358357 152.204308 239.571737 24.453351
0.225 6.235655999999999e+52 7.312622e+52 2.71183e+52 11.015555 14.48847 4.372177 149.618662 246.46454 24.619959
0.226 6.671357e+52 6.679053e+52 2.5791409999999996e+52 11.372548 14.685107 4.386846 159.976846 254.29813 24.839864
0.227 6.447291e+52 6.987856e+52 2.7144759999999997e+52 11.177171 14.769976 4.421641 154.610796 256.124968 25.223421
0.228 7.601948e+52 7.024408000000001e+52 2.632469e+52 11.540643 15.04373 4.407631 164.128771 266.97267 24.970301
0.229 6.681272e+52 6.876413e+52 2.596832e+52 11.199401 14.383603 4.375822 154.612117 243.311252 24.60463
0.23 7.344247e+52 7.665771999999999e+52 2.708977e+52 11.380829 14.809728 4.378843 159.932111 259.140316 24.643549
0.231 6.597050000000001e+52 6.426095e+52 2.550319e+52 11.125008 14.227034 4.340264 154.035324 239.605413 24.306243
0.232 7.32476e+52 7.499271000000001e+52 2.6682610000000004e+52 11.53008 14.885871 4.383334 164.772065 263.346696 24.784277
0.233 7.064067e+52 6.801257999999999e+52 2.5814949999999996e+52 11.32079 14.472374 4.380798 158.864153 247.039661 24.871536
0.234 7.856982e+52 8.138417e+52 2.794146e+52 11.469089 14.764148 4.437903 162.536501 256.995611 25.424477
0.235 8.527338e+52 7.458805e+52 2.710042e+52 11.661814 14.885781 4.448499 167.995157 261.292201 25.464833
0.236 7.052629999999999e+52 7.716919999999999e+52 2.733412e+52 11.269825 14.746705 4.384817 156.701745 254.336245 24.745517
0.237 6.611830999999999e+52 6.820148999999999e+52 2.380653e+52 11.63614 14.663372 4.351175 169.527033 254.373702 24.505935
0.238 6.270147e+52 7.219783999999999e+52 2.4839050000000003e+52 11.383914 14.358476 4.313556 159.648572 243.506403 24.147291
0.239 7.011347e+52 6.928634e+52 2.468949e+52 11.458134 14.597094 4.335643 162.68448 252.558884 24.367915
0.24 6.18983e+52 6.573131e+52 2.51933e+52 11.08278 14.173029 4.34499 152.474333 236.801642 24.517236
0.241 7.061308000000001e+52 7.335809e+52 2.557643e+52 11.364673 14.587367 4.370347 159.074099 251.86404 24.82863
0.242 6.045397e+52 6.570793e+52 2.421232e+52 11.201323 14.114142 4.300531 155.031381 235.515958 24.186074
0.243 6.887902e+52 7.311787e+52 2.535352e+52 11.451813 14.422941 4.357307 159.306383 246.195832 24.676996
0.244 6.179573e+52 6.389003e+52 2.346755e+52 11.356576 13.951687 4.341765 157.972318 230.241149 24.578227
0.245 6.559799e+52 7.415954e+52 2.5812400000000004e+52 11.317367 14.313014 4.412467 156.425979 242.092935 25.17977
0.246 6.502608e+52 6.556681e+52 2.468744e+52 11.379733 14.237254 4.424857 158.444673 239.660504 25.297237
0.247 6.42373e+52 6.927298000000001e+52 2.6186229999999997e+52 11.304447 14.447613 4.446692 156.975227 247.113252 25.497003
0.248 6.841228e+52 6.69075e+52 2.538581e+52 11.31128 14.46456 4.460254 158.246236 247.637939 25.702366
0.249 6.973032e+52 7.352573e+52 2.7696550000000004e+52 11.20442 14.597532 4.452137 154.569582 251.50174 25.592422
0.25 7.182729e+52 6.918912e+52 2.632835e+52 11.278434 14.549802 4.407838 158.279512 251.17583 25.06333
0.251 6.102128999999999e+52 6.410007e+52 2.522523e+52 10.880311 14.103952 4.359986 148.345761 236.345413 24.60789
0.252 6.339444000000001e+52 6.396942e+52 2.4722940000000003e+52 11.101753 14.321396 4.393673 153.093443 243.799409 24.986892
0.253 6.09525e+52 6.735901e+52 2.448893e+52 11.294353 14.484842 4.408812 157.946083 247.663966 25.269891
0.254 6.839343999999999e+52 6.831056e+52 2.479006e+52 11.532718 14.794789 4.450235 163.838286 258.610196 25.618981
0.255 5.949659e+52 6.403393999999999e+52 2.428921e+52 11.304035 14.375914 4.458961 158.78417 243.634472 25.78959
0.256 6.167334000000001e+52 6.711573e+52 2.3730889999999998e+52 11.545006 14.466083 4.429579 165.516068 247.799315 25.60806
0.257 5.609316e+52 6.382745e+52 2.262911e+52 11.637308 14.07425 4.371171 170.035078 234.732595 25.076798
0.258 6.422887e+52 7.064802e+52 2.413972e+52 11.682875 14.4573 4.384025 168.986171 247.345894 25.078473
0.259 5.700043e+52 6.052126e+52 2.2718569999999998e+52 11.303713 14.254394 4.335054 158.250149 240.866128 24.577536
0.26 5.917722999999999e+52 6.220467e+52 2.2596029999999998e+52 11.331985 14.566377 4.342058 157.712146 250.4072 24.448816
0.261 5.878472000000001e+52 5.993991e+52 2.2787099999999997e+52 11.203809 14.596621 4.321884 155.210819 250.078079 24.176832
0.262 5.966315e+52 6.495775e+52 2.362314e+52 11.101295 14.616445 4.329416 153.982148 251.02665 24.163732
0.263 6.096661e+52 6.231434e+52 2.2761379999999999e+52 11.107045 14.417774 4.338379 154.206182 244.419481 24.220812
0.264 6.166546999999999e+52 6.157075e+52 2.2974929999999996e+52 11.067961 14.427896 4.338448 152.803764 245.339092 24.253807
0.265 5.578583e+52 5.772407e+52 2.2232720000000002e+52 11.034273 14.260611 4.356061 151.210465 240.193569 24.597229
0.266 5.600653e+52 6.070878e+52 2.266484e+52 11.070213 14.382666 4.391669 151.21936 243.492957 24.915339
0.267 5.387821e+52 5.656532000000001e+52 2.1590189999999998e+52 11.109986 14.26706 4.396565 152.60862 240.108579 25.013374
0.268 5.396268e+52 6.094844e+52 2.196997e+52 11.187948 14.494418 4.385914 154.188666 247.570622 24.989342
0.269 5.273634e+52 5.678423e+52 2.103012e+52 11.25359 14.50569 4.346571 155.665601 248.466934 24.633232
0.27 5.318298e+52 5.891011e+52 2.1168520000000003e+52 11.273794 14.552753 4.346718 155.802153 249.093633 24.615889
0.271 5.482654e+52 5.884834e+52 2.145397e+52 11.380617 14.519343 4.385388 158.763215 247.905827 24.888824
0.272 5.567799e+52 6.377742e+52 2.293218e+52 11.379131 14.652744 4.41905 158.2592 251.802047 25.180832
0.273 6.094257e+52 6.46819e+52 2.298774e+52 11.630411 14.792288 4.434824 164.958285 257.510142 25.370947
0.274 6.699563e+52 7.081936e+52 2.39882e+52 11.742402 14.732508 4.408056 167.473599 255.170965 25.103945
0.275 6.737751e+52 7.174638e+52 2.489903e+52 11.629017 14.640136 4.437378 164.629292 252.273338 25.333676
0.276 6.867849e+52 7.623350000000001e+52 2.610043e+52 11.612588 14.864262 4.462241 164.593663 259.977546 25.578592
0.277 7.043770999999999e+52 7.421736e+52 2.6079629999999997e+52 11.806744 14.896427 4.472103 170.284725 261.177033 25.640558
0.278 7.735915999999999e+52 7.67714e+52 2.573659e+52 11.926298 15.030662 4.47633 173.667217 267.082309 25.809078
0.279 6.817007e+52 7.089648000000001e+52 2.486105e+52 11.514091 14.669963 4.451485 162.21791 254.204316 25.593355
0.28 7.053255e+52 7.310308e+52 2.5243509999999996e+52 11.626311 14.757706 4.4735 165.945098 257.322974 25.736224
0.281 7.189087e+52 7.36466e+52 2.591832e+52 11.571911 14.699311 4.485197 164.396861 254.615634 25.82338
0.282 8.043350999999999e+52 8.149369999999999e+52 2.718333e+52 11.764234 14.972847 4.51132 170.056256 264.818415 26.010548
0.283 7.578838e+52 7.492631000000001e+52 2.57013e+52 11.562845 14.772177 4.488197 164.269123 258.217638 25.948876
0.284 6.912777e+52 7.022754e+52 2.596978e+52 11.356663 14.704096 4.492939 159.070911 256.125145 26.019853
0.285 6.781115e+52 6.960133e+52 2.622404e+52 11.416472 14.731869 4.526028 161.067225 257.010103 26.398844
0.286 6.820265e+52 6.96141e+52 2.593499e+52 11.658416 14.766462 4.479238 168.625359 259.853772 25.877152
0.287 6.63434e+52 7.217158999999999e+52 2.443734e+52 11.830672 14.755273 4.432966 171.633944 258.59955 25.508924
0.288 6.327616e+52 6.871581e+52 2.299512e+52 12.0413 14.359004 4.387879 176.859714 246.33967 25.255554
0.289 6.257597e+52 6.647363e+52 2.321441e+52 12.166768 14.362985 4.410666 178.958381 247.612409 25.531244
0.29 5.925715e+52 6.510487e+52 2.417404e+52 11.891767 14.602515 4.471661 172.265328 254.374084 25.892562
0.291 5.683836e+52 5.993432000000001e+52 2.253413e+52 11.697682 14.698498 4.459476 167.78852 256.381206 25.777368
0.292 5.819193e+52 5.892121999999999e+52 2.2257739999999998e+52 11.565939 14.987249 4.485214 164.898303 265.62606 26.202484
0.293 5.725576e+52 5.781526000000001e+52 2.2223259999999998e+52 11.624726 15.203097 4.525488 168.09427 272.414126 26.658349
0.294 5.295011e+52 5.923447999999999e+52 2.231572e+52 11.85394 15.369645 4.532009 174.09701 278.089654 26.862835
0.295 5.574322000000001e+52 5.541273e+52 2.162789e+52 11.922774 15.124038 4.446556 177.403733 270.963155 25.854798
0.296 6.135543e+52 6.186809e+52 2.269015e+52 11.5905 15.289113 4.411272 166.577669 275.203449 25.055493
0.297 5.78274e+52 5.766879e+52 2.168781e+52 11.40606 15.013386 4.427528 162.267492 266.306958 25.251549
0.298 5.551187e+52 5.897763000000001e+52 2.172345e+52 11.457204 15.102958 4.49588 164.214825 269.553833 26.092615
0.299 5.61802e+52 5.881482e+52 2.231306e+52 11.571695 15.063203 4.532712 168.854797 268.783215 26.498994
0.3 5.810082000000001e+52 5.925279e+52 2.299344e+52 11.379334 14.865922 4.495227 162.709515 261.828746 26.039266
0.301 5.487919e+52 5.346445e+52 2.211563e+52 11.361077 14.825422 4.467403 161.956195 262.149615 25.908058
0.302 5.370588e+52 5.950877000000001e+52 2.28158e+52 11.391292 14.824896 4.469982 163.763188 260.176077 25.998429
0.303 5.650702e+52 5.706117e+52 2.18045e+52 11.368587 14.799439 4.503459 161.254373 260.270671 26.300413
0.304 5.32533e+52 5.54331e+52 2.1035339999999997e+52 11.307993 14.835594 4.516325 161.287363 260.718447 26.51269
0.305 5.814405e+52 5.582673e+52 2.0968059999999998e+52 11.575196 14.825382 4.538698 168.519716 260.842695 26.860977
0.306 5.649805e+52 5.762711000000001e+52 2.175868e+52 11.343802 14.881456 4.535375 163.453073 262.155862 26.923468
0.307 5.100330999999999e+52 5.24735e+52 2.070191e+52 11.35225 14.75604 4.461674 168.410519 258.246884 26.219401
0.308 4.675007e+52 5.069022e+52 2.0042759999999998e+52 11.295006 14.651852 4.436987 159.958088 253.922261 25.906283
0.309 4.727065e+52 4.94757e+52 1.9956499999999998e+52 11.218865 14.553449 4.464091 157.547336 250.874561 26.148773
0.31 4.806689000000001e+52 5.013531e+52 1.9829049999999998e+52 11.199344 14.413339 4.435382 157.513096 247.222101 25.827078
0.311 4.735646e+52 5.071715e+52 1.935295e+52 11.29 14.367033 4.40425 158.933629 246.361694 25.588272
0.312 5.055175e+52 5.416988e+52 1.969836e+52 11.452242 14.421593 4.397165 163.191737 248.083622 25.487192
0.313 5.375372e+52 5.815615e+52 1.967684e+52 11.535287 14.600424 4.414212 165.541645 253.977031 25.622182
0.314 5.536078e+52 5.868997000000001e+52 2.025064e+52 11.456816 14.690135 4.45197 162.47873 255.916759 25.974323
0.315 4.861994e+52 5.328107e+52 2.0505049999999998e+52 11.109363 14.554687 4.491094 154.048901 251.398287 26.264647
0.316 4.736887e+52 5.522971e+52 2.0827939999999999e+52 11.363506 14.771698 4.503487 160.872956 258.068347 26.337369
0.317 4.921922999999999e+52 5.23581e+52 2.0368909999999997e+52 11.609891 14.792922 4.468619 168.349869 259.713478 25.913804
0.318 5.157305e+52 5.266963e+52 2.0304790000000003e+52 11.629423 14.894736 4.479825 168.620562 263.658453 26.004138
0.319 4.852913e+52 5.511559e+52 2.1215769999999997e+52 11.340221 14.729293 4.500314 159.71841 256.349037 26.219645
0.32 5.325741e+52 5.62329e+52 2.051972e+52 11.720779 15.086377 4.506302 170.452001 269.514759 26.307342
0.321 4.998856e+52 5.440336e+52 2.0093770000000003e+52 11.615381 14.875206 4.471203 167.60203 261.523914 25.961443
0.322 4.717733e+52 4.7095089999999996e+52 1.89946e+52 11.406318 14.607195 4.470113 162.642191 253.152207 26.059499
0.323 5.048110000000001e+52 5.589883e+52 2.048632e+52 11.49331 14.864946 4.474083 163.953035 261.732103 26.117683
0.324 5.188999e+52 5.353921e+52 1.995847e+52 11.638177 14.853788 4.450814 168.544374 261.965632 25.771195
0.325 5.588508e+52 5.819793e+52 2.0839530000000002e+52 11.817133 15.103209 4.449291 173.354409 270.536173 25.643698
0.326 5.486761e+52 5.815009e+52 2.0837279999999997e+52 11.598919 15.015723 4.458933 166.421822 266.561895 25.686898
0.327 5.830225999999999e+52 6.124496e+52 2.1423320000000002e+52 11.934118 15.310355 4.489391 176.330127 277.507072 26.046097
0.328 5.902518e+52 6.213574000000001e+52 2.2103449999999997e+52 11.947424 15.195806 4.516217 177.044997 273.204825 26.329583
0.329 6.449967e+52 6.711623e+52 2.2829079999999999e+52 12.027383 15.338298 4.550106 178.831469 278.608527 26.705638
0.33 6.13851e+52 6.207457e+52 2.1483530000000002e+52 11.92599 15.180721 4.502095 176.525851 273.307094 26.285746
0.331 6.162103e+52 6.339349999999999e+52 2.164145e+52 12.0741 15.476055 4.53513 180.263258 284.086382 26.712481
0.332 5.972732e+52 6.392355e+52 2.2221570000000002e+52 12.015513 15.433663 4.559538 178.008906 281.942022 27.063902
0.333 6.247191e+52 6.239825e+52 2.199636e+52 12.169368 15.512315 4.618321 183.012159 285.398216 27.67949
0.334 5.265321e+52 5.707397e+52 2.091949e+52 11.849644 15.040682 4.574714 173.634429 266.995582 27.266886
0.335 5.593428e+52 5.937018e+52 2.070376e+52 12.062987 15.192674 4.572314 179.105369 273.347603 27.244879
0.336 5.432558e+52 5.853284e+52 2.0581990000000002e+52 11.938994 14.937328 4.530914 175.964348 264.152498 26.796384
0.337 5.827096e+52 5.967868e+52 2.047082e+52 11.911552 15.068611 4.572207 176.240556 270.141282 27.363827
0.338 5.185679000000001e+52 5.685779e+52 2.0651419999999999e+52 11.560169 14.812343 4.543748 166.531275 260.939042 27.087068
0.339 5.10828e+52 5.554088e+52 1.9816789999999998e+52 11.602558 14.828562 4.493785 169.107173 262.521521 26.586293
0.34 5.017898999999999e+52 5.851975e+52 2.079234e+52 11.492499 14.738012 4.479084 166.226565 258.627883 26.392526
0.341 5.605591999999999e+52 5.805361e+52 2.0246740000000002e+52 11.43255 14.598083 4.451641 163.891266 254.571546 26.141137
0.342 5.557754e+52 5.852917e+52 2.062695e+52 11.224387 14.466144 4.44527 158.409808 249.977141 25.944925
0.343 5.475783e+52 5.672686e+52 2.057264e+52 11.349311 14.655108 4.458708 162.082233 256.763193 26.051178
0.344 5.252657e+52 5.557985000000001e+52 2.054439e+52 11.42164 14.703794 4.444006 163.803563 257.767645 25.850917
0.345 4.7402699999999996e+52 5.054969e+52 1.960839e+52 11.272572 14.555538 4.456694 159.726499 252.228939 26.050459
0.346 4.569181e+52 4.918348e+52 1.912905e+52 11.338065 14.750131 4.504526 161.123567 258.733261 26.628067
0.347 4.2954100000000004e+52 4.7843410000000005e+52 1.8837360000000002e+52 11.2363 14.578846 4.466585 158.849189 252.974649 26.121181
0.348 4.1187810000000003e+52 4.6895090000000003e+52 1.835534e+52 11.340749 14.529169 4.456559 160.858353 251.901306 26.026146
0.349 3.984039e+52 4.4927910000000003e+52 1.735934e+52 11.601104 14.507452 4.45319 168.648778 252.050597 26.114485
0.35 4.0952469999999996e+52 4.5793059999999996e+52 1.720435e+52 11.813442 14.739142 4.491081 172.940153 259.591038 26.569367
0.351 4.4538909999999993e+52 4.986699e+52 1.808557e+52 11.977076 15.114055 4.521756 177.040204 272.072351 26.782269
0.352 4.399669e+52 4.839115e+52 1.785516e+52 11.887272 14.980695 4.492001 174.54759 267.254893 26.473911
0.353 3.970722e+52 4.415463e+52 1.694828e+52 11.753263 14.715189 4.441604 170.923154 257.753838 25.975004
0.354 3.774505e+52 4.395834e+52 1.690835e+52 11.653821 14.411545 4.389052 169.485527 246.923729 25.435208
0.355 4.190059e+52 4.698866e+52 1.757316e+52 11.666733 14.44522 4.403408 167.831396 247.634205 25.495413
0.356 4.2252210000000004e+52 4.6633380000000004e+52 1.7676e+52 11.523734 14.299027 4.364423 165.861188 244.998289 25.154991
0.357 4.169887e+52 4.307406e+52 1.72307e+52 11.182833 14.16045 4.415402 156.452634 240.554346 25.764449
0.358 4.671416e+52 4.892183e+52 1.840692e+52 11.332605 14.488652 4.500178 162.324844 250.37322 26.527905
0.359 5.030099e+52 5.339751e+52 1.9087829999999998e+52 11.624335 14.682892 4.489349 168.320066 256.528627 26.488775
0.36 4.910597e+52 5.01011e+52 1.845967e+52 11.524933 14.315253 4.454378 169.691167 245.482706 26.186397
0.361 4.707993e+52 4.947328e+52 1.78847e+52 11.362436 14.133829 4.447175 162.176864 240.563335 26.192797
0.362 4.930801e+52 5.077826e+52 1.8337870000000001e+52 11.605205 14.452049 4.486293 169.640558 251.807873 26.489643
0.363 4.7703300000000003e+52 4.817115e+52 1.709249e+52 12.094255 14.48853 4.48746 184.929365 252.470329 26.438632
0.364 3.537267e+52 4.1260950000000004e+52 1.481952e+52 12.279985 14.161242 4.432149 183.320162 241.206954 26.102358
0.365 2.963187e+52 3.669e+52 1.438893e+52 12.188681 14.36644 4.418816 180.801244 248.756892 26.008962
0.366 2.786021e+52 3.586156e+52 1.427465e+52 12.201184 14.551767 4.411632 182.62775 255.206924 25.863886
0.367 2.662112e+52 3.5054379999999997e+52 1.398409e+52 12.314157 14.496401 4.407684 186.895492 254.487629 25.827349
0.368 2.424961e+52 3.311184e+52 1.375424e+52 11.923778 14.251026 4.379208 176.792949 246.080253 25.626729
0.369 2.57732e+52 3.513251e+52 1.409282e+52 11.943694 14.300755 4.391272 176.970155 246.144364 25.820514
0.37 2.666558e+52 3.419258e+52 1.4333309999999999e+52 12.038958 14.314427 4.437152 180.594679 247.380028 26.36673
0.371 2.729631e+52 3.285427e+52 1.477467e+52 11.703119 14.304095 4.481335 172.662953 247.166774 26.782441
0.372 2.807085e+52 3.4073289999999997e+52 1.54871e+52 11.641098 14.708147 4.578757 170.705622 259.183788 27.837368
0.373 3.0450979999999996e+52 3.356799e+52 1.599858e+52 11.640134 14.89537 4.608042 171.728376 265.231888 28.059595
0.374 3.005535e+52 3.338036e+52 1.626314e+52 11.613537 14.940541 4.54702 171.162061 267.48799 27.408556
0.375 3.0803980000000003e+52 3.163769e+52 1.577252e+52 11.312522 14.602887 4.446217 163.154562 255.680898 26.336444
0.376 3.449364e+52 3.606796e+52 1.691583e+52 11.103193 14.510387 4.445469 156.445734 251.979708 26.071695
0.377 3.592105e+52 3.7916159999999997e+52 1.663466e+52 10.96399 14.464831 4.424344 154.230117 252.772702 25.815009
0.378 3.597226e+52 3.524322e+52 1.5127189999999998e+52 10.492059 13.709611 4.212956 143.35141 229.557037 23.613135
0.379 3.188952e+52 3.3431839999999997e+52 1.4371689999999998e+52 9.758203 12.819175 4.018577 125.114932 202.949636 21.778194
0.38 3.2664460000000003e+52 3.5911219999999997e+52 1.455041e+52 10.027118 13.081018 4.085846 131.533598 210.74697 22.485227
0.381 3.043468e+52 3.296539e+52 1.3574850000000001e+52 9.910503 12.757958 4.036776 129.028074 201.408297 22.073429
0.382 2.836978e+52 3.06101e+52 1.294958e+52 9.785131 12.552488 3.981057 126.425969 195.321382 21.582229
0.383 2.783007e+52 3.049896e+52 1.254755e+52 9.870504 12.560347 3.919333 127.160587 195.289557 20.938481
0.384 2.873944e+52 3.1428199999999997e+52 1.241061e+52 10.077325 12.692793 3.902924 131.566598 198.382141 20.707999
0.385 2.812487e+52 3.12976e+52 1.254797e+52 10.159826 12.782277 3.918405 133.026383 200.540698 20.879238
0.386 2.782793e+52 3.002626e+52 1.236016e+52 10.200296 12.796501 3.937531 134.525405 202.221764 21.163079
0.387 2.633219e+52 3.064837e+52 1.2450570000000002e+52 10.096854 12.840366 3.95597 132.298701 203.4261 21.374692
0.388 2.745297e+52 3.0252789999999997e+52 1.252469e+52 10.140409 12.982101 3.974863 134.693356 208.917472 21.577256
0.389 3.0371990000000004e+52 3.3989729999999995e+52 1.350459e+52 10.321424 13.123535 4.009938 139.753319 213.165841 21.836924
0.39 2.8509899999999997e+52 3.241069e+52 1.328418e+52 9.966479 12.867003 4.010108 130.31142 204.66817 21.956793
0.391 2.910562e+52 3.213132e+52 1.317761e+52 10.064907 12.947143 3.991667 133.795461 208.157099 21.796139
0.392 3.032228e+52 3.254858e+52 1.333553e+52 10.167719 12.834004 3.982164 135.858079 204.602114 21.595513
0.393 2.858473e+52 3.0075820000000003e+52 1.294937e+52 10.075914 12.842866 4.016687 134.688309 204.935883 21.986133
0.394 2.977335e+52 3.2974869999999996e+52 1.370681e+52 10.283422 13.112382 4.059197 138.88543 213.135862 22.396783
0.395 3.18663e+52 3.307821e+52 1.3740159999999998e+52 10.321137 13.102283 4.043561 138.98769 213.183809 22.180565
0.396 2.7115610000000003e+52 3.029184e+52 1.2973760000000001e+52 10.218033 12.939997 4.056921 136.938956 207.741064 22.312598
0.397 2.550339e+52 3.181422e+52 1.277091e+52 10.359322 13.117915 4.076305 140.262902 211.807971 22.54378
0.398 2.518326e+52 3.080159e+52 1.212677e+52 10.739649 13.203898 4.031993 149.886154 215.27175 22.179732
0.399 2.417952e+52 2.882225e+52 1.1895990000000001e+52 10.646674 13.039201 4.000993 147.849853 210.229858 21.808164
0.4 2.388775e+52 3.001342e+52 1.204788e+52 10.528663 13.017829 4.005204 142.606396 208.045622 21.889015
0.401 2.6948789999999997e+52 3.204875e+52 1.226576e+52 10.599908 13.129244 4.009731 144.004747 211.573858 21.908115
0.402 2.8979149999999995e+52 3.136876e+52 1.275354e+52 10.849342 13.217311 4.024733 151.81841 216.103342 22.075093
0.403 2.768313e+52 3.019443e+52 1.332864e+52 10.535406 13.006392 4.072325 143.697802 208.245596 22.524583
0.404 2.612942e+52 3.022835e+52 1.3001229999999998e+52 10.462827 13.235815 4.110275 142.298524 216.168383 23.033614
0.405 2.6104759999999995e+52 3.211013e+52 1.3111550000000002e+52 10.673317 13.402964 4.114154 148.850109 221.786738 23.229476
0.406 2.7542460000000004e+52 3.052066e+52 1.301264e+52 10.72318 13.20967 4.114507 149.564 215.943745 23.23243
0.407 2.6120580000000004e+52 3.030377e+52 1.319234e+52 10.492728 13.124939 4.174039 144.52829 213.285544 23.984398
0.408 2.864912e+52 3.380181e+52 1.402486e+52 10.631112 13.378452 4.227445 147.595044 221.395848 24.557477
0.409 2.851257e+52 3.169232e+52 1.37162e+52 10.553114 13.301554 4.239261 147.519684 219.844286 24.755385
0.41 2.5992419999999996e+52 2.9679600000000004e+52 1.365889e+52 10.366113 13.141849 4.23116 142.781821 214.949652 24.707751
0.411 2.742552e+52 3.15917e+52 1.391123e+52 10.468292 13.274017 4.245021 144.706467 218.467915 24.814323
0.412 2.777065e+52 3.091653e+52 1.3427350000000001e+52 10.67012 13.338308 4.220494 149.938341 220.819547 24.431328
0.413 2.43716e+52 2.7376559999999997e+52 1.27441e+52 10.535097 13.137334 4.215516 146.567814 214.189726 24.417985
0.414 2.315697e+52 2.678217e+52 1.244725e+52 10.490521 13.145785 4.20183 144.842951 214.091725 24.2421
0.415 2.370569e+52 2.7520730000000003e+52 1.2170939999999998e+52 10.589948 13.172748 4.159937 146.61939 214.434801 23.745992
0.416 2.194521e+52 2.5683500000000003e+52 1.182327e+52 10.241375 12.920598 4.129663 137.965912 206.598798 23.485227
0.417 2.0387089999999998e+52 2.4028e+52 1.1324689999999999e+52 10.157897 12.851236 4.129472 135.858253 204.660316 23.606876
0.418 2.085802e+52 2.568342e+52 1.140241e+52 10.265467 12.979339 4.120626 138.043416 208.548539 23.471902
0.419 2.038093e+52 2.4260549999999997e+52 1.0932129999999999e+52 10.351871 12.894976 4.104576 140.518384 206.43999 23.299809
0.42 1.969919e+52 2.3495849999999997e+52 1.06772e+52 10.257208 12.877225 4.091924 138.669865 206.459365 23.257221
0.421 1.9664189999999998e+52 2.461127e+52 1.0860700000000001e+52 10.204644 12.888414 4.082407 137.60404 206.403641 23.155844
0.422 2.205419e+52 2.51667e+52 1.09241e+52 10.184931 12.837087 4.074801 136.942687 204.943144 22.99093
0.423 2.158081e+52 2.452355e+52 1.090427e+52 9.948111 12.568545 4.080033 130.891425 196.413086 23.115952
0.424 2.1042999999999998e+52 2.507231e+52 1.0923750000000001e+52 9.812675 12.500789 4.077352 127.344558 194.091338 23.153688
0.425 2.172341e+52 2.65614e+52 1.098892e+52 10.138586 12.720975 4.070593 135.167699 200.911831 23.070898
0.426 1.905741e+52 2.337893e+52 1.0322309999999998e+52 9.871088 12.45782 4.062483 130.138854 192.737755 23.009142
0.427 1.821349e+52 2.152234e+52 9.98424e+51 9.723268 12.457119 4.054724 125.202642 193.096564 23.143021
0.428 1.9190400000000002e+52 2.3935680000000002e+52 1.0444709999999999e+52 9.897503 12.733378 4.051095 128.988704 201.570989 23.074482
0.429 1.820138e+52 2.1079870000000002e+52 9.82455e+51 10.018263 12.453326 4.048856 138.54286 194.038501 23.027406
0.43 1.793892e+52 2.034845e+52 9.91007e+51 9.83833 12.444731 4.077954 128.503779 194.086356 23.412962
0.431 1.892126e+52 2.3613689999999999e+52 1.073895e+52 9.986955 12.693429 4.115184 130.982621 201.277014 23.678856
0.432 1.893948e+52 2.233685e+52 1.0224340000000001e+52 10.048835 12.500672 4.115489 134.183605 195.672558 23.640517
0.433 1.832554e+52 2.088947e+52 1.005527e+52 9.781672 12.348299 4.087545 127.142675 190.770424 23.29692
0.434 1.761493e+52 2.260978e+52 1.054545e+52 9.616073 12.40481 4.102293 122.333634 191.633116 23.515304
0.435 1.943375e+52 2.224352e+52 1.014963e+52 9.916459 12.459349 4.107975 130.798399 194.433354 23.549566
0.436 1.876536e+52 2.047532e+52 9.90146e+51 9.638195 12.248627 4.101697 123.88705 188.163842 23.428385
0.437 1.799187e+52 2.1042619999999998e+52 1.0239640000000001e+52 9.342681 12.242066 4.100612 115.659476 187.367665 23.470953
0.438 1.9573899999999999e+52 2.182335e+52 1.0378430000000001e+52 9.694769 12.504206 4.139785 124.493243 195.780915 23.819999
0.439 1.825928e+52 2.077489e+52 1.0288409999999999e+52 9.648816 12.376136 4.118434 124.481949 191.607346 23.551014
0.44 1.755055e+52 2.0844490000000002e+52 1.051923e+52 9.43597 12.492341 4.128992 118.390487 194.540354 23.727199
0.441 1.915767e+52 2.3437109999999998e+52 1.113392e+52 9.592684 12.635239 4.158936 122.019385 198.524373 23.864893
0.442 1.815816e+52 2.152469e+52 1.055158e+52 9.558551 12.326703 4.098082 122.898569 190.190915 23.284097
0.443 1.686135e+52 2.069667e+52 1.031952e+52 9.339516 12.375087 4.076297 116.782804 191.902852 23.228909
0.444 1.746197e+52 2.270146e+52 1.090565e+52 9.349257 12.493641 4.118012 115.760828 193.771009 23.47183
0.445 1.68748e+52 2.093778e+52 1.0405590000000001e+52 9.398789 12.210239 4.068239 118.291915 185.744668 22.975553
0.446 1.5643199999999999e+52 2.060969e+52 1.0194639999999999e+52 9.050491 12.095075 4.065512 108.528163 181.836244 23.066954
0.447 1.6823729999999998e+52 2.1024609999999998e+52 1.059275e+52 9.287213 12.315646 4.14329 113.490334 188.659955 23.884472
0.448 1.535924e+52 1.9069149999999998e+52 1.011524e+52 9.32217 12.194338 4.106899 116.318726 186.093779 23.535413
0.449 1.436118e+52 1.935394e+52 9.67006e+51 9.204274 12.122621 4.088174 114.254355 183.845467 23.535511
0.45 1.527728e+52 1.991001e+52 9.88497e+51 9.363892 12.225725 4.127878 114.535884 185.876226 23.961367
0.451 1.471194e+52 1.9025449999999998e+52 9.47354e+51 9.390504 12.039679 4.063956 115.418743 180.249623 23.251805
0.452 1.319168e+52 1.868913e+52 9.226149999999999e+51 9.129045 11.947375 4.031718 109.914943 177.42026 22.969662
0.453 1.396403e+52 1.878715e+52 9.386949999999999e+51 9.313432 12.112629 4.072126 113.090055 182.184977 23.385226
0.454 1.346662e+52 1.716341e+52 9.11608e+51 9.398039 12.006375 4.053279 115.723015 179.398765 23.166658
0.455 1.247994e+52 1.758416e+52 8.94819e+51 9.216749 12.11858 4.050223 112.380826 182.659541 23.148428
0.456 1.36154e+52 1.801157e+52 9.35516e+51 9.303296 12.196161 4.154903 113.250948 184.627552 24.274271
0.457 1.4054279999999998e+52 1.795155e+52 9.26204e+51 9.501631 12.285654 4.139634 118.309938 187.281731 24.085053
0.458 1.2978510000000002e+52 1.73214e+52 8.78417e+51 9.43079 12.330022 4.109949 117.256894 188.367135 23.73958
0.459 1.360793e+52 1.736182e+52 8.954069999999999e+51 9.482289 12.302915 4.131356 117.219291 187.032181 23.994272
0.46 1.2848800000000001e+52 1.593469e+52 8.59718e+51 9.504999 12.270335 4.11805 118.429654 186.066222 23.846934
0.461 1.184995e+52 1.5958889999999998e+52 8.645509999999999e+51 9.313501 12.262827 4.119881 114.344797 185.744425 23.872088
0.462 1.266169e+52 1.693291e+52 8.779909999999999e+51 9.412286 12.365895 4.104009 115.96391 188.612931 23.638835
0.463 1.2231870000000001e+52 1.600413e+52 8.61554e+51 9.345386 12.363223 4.102098 115.392557 189.329644 23.573391
0.464 1.2627200000000002e+52 1.60486e+52 8.81627e+51 9.231184 12.296002 4.106388 112.744962 187.40701 23.611571
0.465 1.338927e+52 1.641247e+52 8.87909e+51 9.355145 12.340551 4.092512 115.488857 188.890803 23.370209
0.466 1.251806e+52 1.540459e+52 8.75768e+51 9.400979 12.329211 4.11232 117.287352 189.197875 23.677917
0.467 1.219138e+52 1.485797e+52 8.49832e+51 9.305424 12.251835 4.058576 114.55187 186.792289 23.168527
0.468 1.203083e+52 1.59554e+52 8.51465e+51 9.339206 12.34427 4.067325 115.804193 189.057721 23.122352
0.469 1.224386e+52 1.490251e+52 8.52441e+51 9.419509 12.360082 4.081062 117.653265 190.351123 23.310691
0.47 1.165369e+52 1.38524e+52 8.20388e+51 9.232616 12.228849 4.003387 113.943874 186.7466 22.572131
0.471 1.2543740000000002e+52 1.736015e+52 8.96866e+51 9.308408 12.446735 4.08703 115.228805 192.326365 23.361858
0.472 1.256054e+52 1.582725e+52 8.69326e+51 9.451215 12.409006 4.048186 119.238107 192.769011 22.988757
0.473 1.0991169999999998e+52 1.406463e+52 7.95541e+51 9.028266 12.269847 3.991034 111.457455 189.211519 22.481055
0.474 1.241369e+52 1.684577e+52 8.74771e+51 9.257616 12.49689 4.106099 113.604417 194.047195 23.644489
0.475 1.2902560000000001e+52 1.49614e+52 8.25013e+51 9.575826 12.484695 3.979885 123.186704 195.610118 22.266259
0.476 1.0761540000000001e+52 1.522435e+52 7.91162e+51 8.925516 12.29473 3.966407 107.704764 188.53531 22.160833
0.477 1.250844e+52 1.669773e+52 8.66764e+51 9.252145 12.616169 4.05815 113.352436 197.839483 23.108839
0.478 1.318655e+52 1.609721e+52 8.42481e+51 9.449791 12.44286 3.996181 119.262992 193.175868 22.3652
0.479 1.260555e+52 1.754446e+52 8.47956e+51 9.229299 12.583974 3.983176 114.411576 197.770435 22.273414
0.48 1.3646160000000002e+52 1.79603e+52 8.76561e+51 9.443163 12.702143 4.075535 118.340906 200.584812 23.215779
0.481 1.384015e+52 1.61688e+52 8.42808e+51 9.589626 12.552549 4.048791 122.582941 195.895362 22.848107
0.482 1.457175e+52 1.769623e+52 8.87972e+51 9.527363 12.71231 4.022215 120.620417 200.947886 22.618881
0.483 1.42004e+52 2.002205e+52 9.37609e+51 9.555959 13.137687 4.11125 120.42099 213.157219 23.602449
0.484 1.241913e+52 1.60997e+52 8.76546e+51 9.345599 12.456838 4.066472 116.602887 193.329316 23.13681
0.485 1.3057490000000001e+52 1.4551e+52 8.64888e+51 9.242304 12.373388 4.013105 113.557063 190.266453 22.571406
0.486 1.462166e+52 1.795923e+52 9.27192e+51 9.54156 12.936319 4.096935 120.103764 206.563861 23.486591
0.487 1.410319e+52 1.797084e+52 9.33897e+51 9.541641 12.946346 4.197454 120.962392 208.007585 24.595863
0.488 1.2394940000000002e+52 1.473445e+52 8.662520000000001e+51 9.164474 12.555889 4.112576 112.834022 195.796507 23.786544
0.489 1.2046639999999999e+52 1.771171e+52 9.41693e+51 9.097657 12.765071 4.178209 110.39488 200.021522 24.388127
0.49 1.305386e+52 1.62564e+52 8.93629e+51 9.524141 12.89473 4.268466 120.796721 205.741043 25.524613
0.491 1.333538e+52 1.5010049999999999e+52 8.64239e+51 9.496126 12.790051 4.118433 121.111188 203.284685 23.941835
0.492 1.2365950000000002e+52 1.912882e+52 9.64341e+51 9.264668 12.922407 4.244363 114.248004 205.871295 25.318198
0.493 1.3261760000000001e+52 1.6914139999999999e+52 9.27115e+51 9.676551 13.029077 4.319004 123.737199 209.903599 26.143442
0.494 1.275644e+52 1.5136469999999998e+52 8.769280000000001e+51 9.471023 12.685497 4.184579 119.70138 199.484772 24.704761
0.495 1.283954e+52 1.834099e+52 9.68291e+51 9.483381 13.157377 4.293907 118.788454 213.589673 25.83561
0.496 1.423799e+52 1.690675e+52 9.28169e+51 9.804805 12.987659 4.300058 126.944422 209.368699 25.936632
0.497 1.222833e+52 1.5356039999999999e+52 8.94109e+51 9.352341 12.649491 4.206057 116.849245 198.924888 24.894484
0.498 1.291338e+52 1.849523e+52 9.650689999999999e+51 9.58591 13.084779 4.313528 120.344129 210.675732 26.047747
0.499 1.212697e+52 1.522938e+52 9.00753e+51 9.749418 12.8838 4.348019 125.526849 206.209483 26.461635
0.5 1.2406029999999999e+52 1.492053e+52 8.98167e+51 9.650011 12.778515 4.2499 123.562184 202.422764 25.559391
0.501 1.2929660000000002e+52 1.630752e+52 9.49728e+51 9.618711 12.860404 4.307064 122.065616 204.567676 26.005424
0.502 1.304205e+52 1.55402e+52 9.23e+51 9.787375 12.894492 4.311444 127.193719 206.528211 25.99555
0.503 1.282977e+52 1.556447e+52 9.066809999999999e+51 9.594938 12.677009 4.204579 121.242228 198.751092 24.877641
0.504 1.2751179999999999e+52 1.725086e+52 9.36625e+51 9.636416 12.874842 4.234902 120.908154 203.595985 25.010659
0.505 1.277024e+52 1.5671820000000002e+52 8.82069e+51 9.855602 12.86971 4.290582 128.21146 204.967565 25.671516
0.506 1.2400340000000002e+52 1.4816720000000002e+52 8.82244e+51 9.592248 12.692971 4.230476 121.468907 199.507472 25.069296
0.507 1.3533319999999998e+52 1.725461e+52 9.39279e+51 9.720677 12.918847 4.267465 123.624144 205.726353 25.441888
0.508 1.350786e+52 1.602389e+52 8.95539e+51 9.876999 12.937563 4.232843 129.213814 208.385067 25.007568
0.509 1.212051e+52 1.541374e+52 8.81499e+51 9.542696 12.592235 4.184556 121.351578 197.009024 24.558266
0.51 1.243672e+52 1.71612e+52 9.16506e+51 9.561261 12.864088 4.23811 120.328256 203.551192 24.970091
0.511 1.32296e+52 1.655102e+52 8.8784e+51 9.925498 12.981537 4.285412 130.78941 208.884681 25.593703
0.512 1.344667e+52 1.616188e+52 9.02315e+51 9.800563 12.841179 4.227847 127.445858 205.258379 25.069663
0.513 1.329394e+52 1.7378260000000002e+52 9.41519e+51 9.719906 12.860354 4.307498 124.901417 205.129208 25.823105
0.514 1.3777429999999998e+52 1.67331e+52 9.52902e+51 9.952991 12.95362 4.362145 131.570356 208.78545 26.460419
0.515 1.3075e+52 1.4891330000000001e+52 8.86151e+51 9.786512 12.752905 4.258963 128.251944 203.871596 25.369306
0.516 1.2437059999999999e+52 1.6138749999999998e+52 9.069509999999999e+51 9.66364 12.861104 4.266198 124.186543 205.703768 25.33363
0.517 1.417829e+52 1.711117e+52 9.18903e+51 9.963009 13.075094 4.289354 131.018274 212.655988 25.502929
0.518 1.395831e+52 1.575863e+52 8.58444e+51 9.88848 12.984291 4.182944 130.608368 211.031466 24.466303
0.519 1.354317e+52 1.831649e+52 9.38075e+51 9.779396 13.056995 4.266528 127.232253 211.618582 25.280179
0.52 1.4603710000000001e+52 1.7741249999999998e+52 9.16204e+51 10.110865 13.233849 4.352877 134.753956 217.502802 26.235824
0.521 1.400073e+52 1.673986e+52 8.76648e+51 10.024169 13.147992 4.226744 134.294257 215.332515 25.070492
0.522 1.424462e+52 1.936096e+52 9.63754e+51 9.891487 13.091354 4.335679 129.053899 212.389072 26.239702
0.523 1.472275e+52 1.802883e+52 9.11015e+51 10.142696 13.168244 4.389414 135.405923 215.028355 26.93142
0.524 1.326128e+52 1.6904289999999998e+52 8.809109999999999e+51 9.848414 13.142775 4.245093 129.320412 214.800687 25.398788
0.525 1.4602239999999998e+52 1.969817e+52 9.551619999999999e+51 10.062076 13.401104 4.351186 132.407576 221.976139 26.38385
0.526 1.48046e+52 1.857567e+52 9.228009999999999e+51 10.286402 13.386061 4.394371 139.523847 221.63211 26.901782
0.527 1.345056e+52 1.68581e+52 8.77132e+51 9.924549 13.153224 4.269114 130.478032 214.101986 25.695258
0.528 1.4800930000000002e+52 1.98208e+52 9.517330000000001e+51 10.267147 13.520562 4.351088 137.798522 224.977498 26.423107
0.529 1.446325e+52 1.762914e+52 8.88834e+51 10.338488 13.420329 4.409477 140.160336 222.739291 27.146471
0.53 1.320784e+52 1.625637e+52 8.69318e+51 9.992478 13.237394 4.270005 131.980912 216.908275 25.728411
0.531 1.40714e+52 1.88126e+52 9.2838e+51 10.235029 13.490774 4.351992 137.634663 224.531695 26.501822
0.532 1.374195e+52 1.665707e+52 8.71066e+51 10.303062 13.411546 4.39277 139.021907 222.124032 27.029743
0.533 1.247409e+52 1.539669e+52 8.52857e+51 9.883064 13.19067 4.28457 128.994197 214.122122 26.077643
0.534 1.372964e+52 1.843971e+52 9.38129e+51 10.137231 13.478229 4.381855 134.230622 223.910667 26.99065
0.535 1.3396570000000002e+52 1.628643e+52 8.88908e+51 10.057867 13.181414 4.364535 132.593777 214.904807 26.793943
0.536 1.185986e+52 1.515305e+52 8.44735e+51 9.723016 12.992376 4.274954 125.280797 208.550241 25.818039
0.537 1.259798e+52 1.673549e+52 9.02795e+51 9.873084 13.011998 4.318826 128.50861 209.606836 26.297253
0.538 1.348636e+52 1.657259e+52 8.508559999999999e+51 9.888152 12.82632 4.280806 128.06318 202.901165 25.850247
0.539 1.158813e+52 1.548486e+52 8.32168e+51 9.470832 12.728439 4.166778 118.008599 200.326081 24.514473
0.54 1.251525e+52 1.6978009999999998e+52 8.49791e+51 9.88516 13.041586 4.303189 127.286517 209.349085 25.935877
0.541 1.161002e+52 1.4949920000000002e+52 7.87082e+51 9.869736 12.929658 4.223942 128.826121 208.061472 25.310226
0.542 1.10667e+52 1.482152e+52 7.687119999999999e+51 9.570292 12.708185 4.137927 121.542198 200.556473 24.359561
0.543 1.175207e+52 1.505631e+52 7.82211e+51 9.836147 12.842126 4.215562 125.760638 203.128439 25.155045
0.544 1.131854e+52 1.420815e+52 7.49619e+51 9.717687 12.663391 4.114212 123.817656 197.994296 24.130823
0.545 1.0911649999999999e+52 1.440769e+52 7.43214e+51 9.564251 12.589372 4.088368 119.982289 195.857087 23.731043
0.546 1.191431e+52 1.5363230000000001e+52 7.74703e+51 9.846517 12.799655 4.162616 126.243511 201.643737 24.528924
0.547 1.115053e+52 1.4123570000000002e+52 7.47882e+51 9.814171 12.749307 4.138136 126.731466 200.687103 24.399713
0.548 1.145889e+52 1.479287e+52 7.63604e+51 9.819094 12.830357 4.176831 126.351214 202.588944 24.875653
0.549 1.2185919999999999e+52 1.549077e+52 8.034130000000001e+51 10.101809 13.028172 4.249325 135.334154 210.258809 25.817323
0.55 1.131489e+52 1.429207e+52 7.608340000000001e+51 9.915344 12.917809 4.220573 130.185478 206.438277 25.625227
0.551 1.170336e+52 1.46057e+52 7.45813e+51 9.879004 12.926079 4.18229 128.543126 206.10749 24.976255
0.552 1.220809e+52 1.635944e+52 7.792329999999999e+51 10.095125 13.175547 4.228243 133.854905 213.44436 25.355104
0.553 1.193163e+52 1.522817e+52 7.63283e+51 9.97024 13.052951 4.198332 130.468682 209.843286 25.000706
0.554 1.168604e+52 1.461382e+52 7.500289999999999e+51 9.942392 13.07288 4.228572 130.259986 210.441037 25.383785
0.555 1.208232e+52 1.627699e+52 7.89838e+51 10.022039 13.136328 4.244115 131.938167 211.903915 25.428076
0.556 1.1303620000000001e+52 1.560033e+52 7.58823e+51 9.906116 13.150915 4.244916 128.789443 212.47836 25.570156
0.557 1.0944640000000001e+52 1.485834e+52 7.35203e+51 9.823534 13.016977 4.206745 126.478631 207.744159 25.306794
0.558 1.223492e+52 1.656434e+52 7.8407e+51 9.987443 13.040261 4.251796 130.040266 209.116569 25.760469
0.559 1.1642989999999999e+52 1.514674e+52 7.4985e+51 9.912091 12.927806 4.167864 128.08769 205.372683 24.751481
0.56 1.082147e+52 1.466092e+52 7.3426e+51 9.657018 12.83437 4.152799 121.605413 202.18844 24.572786
0.561 1.158603e+52 1.51389e+52 7.42468e+51 9.954616 12.998861 4.164791 129.013732 207.894166 24.652626
0.562 1.099362e+52 1.4260600000000002e+52 7.29858e+51 9.867147 12.888739 4.133763 127.314413 204.936715 24.295143
0.563 1.0766249999999999e+52 1.535138e+52 7.33411e+51 9.778266 13.02163 4.164393 124.411371 208.005848 24.464839
0.564 1.158954e+52 1.557277e+52 7.44077e+51 10.023021 13.048929 4.177402 130.819828 209.064122 24.612012
0.565 1.1534310000000001e+52 1.482536e+52 7.40497e+51 9.969453 12.925246 4.160343 130.938581 206.530065 24.5258
0.566 1.167508e+52 1.563667e+52 7.65999e+51 9.863656 12.948505 4.158728 127.478492 206.716249 24.438518
0.567 1.243737e+52 1.520212e+52 7.43755e+51 10.187585 13.062178 4.120314 136.03562 210.961965 24.009957
0.568 1.111089e+52 1.457391e+52 7.37139e+51 9.813832 12.869907 4.116108 126.296384 204.218695 24.047052
0.569 1.141857e+52 1.628121e+52 7.53414e+51 9.940054 13.126849 4.156156 128.956825 211.399317 24.532876
0.57 1.271794e+52 1.563672e+52 7.417120000000001e+51 10.294701 13.194854 4.083215 138.714669 215.242705 23.700242
0.571 1.189705e+52 1.49474e+52 7.36822e+51 10.074328 13.041788 4.13876 133.315533 209.898298 24.374996
0.572 1.244534e+52 1.684249e+52 7.78723e+51 10.234411 13.453341 4.188023 137.134907 221.278388 24.754335
0.573 1.3705750000000001e+52 1.590344e+52 7.58679e+51 10.508078 13.45841 4.160691 144.381298 223.351299 24.404063
0.574 1.223127e+52 1.469509e+52 7.4692e+51 10.119381 13.147014 4.1758 134.655583 213.058369 24.669601
0.575 1.2984610000000002e+52 1.7147110000000002e+52 8.0889e+51 10.487342 13.624403 4.254369 145.964433 228.871794 25.553723
0.576 1.2675320000000002e+52 1.452349e+52 7.41798e+51 10.505117 13.454024 4.193521 146.643915 224.935736 24.860178
0.577 1.115096e+52 1.421892e+52 7.5883e+51 9.949722 13.124912 4.245662 130.65745 211.818468 25.455643
0.578 1.28937e+52 1.744736e+52 8.25887e+51 10.369897 13.684687 4.313535 141.331489 230.709943 26.16419
0.579 1.239701e+52 1.4576940000000002e+52 7.67251e+51 10.18432 13.289262 4.216522 137.38701 218.895617 24.967222
0.58 1.120889e+52 1.4626440000000001e+52 7.76492e+51 9.941924 13.236353 4.296708 131.556337 215.27233 25.903049
0.581 1.190961e+52 1.6899820000000001e+52 8.22218e+51 10.181946 13.612363 4.331465 135.773288 227.279789 26.354927
0.582 1.139623e+52 1.436716e+52 7.35573e+51 10.093036 13.270776 4.209686 134.907451 216.944902 25.089648
0.583 1.0027569999999998e+52 1.3955830000000001e+52 7.47645e+51 9.660259 13.137629 4.24381 123.477777 211.697851 25.49864
0.584 1.2399500000000002e+52 1.5979019999999999e+52 7.96969e+51 10.279672 13.546902 4.291424 137.75038 225.376055 25.98478
0.585 1.210096e+52 1.418294e+52 7.40025e+51 10.125613 13.211627 4.186531 134.891908 215.842329 24.869038
