####### LIGHTCURVES AND MEAN ENERGIES
####### 3 NEUTRINO SPECIES: NU_E, NUBAR_E AND N_X
####### ALL QUANTITIES ARE MEASURED AT 500 KM FROM THE CENTER
#######
####### FROM MODEL H (BUGLI ET AL. 2020,2021)
####### B0=0 G, l=-, r0=1.00e8 cm
####### UNITS: TIME [ms], LUMINOSITY [1e52 erg/s], ENERGY [MeV]
# TIME	L_NU_E     	L_NU_BAR   	L_NU_X     	E_NU_E     	E_NU_BAR  	E_NU_X      	E2_NU_E    	E2_NU_BAR 	E2_NU_X
0.001 14.894629 4e-05 2.4e-05 11.226553 6.141751 0.89365 143.895894 50.378088 1.041974
0.002 10.965143 0.138136 0.089966 11.214909 10.411577 2.799048 144.379862 125.776052 9.398386
0.003 57.310468 0.694867 1.032424 14.623019 13.850933 4.768111 243.736707 222.866156 29.173786
0.004 61.967472 0.4567 0.988793 14.120698 12.356115 6.275582 226.525346 178.577516 58.504314
0.005 40.539554 0.623788 0.808759 12.961875 11.96241 6.131835 191.460871 164.584913 57.412159
0.006 43.30816 0.824017 0.857454 13.038557 11.753529 5.317623 192.246661 159.413504 41.027703
0.007 35.971294 0.974843 1.172211 12.569345 11.241501 4.646244 180.897403 146.60469 29.077343
0.008 42.547848 0.914707 1.704868 13.035323 10.866004 4.530477 192.838314 139.437146 26.673934
0.009 34.753627 0.863112 2.059155 12.587604 11.060384 4.491932 184.456555 143.144285 25.96555
0.01 35.624412 0.983647 1.997489 13.037755 12.06783 4.471985 198.148415 167.41767 25.617317
0.011 28.66171 0.69874 1.735061 12.152536 12.153487 4.628687 170.579441 168.616857 27.183863
0.012 22.785792 0.666887 1.384121 11.688341 11.192731 4.393442 158.545369 149.564511 25.076909
0.013 15.225983 0.794674 1.537537 10.214035 10.588868 4.152643 125.319814 132.975089 22.40003
0.014 13.041968 1.08707 1.701359 9.721284 10.877614 4.138061 112.649619 139.044194 22.137555
0.015 13.722354 1.30667 1.59695 9.959661 10.90181 4.073783 118.017591 139.703822 21.789092
0.016 14.305113 1.736788 1.830246 10.200743 11.090745 4.112971 123.699025 144.167893 22.117409
0.017 15.612327 1.86177 2.024992 10.418098 11.097809 4.097794 128.146984 144.705858 21.966114
0.018 14.607815 2.112235 2.303028 10.39389 11.094661 4.143265 128.220918 145.736608 22.15407
0.019 18.885562 2.292602 2.564762 10.476842 11.311351 4.163792 128.544807 150.421164 22.140353
0.02 18.123238 2.30585 2.783979 10.354956 11.271217 4.249378 125.503235 149.362905 22.914185
0.021 14.126055 2.033034 2.58447 10.771445 11.169403 4.252437 136.978747 146.723537 23.079149
0.022 11.885609 2.056777 2.495588 9.862555 11.028152 4.205502 117.016409 142.583887 22.751304
0.023 10.391527 1.883992 2.258044 9.665979 11.033922 4.181629 111.611906 142.547925 22.627778
0.024 9.227925 1.886847 2.179914 9.707681 11.1547 4.183653 112.888996 145.617991 22.696517
0.025 8.496646 2.048558 2.234222 9.462831 11.312241 4.154709 112.296757 149.470394 22.409965
0.026 9.298944 2.231715 2.327999 9.568351 11.482171 4.135714 110.702216 153.708276 22.189951
0.027 11.277926 2.417834 2.459633 10.033214 11.737926 4.165303 119.959708 161.248202 22.39269
0.028 14.157992 2.780975 2.704217 10.155106 11.968539 4.165378 127.806867 166.6293 22.139936
0.029 12.350949 2.812738 2.786208 9.966613 11.94166 4.179789 120.549598 166.330599 22.201021
0.03 12.646785 2.85456 2.796462 10.173724 12.036137 4.235709 122.425196 168.925635 22.781993
0.031 13.433715 2.830405 2.709487 10.082191 11.967934 4.238015 119.492324 166.589444 22.766181
0.032 10.519761 2.877159 2.668666 9.801525 11.866091 4.229141 114.5954 163.199228 22.771579
0.033 12.297731 3.064471 2.687388 9.979073 11.999369 4.230255 117.467718 166.464195 22.728221
0.034 9.738913 3.152186 2.665897 9.622381 11.80325 4.165436 112.19242 161.329815 22.15606
0.035 10.157483 3.390851 2.66256 9.702111 11.975989 4.127002 112.681116 165.249204 21.626549
0.036 9.590412 3.596278 2.709775 9.492929 11.930922 4.089227 108.704696 164.132004 21.27289
0.037 8.285305 3.768844 2.725963 9.23358 12.027804 4.063044 103.21733 166.791816 20.928838
0.038 7.851858 3.815657 2.705788 9.207182 12.039714 4.042332 102.752174 167.170876 20.699925
0.039 7.307685 3.852801 2.750001 9.033199 12.021723 4.03492 99.120182 167.168049 20.642344
0.04 6.689443 4.039034 2.767453 8.860324 12.0521 4.00651 95.750408 167.771355 20.345722
0.041 6.588315 4.14262 2.824091 8.725062 12.106895 4.024455 93.214573 169.677114 20.499831
0.042 6.545903 4.266175 2.871779 8.713258 12.097385 4.01842 93.839015 169.56499 20.472525
0.043 6.696902 4.392018 2.940656 8.75111 12.130601 4.032368 99.908427 170.670106 20.620549
0.044 6.856505 4.533009 2.955474 8.762944 12.187063 4.031814 95.598717 172.392137 20.639409
0.045 6.970784 4.692001 3.006784 8.832336 12.266738 4.043382 98.34605 174.788173 20.752416
0.046 7.129963 4.867429 3.086933 8.848326 12.323693 4.0454 95.830137 176.72212 20.791576
0.047 7.236893 4.883741 3.148098 8.922634 12.302298 4.043942 98.67573 176.658126 20.796516
0.048 7.500599 4.897951 3.159422 9.017101 12.33927 4.054127 102.4762 177.843578 20.896653
0.049 7.608252 4.933822 3.168758 9.084766 12.395627 4.065374 100.751887 179.68031 21.051248
0.05 7.476905 4.800061 3.114185 9.139392 12.416627 4.065062 101.85564 180.364775 21.070763
0.051 7.344442 4.721733 3.107784 9.144532 12.429417 4.065952 101.754805 180.672387 21.087595
0.052 7.239373 4.717276 3.130332 9.112852 12.485138 4.07118 102.206018 182.332334 21.141483
0.053 7.087878 4.70429 3.076508 9.135106 12.535829 4.072996 102.564324 183.236527 21.146822
0.054 6.830642 4.743617 3.061467 9.104474 12.518933 4.059488 100.739772 182.299921 21.006495
0.055 6.794863 4.848475 3.054823 9.059088 12.54199 4.056405 99.811483 182.61808 20.964513
0.056 6.896178 4.872438 3.048234 9.120198 12.568947 4.071485 101.150834 183.327904 21.159113
0.057 7.04183 4.951047 3.074114 9.169053 12.557042 4.070692 102.108299 183.087436 21.166899
0.058 7.151392 5.073399 3.09718 9.142658 12.550291 4.073652 101.513841 182.942204 21.190189
0.059 7.074477 5.29161 3.141909 9.071724 12.540241 4.059587 100.154785 182.548822 20.995779
0.06 7.089184 5.385326 3.193664 9.030784 12.530758 4.064506 99.264283 182.426252 21.052982
0.061 7.274145 5.38666 3.245046 8.964493 12.522867 4.065642 97.864097 181.788916 20.955342
0.062 7.102378 5.40962 3.347 8.922617 12.477846 4.07667 97.444555 181.051735 21.167856
0.063 7.731085 5.47007 3.436417 9.08259 12.619079 4.140951 100.572669 185.513058 21.838049
0.064 7.136813 5.626113 3.355936 8.892333 12.674649 4.104387 96.927264 186.267748 21.306816
0.065 6.766662 5.45431 3.291848 8.884194 12.429055 4.07475 96.837164 180.277041 21.237686
0.066 7.453915 5.600857 3.346414 8.967626 12.587173 4.100963 98.14265 184.910562 21.379683
0.067 6.718379 5.943692 3.40433 8.829568 12.668451 4.077545 96.154851 186.915231 21.111274
0.068 7.018861 6.0062 3.410469 8.961506 12.674067 4.07949 98.4453 187.590792 21.182854
0.069 6.865919 6.073755 3.365374 8.915643 12.709379 4.048679 97.694922 187.956991 20.817013
0.07 6.940047 6.01445 3.363276 9.012615 12.748112 4.071966 101.815272 189.77556 21.10831
0.071 6.802742 6.075913 3.374251 8.972079 12.661492 4.05659 101.344945 186.882673 20.863222
0.072 6.862833 6.195969 3.406154 9.027902 12.767147 4.055628 101.405996 189.753399 20.793879
0.073 6.906026 6.209402 3.367264 9.02965 12.776373 4.050941 101.590391 190.486734 20.755097
0.074 6.648568 6.332891 3.414723 9.055843 12.747521 4.062775 107.071539 189.482303 20.930332
0.075 6.653424 6.344505 3.392127 9.104011 12.834675 4.055262 106.207131 192.033544 20.809481
0.076 6.607027 6.295746 3.393261 9.097575 12.856607 4.055768 104.094601 193.13056 20.827935
0.077 6.515134 6.40136 3.433875 9.190826 12.883716 4.074947 109.631562 193.937559 21.054917
0.078 6.693229 6.359583 3.385413 9.235835 12.891323 4.059349 110.526738 194.025633 20.842981
0.079 6.585029 6.446846 3.400741 9.19409 12.885508 4.052483 105.647781 193.669574 20.749185
0.08 6.629414 6.616656 3.506208 9.250823 12.941307 4.07805 105.806195 195.318005 21.033768
0.081 6.836687 6.619893 3.482126 9.303091 12.989163 4.067978 106.953266 196.838483 20.911725
0.082 6.741797 6.650828 3.448926 9.375658 13.025787 4.064201 108.682774 197.929718 20.884189
0.083 6.719412 6.648761 3.414517 9.421159 13.034991 4.066904 109.791875 198.293547 20.978255
0.084 6.879677 6.684904 3.441557 9.40824 13.047488 4.070249 109.653516 198.558504 21.028561
0.085 6.720026 6.708861 3.38665 9.422902 13.03841 4.059844 109.92219 198.19179 20.909998
0.086 6.727643 6.83943 3.417326 9.473164 13.070208 4.0703 111.058388 199.117053 21.070479
0.087 7.06263 6.913163 3.449796 9.560232 13.10442 4.085361 113.980406 200.199736 21.235229
0.088 7.125082 6.923298 3.452968 9.619457 13.047271 4.088547 120.428787 198.445187 21.245158
0.089 7.01244 7.098238 3.507626 9.622296 13.052218 4.110679 120.223866 198.412613 21.486018
0.09 6.89611 7.059668 3.452387 9.645464 13.039109 4.090886 118.271965 198.27956 21.288222
0.091 6.913013 7.125335 3.499887 9.705821 13.085202 4.103249 119.316749 199.872927 21.40357
0.092 6.919792 7.084887 3.4637 9.721626 13.13769 4.099096 119.179027 201.411945 21.364031
0.093 6.904665 7.10903 3.422032 9.673841 13.14502 4.080981 115.661499 201.27664 21.173274
0.094 6.840865 7.11773 3.4023 9.639814 13.101118 4.086141 115.068932 199.668375 21.24724
0.095 6.974926 7.234333 3.453736 9.637729 13.081387 4.093987 116.441215 199.259063 21.327157
0.096 7.156474 7.385536 3.469706 9.676952 13.141987 4.097724 118.068189 201.309636 21.388916
0.097 7.364712 7.312718 3.445321 9.778447 13.174924 4.101711 128.16619 202.558012 21.44008
0.098 7.462625 7.409901 3.500005 9.712689 13.179264 4.107071 119.743439 202.637205 21.441304
0.099 7.533534 7.349004 3.464782 9.711752 13.182133 4.094289 122.158419 202.819882 21.275285
0.1 7.552374 7.378427 3.491349 9.714726 13.204539 4.092674 119.861837 203.478014 21.228278
0.101 7.729987 7.389478 3.505573 9.684532 13.221601 4.090191 115.015584 204.112149 21.188699
0.102 7.715164 7.313253 3.553608 9.710789 13.164304 4.088135 120.22164 202.936906 21.221837
0.103 7.741759 7.407117 3.565647 9.701457 13.214576 4.084729 116.178579 204.603086 21.182766
0.104 8.193868 7.629494 3.623616 9.797814 13.285498 4.110254 120.691582 206.831009 21.419327
0.105 8.203462 7.751958 3.636605 9.803531 13.230771 4.097472 120.827202 205.021107 21.263462
0.106 8.117381 7.86323 3.657651 9.754889 13.187414 4.093268 117.448993 203.73426 21.201368
0.107 8.279903 7.82749 3.624841 9.805334 13.167337 4.088099 122.964762 203.198247 21.169554
0.108 8.055632 7.878533 3.634872 9.784083 13.141021 4.103514 121.300318 202.574115 21.347268
0.109 7.967947 7.829618 3.59453 9.801316 13.125165 4.096491 119.875355 202.373457 21.312255
0.11 8.112119 8.121528 3.677392 9.906433 13.156259 4.111236 125.301409 203.312243 21.447072
0.111 8.075491 8.176539 3.62991 9.906289 13.132293 4.104987 123.650994 202.562288 21.374308
0.112 8.021063 8.329724 3.647631 9.933359 13.122224 4.100304 121.711617 202.150482 21.310761
0.113 7.835527 8.221822 3.59714 9.982947 13.093634 4.093164 125.788245 201.290073 21.259089
0.114 7.850607 8.186209 3.580811 10.010514 13.114976 4.098426 124.395047 201.916805 21.327773
0.115 7.712182 8.094835 3.54404 10.019739 13.121593 4.099828 123.2795 202.041016 21.336514
0.116 7.558324 7.992568 3.502824 10.036263 13.118679 4.088237 125.79524 201.978972 21.24205
0.117 7.478539 7.940369 3.495224 10.039473 13.167323 4.089139 123.769288 203.437615 21.243385
0.118 7.46961 7.822325 3.486575 10.081791 13.219589 4.091393 126.795211 205.063395 21.265382
0.119 7.572126 7.843463 3.561184 10.090369 13.333785 4.120268 125.126555 208.435891 21.541841
0.12 7.613581 7.671417 3.509814 10.043914 13.389849 4.127638 124.70563 210.029513 21.602151
0.121 7.738908 7.799585 3.656624 10.058164 13.520512 4.175908 125.773881 214.054039 22.106532
0.122 7.717028 7.622049 3.578543 10.029115 13.469373 4.132956 125.095785 212.448833 21.671752
0.123 7.917621 7.80327 3.690948 10.121569 13.558329 4.176169 128.165457 215.143865 22.152022
0.124 8.101959 7.899303 3.708716 10.15241 13.604193 4.184613 127.913413 216.469412 22.200744
0.125 8.203347 8.018032 3.758815 10.229585 13.625964 4.195262 129.84948 217.114985 22.314822
0.126 8.513977 8.171482 3.823845 10.277817 13.661321 4.195929 131.442659 218.341412 22.32428
0.127 8.762093 8.260307 3.881836 10.31134 13.69874 4.216997 132.3944 219.64002 22.561787
0.128 8.731346 8.253181 3.853907 10.329915 13.707133 4.229257 133.030445 219.801605 22.701848
0.129 9.0054 8.441137 3.899758 10.357023 13.750752 4.248191 133.027036 221.231848 22.913279
0.13 9.05908 8.552464 3.906308 10.397855 13.75205 4.239828 139.584454 221.24803 22.833239
0.131 9.094418 8.531956 3.946959 10.458567 13.773411 4.238752 139.169237 222.260496 22.831111
0.132 9.038927 8.480552 3.926347 10.500944 13.780568 4.223602 138.342642 222.736675 22.679739
0.133 8.903574 8.30833 3.862036 10.556177 13.771973 4.209397 144.049657 222.725268 22.554291
0.134 8.825359 8.243392 3.84679 10.574354 13.798893 4.209821 142.197556 223.886811 22.57241
0.135 8.723598 8.117531 3.760437 10.521735 13.800303 4.190471 138.720666 224.038429 22.385817
0.136 8.802365 8.376821 3.808512 10.525789 13.915294 4.212685 137.941052 227.239093 22.615052
0.137 8.885195 8.646873 3.730724 10.509375 13.870245 4.187522 138.357879 225.373652 22.329292
0.138 8.970944 8.959761 3.811297 10.559588 13.874828 4.217176 139.783661 225.570513 22.636363
0.139 9.242373 9.092379 3.768478 10.543262 13.798653 4.179862 140.508065 222.934191 22.185095
0.14 9.054858 9.097557 3.816483 10.490322 13.787729 4.202232 137.222639 222.992197 22.483294
0.141 8.86741 8.930946 3.796807 10.490408 13.753441 4.184807 136.136727 221.89379 22.24513
0.142 8.706048 8.776627 3.757632 10.515456 13.71621 4.168889 138.609913 220.643826 22.052688
0.143 8.520639 8.683643 3.701202 10.488892 13.709545 4.155547 138.914905 220.534499 21.947044
0.144 8.45321 8.623577 3.712926 10.481319 13.750088 4.168854 137.749893 221.843054 22.094392
0.145 8.478433 8.54771 3.705208 10.443766 13.745273 4.174627 135.277617 221.572744 22.141359
0.146 8.660556 8.63952 3.723859 10.47266 13.764946 4.183541 136.243947 222.026376 22.224673
0.147 8.631198 8.714252 3.77774 10.498903 13.811357 4.198179 138.766608 223.465331 22.336457
0.148 8.424019 8.602618 3.72741 10.48676 13.813929 4.185839 136.17972 223.509408 22.198862
0.149 8.504787 8.672657 3.786756 10.57261 13.889988 4.221026 139.0897 225.859701 22.572498
0.15 8.386366 8.498535 3.743015 10.555844 13.860364 4.212491 139.785145 224.964833 22.453221
0.151 8.359492 8.427161 3.705068 10.577303 13.825426 4.193643 140.298783 223.920589 22.261394
0.152 8.601577 8.592329 3.822204 10.615678 13.911982 4.222231 139.500937 226.85328 22.564796
0.153 8.87312 8.667073 3.789192 10.643301 13.902106 4.20153 141.74463 226.463138 22.304874
0.154 8.983931 8.859376 3.836909 10.666012 13.949263 4.219025 141.383676 228.071537 22.532264
0.155 8.998686 8.941767 3.835959 10.707495 13.974179 4.220091 143.135712 229.061301 22.530506
0.156 8.544736 8.653646 3.683908 10.705625 13.905285 4.179755 145.849426 227.00594 22.129243
0.157 8.563175 8.705865 3.710201 10.794678 13.987214 4.196415 146.578636 229.745132 22.323316
0.158 8.416437 8.570425 3.642202 10.804769 13.962131 4.164932 146.196155 229.013678 21.968944
0.159 8.395617 8.625353 3.665531 10.818265 13.951653 4.172097 145.746206 228.921695 22.060101
0.16 8.433996 8.620187 3.689486 10.843184 13.939068 4.172831 147.485713 228.823666 22.064374
0.161 8.452067 8.397243 3.669959 10.828259 13.971273 4.164204 146.932133 230.203967 22.024371
0.162 8.771255 8.44321 3.74795 10.841183 14.048648 4.195953 147.223814 232.80824 22.373915
0.163 8.995071 8.569746 3.761688 10.841225 14.087338 4.21591 147.639633 233.80441 22.567286
0.164 8.971478 8.719003 3.827567 10.884057 14.128351 4.241157 148.904878 234.994965 22.793947
0.165 8.989194 8.704902 3.80936 10.864118 14.15743 4.249118 147.931395 236.060056 22.890685
0.166 9.096318 8.702617 3.829113 10.869321 14.185193 4.257102 148.662747 237.133868 22.965816
0.167 9.09207 8.786811 3.846486 10.910283 14.185775 4.247912 148.856204 237.223616 22.875034
0.168 9.02707 8.711498 3.853355 10.942401 14.115145 4.234032 150.025085 235.177465 22.770287
0.169 8.889207 8.589396 3.837663 10.960528 14.056595 4.223072 148.919961 233.412153 22.653832
0.17 9.007186 8.57611 3.828163 11.003319 14.064906 4.224238 153.582048 233.793809 22.700844
0.171 9.145417 8.751009 3.842892 10.977441 14.08198 4.24309 150.52421 234.078566 22.909002
0.172 8.944456 8.888867 3.797214 11.019986 14.021738 4.241261 152.786188 231.792065 22.882906
0.173 8.798808 8.892889 3.786102 11.032858 14.001707 4.227055 154.520037 231.2888 22.734961
0.174 8.707007 8.759381 3.815219 11.03534 14.090164 4.23102 154.837376 234.56597 22.794367
0.175 8.614777 8.609083 3.7449 11.072228 14.15251 4.224312 157.452797 236.616351 22.767183
0.176 8.384924 8.51085 3.676795 11.177988 14.161782 4.22228 165.49343 236.706464 22.830946
0.177 8.113478 8.51211 3.666459 11.218192 14.191246 4.238045 158.713769 237.542823 23.049827
0.178 7.943125 8.466121 3.578739 11.296136 14.151626 4.228414 161.04033 236.011589 22.983072
0.179 8.297347 8.787583 3.596532 11.391016 14.16973 4.249708 164.021882 236.32735 23.235512
0.18 8.639244 9.118227 3.668642 11.407797 14.155112 4.275051 164.933007 235.726517 23.486352
0.181 8.836395 9.312988 3.696388 11.424242 14.188937 4.294377 163.798711 236.748325 23.652498
0.182 9.021257 9.463692 3.797151 11.440738 14.298933 4.328571 164.467743 240.282307 23.985641
0.183 9.244983 9.656582 3.954075 11.496174 14.432312 4.355315 164.450802 244.325368 24.172436
0.184 9.073199 9.43269 3.984445 11.513356 14.447732 4.344547 166.238548 245.02965 24.06699
0.185 8.727477 9.160071 3.872315 11.586325 14.412542 4.342255 166.811183 243.935524 24.106869
0.186 8.348182 9.016758 3.756074 11.611223 14.315526 4.319202 169.54588 240.782088 23.937246
0.187 8.536856 9.164098 3.724429 11.618016 14.237308 4.296667 168.949571 238.540185 23.728511
0.188 9.105349 9.640586 3.800244 11.553538 14.180886 4.304609 165.581583 237.036992 23.799881
0.189 9.532048 9.998733 3.870358 11.529227 14.220086 4.317097 166.736519 238.140783 23.900632
0.19 9.655522 10.145169 3.922273 11.543488 14.289937 4.343614 167.139606 240.41044 24.171725
0.191 9.432377 10.047435 3.913025 11.538378 14.246763 4.358164 166.201174 238.975316 24.277172
0.192 9.210766 9.884011 3.889558 11.499164 14.181171 4.33889 163.854009 237.182019 24.055576
0.193 9.235724 9.595665 3.822866 11.512829 14.222099 4.326402 168.94052 238.768248 23.909323
0.194 9.473612 9.523508 3.838718 11.560689 14.400333 4.342698 167.837186 244.18712 24.027049
0.195 9.99349 9.823382 3.919466 11.702705 14.599934 4.39613 173.890981 249.738354 24.546839
0.196 10.062557 10.032235 4.051274 11.714798 14.644054 4.400672 173.120623 251.089679 24.56991
0.197 9.891023 9.863057 4.109801 11.682072 14.686061 4.404389 168.90981 253.061357 24.582687
0.198 9.73918 9.654375 4.082729 11.559624 14.638427 4.38396 165.607087 251.358609 24.334215
0.199 9.837873 9.701052 4.11706 11.51335 14.583779 4.382902 165.276563 249.946598 24.307395
0.2 10.028565 9.931647 4.216629 11.473431 14.518789 4.36351 163.405677 248.497331 24.114739
0.201 10.524197 10.14234 4.330518 11.412467 14.53993 4.388299 162.323213 249.386038 24.386005
0.202 10.376355 9.962419 4.289429 11.315566 14.395932 4.347518 159.647524 244.987063 23.963094
0.203 10.408785 10.00931 4.234958 11.321003 14.389715 4.356188 160.747587 244.851734 24.070864
0.204 10.198035 9.979768 4.125395 11.434759 14.370688 4.367488 165.093709 243.921023 24.185202
0.205 10.010337 9.89592 4.034145 11.539356 14.310463 4.336307 170.262988 242.003888 23.928226
0.206 9.989661 9.825168 3.937136 11.566509 14.318194 4.322176 169.234527 242.724522 23.848463
0.207 9.569796 9.523313 3.828259 11.585146 14.261515 4.310759 169.310878 241.03384 23.758481
0.208 9.710593 9.61619 3.85369 11.598461 14.303006 4.319585 168.749117 242.558158 23.860421
0.209 10.200971 9.874452 3.912014 11.738951 14.459133 4.322503 173.70435 247.668047 23.859485
0.21 9.81225 9.590744 3.925145 11.735971 14.450822 4.320923 177.026061 246.95985 23.855888
0.211 9.66574 9.742341 3.919562 11.789925 14.676261 4.333697 174.337218 253.721825 24.041772
0.212 9.522724 9.1828 3.918221 11.947734 14.883842 4.380681 179.985743 261.050755 24.569518
0.213 9.54883 9.548754 3.949194 11.894097 14.861257 4.41388 178.448587 260.133482 24.964572
0.214 9.899535 9.749352 3.979523 12.013954 14.907825 4.395935 182.155388 262.63598 24.848596
0.215 10.100492 9.447812 3.831097 11.987009 14.769073 4.368643 180.525127 257.986036 24.550522
0.216 9.4267 9.711331 3.738399 11.920951 14.616891 4.406232 177.858086 251.963474 24.985129
0.217 9.176384 9.722678 3.678793 11.957086 14.530802 4.38828 180.397956 249.643536 24.7482
0.218 8.522543 9.647214 3.571605 11.878293 14.4867 4.359134 177.121731 248.025171 24.500708
0.219 9.055171 9.445145 3.643084 11.95389 14.54738 4.376472 181.127645 250.9354 24.63377
0.22 9.204256 9.300869 3.640755 11.967454 14.593766 4.379944 177.534796 251.469473 24.676854
0.221 9.487517 9.271019 3.680814 11.947172 14.470247 4.378533 179.300231 247.417738 24.672914
0.222 9.587249 9.728107 3.702313 11.877109 14.498044 4.39631 174.699415 247.821688 24.811778
0.223 9.699158 9.969916 3.724486 11.902021 14.455784 4.370034 178.612798 246.179413 24.542289
0.224 9.761799 10.077855 3.809749 11.840866 14.427055 4.371177 176.409973 245.562747 24.528797
0.225 10.093427 10.300163 3.819357 11.859061 14.421332 4.362944 173.714151 245.400213 24.440502
0.226 10.372658 10.449646 3.867997 11.857137 14.417591 4.365127 176.935406 245.320088 24.422536
0.227 10.678704 10.786621 3.908265 11.882702 14.495775 4.378493 177.533489 247.65858 24.53784
0.228 10.501214 10.442152 3.882963 11.876356 14.53581 4.36171 174.879352 248.660859 24.328021
0.229 10.116972 10.062131 3.840868 11.83035 14.487586 4.362972 173.864777 246.897586 24.338964
0.23 9.836343 9.72261 3.821206 11.868736 14.554329 4.351476 174.301604 250.3046 24.285552
0.231 9.668924 9.455655 3.772149 11.810005 14.446506 4.34671 171.819402 246.700923 24.272854
0.232 9.910471 9.563405 3.839865 11.838021 14.498712 4.347018 174.259401 248.847072 24.261218
0.233 9.813265 9.519475 3.74782 11.867687 14.407387 4.358978 175.028721 245.872728 24.349819
0.234 9.712111 9.659198 3.659584 11.996437 14.450394 4.316096 178.136482 247.346132 23.997148
0.235 10.152739 9.995816 3.609219 12.115411 14.589084 4.337312 183.309824 251.752488 24.291025
0.236 10.218861 10.072716 3.572542 12.211721 14.542396 4.36297 188.038592 250.035289 24.559651
0.237 10.385948 10.016225 3.74677 12.238527 14.713602 4.391866 189.592909 256.387304 24.8545
0.238 10.084978 10.085651 3.761854 12.208686 14.802786 4.419639 184.965106 257.64801 25.071294
0.239 9.742191 9.743525 3.81361 12.331299 14.941636 4.425478 190.810181 262.942767 25.112488
0.24 9.514866 9.791084 3.950247 12.203782 14.899104 4.399682 188.690347 261.949689 24.816416
0.241 10.107852 10.315163 4.075285 12.026008 14.862803 4.367741 181.894444 261.637772 24.490638
0.242 10.466639 10.184338 4.013966 11.917345 14.722328 4.354993 178.395565 257.110488 24.325988
0.243 9.89069 10.000057 3.740664 12.021994 14.561215 4.347807 181.256853 251.488411 24.235712
0.244 8.955978 9.303783 3.493773 12.122896 14.496546 4.351893 185.731579 248.976578 24.250269
0.245 8.64771 9.136403 3.386509 12.172169 14.680342 4.377759 187.767031 254.233955 24.500008
0.246 8.853245 8.926707 3.410329 12.141009 14.81284 4.343606 182.97113 258.580774 24.023971
0.247 8.96455 8.927626 3.5476 12.105625 14.826173 4.312887 183.66807 259.35898 23.71269
0.248 9.646398 9.147273 3.635859 12.039444 14.882476 4.314791 182.119745 262.002907 23.774685
0.249 9.865982 9.273508 3.677064 12.000998 14.840824 4.322005 183.544313 260.134665 23.912839
0.25 10.189266 9.631282 3.721262 12.001892 14.936459 4.353246 181.554591 263.312797 24.319617
0.251 10.01968 9.489479 3.695323 12.056264 14.955648 4.393667 184.804668 263.767511 24.772852
0.252 9.529149 9.393702 3.669146 12.022196 14.984437 4.439473 185.468394 264.452894 25.216554
0.253 9.414102 9.202135 3.655164 12.041471 14.964622 4.426612 185.493994 263.849446 25.068453
0.254 9.598219 9.371706 3.653154 12.048369 14.981102 4.440428 182.636802 264.448147 25.27568
0.255 10.514517 10.172653 3.665418 12.168119 14.966732 4.429147 185.062824 263.788021 25.175219
0.256 10.900118 10.352297 3.796195 12.342061 15.117198 4.458696 191.29653 268.874707 25.477569
0.257 10.811343 10.09551 3.875779 12.379478 15.168146 4.456778 189.145432 270.468508 25.384353
0.258 10.693735 10.036631 3.863834 12.383894 15.11526 4.43367 190.915981 268.603599 25.167218
0.259 10.894725 10.196 3.891431 12.330428 14.976267 4.386472 189.995637 264.192555 24.672644
0.26 11.366301 10.854448 4.009305 12.261031 14.970648 4.372281 188.271631 264.644135 24.517569
0.261 11.572853 10.745095 3.952345 12.306198 15.035966 4.380279 186.941052 266.408644 24.525194
0.262 11.805487 10.58733 4.000604 12.271305 14.897987 4.397737 189.199347 262.408452 24.628114
0.263 12.293899 10.656209 3.977203 12.147325 14.77124 4.383781 183.739412 258.738461 24.498424
0.264 11.997056 10.586085 3.942857 12.09873 14.684957 4.375651 182.392613 255.998204 24.406608
0.265 10.878516 9.852207 3.769604 12.146225 14.654101 4.354661 193.139382 254.653488 24.200943
0.266 10.033735 9.550249 3.665876 12.101473 14.751609 4.349518 186.1987 256.95378 24.133717
0.267 9.907266 9.348943 3.660332 12.102666 14.881145 4.356069 189.93333 261.303985 24.214968
0.268 9.661313 9.144849 3.672211 12.166648 15.008777 4.409103 190.328612 265.390819 24.769965
0.269 9.380983 9.020866 3.698041 12.223657 14.889626 4.404776 194.885515 261.929325 24.771713
0.27 9.804359 9.613711 3.735882 12.261718 14.95008 4.419449 186.42141 263.288513 24.996529
0.271 10.414421 10.18866 3.769114 12.349616 14.789185 4.384818 188.494611 258.518192 24.751023
0.272 10.148341 10.07199 3.643366 12.45554 14.670633 4.362706 192.49118 254.886114 24.489721
0.273 9.711331 9.760238 3.510053 12.53462 14.626208 4.336546 195.143815 253.68077 24.193875
0.274 9.142352 9.29968 3.361127 12.50158 14.5393 4.332326 192.776284 250.634112 24.170634
0.275 8.800045 9.086692 3.311244 12.474969 14.533612 4.326163 189.738386 250.012071 24.077635
0.276 9.210001 9.160003 3.345013 12.467361 14.716669 4.356575 189.752137 255.579374 24.33687
0.277 9.663849 9.232359 3.466939 12.342952 14.762358 4.347866 186.039301 257.481873 24.19707
0.278 10.00733 9.406961 3.452619 12.276106 14.692636 4.319518 185.936417 254.915409 23.873938
0.279 10.009322 9.214899 3.455378 12.133887 14.586724 4.31264 183.015126 251.908553 23.841154
0.28 10.239989 9.440325 3.540176 12.131322 14.656779 4.326278 182.69521 255.145951 24.008765
0.281 10.455606 9.688483 3.629359 12.15649 14.799999 4.349478 185.012974 260.322793 24.264476
0.282 10.881923 10.06839 3.756214 12.123439 14.823443 4.3436 183.569465 261.084795 24.113965
0.283 10.931815 10.008392 3.798992 12.15066 14.808108 4.311835 183.471168 260.520296 23.762636
0.284 10.362779 9.727025 3.754174 12.150611 14.834695 4.31051 185.155685 261.510055 23.784274
0.285 9.898596 9.4315 3.758263 12.126453 15.066242 4.336936 185.270649 269.561423 24.171015
0.286 10.187016 9.792349 3.697922 12.367377 15.18608 4.391566 194.487201 272.99991 24.80142
0.287 9.860311 9.653686 3.675771 12.395109 15.18805 4.410228 196.476621 273.4135 25.019232
0.288 9.5771 9.165093 3.583525 12.408649 15.230674 4.384142 193.913894 275.697121 24.725191
0.289 9.662051 9.283304 3.615959 12.423632 15.118316 4.347343 194.355022 271.306531 24.261004
0.29 9.498143 9.001839 3.552947 12.387554 15.012786 4.346317 193.246018 267.796535 24.31577
0.291 10.080268 9.470977 3.565587 12.380409 14.886005 4.365721 191.459393 262.836356 24.528914
0.292 10.576572 10.017669 3.705643 12.292861 14.884641 4.400286 189.09897 262.247382 24.868985
0.293 10.579898 10.144361 3.783978 12.182762 14.837395 4.419511 184.933805 260.829687 24.999217
0.294 10.327335 10.031565 3.757121 12.174646 14.87127 4.40593 184.771971 262.719958 24.913802
0.295 10.414815 10.204825 3.634513 12.325758 14.793443 4.406638 188.715428 259.984607 24.967848
0.296 10.382382 10.096287 3.558179 12.456202 14.592046 4.372903 199.16506 253.77076 24.725068
0.297 10.360048 9.850768 3.509251 12.475011 14.631329 4.330785 194.36751 255.573117 24.3242
0.298 10.311835 10.038925 3.450839 12.543059 14.862795 4.399094 192.93178 261.574516 24.934739
0.299 10.326341 9.926644 3.477931 12.81599 15.223499 4.481297 203.580986 273.982593 25.754308
0.3 10.169246 9.846869 3.539353 12.72155 15.146124 4.442305 202.307164 271.323147 25.306325
0.301 9.653639 9.528624 3.486566 12.696634 15.205558 4.452599 201.082659 273.770653 25.298761
0.302 9.303853 9.072585 3.432502 12.693758 15.258835 4.47329 203.447653 274.670953 25.455989
0.303 9.167541 8.984615 3.46138 12.626004 15.307809 4.499237 198.839548 276.209094 25.712379
0.304 9.083967 8.959996 3.506862 12.475375 15.20729 4.48808 195.403468 273.406324 25.643069
0.305 9.539141 9.288948 3.59214 12.351847 15.170838 4.49116 190.115193 272.282928 25.669365
0.306 9.628476 9.211165 3.654529 12.216087 15.094454 4.469709 186.368204 269.959924 25.42962
0.307 9.679397 9.182313 3.69705 12.299734 15.158593 4.448699 191.571298 273.003981 25.213881
0.308 9.817115 9.339758 3.658812 12.46078 15.146532 4.448207 202.934775 272.971717 25.329242
0.309 10.247504 9.623513 3.633421 12.546608 15.236322 4.468094 201.218791 275.775627 25.528257
0.31 10.009873 9.400176 3.670465 12.493966 15.273708 4.447598 197.247199 277.276922 25.248004
0.311 9.318991 8.924027 3.629516 12.553402 15.464503 4.466881 196.751456 282.936226 25.3208
0.312 8.712512 8.438802 3.530785 12.59638 15.659246 4.495723 198.516524 288.761781 25.484976
0.313 8.425468 8.074131 3.500374 12.469163 15.759789 4.509042 196.108373 292.944143 25.646624
0.314 8.91286 8.456569 3.583769 12.460007 15.699428 4.514321 199.274616 291.200596 25.773512
0.315 9.631819 9.071438 3.630786 12.420244 15.53405 4.49567 195.179544 285.331313 25.657553
0.316 9.739394 9.167197 3.61718 12.409004 15.404374 4.454298 194.820843 281.358829 25.297209
0.317 9.654641 9.345867 3.622663 12.400832 15.296744 4.447553 194.422539 277.617012 25.292773
0.318 10.115489 9.510066 3.699096 12.51425 15.232487 4.456726 201.088736 276.873204 25.55498
0.319 11.120765 10.237026 3.792456 12.467258 15.195901 4.507751 196.133082 275.411578 26.202103
0.32 10.138239 9.568374 3.737663 12.634969 15.461957 4.602312 202.731264 284.724731 27.191696
0.321 9.535193 8.941137 3.571126 12.829272 15.684793 4.656088 210.902022 291.088928 27.655151
0.322 8.939709 8.490079 3.479651 12.793183 15.770918 4.705523 206.226837 293.357643 28.074505
0.323 9.353024 8.734826 3.637682 12.784116 15.725827 4.686516 219.299205 292.336014 27.966133
0.324 9.987999 9.508353 3.735721 12.51113 15.715238 4.678119 195.781199 292.144498 27.932211
0.325 10.417856 9.670889 3.927996 12.446464 15.692809 4.618721 196.191979 292.45092 27.305316
0.326 9.914641 9.404068 3.863318 12.372884 15.47318 4.587125 193.096751 284.492999 26.921395
0.327 9.677247 9.106883 3.810403 12.407512 15.475496 4.571983 193.590968 284.350656 26.767584
0.328 10.138716 9.260304 3.843712 12.50041 15.502478 4.560928 195.88816 285.692997 26.584197
0.329 10.701958 9.873605 4.026243 12.542375 15.530753 4.567771 197.870357 286.941624 26.577225
0.33 11.324337 10.106853 4.112944 12.592577 15.561593 4.594099 199.396346 288.060927 26.792264
0.331 10.65716 9.676665 4.115254 12.502986 15.523696 4.602276 199.251355 287.263663 26.928604
0.332 9.657399 8.898053 4.025408 12.351878 15.406308 4.598614 193.425025 284.618022 27.028822
0.333 9.962176 9.067036 3.959496 12.445721 15.415033 4.5759 196.901749 284.971676 26.816512
0.334 10.500298 9.425143 3.924419 12.450799 15.310376 4.562279 199.562194 280.437741 26.622302
0.335 10.487972 9.564273 3.930904 12.425495 15.308881 4.534641 195.106909 280.562181 26.271119
0.336 10.266799 9.136999 3.775807 12.456891 15.244019 4.519077 196.469336 277.724424 26.038139
0.337 9.402495 8.770341 3.687723 12.464963 15.19579 4.455502 194.188925 275.981563 25.306173
0.338 8.752507 8.226004 3.525573 12.658976 15.114144 4.367807 200.539214 273.475475 24.44064
0.339 7.896762 7.670883 3.195293 12.727635 14.987861 4.342786 202.573157 268.397793 24.343314
0.34 7.154196 7.329167 2.916547 12.682427 14.801714 4.331757 198.358797 260.645263 24.29805
0.341 7.126717 7.408696 2.930643 12.720032 14.834343 4.323277 202.555151 262.556121 24.348386
0.342 8.121308 8.117244 3.136608 12.66636 14.970873 4.335059 199.905617 267.627888 24.454539
0.343 8.506406 8.418646 3.252203 12.717688 15.058411 4.357168 201.574411 271.30826 24.570042
0.344 8.68621 8.498136 3.272062 12.621901 14.895044 4.321767 202.285744 266.139392 24.146018
0.345 8.667172 8.505287 3.22606 12.591655 15.004104 4.330062 199.912982 269.973972 24.278022
0.346 8.387315 8.155356 3.124821 12.597351 15.040945 4.349823 197.686508 270.42831 24.429797
0.347 8.311384 7.877987 3.093298 12.47129 14.886225 4.313449 197.432948 264.802138 24.034021
0.348 8.648699 8.264657 3.18216 12.495666 14.988711 4.369048 194.867061 268.111361 24.677661
0.349 8.519296 8.145943 3.18107 12.490487 14.951008 4.434565 199.302624 266.827735 25.438834
0.35 7.826344 7.693046 3.050635 12.603288 15.052193 4.429808 208.727734 270.502294 25.356228
0.351 7.846371 7.825498 3.064009 12.557849 15.23796 4.425113 202.718941 276.562558 25.332944
0.352 8.332316 8.17333 3.239854 12.587296 15.305495 4.437955 204.902325 279.076667 25.361625
0.353 8.459176 8.140257 3.392104 12.520831 15.430927 4.495694 200.639322 283.015906 25.782605
0.354 8.43749 8.055011 3.487549 12.526126 15.492161 4.551225 202.062249 284.354103 26.218801
0.355 8.204412 8.086525 3.557865 12.455264 15.533281 4.580604 195.00839 285.616838 26.481657
0.356 8.083464 8.127388 3.580427 12.506939 15.555259 4.575263 200.039837 286.978925 26.546913
0.357 8.272969 8.286431 3.554945 12.546559 15.438502 4.542509 206.898345 282.97802 26.273112
0.358 8.252495 8.267047 3.534725 12.584218 15.359615 4.529861 204.522649 280.700646 26.197599
0.359 8.209467 8.183524 3.48262 12.61824 15.326965 4.534997 199.91958 280.007836 26.312215
0.36 7.851406 7.859558 3.440037 12.558286 15.195052 4.519757 200.632603 275.878463 26.190387
0.361 7.332734 7.322551 3.303142 12.491437 15.082356 4.466606 194.339382 272.580299 25.674838
0.362 7.315185 7.386114 3.206895 12.698016 15.077726 4.426531 204.007464 272.701906 25.23303
0.363 7.352969 7.327594 3.107835 12.731266 14.980867 4.387468 200.40192 269.399522 24.817519
0.364 6.999754 7.016191 2.964127 12.579246 14.777061 4.37518 194.195575 262.307634 24.759036
0.365 6.92313 6.994715 2.860067 12.591924 14.818783 4.366792 195.173471 263.13456 24.707414
0.366 6.897628 6.929411 2.800499 12.659504 14.906862 4.374073 198.719339 266.016157 24.777546
0.367 6.857413 6.811692 2.823284 12.640056 14.942122 4.377267 196.474881 267.763248 24.787945
0.368 6.876599 6.743334 2.848549 12.475117 14.772436 4.352335 192.666329 261.883342 24.503625
0.369 6.891271 6.814479 2.904015 12.504176 14.893026 4.413762 192.53005 265.878426 25.094142
0.37 6.780219 6.668697 2.952367 12.547529 15.036689 4.445571 193.956407 270.610395 25.355329
0.371 6.896724 6.797138 3.022545 12.540291 15.0547 4.449938 195.888675 271.00419 25.373078
0.372 6.921396 6.901798 3.039322 12.515853 15.155226 4.476789 194.093572 273.782209 25.725454
0.373 6.891 6.940696 3.034776 12.598407 15.233601 4.499502 196.551897 276.367245 25.994107
0.374 6.959506 6.986349 3.068753 12.643408 15.282582 4.499409 198.189251 278.488616 25.975984
0.375 6.988449 6.935377 3.056711 12.619795 15.208147 4.489798 197.020907 275.622395 25.844172
0.376 6.820418 6.784352 3.064183 12.460177 15.061154 4.436066 192.934699 271.284514 25.284779
0.377 6.810051 6.808806 3.023796 12.30594 14.92184 4.373673 189.102491 267.125145 24.726058
0.378 6.475274 6.482785 2.967157 12.079703 14.639241 4.28611 182.914004 258.430126 23.856861
0.379 6.129972 6.177885 2.828553 11.689455 14.215342 4.18022 172.329563 244.829121 22.834919
0.38 5.84841 5.894582 2.682407 11.359129 13.853015 4.099789 163.761281 233.877192 22.113548
0.381 5.695585 5.704106 2.605404 11.273839 13.712989 4.06055 161.757306 229.934 21.752291
0.382 5.75432 5.733221 2.648073 11.310495 13.757228 4.081824 162.745428 231.130409 21.93799
0.383 5.872888 5.79506 2.703313 11.407895 13.86673 4.114876 165.142711 234.396311 22.299197
0.384 5.936858 5.855276 2.761755 11.427053 13.887336 4.122111 165.851283 235.160921 22.381492
0.385 5.946118 5.906236 2.806129 11.369794 13.84265 4.126158 164.045504 233.464831 22.396899
0.386 5.897733 5.867137 2.781235 11.325033 13.798005 4.117739 162.895113 232.083805 22.320533
0.387 5.77107 5.799128 2.747905 11.339477 13.820727 4.129288 163.40504 232.632418 22.452828
0.388 5.735713 5.841246 2.741688 11.432554 13.953533 4.166854 166.072191 236.82535 22.838966
0.389 5.709672 5.894257 2.768476 11.598926 14.090623 4.225544 171.250162 241.921185 23.450428
0.39 5.69869 5.85307 2.751843 11.733386 14.216126 4.26611 175.378984 246.470824 23.872196
0.391 5.507899 5.655189 2.748757 11.773232 14.276638 4.266446 177.128768 249.173742 23.895182
0.392 5.457177 5.532576 2.751636 11.76087 14.26606 4.278148 176.985047 249.088358 24.004764
0.393 5.720371 5.725383 2.845694 11.692 14.23453 4.278684 175.037477 247.920886 23.928881
0.394 6.032796 5.920222 2.999939 11.564502 14.12057 4.281911 171.403046 244.58072 23.980316
0.395 6.045721 5.956464 3.09045 11.526728 14.122885 4.292637 171.289717 245.460709 24.102939
0.396 6.106155 6.142093 3.168945 11.513251 14.144545 4.317682 170.811549 245.670902 24.340378
0.397 6.120341 6.180972 3.221945 11.520785 14.166517 4.349981 170.964645 246.111183 24.70635
0.398 6.110683 6.129837 3.255457 11.632492 14.287084 4.38213 174.211705 250.58173 25.065122
0.399 5.92968 5.964314 3.251042 11.643529 14.334502 4.413535 174.847766 252.215198 25.440657
0.4 5.858212 5.930958 3.264946 11.613068 14.343755 4.433532 173.755587 252.220911 25.665428
0.401 5.851432 5.932263 3.248814 11.596255 14.293652 4.430394 173.291359 250.397034 25.683157
0.402 5.759011 5.77193 3.208682 11.556559 14.231859 4.421357 172.019447 248.355503 25.611285
0.403 5.730728 5.713559 3.207219 11.560433 14.230703 4.418139 172.169818 248.43117 25.596001
0.404 5.711011 5.703073 3.21043 11.660224 14.347307 4.43706 175.827909 253.398432 25.828591
0.405 5.686658 5.665202 3.232127 11.736878 14.402823 4.444063 178.902215 256.092363 25.894683
0.406 5.582898 5.595048 3.227927 11.668635 14.326319 4.448693 178.141371 253.739574 25.947997
0.407 5.785449 5.772428 3.27352 11.55879 14.224108 4.435164 173.987054 250.416793 25.816379
0.408 5.858879 5.867167 3.287023 11.55444 14.175252 4.419338 175.722814 248.002025 25.625588
0.409 5.611881 5.656517 3.244446 11.456964 14.117542 4.401477 170.455353 246.10202 25.421047
0.41 5.464775 5.483304 3.172842 11.501463 14.166517 4.380599 172.606478 247.55812 25.217383
0.411 5.501989 5.488977 3.14552 11.524124 14.123776 4.34876 172.85686 244.919434 24.809604
0.412 5.641972 5.67744 3.214312 11.459111 14.092055 4.341029 169.134217 243.559546 24.675477
0.413 5.723999 5.772548 3.257385 11.462097 14.036854 4.350898 174.805017 241.55291 24.736524
0.414 5.610023 5.663324 3.21509 11.357975 13.970061 4.348111 166.865951 239.37435 24.740506
0.415 5.660707 5.724935 3.249619 11.307634 13.917693 4.350937 165.505056 237.318678 24.796831
0.416 5.719232 5.783208 3.312311 11.280897 13.901697 4.362647 164.387328 236.563934 24.890483
0.417 5.804827 5.826727 3.341188 11.335062 13.979407 4.401104 165.013777 239.099396 25.35529
0.418 5.786676 5.813892 3.332668 11.39193 14.0234 4.4355 166.632475 240.436437 25.771056
0.419 5.615909 5.701871 3.3257 11.34892 14.017426 4.450837 165.908769 240.540586 25.963159
0.42 5.52415 5.649261 3.305466 11.38595 14.088359 4.475458 166.895297 242.621066 26.202169
0.421 5.645382 5.760767 3.35969 11.348096 14.038053 4.47256 166.486958 240.82785 26.158674
0.422 5.612523 5.692636 3.37351 11.375079 14.058116 4.468714 166.507364 241.76981 26.118317
0.423 5.589439 5.705788 3.345413 11.392513 14.049084 4.444834 166.609976 241.104999 25.816513
0.424 5.50478 5.592266 3.253145 11.302922 13.944324 4.425304 164.160829 237.708619 25.62864
0.425 5.587268 5.614226 3.236996 11.256728 13.860289 4.385843 162.477068 234.898311 25.242079
0.426 5.221913 5.300989 3.050162 11.274227 13.864867 4.370815 162.727816 234.665438 25.048695
0.427 4.802359 4.846929 2.816483 11.178988 13.776315 4.338402 160.425878 232.048428 24.691908
0.428 4.566045 4.650274 2.673381 11.19317 13.781219 4.326474 160.930647 231.853677 24.586038
0.429 4.585116 4.667816 2.681608 11.310159 13.890197 4.310875 164.139964 235.442355 24.407812
0.43 4.876547 4.854216 2.748053 11.492721 14.059245 4.336122 170.120979 241.747064 24.711051
0.431 4.629104 4.625162 2.705618 11.469131 14.087521 4.358996 169.095687 242.799192 24.937613
0.432 4.609104 4.674192 2.692982 11.533403 14.158091 4.39437 171.399638 245.454908 25.35949
0.433 4.579577 4.608878 2.720443 11.408028 14.052794 4.408704 168.38734 242.009281 25.570434
0.434 4.664722 4.715759 2.773452 11.44179 14.058982 4.371603 169.801101 242.335383 25.166746
0.435 4.853758 4.891398 2.775198 11.397229 13.974143 4.358875 168.689751 239.025345 25.069075
0.436 4.821302 4.851362 2.754068 11.347243 13.939023 4.356589 167.571602 237.986767 25.085723
0.437 4.560096 4.566136 2.693781 11.243274 13.871131 4.347092 163.719223 235.342985 25.019496
0.438 4.518147 4.557606 2.673655 11.220081 13.837812 4.349646 162.171628 233.603819 25.01272
0.439 4.689192 4.753068 2.768098 11.286718 13.917388 4.373287 164.16253 235.874185 25.274434
0.44 4.897097 4.886247 2.876574 11.372718 14.003484 4.356632 166.055247 239.095982 24.948926
0.441 4.887971 4.864826 2.906979 11.342213 13.947588 4.33719 166.674543 238.433247 24.727914
0.442 5.012653 4.925535 2.949705 11.405306 14.040019 4.35174 169.074303 242.396967 25.065339
0.443 5.138172 5.063704 3.026187 11.507943 14.153438 4.368467 172.764183 247.350463 25.186765
0.444 5.289766 5.225805 3.10732 11.566659 14.221349 4.42839 174.911513 249.568894 25.949765
0.445 5.237083 5.217314 3.164015 11.501212 14.185707 4.435047 172.918594 247.779157 25.987203
0.446 5.078889 5.015845 3.111245 11.516466 14.198409 4.421594 172.441991 248.776971 25.750808
0.447 5.220596 5.001941 3.068939 11.740994 14.349748 4.411616 183.476754 254.963769 25.636527
0.448 5.322002 5.16079 3.133842 11.862404 14.518618 4.471373 184.63191 261.815942 26.382107
0.449 5.430109 5.211462 3.209877 11.841328 14.474907 4.478672 183.029333 259.485562 26.466697
0.45 5.208624 5.050408 3.150992 11.50546 14.121484 4.48005 173.268232 245.985306 26.554503
0.451 5.210101 5.143527 3.202896 11.466567 14.08611 4.489284 171.849955 244.787111 26.650877
0.452 5.093437 5.039326 3.249453 11.48705 14.146672 4.516694 173.310248 246.296322 26.888659
0.453 5.106419 5.128913 3.29436 11.424324 14.101862 4.523652 169.176135 244.357378 26.932305
0.454 5.01451 5.077378 3.253081 11.363497 14.062117 4.525372 166.808527 242.526042 26.911404
0.455 4.836827 4.954823 3.198474 11.289032 14.00468 4.506021 164.915905 240.225861 26.703668
0.456 4.655612 4.77258 3.16648 11.202971 13.937933 4.479479 161.733351 238.135154 26.416878
0.457 4.577624 4.672289 3.066575 11.140985 13.829629 4.470957 159.867234 234.411854 26.338538
0.458 4.467907 4.587371 2.977534 11.149385 13.849054 4.453797 159.937937 234.752405 26.156428
0.459 4.467948 4.564553 3.02919 11.13135 13.846703 4.472773 159.841715 234.949653 26.348006
0.46 4.529831 4.641749 3.0065 11.179608 13.877542 4.470383 161.168167 235.611661 26.278875
0.461 4.282735 4.450809 2.90928 11.191158 13.916935 4.455989 161.82852 237.288524 26.071557
0.462 4.341286 4.453177 2.901927 11.260301 13.997284 4.465439 164.100394 240.211796 26.14253
0.463 4.442749 4.573423 2.893455 11.28036 13.945596 4.417405 164.549237 238.706899 25.616966
0.464 4.404095 4.512408 2.874364 11.247857 13.885212 4.395477 163.557088 236.997328 25.440535
0.465 4.437899 4.567174 2.863804 11.319909 13.96856 4.425515 166.304575 240.26094 25.901493
0.466 4.355877 4.481861 2.860499 11.391924 14.053001 4.449489 168.578061 243.338754 26.222627
0.467 4.339542 4.456821 2.813911 11.323914 13.982137 4.416558 166.881595 241.226667 25.940948
0.468 4.247235 4.322971 2.672057 11.383442 14.035495 4.422555 168.895294 242.704086 26.022321
0.469 4.100238 4.135283 2.563491 11.520364 14.197222 4.411021 173.72984 248.002287 25.875216
0.47 4.041599 4.088111 2.464604 11.62615 14.285841 4.381561 176.531331 250.748504 25.493604
0.471 3.777199 3.870702 2.374871 11.68603 14.284534 4.382276 178.962186 250.914938 25.534643
0.472 3.868699 3.955665 2.322262 11.883348 14.495009 4.403974 183.24761 257.866046 25.731061
0.473 3.728745 3.744985 2.304422 11.804607 14.493573 4.380492 179.420297 257.465086 25.337696
0.474 3.724827 3.80989 2.292201 11.838461 14.466281 4.321918 180.235513 257.091327 24.740227
0.475 3.751002 3.825609 2.221982 11.733297 14.296812 4.255779 176.408648 251.051628 24.035435
0.476 3.60122 3.628949 2.147752 11.643585 14.120297 4.234117 173.818745 244.585469 23.807504
0.477 3.798555 3.839492 2.173958 11.82023 14.275808 4.229964 179.106609 250.344795 23.74716
0.478 3.679042 3.842838 2.117429 11.777556 14.157052 4.222223 176.732979 244.938434 23.603361
0.479 3.592649 3.607664 2.103301 11.770287 14.194716 4.257038 176.294302 246.627377 23.998303
0.48 3.801232 3.867167 2.145955 12.004819 14.38721 4.281213 182.357547 252.326742 24.251465
0.481 3.890999 3.998394 2.154042 11.839211 14.170557 4.279189 179.015775 243.910292 24.263293
0.482 3.744377 3.806907 2.13266 11.790702 14.10577 4.287575 175.809469 242.378228 24.452174
0.483 3.702906 3.798437 2.153093 11.722338 14.082486 4.294419 175.812862 241.710258 24.58136
0.484 3.633391 3.773895 2.16945 11.537872 13.972077 4.291896 169.097975 238.169667 24.51892
0.485 3.577078 3.700881 2.146042 11.470561 13.82449 4.213665 168.47678 234.157895 23.781063
0.486 3.496925 3.591901 2.053778 11.357219 13.683108 4.193524 164.319428 229.71067 23.596369
0.487 3.33854 3.44375 1.977451 11.29614 13.604618 4.216437 163.179781 226.739755 23.741701
0.488 3.359683 3.429626 1.995509 11.147209 13.472608 4.15027 158.706454 223.22796 23.05333
0.489 3.292579 3.358659 2.014331 11.083585 13.512418 4.189512 157.541002 224.752158 23.485072
0.49 3.296117 3.362909 2.038248 11.114 13.528803 4.212004 158.685995 225.428239 23.656713
0.491 3.397335 3.468661 2.058741 11.131283 13.590689 4.207624 159.479695 227.80114 23.638061
0.492 3.198456 3.323821 2.062084 11.025926 13.626307 4.282156 156.615046 228.485125 24.484778
0.493 3.197389 3.295907 2.055475 11.177047 13.738637 4.332121 161.10828 231.4684 24.894761
0.494 3.210954 3.338943 2.026965 11.344451 13.909799 4.3787 164.533002 236.334813 25.50335
0.495 3.263468 3.395401 2.047551 11.592087 14.223356 4.410722 172.874302 246.207909 25.789932
0.496 3.316779 3.393807 2.087521 11.407861 13.999406 4.3821 165.713985 238.542652 25.429658
0.497 3.361424 3.425847 2.090134 11.316442 13.871391 4.340371 163.256984 234.953755 25.009564
0.498 3.407106 3.455119 2.105572 11.32637 13.825502 4.353497 164.970861 233.362097 25.195698
0.499 3.424197 3.477643 2.126298 11.298525 13.830316 4.377555 162.574198 233.163128 25.435112
0.5 3.344617 3.382836 2.134523 11.250364 13.801588 4.384394 161.158006 232.260961 25.58093
0.501 3.378501 3.410959 2.156377 11.287181 13.825909 4.397669 161.757599 232.980683 25.723929
0.502 3.353862 3.422115 2.154255 11.346316 13.919657 4.414208 164.371602 236.268373 25.905338
0.503 3.313832 3.365495 2.152974 11.292298 13.894341 4.408191 162.667625 235.670169 25.807341
0.504 3.299056 3.378023 2.142831 11.200764 13.760129 4.378686 159.90202 230.868213 25.482096
0.505 3.149521 3.262834 2.089031 11.329391 13.90859 4.42297 163.656135 235.836081 25.92045
0.506 3.106244 3.245312 2.062325 11.313222 13.878006 4.390955 167.419547 235.751532 25.621033
0.507 3.153399 3.332619 2.075206 11.185933 13.704631 4.338227 160.926611 230.332619 25.17593
0.508 3.174146 3.401521 2.108013 11.051768 13.596465 4.306805 157.889052 227.320062 24.883111
0.509 3.29365 3.474445 2.155122 10.939295 13.439075 4.265474 155.521687 223.146225 24.499737
0.51 3.26286 3.451924 2.151054 10.876675 13.406229 4.263092 153.524029 221.958214 24.489325
0.511 3.208099 3.416224 2.153554 10.982102 13.52578 4.322613 156.228562 226.045604 25.0172
0.512 3.328933 3.525612 2.184023 11.134671 13.681692 4.375252 159.863081 230.636232 25.540471
0.513 3.314698 3.479205 2.148457 11.337012 13.874743 4.429907 165.838698 236.963155 26.1621
0.514 3.137444 3.305332 2.070951 11.346092 13.823261 4.439973 165.286808 234.903426 26.218727
0.515 3.108563 3.309329 2.02766 11.369995 13.849428 4.428546 165.85156 235.626851 26.078945
0.516 3.107128 3.262503 2.025977 11.369041 13.93989 4.446741 166.394669 239.456163 26.291302
0.517 3.158603 3.331695 2.056431 11.265275 13.78661 4.400762 163.041834 233.433018 25.709027
0.518 3.312963 3.452475 2.093449 11.266039 13.829391 4.392088 163.016407 234.844029 25.599916
0.519 3.232623 3.377064 2.070907 11.293316 13.822649 4.457012 165.404351 235.378157 26.574962
0.52 3.314491 3.461077 2.118353 11.217232 13.816383 4.433706 163.492049 235.439452 26.224908
0.521 3.547629 3.70963 2.168545 11.363938 13.90779 4.3814 169.263908 239.818785 25.74433
0.522 3.508243 3.743121 2.219789 11.516371 14.077885 4.40617 173.847525 245.711736 26.022299
0.523 3.468002 3.589348 2.180626 11.50495 14.10812 4.427637 174.856106 247.131122 26.325878
0.524 3.318804 3.465857 2.113766 11.846285 14.456948 4.491856 186.435785 258.395594 27.023094
0.525 3.261929 3.460548 2.094252 12.097412 14.763888 4.536384 190.923853 268.701025 27.556012
0.526 3.679437 3.718346 2.186384 11.815129 14.415828 4.422775 183.457468 259.258912 26.339707
0.527 4.306337 4.283025 2.337949 11.816073 14.356492 4.35712 184.884824 258.877641 25.687328
0.528 4.567832 4.46936 2.462834 11.706078 14.235942 4.382038 181.021128 254.845286 25.986044
0.529 4.733263 4.570828 2.523903 11.720223 14.28381 4.443244 180.572826 255.251826 26.581215
0.53 4.608264 4.368841 2.528481 11.686683 14.264304 4.432889 178.80225 254.050425 26.625085
0.531 4.900865 4.757593 2.624704 11.745152 14.285832 4.451445 179.376735 253.087445 26.751397
0.532 4.9349 4.777301 2.712582 11.617282 14.237887 4.494597 175.716867 251.13034 27.098814
0.533 4.873948 4.723911 2.839814 11.580487 14.172935 4.504756 174.482528 248.883554 27.335626
0.534 5.012227 4.961659 2.898917 11.641457 14.160518 4.497025 175.769513 247.832681 27.090742
0.535 5.025749 4.963295 2.926535 11.622673 14.18694 4.53199 179.091841 248.377545 27.413915
0.536 4.907813 4.844051 2.897991 11.470987 14.04623 4.470404 170.763725 243.924924 26.778424
0.537 4.94342 4.963036 2.971623 11.424578 13.993034 4.454535 168.981775 241.757385 26.56481
0.538 5.050655 5.097603 3.052767 11.421486 14.048995 4.488744 168.677381 243.286361 26.851159
0.539 4.787268 4.857246 2.99204 11.319838 13.928964 4.472391 166.296184 239.904785 26.739806
0.54 4.738198 4.816976 3.017187 11.225508 13.812011 4.469504 163.657895 236.085217 26.721499
0.541 4.685543 4.779417 3.022957 11.114834 13.74637 4.486182 160.185641 233.403759 26.976223
0.542 4.670631 4.718461 3.072623 11.112778 13.743369 4.505342 160.495665 233.434835 27.267936
0.543 4.790628 4.896829 3.160228 11.110247 13.715401 4.507736 160.22866 232.389734 27.267376
0.544 4.700718 4.80767 3.104266 11.087669 13.708975 4.516302 158.850347 231.34136 27.389783
0.545 4.61804 4.734246 3.076686 11.096835 13.732702 4.509217 159.592429 232.247342 27.303708
0.546 4.701126 4.861598 3.142107 11.08842 13.711849 4.504394 158.883808 231.516401 27.1838
0.547 4.838897 4.843773 3.193537 11.041713 13.673224 4.515118 157.095601 230.095627 27.356483
0.548 4.90783 4.94183 3.25581 11.065056 13.687122 4.529498 158.150508 231.351111 27.604475
0.549 4.80869 4.838531 3.290027 11.018018 13.593269 4.52699 157.423513 228.40982 27.519842
0.55 4.739803 4.746308 3.204256 10.996624 13.661816 4.519556 156.27616 230.456978 27.472175
0.551 4.786397 4.772426 3.060331 11.138386 13.775668 4.534799 160.349459 233.878359 27.733342
0.552 4.776931 4.840525 3.063602 11.247884 13.880948 4.51653 165.049071 237.771459 27.465299
0.553 4.870437 4.98472 3.127006 11.231554 13.911474 4.545858 163.804136 238.782676 27.792839
0.554 4.909882 4.899521 3.12974 11.201356 13.875311 4.561585 163.091947 238.070966 28.030221
0.555 4.835338 4.829078 3.150651 11.204658 13.841772 4.569993 163.394787 236.772327 28.133591
0.556 4.700556 4.738158 3.101806 11.172054 13.834302 4.576484 161.872053 236.1718 28.26387
0.557 4.742377 4.738045 3.081288 11.245704 13.902827 4.565324 166.662489 238.950698 28.195607
0.558 4.742924 4.741214 3.003633 11.247253 13.889907 4.579487 164.654847 238.339173 28.443141
0.559 4.673283 4.762241 3.093306 11.307952 13.971611 4.605842 166.245533 241.587242 28.636595
0.56 4.943907 5.018045 3.188259 11.337607 13.975593 4.615207 166.836653 241.425818 28.742797
0.561 5.10433 5.221103 3.169671 11.406069 14.042158 4.625557 168.342792 242.958897 28.872297
0.562 4.935774 5.002637 3.174836 11.440455 14.109152 4.657111 170.039897 246.230159 29.250734
0.563 5.020943 5.02043 3.178732 11.582227 14.25007 4.6713 174.569997 251.365524 29.357864
0.564 5.347172 5.367333 3.225165 11.786781 14.448214 4.680504 180.788035 258.187473 29.464317
0.565 5.444696 5.494113 3.331083 11.918236 14.558834 4.69269 186.001437 262.889541 29.635771
0.566 5.619536 5.706209 3.353693 11.94153 14.550883 4.674677 187.776747 262.263985 29.491135
0.567 5.536523 5.605797 3.347687 11.945956 14.611023 4.708307 186.977466 264.869331 29.963472
0.568 5.554436 5.628828 3.366993 11.948379 14.59332 4.698892 187.439115 263.755428 29.792689
0.569 5.439659 5.464632 3.319457 11.736551 14.330982 4.631635 181.185019 253.902091 28.909245
0.57 5.430888 5.478112 3.303605 11.699343 14.294277 4.591373 179.057863 252.693531 28.440366
0.571 5.447425 5.453601 3.41057 11.667501 14.321111 4.637708 177.507078 253.815497 28.985637
0.572 5.501763 5.386252 3.278578 11.654911 14.304982 4.635373 176.692233 252.867342 29.074485
0.573 5.315409 5.242499 3.180463 11.695056 14.346263 4.647957 178.56857 253.863543 28.998229
0.574 5.265655 5.11866 3.093681 11.582341 14.14632 4.574789 173.635892 246.225851 28.158812
0.575 5.229828 5.033183 3.050224 11.4073 14.014274 4.517589 167.44232 241.409169 27.485085
0.576 4.95886 4.85443 3.024769 11.33314 13.92852 4.542453 168.299703 238.831465 27.885444
0.577 4.963982 4.887237 3.071395 11.295763 13.865913 4.558901 165.258604 236.598333 28.150768
0.578 4.962627 4.869327 3.160358 11.314392 13.952027 4.57574 166.147978 240.323974 28.12643
0.579 4.903736 4.866994 3.119564 11.297938 13.877432 4.544708 167.859935 238.345698 28.042419
0.58 4.858729 4.802485 3.112708 11.30608 13.895142 4.57415 168.281977 239.519927 28.471866
0.581 5.075121 4.983203 3.097133 11.462912 14.015492 4.577933 172.22826 243.571852 28.599505
0.582 5.213121 5.285493 3.192633 11.626007 14.255214 4.636409 176.751297 250.929871 29.092006
0.583 5.10026 5.035405 3.229539 11.569128 14.277772 4.633583 174.908139 252.521221 29.024311
0.584 5.118836 5.102122 3.328415 11.563025 14.211533 4.659423 176.791274 250.803797 29.379355
0.585 5.579355 5.5629 3.473273 11.845111 14.49558 4.720235 186.962298 260.98241 30.05562
