####### LIGHTCURVES AND MEAN ENERGIES
####### 3 NEUTRINO SPECIES: NU_E, NUBAR_E AND N_X
####### ALL QUANTITIES ARE MEASURED AT 500 KM FROM THE CENTER
#######
####### FROM MODEL H (BUGLI ET AL. 2020,2021)
####### B0=0 G, l=-, r0=1.00e8 cm
####### UNITS: TIME [s], LUMINOSITY [erg/s], ENERGY [MeV]
# TIME	L_NU_E     	L_NU_BAR   	L_NU_X     	E_NU_E     	E_NU_BAR  	E_NU_X      	E2_NU_E    	E2_NU_BAR 	E2_NU_X
0.001 1.2937386999999999e+53 3.6e+47 2.3e+47 11.133366 6.021724 0.878681 142.117262 48.513509 0.984419
0.002 9.325376e+52 9.9301e+50 5.6105e+50 11.131566 10.025633 2.508792 143.127193 116.244109 7.625569
0.003 4.608130700000001e+53 5.12715e+51 7.76995e+51 14.380093 14.080863 4.702758 236.867013 230.36313 27.601314
0.004 4.7304355e+53 3.31694e+51 7.99296e+51 13.949284 12.146827 6.667005 224.514691 176.734217 65.495194
0.005 3.2970624000000002e+53 4.98963e+51 6.56461e+51 12.656946 11.733443 6.456055 184.326561 159.488672 64.830629
0.006 3.3163884e+53 6.43524e+51 6.69405e+51 12.885295 11.718359 5.572381 189.625762 159.213915 46.441658
0.007 2.7603579e+53 7.686129999999999e+51 8.75107e+51 12.420731 11.418304 4.796323 177.394967 151.304851 32.038543
0.008 3.1928671000000002e+53 7.56131e+51 1.25909e+52 12.79155 11.294896 4.717705 186.990753 148.933356 29.248065
0.009 2.6727540999999997e+53 7.46532e+51 1.5416780000000002e+52 12.313919 11.341169 4.607655 176.799415 149.983792 27.540296
0.01 2.5284496e+53 7.14971e+51 1.607277e+52 12.073142 11.341797 4.539476 171.62116 150.05889 26.742572
0.011 2.295853e+53 7.00126e+51 1.5169490000000002e+52 11.556009 11.286072 4.512015 157.747069 149.683085 26.395179
0.012 2.093066e+53 6.58415e+51 1.287659e+52 11.281301 10.879353 4.322423 150.787628 139.924536 24.479192
0.013 1.6591757e+53 8.19447e+51 1.365748e+52 10.661958 10.978889 4.212503 134.481389 141.072122 22.836371
0.014 1.5262232e+53 9.823469999999999e+51 1.5346949999999998e+52 10.329462 10.97577 4.250115 125.235734 140.246813 23.039892
0.015 1.6041602e+53 1.214477e+52 1.6536489999999998e+52 10.582569 11.283831 4.373866 130.701483 148.854009 24.456698
0.016 1.7772773999999998e+53 1.389782e+52 1.756999e+52 11.096908 11.316137 4.310526 143.884609 149.859025 23.905156
0.017 1.5880565e+53 1.5243750000000001e+52 1.912426e+52 10.840861 11.351575 4.261869 137.550317 150.999602 23.387419
0.018 1.5092022e+53 1.623632e+52 2.0599789999999997e+52 10.717901 11.387545 4.259153 134.568832 152.160493 23.228695
0.019 1.43751e+53 1.6297e+52 2.172428e+52 10.571671 11.336384 4.279434 131.534341 150.700883 23.349123
0.02 1.3346905e+53 1.648507e+52 2.210819e+52 10.351289 11.297317 4.299599 126.516117 149.287026 23.547374
0.021 1.2448205e+53 1.689546e+52 2.189161e+52 10.201453 11.283023 4.304143 123.480168 148.277882 23.609919
0.022 1.1367139999999998e+53 1.798218e+52 2.161622e+52 9.953087 11.330833 4.293508 118.419375 149.053642 23.534815
0.023 1.0901253e+53 1.9252e+52 2.1335220000000002e+52 9.860236 11.392875 4.278038 115.525053 150.452791 23.384662
0.024 1.0616966e+53 2.092513e+52 2.148472e+52 9.833784 11.488543 4.25614 115.848092 152.949564 23.163403
0.025 1.0442361e+53 2.2821889999999998e+52 2.200957e+52 9.817053 11.606572 4.243989 116.092826 156.013314 23.010517
0.026 1.0495861e+53 2.411845e+52 2.2449849999999997e+52 9.838857 11.658389 4.215043 115.396053 157.641888 22.709818
0.027 1.0411488e+53 2.4943240000000003e+52 2.270861e+52 9.846798 11.716723 4.19324 115.587987 159.562046 22.475603
0.028 9.961674e+52 2.5924179999999996e+52 2.3461150000000002e+52 9.750967 11.741209 4.183604 114.309245 159.928878 22.244877
0.029 9.528056e+52 2.589794e+52 2.3695e+52 9.609728 11.687054 4.161917 111.47606 158.640412 22.01926
0.03 9.251791e+52 2.664353e+52 2.393761e+52 9.509497 11.757515 4.182991 108.63291 160.591366 22.226788
0.031 8.922371e+52 2.664874e+52 2.378208e+52 9.41889 11.691412 4.172735 106.677771 158.545499 22.108638
0.032 8.569568e+52 2.739096e+52 2.375731e+52 9.322077 11.707666 4.16752 104.75764 158.867491 22.06743
0.033 8.23892e+52 2.846762e+52 2.38216e+52 9.2374 11.745448 4.163081 103.747145 159.785018 22.026303
0.034 8.170921e+52 2.976688e+52 2.401882e+52 9.250876 11.791692 4.156538 105.199935 160.99332 21.961572
0.035 8.157226e+52 3.108862e+52 2.439314e+52 9.278034 11.847282 4.148024 104.841334 162.471675 21.863443
0.036 8.102038e+52 3.253423e+52 2.485998e+52 9.305509 11.92337 4.139914 105.062838 164.583972 21.765794
0.037 8.102635e+52 3.417141e+52 2.544874e+52 9.327296 12.01352 4.142095 105.344528 167.117158 21.758024
0.038 8.022413e+52 3.501131e+52 2.580616e+52 9.329866 12.040664 4.13123 105.34311 167.94272 21.624043
0.039 7.853704e+52 3.611507e+52 2.632139e+52 9.264644 12.087407 4.126337 103.437774 169.368673 21.560763
0.04 7.657061e+52 3.697031e+52 2.666853e+52 9.189445 12.116922 4.125969 101.879585 170.208416 21.543717
0.041 7.49829e+52 3.7266159999999997e+52 2.670608e+52 9.11964 12.111296 4.126178 100.41935 170.112229 21.539868
0.042 7.350803e+52 3.755202e+52 2.661962e+52 9.061927 12.104092 4.122279 99.570249 169.907837 21.512942
0.043 7.217163000000001e+52 3.8292320000000003e+52 2.6718069999999997e+52 9.028081 12.127147 4.126993 99.862542 170.429181 21.56132
0.044 7.071554e+52 3.907908e+52 2.665448e+52 8.981426 12.152027 4.122421 98.468133 171.254301 21.535074
0.045 6.982063e+52 3.999991e+52 2.6716199999999997e+52 8.953764 12.155678 4.109209 97.649881 171.365774 21.405699
0.046 6.948396e+52 4.0984290000000005e+52 2.682029e+52 8.955345 12.181896 4.102699 97.744527 172.157918 21.338663
0.047 6.936661e+52 4.1673920000000005e+52 2.693621e+52 8.978984 12.187388 4.091296 98.925037 172.352778 21.221422
0.048 6.882595e+52 4.2731389999999994e+52 2.721682e+52 8.981597 12.217874 4.087508 98.563903 173.200613 21.171444
0.049 6.833394e+52 4.3767250000000005e+52 2.742474e+52 8.979053 12.255171 4.088099 98.327336 174.366561 21.185181
0.05 6.776954e+52 4.437994e+52 2.7521969999999997e+52 8.971675 12.255407 4.079325 98.177543 174.443597 21.094386
0.051 6.684619e+52 4.508035e+52 2.769848e+52 8.951338 12.269422 4.075474 97.609828 174.829164 21.049115
0.052 6.573974e+52 4.596986e+52 2.794687e+52 8.917498 12.304074 4.077815 97.085216 175.812553 21.071877
0.053 6.472336e+52 4.66441e+52 2.802659e+52 8.890621 12.325146 4.077495 96.542898 176.471156 21.072932
0.054 6.380959e+52 4.71007e+52 2.812827e+52 8.86255 12.332861 4.079807 95.819622 176.679265 21.102962
0.055 6.318164e+52 4.771026e+52 2.821346e+52 8.840199 12.354823 4.080081 95.326328 177.329289 21.104012
0.056 6.297409e+52 4.825580000000001e+52 2.831502e+52 8.833407 12.37768 4.079498 95.241419 177.963605 21.097576
0.057 6.282945e+52 4.866865e+52 2.833821e+52 8.839827 12.389339 4.077753 95.404559 178.358249 21.080338
0.058 6.215282e+52 4.926919e+52 2.826997e+52 8.837914 12.415786 4.074403 95.508947 179.239361 21.044958
0.059 6.076056e+52 5.018297e+52 2.841156e+52 8.808581 12.44842 4.07874 94.887214 180.171702 21.081057
0.06 5.953763e+52 5.059069e+52 2.8458869999999996e+52 8.773358 12.456494 4.077424 94.149525 180.422126 21.060052
0.061 5.897936e+52 5.015902999999999e+52 2.851213e+52 8.753616 12.419397 4.06885 93.744967 179.329327 20.967223
0.062 5.878146e+52 4.985486e+52 2.8698649999999997e+52 8.750974 12.403995 4.068553 93.758646 178.848238 20.964092
0.063 5.877488999999999e+52 4.988135e+52 2.870924e+52 8.765981 12.419519 4.075389 94.184488 179.317676 21.039383
0.064 5.874069999999999e+52 5.019496e+52 2.858248e+52 8.779093 12.43162 4.084469 94.518887 179.622022 21.145284
0.065 5.8598e+52 5.082402e+52 2.8399369999999997e+52 8.786531 12.432163 4.0848 94.690763 179.616421 21.168245
0.066 5.855749000000001e+52 5.20214e+52 2.847612e+52 8.81678 12.461472 4.083072 95.369539 180.504417 21.16811
0.067 5.867715999999999e+52 5.382634999999999e+52 2.887788e+52 8.858198 12.526816 4.084325 96.378809 182.449343 21.200262
0.068 5.935389e+52 5.57645e+52 2.926849e+52 8.911032 12.615355 4.090003 97.580087 185.126177 21.267297
0.069 6.028813999999999e+52 5.636567999999999e+52 2.927946e+52 8.957954 12.628635 4.081262 98.824211 185.537414 21.17642
0.07 6.088962999999999e+52 5.601545e+52 2.917753e+52 8.993468 12.598441 4.073128 99.943978 184.636319 21.08729
0.071 6.080875e+52 5.598535e+52 2.92142e+52 8.995089 12.592088 4.069648 99.599306 184.434489 21.047208
0.072 6.059465e+52 5.673931e+52 2.9374859999999995e+52 8.99204 12.634341 4.076043 99.602138 185.693972 21.118066
0.073 6.058264e+52 5.729606e+52 2.935923e+52 8.997554 12.669084 4.083649 99.517729 186.769457 21.199378
0.074 6.033488000000001e+52 5.723024999999999e+52 2.922137e+52 9.004372 12.652137 4.082841 100.096049 186.238806 21.183755
0.075 6.001651e+52 5.754654e+52 2.9273120000000003e+52 9.00493 12.660241 4.085215 99.950514 186.50399 21.207853
0.076 6.012546999999999e+52 5.832917e+52 2.945258e+52 9.016581 12.699225 4.087307 100.111824 187.668756 21.230651
0.077 6.061922e+52 5.884797e+52 2.950964e+52 9.047274 12.730463 4.093117 100.790237 188.617214 21.286337
0.078 6.094108e+52 5.881258e+52 2.936385e+52 9.076903 12.727037 4.092704 101.397798 188.526587 21.283386
0.079 6.100971e+52 5.901336999999999e+52 2.9384929999999996e+52 9.087776 12.722042 4.090148 101.536941 188.33519 21.259974
0.08 6.128020000000001e+52 5.973428e+52 2.95094e+52 9.103951 12.751407 4.09033 101.980737 189.231014 21.267399
0.081 6.184623e+52 6.041049e+52 2.956879e+52 9.143768 12.784271 4.093381 102.923317 190.248856 21.297039
0.082 6.237599e+52 6.095909e+52 2.958903e+52 9.186347 12.807183 4.095953 103.704577 190.957365 21.326315
0.083 6.261713e+52 6.159970999999999e+52 2.963104e+52 9.209386 12.826588 4.094884 104.187848 191.529991 21.319474
0.084 6.283812e+52 6.219407e+52 2.969328e+52 9.229314 12.847146 4.094735 104.654544 192.149024 21.319642
0.085 6.319357e+52 6.255303999999999e+52 2.975371e+52 9.252923 12.863061 4.094824 105.125639 192.658223 21.324559
0.086 6.362317e+52 6.285354e+52 2.983943e+52 9.281373 12.879351 4.098208 105.967032 193.160247 21.359217
0.087 6.394035e+52 6.315353e+52 2.989267e+52 9.303569 12.896376 4.099167 106.495228 193.695307 21.373604
0.088 6.413697e+52 6.339199e+52 2.987641e+52 9.320214 12.908553 4.10097 107.068777 194.07154 21.395046
0.089 6.428906e+52 6.364979e+52 2.987295e+52 9.336803 12.921565 4.105252 107.611895 194.449256 21.440571
0.09 6.436120999999999e+52 6.39731e+52 2.993739e+52 9.350172 12.935356 4.106427 107.567875 194.898624 21.458494
0.091 6.448966000000001e+52 6.441256000000001e+52 3.0042499999999997e+52 9.366315 12.957462 4.109245 107.754026 195.574773 21.485764
0.092 6.474677e+52 6.476803000000001e+52 3.007683e+52 9.388075 12.980678 4.112034 108.236276 196.322842 21.514102
0.093 6.495434000000001e+52 6.489006999999999e+52 3.0074019999999997e+52 9.410374 12.987951 4.113668 109.0697 196.554851 21.530304
0.094 6.507598e+52 6.495375e+52 3.008151e+52 9.424974 12.988642 4.114906 109.386987 196.559051 21.540907
0.095 6.523112e+52 6.523968e+52 3.0133329999999996e+52 9.441348 13.002569 4.116526 109.736903 196.985127 21.555672
0.096 6.552011000000001e+52 6.5715e+52 3.020516e+52 9.463027 13.028503 4.120372 110.062895 197.805531 21.597871
0.097 6.588526e+52 6.604650999999999e+52 3.018182e+52 9.492719 13.04499 4.122194 111.082406 198.338265 21.618427
0.098 6.603439e+52 6.640970000000001e+52 3.016199e+52 9.512492 13.058109 4.122693 111.36603 198.734733 21.624273
0.099 6.624123e+52 6.699065e+52 3.0232670000000003e+52 9.532973 13.079635 4.123884 111.958721 199.395802 21.638115
0.1 6.65878e+52 6.750933e+52 3.02769e+52 9.555851 13.103559 4.124924 112.199867 200.142534 21.650913
0.101 6.703294999999999e+52 6.787257000000001e+52 3.032131e+52 9.585815 13.121919 4.126719 112.751743 200.7389 21.673158
0.102 6.737110999999999e+52 6.821899e+52 3.035497e+52 9.610661 13.135505 4.127801 113.494763 201.156988 21.683284
0.103 6.771073e+52 6.860685000000001e+52 3.035904e+52 9.635338 13.15525 4.130037 114.082774 201.780992 21.708749
0.104 6.804285e+52 6.89957e+52 3.040085e+52 9.658837 13.171699 4.130937 114.714714 202.306001 21.722712
0.105 6.831646e+52 6.937511e+52 3.045788e+52 9.677693 13.187987 4.13196 115.10273 202.808878 21.733434
0.106 6.863762e+52 6.97114e+52 3.053356e+52 9.695646 13.208007 4.134671 115.348069 203.479132 21.763548
0.107 6.902166e+52 6.985019999999999e+52 3.056969e+52 9.719467 13.220269 4.13564 116.461779 203.899427 21.772415
0.108 6.924924e+52 6.979997e+52 3.0560230000000004e+52 9.735695 13.225997 4.138039 116.535178 204.100307 21.795006
0.109 6.934612e+52 6.978557e+52 3.060616e+52 9.749189 13.228181 4.140942 116.646421 204.161946 21.828592
0.11 6.934623e+52 6.989117e+52 3.0652499999999995e+52 9.762628 13.234527 4.141105 117.171848 204.371933 21.834312
0.111 6.939475999999999e+52 7.008022999999999e+52 3.0725760000000003e+52 9.776601 13.246922 4.142855 117.621121 204.786847 21.856978
0.112 6.948336e+52 7.017209e+52 3.076032e+52 9.792558 13.255152 4.144075 118.15718 205.0591 21.871466
0.113 6.959155e+52 7.028172e+52 3.0794419999999996e+52 9.80941 13.265148 4.14722 118.430806 205.379431 21.908017
0.114 6.973441e+52 7.059e+52 3.0823499999999997e+52 9.826786 13.280874 4.150934 118.73575 205.867946 21.953795
0.115 6.990443e+52 7.101431e+52 3.081561e+52 9.848069 13.298484 4.155631 119.472709 206.407367 22.00347
0.116 7.011126e+52 7.153528e+52 3.084603e+52 9.869498 13.320349 4.158546 119.777888 207.104642 22.038845
0.117 7.041909e+52 7.208467e+52 3.0936659999999997e+52 9.894764 13.343639 4.16121 120.389821 207.851399 22.066464
0.118 7.084088e+52 7.251544e+52 3.1000960000000003e+52 9.920962 13.366505 4.163741 120.854013 208.581946 22.091503
0.119 7.121381e+52 7.265409e+52 3.0998960000000004e+52 9.943037 13.377697 4.165334 121.198815 208.959709 22.107749
0.12 7.145832e+52 7.273051e+52 3.098971e+52 9.962632 13.382549 4.16788 121.869631 209.109108 22.134088
0.121 7.164125000000001e+52 7.289697000000001e+52 3.101493e+52 9.97906 13.392145 4.170776 122.190548 209.408124 22.166048
0.122 7.185864999999999e+52 7.32012e+52 3.107227e+52 9.996854 13.411575 4.1739 122.563784 210.041841 22.202072
0.123 7.208845e+52 7.344324e+52 3.110661e+52 10.015284 13.428991 4.176259 122.896547 210.615104 22.228187
0.124 7.225949e+52 7.354997e+52 3.113387e+52 10.032009 13.439319 4.17788 123.382975 210.973586 22.24909
0.125 7.233004e+52 7.352495e+52 3.113115e+52 10.045564 13.444461 4.178273 123.748766 211.165865 22.25482
0.126 7.239550000000001e+52 7.352039999999999e+52 3.1177109999999996e+52 10.058921 13.452213 4.179968 124.39954 211.435869 22.277176
0.127 7.243826e+52 7.346868e+52 3.121464e+52 10.069226 13.459285 4.183028 124.519643 211.673824 22.309332
0.128 7.251462e+52 7.341999000000001e+52 3.122369e+52 10.085169 13.4668 4.18654 124.860998 211.933182 22.348917
0.129 7.248152e+52 7.344082e+52 3.1225489999999995e+52 10.099817 13.471491 4.189946 125.133574 212.094092 22.386785
0.13 7.25014e+52 7.369294e+52 3.1266850000000003e+52 10.118473 13.485451 4.193512 125.813124 212.555303 22.424496
0.131 7.261537999999999e+52 7.400385e+52 3.130375e+52 10.136938 13.502386 4.194987 126.132477 213.125885 22.439711
0.132 7.27593e+52 7.427784e+52 3.1346029999999996e+52 10.155403 13.52026 4.19679 126.613 213.708189 22.456917
0.133 7.289066e+52 7.437011e+52 3.132702e+52 10.172608 13.530375 4.197846 127.133429 214.051655 22.468359
0.134 7.293315e+52 7.446726e+52 3.131207e+52 10.187148 13.536258 4.199049 127.547815 214.23784 22.481841
0.135 7.297621e+52 7.483491e+52 3.133483e+52 10.201658 13.554184 4.20167 127.893807 214.809408 22.508489
0.136 7.318937e+52 7.537663e+52 3.138186e+52 10.221612 13.581328 4.203671 128.256913 215.713993 22.531621
0.137 7.345813e+52 7.576485e+52 3.139585e+52 10.243615 13.602013 4.205188 128.711289 216.414499 22.546226
0.138 7.372639e+52 7.605358e+52 3.1441159999999996e+52 10.268689 13.617867 4.20762 129.544748 216.930639 22.569934
0.139 7.39525e+52 7.629292999999999e+52 3.148269e+52 10.288951 13.631069 4.209817 130.014599 217.363188 22.592332
0.14 7.417779e+52 7.643493999999999e+52 3.14887e+52 10.310111 13.641556 4.209768 130.75201 217.720908 22.591103
0.141 7.425159e+52 7.652778e+52 3.149075e+52 10.322064 13.650082 4.209526 130.807408 217.999343 22.587547
0.142 7.432776e+52 7.673622e+52 3.151771e+52 10.334979 13.661774 4.209357 131.111155 218.375444 22.583328
0.143 7.444043999999999e+52 7.686032e+52 3.149002e+52 10.351684 13.674588 4.209185 131.692353 218.834984 22.579972
0.144 7.449400999999999e+52 7.691708e+52 3.151572e+52 10.363481 13.684777 4.209852 131.969551 219.192412 22.585572
0.145 7.456337000000001e+52 7.691821e+52 3.156e+52 10.374086 13.694648 4.212626 131.98557 219.531673 22.613289
0.146 7.461086e+52 7.6744e+52 3.152156e+52 10.387582 13.697303 4.213634 132.315843 219.647305 22.622305
0.147 7.451332e+52 7.666397e+52 3.15028e+52 10.400058 13.699787 4.215024 132.818936 219.72919 22.637139
0.148 7.433936e+52 7.668243000000001e+52 3.152334e+52 10.406032 13.705768 4.215747 132.933195 219.938682 22.644872
0.149 7.42869e+52 7.659087000000001e+52 3.154666e+52 10.415263 13.712607 4.215855 133.063846 220.191418 22.645028
0.15 7.421554999999999e+52 7.636598e+52 3.152474e+52 10.426034 13.713951 4.216699 133.376832 220.240315 22.65158
0.151 7.407555999999999e+52 7.627225000000001e+52 3.147738e+52 10.436255 13.717078 4.218363 133.905979 220.349317 22.670078
0.152 7.394079999999999e+52 7.638616e+52 3.14756e+52 10.44566 13.726671 4.220393 134.063109 220.677646 22.696254
0.153 7.401508e+52 7.672596e+52 3.153508e+52 10.465032 13.747843 4.223834 134.433179 221.370335 22.733933
0.154 7.421636999999999e+52 7.703478999999999e+52 3.1539079999999997e+52 10.487463 13.769448 4.226481 134.79274 222.101416 22.761403
0.155 7.442707999999999e+52 7.732537e+52 3.1548959999999997e+52 10.511356 13.787053 4.228745 135.629061 222.703094 22.78701
0.156 7.466355e+52 7.765061e+52 3.153769e+52 10.532302 13.804703 4.23015 136.130277 223.285313 22.803979
0.157 7.495145e+52 7.794947e+52 3.153912e+52 10.558989 13.824429 4.232909 136.988983 223.94539 22.834085
0.158 7.513676e+52 7.824674e+52 3.157236e+52 10.577559 13.842782 4.234251 137.364872 224.555387 22.848695
0.159 7.531933e+52 7.835796e+52 3.158663e+52 10.595154 13.857744 4.235695 137.705 225.077853 22.864357
0.16 7.533928999999999e+52 7.817544e+52 3.158143e+52 10.609499 13.860056 4.23722 138.039797 225.17194 22.880915
0.161 7.527516999999999e+52 7.805465e+52 3.161744e+52 10.618851 13.865679 4.24003 138.464337 225.359907 22.913835
0.162 7.526233e+52 7.795075e+52 3.162216e+52 10.629725 13.87553 4.243488 138.748159 225.705692 22.955931
0.163 7.523217e+52 7.796208e+52 3.159506e+52 10.640751 13.888512 4.247397 138.885931 226.15925 23.003343
0.164 7.525032e+52 7.815985000000001e+52 3.158459e+52 10.656684 13.905146 4.251787 139.282415 226.718241 23.056086
0.165 7.538698e+52 7.845687e+52 3.162967e+52 10.678872 13.92595 4.255404 140.079998 227.423104 23.099895
0.166 7.559512e+52 7.854814e+52 3.168296e+52 10.699378 13.942537 4.257591 140.66949 228.024918 23.126762
0.167 7.575308e+52 7.828069e+52 3.169739e+52 10.715686 13.945465 4.259984 140.97791 228.158121 23.153677
0.168 7.569831999999999e+52 7.797092e+52 3.1662400000000003e+52 10.726146 13.942209 4.262122 141.326987 228.04796 23.178648
0.169 7.553123e+52 7.788940000000001e+52 3.1640039999999997e+52 10.732072 13.945047 4.264511 141.37125 228.133157 23.20786
0.17 7.553962e+52 7.800326e+52 3.164137e+52 10.746002 13.957441 4.266277 141.815263 228.553452 23.231252
0.171 7.565259e+52 7.815957e+52 3.163732e+52 10.765207 13.973673 4.268523 142.366068 229.111181 23.259612
0.172 7.57801e+52 7.834711999999999e+52 3.1610649999999996e+52 10.783191 13.989817 4.270441 142.901115 229.68957 23.286265
0.173 7.593802e+52 7.86517e+52 3.162192e+52 10.801938 14.009298 4.273375 143.386916 230.368965 23.322334
0.174 7.624511e+52 7.896489e+52 3.165365e+52 10.827119 14.031234 4.275483 144.106196 231.142999 23.349992
0.175 7.655505e+52 7.911862e+52 3.168047e+52 10.853396 14.048894 4.277872 144.831113 231.784839 23.381534
0.176 7.664771e+52 7.908175e+52 3.1682649999999997e+52 10.866519 14.056567 4.27934 145.11673 232.062271 23.399464
0.177 7.663669e+52 7.888488e+52 3.166921e+52 10.875555 14.059861 4.281158 145.417957 232.186894 23.420246
0.178 7.652103999999999e+52 7.871412e+52 3.1658919999999997e+52 10.881531 14.065007 4.283533 145.490081 232.367293 23.446483
0.179 7.642713999999999e+52 7.866777e+52 3.1640100000000003e+52 10.89366 14.073981 4.286428 145.945247 232.667011 23.479106
0.18 7.642666e+52 7.877444e+52 3.163419e+52 10.910876 14.090414 4.288594 146.601395 233.259227 23.50606
0.181 7.641007e+52 7.882937000000001e+52 3.162474e+52 10.923074 14.104005 4.291056 146.77654 233.745943 23.533927
0.182 7.636535e+52 7.883327e+52 3.160549e+52 10.93479 14.115353 4.29288 147.039895 234.161264 23.554715
0.183 7.633066999999999e+52 7.888187e+52 3.160562e+52 10.948637 14.128159 4.295988 147.510227 234.623685 23.59153
0.184 7.624295e+52 7.890301e+52 3.161374e+52 10.958892 14.137685 4.29948 147.685096 234.956662 23.633542
0.185 7.611424999999999e+52 7.884218e+52 3.16142e+52 10.967053 14.14319 4.302272 147.936226 235.152563 23.667667
0.186 7.601333e+52 7.868926e+52 3.159186e+52 10.97345 14.147031 4.302388 148.007249 235.310006 23.669926
0.187 7.592453e+52 7.854213e+52 3.152689e+52 10.98084 14.151434 4.302994 148.244072 235.433327 23.673805
0.188 7.589627e+52 7.857426e+52 3.147762e+52 10.991059 14.159936 4.305613 148.409103 235.675148 23.701995
0.189 7.603229e+52 7.893123e+52 3.1453440000000004e+52 11.00898 14.179954 4.307615 148.87565 236.350122 23.728583
0.19 7.634373e+52 7.935284e+52 3.145519e+52 11.031768 14.205688 4.31014 149.410064 237.235078 23.756951
0.191 7.669075e+52 7.957623e+52 3.14828e+52 11.055992 14.221685 4.311638 150.064969 237.790254 23.773412
0.192 7.699186e+52 7.961006e+52 3.149299e+52 11.073284 14.232945 4.312667 150.559887 238.196592 23.787268
0.193 7.718979e+52 7.940634e+52 3.144057e+52 11.085946 14.2351 4.312759 151.220275 238.316717 23.791584
0.194 7.7274e+52 7.932343999999999e+52 3.134854e+52 11.092837 14.23727 4.311912 151.3185 238.451834 23.784815
0.195 7.740018e+52 7.955815e+52 3.1343869999999997e+52 11.109243 14.250495 4.31525 151.850203 238.951023 23.827092
0.196 7.759469e+52 7.975243e+52 3.140089e+52 11.129714 14.269391 4.317735 152.40786 239.66836 23.858471
0.197 7.761687e+52 7.958064e+52 3.141469e+52 11.140013 14.277463 4.3181 152.774132 239.973933 23.860463
0.198 7.746997e+52 7.923766999999999e+52 3.132648e+52 11.139848 14.277857 4.317798 152.598725 240.006905 23.851984
0.199 7.721328e+52 7.908385e+52 3.128819e+52 11.139002 14.285282 4.321684 152.706906 240.243563 23.894809
0.2 7.714853e+52 7.913006e+52 3.127555e+52 11.149855 14.296066 4.323685 152.85957 240.626721 23.924025
0.201 7.716786e+52 7.899089e+52 3.128249e+52 11.166222 14.299887 4.325191 153.232892 240.741679 23.941673
0.202 7.734756e+52 7.909843999999999e+52 3.126369e+52 11.189514 14.319876 4.325914 154.0749 241.424363 23.953245
0.203 7.735799e+52 7.939219e+52 3.1142639999999997e+52 11.200444 14.33937 4.328823 154.429264 242.087299 23.992368
0.204 7.730626e+52 7.960727999999999e+52 3.108476e+52 11.212657 14.359506 4.328919 154.62041 242.843505 23.997021
0.205 7.755189e+52 7.99286e+52 3.120592e+52 11.236195 14.387518 4.334132 155.446024 243.847127 24.060188
0.206 7.778534e+52 7.962387e+52 3.115027e+52 11.25609 14.400632 4.334096 156.05987 244.475676 24.065871
0.207 7.755103e+52 7.90916e+52 3.108172e+52 11.257686 14.394672 4.338213 156.213501 244.333821 24.115951
0.208 7.732108e+52 7.91885e+52 3.104779e+52 11.260698 14.414814 4.342125 156.234213 245.072185 24.172526
0.209 7.731855000000001e+52 7.940325999999999e+52 3.100743e+52 11.27438 14.443621 4.347102 156.757768 246.172679 24.237046
0.21 7.714182e+52 7.93486e+52 3.099275e+52 11.282656 14.459441 4.352166 157.222074 246.719285 24.29954
0.211 7.700552e+52 7.948151e+52 3.094295e+52 11.287072 14.468728 4.353412 157.32046 247.009288 24.324831
0.212 7.697163e+52 7.938984999999999e+52 3.082275e+52 11.293662 14.481316 4.353402 157.699289 247.623633 24.329647
0.213 7.682989e+52 7.935252e+52 3.083581e+52 11.30494 14.491192 4.356458 158.297193 247.900854 24.372024
0.214 7.69815e+52 7.938832999999999e+52 3.073571e+52 11.317342 14.493547 4.353342 158.603015 248.108335 24.344072
0.215 7.666407e+52 7.899126e+52 3.061555e+52 11.318574 14.48777 4.353398 158.661684 247.901179 24.348317
0.216 7.62585e+52 7.90092e+52 3.059762e+52 11.302875 14.48748 4.356283 157.815419 247.810405 24.391017
0.217 7.656085e+52 7.915284e+52 3.0542560000000003e+52 11.332078 14.52074 4.357898 158.792579 249.120191 24.409795
0.218 7.594038e+52 7.879107999999999e+52 3.04718e+52 11.321739 14.508768 4.358813 158.682546 248.682204 24.419875
0.219 7.591592999999999e+52 7.834705e+52 3.0486939999999996e+52 11.329732 14.496292 4.360833 158.960109 248.335817 24.444736
0.22 7.520755000000001e+52 7.692542e+52 3.0373079999999996e+52 11.312734 14.440328 4.357037 158.174538 246.270607 24.40144
0.221 7.408646e+52 7.60605e+52 3.02352e+52 11.268231 14.403893 4.356032 156.860148 244.867283 24.390212
0.222 7.391597e+52 7.563094999999999e+52 3.007273e+52 11.275838 14.407252 4.355834 157.106944 245.060321 24.394239
0.223 7.332793e+52 7.588249e+52 2.995803e+52 11.265913 14.412285 4.356115 156.958295 245.177561 24.398128
0.224 7.377201e+52 7.626426999999999e+52 2.998623e+52 11.299993 14.447363 4.35879 157.997613 246.446298 24.433621
0.225 7.395318e+52 7.630456e+52 2.994854e+52 11.317456 14.456137 4.359538 158.493809 246.723006 24.444528
0.226 7.400858000000001e+52 7.624592e+52 2.9878239999999997e+52 11.326109 14.455272 4.359294 158.578864 246.716473 24.450159
0.227 7.416361e+52 7.615755e+52 2.984034e+52 11.33658 14.452671 4.360215 158.92545 246.661815 24.463987
0.228 7.448602e+52 7.654091e+52 2.9801449999999997e+52 11.353335 14.490707 4.361469 159.144843 248.031239 24.477402
0.229 7.442409999999999e+52 7.618671e+52 2.972034e+52 11.353308 14.479297 4.36199 159.306348 247.650013 24.489224
0.23 7.466652e+52 7.653739e+52 2.962988e+52 11.372796 14.50955 4.36327 159.88578 248.795021 24.51052
0.231 7.45292e+52 7.628737e+52 2.95907e+52 11.370754 14.493827 4.361885 159.746031 248.197056 24.495341
0.232 7.490901e+52 7.646765000000001e+52 2.962586e+52 11.389112 14.526467 4.365552 160.432839 249.429827 24.539698
0.233 7.509074e+52 7.621666e+52 2.942786e+52 11.399291 14.520688 4.364779 160.82625 249.158972 24.53505
0.234 7.532692e+52 7.725926e+52 2.943563e+52 11.415393 14.564619 4.370559 161.099228 250.700458 24.614754
0.235 7.639525e+52 7.810603e+52 2.947453e+52 11.475366 14.616057 4.37273 163.133878 252.635125 24.645994
0.236 7.622849e+52 7.77276e+52 2.9438559999999997e+52 11.465714 14.597824 4.369632 162.689242 252.00223 24.610974
0.237 7.659447e+52 7.727339e+52 2.941272e+52 11.489423 14.602511 4.36973 163.648294 252.318444 24.608602
0.238 7.522324000000001e+52 7.619766e+52 2.934158e+52 11.419334 14.537122 4.370531 161.29311 249.813709 24.615082
0.239 7.562496e+52 7.619061e+52 2.9283549999999997e+52 11.452454 14.573721 4.373349 162.298475 251.282767 24.648368
0.24 7.489282000000001e+52 7.558428e+52 2.922218e+52 11.419225 14.550232 4.37606 161.337337 250.36895 24.683173
0.241 7.506829e+52 7.588412e+52 2.924949e+52 11.432708 14.577851 4.382247 161.422722 251.372133 24.752833
0.242 7.489874999999999e+52 7.524909e+52 2.912714e+52 11.439424 14.563543 4.378342 161.741711 250.845918 24.70526
0.243 7.460064e+52 7.528506e+52 2.9161290000000004e+52 11.435611 14.577705 4.381702 161.565076 251.239271 24.741075
0.244 7.473624e+52 7.525979e+52 2.89623e+52 11.454409 14.587007 4.380136 162.448369 251.550264 24.726222
0.245 7.416369e+52 7.547908e+52 2.898106e+52 11.439838 14.577024 4.384936 161.941008 251.003191 24.776612
0.246 7.505026e+52 7.625061999999999e+52 2.902137e+52 11.484564 14.636252 4.384511 162.944699 253.202997 24.769632
0.247 7.532743e+52 7.615662e+52 2.896933e+52 11.500995 14.63576 4.386332 163.518052 253.234224 24.784616
0.248 7.56055e+52 7.662738e+52 2.896065e+52 11.515673 14.645425 4.391179 163.984929 253.542767 24.849598
0.249 7.602603000000001e+52 7.675163e+52 2.896698e+52 11.54095 14.657203 4.389517 164.746277 253.983628 24.823399
0.25 7.573661000000001e+52 7.636737e+52 2.898081e+52 11.522526 14.63523 4.391963 164.070577 253.165173 24.847954
0.251 7.569374e+52 7.583024e+52 2.890197e+52 11.525318 14.629662 4.388831 164.095108 252.997027 24.808899
0.252 7.472564e+52 7.510989999999999e+52 2.876999e+52 11.481438 14.59594 4.389594 162.586847 251.658644 24.815727
0.253 7.520753e+52 7.582164e+52 2.873643e+52 11.51762 14.639465 4.39272 163.858174 253.227758 24.855672
0.254 7.549533000000001e+52 7.667543e+52 2.8801199999999996e+52 11.533988 14.675723 4.401425 164.314556 254.498093 24.960022
0.255 7.646403000000001e+52 7.716268e+52 2.886746e+52 11.581838 14.70908 4.402225 165.770883 255.716407 24.966886
0.256 7.682661e+52 7.732696e+52 2.879037e+52 11.593293 14.719636 4.402462 166.099786 256.06848 24.974894
0.257 7.699582e+52 7.722337999999999e+52 2.874498e+52 11.598214 14.705907 4.403041 166.138398 255.555108 24.98593
0.258 7.720139999999999e+52 7.746299999999999e+52 2.8776679999999996e+52 11.611483 14.721954 4.40506 166.638174 256.114682 25.008737
0.259 7.744525999999999e+52 7.760571e+52 2.8713669999999996e+52 11.618169 14.73922 4.405238 166.644743 256.777126 25.000171
0.26 7.756171e+52 7.791154e+52 2.865307e+52 11.636154 14.752651 4.409453 167.282153 257.212588 25.04215
0.261 7.791218e+52 7.849591000000001e+52 2.881428e+52 11.654919 14.776795 4.415084 167.731993 258.03979 25.101884
0.262 7.841876e+52 7.817474e+52 2.872692e+52 11.685535 14.781447 4.413723 168.602896 258.254729 25.078689
0.263 7.808369e+52 7.767621e+52 2.86599e+52 11.677012 14.766601 4.415684 168.273943 257.6622 25.094818
0.264 7.762473e+52 7.702886e+52 2.859434e+52 11.667938 14.751172 4.41496 168.091108 257.130568 25.080333
0.265 7.686705e+52 7.587191e+52 2.8522310000000004e+52 11.644499 14.718417 4.414552 167.558097 255.99799 25.073722
0.266 7.61165e+52 7.524403e+52 2.8411940000000004e+52 11.621836 14.703787 4.413871 166.973012 255.456141 25.066183
0.267 7.550922e+52 7.509256e+52 2.831565e+52 11.612038 14.707308 4.415981 166.659173 255.589243 25.095265
0.268 7.531447e+52 7.51757e+52 2.836498e+52 11.624748 14.716306 4.416909 166.964398 255.897421 25.115385
0.269 7.541775999999999e+52 7.482237999999999e+52 2.831841e+52 11.645182 14.73067 4.415459 167.593819 256.505053 25.096847
0.27 7.494324e+52 7.45534e+52 2.823425e+52 11.643851 14.723559 4.419546 167.548219 256.20068 25.141717
0.271 7.517577e+52 7.49981e+52 2.826458e+52 11.668436 14.754986 4.423415 168.455438 257.390333 25.197928
0.272 7.501642999999999e+52 7.493919e+52 2.816828e+52 11.679059 14.753483 4.423881 168.702297 257.247213 25.19043
0.273 7.498628e+52 7.477274000000001e+52 2.818156e+52 11.686291 14.765179 4.420896 168.816883 257.676659 25.161384
0.274 7.457956e+52 7.414766e+52 2.800408e+52 11.679386 14.752726 4.418941 168.554081 257.250956 25.13558
0.275 7.419520999999999e+52 7.433025e+52 2.802475e+52 11.67261 14.76059 4.422949 168.27638 257.547034 25.185287
0.276 7.454353e+52 7.472683e+52 2.806662e+52 11.69635 14.798159 4.428661 169.019118 259.075211 25.25745
0.277 7.479428000000001e+52 7.459981e+52 2.8060559999999996e+52 11.723493 14.800878 4.431205 170.19997 259.239199 25.289921
0.278 7.484223e+52 7.423508e+52 2.8010120000000003e+52 11.733913 14.797333 4.427983 170.733629 259.191915 25.256207
0.279 7.402357e+52 7.346885000000001e+52 2.791066e+52 11.703199 14.77158 4.423251 169.831924 258.24158 25.203973
0.28 7.397234000000001e+52 7.365457e+52 2.789812e+52 11.717678 14.79816 4.428205 170.18267 259.322514 25.267465
0.281 7.354045000000001e+52 7.335151e+52 2.792565e+52 11.711328 14.778833 4.429265 170.153117 258.706362 25.292103
0.282 7.37366e+52 7.361103e+52 2.791045e+52 11.727893 14.794855 4.429444 170.706067 259.315286 25.296078
0.283 7.379147e+52 7.387983e+52 2.78811e+52 11.740686 14.813901 4.433033 170.938703 260.055323 25.349032
0.284 7.347534e+52 7.394117999999999e+52 2.786266e+52 11.739106 14.814183 4.432722 170.806746 259.99242 25.337094
0.285 7.333157e+52 7.349693e+52 2.78353e+52 11.740818 14.808617 4.432049 170.668145 259.827351 25.32911
0.286 7.299807e+52 7.325321e+52 2.774718e+52 11.733842 14.808582 4.431403 170.417436 259.847825 25.319169
0.287 7.298067e+52 7.385988e+52 2.776744e+52 11.747031 14.832649 4.437573 170.840343 260.640054 25.395251
0.288 7.354558e+52 7.432824e+52 2.7786490000000003e+52 11.797915 14.860451 4.440932 172.44426 261.732079 25.431092
0.289 7.368292e+52 7.430952e+52 2.780717e+52 11.807 14.86876 4.437794 172.685275 262.093778 25.391252
0.29 7.332972e+52 7.337523e+52 2.772553e+52 11.796782 14.845467 4.434762 172.500424 261.356113 25.359623
0.291 7.204238e+52 7.219498e+52 2.756081e+52 11.751782 14.787019 4.430599 171.183153 259.226809 25.307907
0.292 7.123446e+52 7.184417e+52 2.7521110000000003e+52 11.724089 14.776294 4.434634 170.252313 258.712609 25.353133
0.293 7.109010999999999e+52 7.109162e+52 2.735451e+52 11.738171 14.775216 4.433846 170.727999 258.783607 25.347519
0.294 7.073705000000001e+52 7.157673e+52 2.735246e+52 11.73772 14.8147 4.441977 170.585136 260.179085 25.458035
0.295 7.072131999999999e+52 7.156639e+52 2.726202e+52 11.764043 14.824812 4.439882 171.579958 260.702111 25.438992
0.296 7.0377e+52 7.188053e+52 2.737384e+52 11.751937 14.844495 4.446971 171.279526 261.321709 25.519968
0.297 7.05138e+52 7.097579e+52 2.72071e+52 11.776345 14.812261 4.443532 172.131019 260.267226 25.483942
0.298 7.031459e+52 7.146404999999999e+52 2.724285e+52 11.778547 14.83888 4.44891 172.253167 261.296134 25.555643
0.299 7.052927999999999e+52 7.097068e+52 2.720718e+52 11.8023 14.845579 4.44617 173.228273 261.777503 25.52715
0.3 6.939771e+52 7.025725e+52 2.7078549999999997e+52 11.758125 14.805106 4.445706 171.907963 260.185677 25.524397
0.301 6.905988e+52 7.012768e+52 2.703819e+52 11.757693 14.810669 4.448647 171.858593 260.40021 25.561635
0.302 6.891180999999999e+52 7.005664e+52 2.698713e+52 11.772532 14.816578 4.449937 172.468284 260.566086 25.579762
0.303 6.950033999999999e+52 7.072169999999999e+52 2.697301e+52 11.812848 14.87211 4.455999 173.297929 262.676714 25.6569
0.304 6.886755e+52 7.063606e+52 2.691417e+52 11.791549 14.855321 4.453486 172.653554 261.901241 25.623525
0.305 6.900528000000001e+52 7.020776e+52 2.691221e+52 11.808499 14.856749 4.454579 173.107891 262.085526 25.639311
0.306 6.840271e+52 6.951911e+52 2.671484e+52 11.796644 14.821508 4.453246 172.923606 260.835106 25.63418
0.307 6.851036e+52 7.026106000000001e+52 2.67032e+52 11.807386 14.849621 4.458047 173.185807 261.707735 25.703433
0.308 6.885081999999999e+52 7.047915e+52 2.662021e+52 11.838536 14.870394 4.457137 174.31117 262.524696 25.69019
0.309 6.915494e+52 7.073208000000001e+52 2.664005e+52 11.864084 14.89232 4.458733 175.092564 263.471492 25.711506
0.31 6.913141e+52 7.083756e+52 2.663878e+52 11.864985 14.900148 4.462377 174.928024 263.748285 25.747014
0.311 6.931648e+52 7.109537e+52 2.664186e+52 11.891917 14.939776 4.466923 175.782302 265.343079 25.797793
0.312 6.916164e+52 7.071653e+52 2.665471e+52 11.89348 14.945871 4.467763 175.861935 265.701021 25.811099
0.313 6.867485e+52 7.029866e+52 2.664113e+52 11.876442 14.942711 4.473417 175.498533 265.61136 25.887607
0.314 6.815024e+52 7.040814e+52 2.665095e+52 11.861635 14.94309 4.480135 174.894895 265.597227 25.981173
0.315 6.855999999999999e+52 7.091032e+52 2.671028e+52 11.898695 14.978266 4.484281 175.933695 266.969975 26.035807
0.316 6.889139e+52 7.095298999999999e+52 2.659103e+52 11.938637 14.990441 4.479255 177.175669 267.333193 25.969777
0.317 6.902791e+52 7.138238e+52 2.653433e+52 11.960652 15.016514 4.478062 177.848971 268.302428 25.950658
0.318 6.884092e+52 7.071529e+52 2.648062e+52 11.959326 15.004308 4.474703 178.041033 267.975245 25.910797
0.319 6.806517e+52 6.952918e+52 2.640842e+52 11.917705 14.961069 4.473879 176.838386 266.425562 25.898403
0.32 6.727836e+52 6.856997e+52 2.632369e+52 11.894803 14.916973 4.474145 176.429111 264.929265 25.90722
0.321 6.692821000000001e+52 6.814493999999999e+52 2.634151e+52 11.892819 14.916904 4.477046 176.023198 264.923961 25.949238
0.322 6.615647e+52 6.735533e+52 2.617034e+52 11.875462 14.900248 4.473825 175.50615 264.379198 25.921993
0.323 6.551156e+52 6.733033e+52 2.620707e+52 11.841848 14.899418 4.478132 174.573343 264.343906 25.974898
0.324 6.547208999999999e+52 6.732458e+52 2.6074e+52 11.869895 14.907523 4.478219 175.399331 264.709423 25.976462
0.325 6.593912000000001e+52 6.777088e+52 2.612486e+52 11.908027 14.942235 4.480457 176.592363 265.895945 25.995374
0.326 6.581768000000001e+52 6.720987e+52 2.602136e+52 11.920667 14.923471 4.479658 176.950276 265.305773 25.995928
0.327 6.49672e+52 6.629749e+52 2.600148e+52 11.87346 14.886669 4.481256 175.546469 263.827522 26.021566
0.328 6.44002e+52 6.565112e+52 2.585076e+52 11.865342 14.871919 4.481674 175.715392 263.447384 26.029165
0.329 6.454266999999999e+52 6.643573e+52 2.602013e+52 11.884965 14.914314 4.490553 176.161263 265.058635 26.13637
0.33 6.409734000000001e+52 6.508714000000001e+52 2.582234e+52 11.877918 14.869299 4.480929 175.874908 263.505218 26.024225
0.331 6.374486e+52 6.477599999999999e+52 2.577467e+52 11.870117 14.874036 4.48296 175.592926 263.676861 26.060683
0.332 6.307621e+52 6.420501e+52 2.56207e+52 11.849243 14.845692 4.483286 174.980956 262.598077 26.073384
0.333 6.323082e+52 6.438787e+52 2.56316e+52 11.875453 14.878768 4.48454 175.565707 263.760185 26.093122
0.334 6.285421e+52 6.373594e+52 2.5438e+52 11.87405 14.860448 4.479883 175.824025 263.174306 26.045319
0.335 6.279443999999999e+52 6.40173e+52 2.543612e+52 11.881079 14.892959 4.483305 176.076721 264.409843 26.08722
0.336 6.22288e+52 6.323208e+52 2.532563e+52 11.858112 14.845127 4.483647 175.615739 262.732208 26.111025
0.337 6.222678e+52 6.337394e+52 2.535494e+52 11.878514 14.877907 4.488084 176.353894 264.0573 26.174646
0.338 6.181442e+52 6.283424e+52 2.520157e+52 11.8753 14.861573 4.485493 176.51158 263.664828 26.157125
0.339 6.15947e+52 6.285356e+52 2.518586e+52 11.887739 14.873156 4.486966 176.932136 264.162747 26.176756
0.34 6.089964e+52 6.239246e+52 2.509214e+52 11.858443 14.833462 4.483618 175.864948 262.628107 26.136186
0.341 6.073069e+52 6.223089e+52 2.5021e+52 11.865597 14.838531 4.482859 176.107391 262.986075 26.131955
0.342 6.041459e+52 6.226298e+52 2.495695e+52 11.862094 14.839183 4.481251 176.053178 263.149151 26.108517
0.343 6.063277e+52 6.263764e+52 2.4924499999999996e+52 11.886974 14.85799 4.48157 176.778865 264.021904 26.13012
0.344 6.046151e+52 6.221225e+52 2.481497e+52 11.878064 14.835706 4.473405 176.677675 263.310533 26.04581
0.345 6.003823e+52 6.191141e+52 2.469097e+52 11.863543 14.815232 4.4708 176.262813 262.661651 26.018207
0.346 5.976231e+52 6.173483e+52 2.471934e+52 11.853076 14.805584 4.472126 175.885336 262.330748 26.04368
0.347 5.918101e+52 6.105055e+52 2.455509e+52 11.833651 14.772429 4.465616 175.473499 261.204321 25.971389
0.348 5.900061e+52 6.104676e+52 2.447882e+52 11.839839 14.781986 4.466192 175.871304 261.822089 25.999183
0.349 5.883695999999999e+52 6.097612e+52 2.444277e+52 11.850758 14.786994 4.4668 176.559989 262.027229 26.010701
0.35 5.899076e+52 6.129681e+52 2.437784e+52 11.88139 14.815019 4.469156 177.494423 262.915048 26.03185
0.351 5.917962e+52 6.168998e+52 2.4341900000000003e+52 11.909163 14.847615 4.468814 177.823189 264.092455 26.021465
0.352 5.917041e+52 6.145277e+52 2.425504e+52 11.914839 14.847261 4.464836 178.027774 264.305118 25.976351
0.353 5.861388999999999e+52 6.07238e+52 2.421409e+52 11.885365 14.814626 4.463432 177.580934 263.355825 25.966497
0.354 5.767325e+52 5.947102e+52 2.409719e+52 11.831073 14.749418 4.458614 175.942179 261.100037 25.922397
0.355 5.690749000000001e+52 5.908562e+52 2.399025e+52 11.800703 14.733108 4.459083 175.075785 260.615712 25.941309
0.356 5.622493e+52 5.854567e+52 2.3936470000000002e+52 11.761906 14.693632 4.4566 173.936888 259.270683 25.926753
0.357 5.58465e+52 5.795926e+52 2.3805209999999998e+52 11.743586 14.659902 4.45086 173.313469 257.934632 25.858197
0.358 5.574533e+52 5.793239e+52 2.362959e+52 11.754274 14.663986 4.446633 173.642826 258.021374 25.823076
0.359 5.582976999999999e+52 5.785612000000001e+52 2.3572259999999997e+52 11.758693 14.657759 4.440394 173.672999 257.978393 25.783007
0.36 5.572777e+52 5.734776e+52 2.3455449999999999e+52 11.748818 14.627766 4.433984 173.590363 257.01895 25.7322
0.361 5.522131e+52 5.665075e+52 2.328872e+52 11.722699 14.587851 4.426262 172.872525 255.758284 25.666837
0.362 5.510938000000001e+52 5.684185000000001e+52 2.323026e+52 11.719927 14.590684 4.422374 173.120278 255.988054 25.639033
0.363 5.524158e+52 5.677306e+52 2.307458e+52 11.738625 14.595514 4.41502 173.731908 256.418738 25.583706
0.364 5.495289e+52 5.658184999999999e+52 2.2969810000000002e+52 11.721599 14.577664 4.411575 173.147713 255.834913 25.570807
0.365 5.504704000000001e+52 5.656649e+52 2.2923849999999999e+52 11.74063 14.58252 4.40636 173.906501 256.396204 25.538433
0.366 5.469511e+52 5.627351e+52 2.28465e+52 11.719919 14.567688 4.402788 173.403468 256.095244 25.496631
0.367 5.375448e+52 5.534348e+52 2.270265e+52 11.679186 14.541854 4.395383 172.437627 255.472915 25.409502
0.368 5.259216999999999e+52 5.430087999999999e+52 2.254392e+52 11.617082 14.485456 4.390989 170.473679 253.369466 25.365822
0.369 5.210480999999999e+52 5.438353e+52 2.2500339999999999e+52 11.603018 14.479099 4.394228 170.234327 253.323354 25.424074
0.37 5.191443999999999e+52 5.427039e+52 2.241299e+52 11.60051 14.473849 4.389536 170.244262 253.414382 25.397676
0.371 5.121001e+52 5.358074e+52 2.2271230000000002e+52 11.571371 14.441109 4.380503 169.585207 252.302509 25.294667
0.372 5.071009e+52 5.316618e+52 2.2144430000000002e+52 11.553895 14.409048 4.377371 169.157515 251.320273 25.27403
0.373 5.093326e+52 5.365512e+52 2.2152379999999997e+52 11.576061 14.434584 4.376436 170.173331 252.609102 25.277024
0.374 5.075393e+52 5.309506e+52 2.2002030000000002e+52 11.566985 14.402208 4.364208 170.020664 251.655023 25.140331
0.375 5.001728e+52 5.219836e+52 2.182892e+52 11.522772 14.346707 4.353265 168.616591 249.611179 25.001644
0.376 4.935482e+52 5.170318e+52 2.169769e+52 11.484448 14.297508 4.346549 167.527936 247.893306 24.935703
0.377 4.951499e+52 5.164451e+52 2.160008e+52 11.503503 14.306329 4.339911 168.438835 248.705031 24.885288
0.378 4.901201e+52 5.107147e+52 2.141857e+52 11.478379 14.268895 4.329521 167.880618 247.516414 24.783546
0.379 4.839653e+52 5.040139e+52 2.121794e+52 11.437314 14.214764 4.319033 166.578404 245.698041 24.68616
0.38 4.7726300000000003e+52 4.985526e+52 2.1130179999999998e+52 11.39167 14.172234 4.310871 165.535947 244.529947 24.62111
0.381 4.6904139999999994e+52 4.874524e+52 2.0926309999999998e+52 11.351194 14.111817 4.296267 164.626202 242.742463 24.476902
0.382 4.5982409999999996e+52 4.803784e+52 2.074729e+52 11.295445 14.052306 4.287774 163.027614 240.789696 24.412813
0.383 4.5346219999999996e+52 4.761622e+52 2.0578829999999998e+52 11.253227 14.008069 4.27716 161.95962 239.405898 24.319572
0.384 4.5093810000000004e+52 4.7408619999999997e+52 2.0396869999999997e+52 11.240803 13.976986 4.261639 161.832425 238.627752 24.173539
0.385 4.46786e+52 4.6945819999999996e+52 2.0211519999999998e+52 11.202293 13.925733 4.245292 160.81008 237.122141 24.01644
0.386 4.4213519999999995e+52 4.6371130000000005e+52 1.9966870000000001e+52 11.167528 13.873233 4.226407 160.030918 235.525314 23.832901
0.387 4.3850809999999996e+52 4.592078e+52 1.976598e+52 11.132046 13.823801 4.210027 159.009964 233.93421 23.665896
0.388 4.347303e+52 4.5567330000000003e+52 1.9585779999999999e+52 11.099147 13.779427 4.196681 158.303613 232.599369 23.543274
0.389 4.3367259999999995e+52 4.543859e+52 1.942196e+52 11.102538 13.781962 4.183699 158.546634 233.064649 23.415866
0.39 4.282164e+52 4.4928369999999995e+52 1.9229179999999998e+52 11.060825 13.740685 4.167833 157.635618 232.032151 23.257384
0.391 4.214309e+52 4.440053e+52 1.909691e+52 11.022503 13.703308 4.153289 156.760747 231.070348 23.112678
0.392 4.144416e+52 4.3677780000000006e+52 1.890309e+52 10.986886 13.66586 4.140454 155.940213 230.038251 22.986601
0.393 4.06476e+52 4.2919619999999996e+52 1.87187e+52 10.946081 13.612999 4.1327 155.048788 228.367164 22.914793
0.394 3.997352e+52 4.246511e+52 1.859106e+52 10.903271 13.572687 4.128068 153.857698 227.104854 22.878838
0.395 3.936618e+52 4.18016e+52 1.846623e+52 10.867968 13.529461 4.122857 152.959768 225.783258 22.832251
0.396 3.871039e+52 4.115089e+52 1.835248e+52 10.832276 13.496041 4.119437 152.074822 224.763286 22.796068
0.397 3.814264e+52 4.063591e+52 1.827426e+52 10.801006 13.464651 4.120803 151.150445 223.61393 22.809636
0.398 3.787007e+52 4.0321230000000005e+52 1.822063e+52 10.796862 13.454146 4.124086 151.036934 223.231262 22.85628
0.399 3.764068e+52 4.0085290000000004e+52 1.816368e+52 10.796434 13.453363 4.122154 151.126007 223.247192 22.851793
0.4 3.727962e+52 3.972118e+52 1.809066e+52 10.772443 13.431348 4.120027 150.422714 222.531543 22.834982
0.401 3.693426e+52 3.9416220000000003e+52 1.8038240000000002e+52 10.759073 13.41805 4.12102 150.058983 222.103104 22.853844
0.402 3.676525e+52 3.9262130000000003e+52 1.79846e+52 10.768958 13.429319 4.12035 150.501082 222.666814 22.847265
0.403 3.6247780000000003e+52 3.862485e+52 1.794347e+52 10.741842 13.395107 4.120522 149.893684 221.671121 22.849367
0.404 3.569531e+52 3.82357e+52 1.792761e+52 10.714964 13.389846 4.12564 149.258333 221.558685 22.908339
0.405 3.523207e+52 3.780599e+52 1.788849e+52 10.70112 13.385614 4.129263 149.023123 221.519902 22.944001
0.406 3.495536e+52 3.7687620000000003e+52 1.787926e+52 10.709017 13.400559 4.134883 149.295493 222.014413 23.007097
0.407 3.470228e+52 3.749695e+52 1.783752e+52 10.712698 13.409081 4.137564 149.437247 222.36998 23.037061
0.408 3.4239449999999997e+52 3.708925e+52 1.780503e+52 10.68578 13.382178 4.13951 148.79268 221.477551 23.065785
0.409 3.39027e+52 3.680512e+52 1.775688e+52 10.677968 13.37328 4.143033 148.539694 221.19464 23.10691
0.41 3.3633030000000004e+52 3.648403e+52 1.772325e+52 10.667203 13.359707 4.146099 148.257297 220.776331 23.152206
0.411 3.333364e+52 3.619723e+52 1.7679139999999999e+52 10.655794 13.346774 4.14908 148.032889 220.334019 23.197503
0.412 3.307419e+52 3.5999699999999997e+52 1.763922e+52 10.655909 13.344436 4.152541 148.101798 220.203882 23.240842
0.413 3.284965e+52 3.5694050000000003e+52 1.763198e+52 10.654936 13.340379 4.161403 147.899314 219.926369 23.341889
0.414 3.2699029999999997e+52 3.5572689999999997e+52 1.7593430000000001e+52 10.659399 13.350249 4.167801 148.040824 220.288107 23.420186
0.415 3.259262e+52 3.554194e+52 1.7572509999999998e+52 10.667376 13.366101 4.171855 148.393779 220.92198 23.474763
0.416 3.221029e+52 3.523721e+52 1.753531e+52 10.644921 13.347959 4.174551 147.761399 220.271696 23.511473
0.417 3.179942e+52 3.470953e+52 1.745847e+52 10.617825 13.320602 4.177654 147.02822 219.356846 23.560325
0.418 3.141127e+52 3.452102e+52 1.742763e+52 10.592224 13.316958 4.184376 146.291693 219.179171 23.648638
0.419 3.129159e+52 3.431927e+52 1.7391589999999998e+52 10.605084 13.321207 4.190784 146.75768 219.378355 23.731615
0.42 3.1343299999999997e+52 3.4472230000000003e+52 1.737541e+52 10.630223 13.360085 4.196708 147.578744 220.802113 23.807933
0.421 3.097682e+52 3.402361e+52 1.73254e+52 10.601688 13.327144 4.199347 146.812796 219.63799 23.841899
0.422 3.087553e+52 3.386115e+52 1.728586e+52 10.610267 13.332548 4.202709 147.082499 219.802512 23.890269
0.423 3.056127e+52 3.355962e+52 1.7235339999999999e+52 10.588864 13.31468 4.203567 146.446721 219.157438 23.901901
0.424 3.0262739999999996e+52 3.309997e+52 1.715739e+52 10.567462 13.290234 4.205604 145.935207 218.3765 23.923425
0.425 3.005442e+52 3.297689e+52 1.712849e+52 10.552039 13.285688 4.207744 145.434019 218.211875 23.964606
0.426 2.974969e+52 3.261987e+52 1.707038e+52 10.534374 13.258084 4.204698 144.987715 217.191471 23.940602
0.427 2.967035e+52 3.238728e+52 1.6993e+52 10.537704 13.262167 4.206324 145.119977 217.427972 23.962924
0.428 2.944609e+52 3.231977e+52 1.696875e+52 10.525672 13.268645 4.209459 144.910416 217.863646 24.01764
0.429 2.918149e+52 3.196151e+52 1.68977e+52 10.526059 13.258735 4.206899 145.138645 217.622817 23.990354
0.43 2.903695e+52 3.190259e+52 1.683102e+52 10.522639 13.274866 4.208093 145.157705 218.336615 24.011522
0.431 2.8674759999999997e+52 3.162357e+52 1.68022e+52 10.498824 13.257931 4.208822 144.497081 217.782119 24.030159
0.432 2.864166e+52 3.143808e+52 1.670725e+52 10.527348 13.266395 4.209505 145.572579 218.286759 24.03732
0.433 2.8343169999999997e+52 3.138118e+52 1.669328e+52 10.496914 13.273161 4.206378 144.806566 218.558367 24.007374
0.434 2.76929e+52 3.067141e+52 1.6634409999999998e+52 10.437391 13.215514 4.208989 143.029211 216.507854 24.037986
0.435 2.7597399999999997e+52 3.038402e+52 1.655257e+52 10.456097 13.213606 4.210917 143.766628 216.536072 24.062451
0.436 2.746066e+52 3.059496e+52 1.658399e+52 10.438807 13.230524 4.209969 143.113169 216.965696 24.062266
0.437 2.721051e+52 3.009766e+52 1.649111e+52 10.408831 13.181553 4.208806 142.129365 215.193787 24.055159
0.438 2.704294e+52 2.982338e+52 1.642992e+52 10.399149 13.160464 4.207125 141.878646 214.457242 24.053265
0.439 2.698822e+52 2.9922490000000003e+52 1.645056e+52 10.416082 13.174572 4.205484 142.354987 214.856391 24.046229
0.44 2.712461e+52 2.995981e+52 1.635161e+52 10.439927 13.193197 4.205762 142.927745 215.463894 24.046499
0.441 2.6916600000000003e+52 2.985044e+52 1.633611e+52 10.416241 13.192487 4.204143 142.339427 215.557722 24.043012
0.442 2.71063e+52 3.0097900000000003e+52 1.632886e+52 10.490064 13.252648 4.202416 144.743183 217.873603 24.027849
0.443 2.724758e+52 3.0253519999999997e+52 1.625804e+52 10.511309 13.301986 4.203805 145.515014 219.92168 24.041366
0.444 2.686239e+52 3.000974e+52 1.6250359999999998e+52 10.468796 13.275929 4.208347 144.403687 218.891786 24.098162
0.445 2.663971e+52 2.98032e+52 1.621121e+52 10.46384 13.24467 4.207898 144.212237 217.793691 24.102405
0.446 2.649515e+52 2.944292e+52 1.614841e+52 10.436189 13.228219 4.211715 143.210707 217.131933 24.149986
0.447 2.64688e+52 2.966151e+52 1.6197529999999999e+52 10.456537 13.269365 4.221883 143.994665 218.598884 24.275651
0.448 2.635101e+52 2.960486e+52 1.6189610000000001e+52 10.463667 13.257253 4.226878 144.399907 218.386704 24.338123
0.449 2.639158e+52 2.936876e+52 1.612077e+52 10.467105 13.248139 4.230583 144.284331 217.957506 24.373748
0.45 2.602337e+52 2.9105850000000004e+52 1.6168309999999998e+52 10.416301 13.231641 4.238102 142.511125 217.080839 24.461056
0.451 2.575759e+52 2.883555e+52 1.616235e+52 10.388306 13.177992 4.23982 141.780235 215.173237 24.490048
0.452 2.585924e+52 2.8865189999999997e+52 1.609272e+52 10.424441 13.214333 4.241007 142.743981 216.394476 24.488898
0.453 2.538988e+52 2.862568e+52 1.614725e+52 10.35577 13.18437 4.23786 140.655813 215.259968 24.469605
0.454 2.515393e+52 2.815912e+52 1.6111470000000002e+52 10.334723 13.121025 4.238091 140.092357 213.097263 24.481089
0.455 2.526351e+52 2.8468360000000004e+52 1.608708e+52 10.36034 13.172081 4.237932 140.747314 214.761265 24.474999
0.456 2.482088e+52 2.824272e+52 1.607891e+52 10.305577 13.159705 4.239541 139.133615 214.239651 24.502621
0.457 2.46682e+52 2.778885e+52 1.6034919999999998e+52 10.306783 13.109203 4.24623 139.225069 212.50833 24.597886
0.458 2.469017e+52 2.789111e+52 1.596753e+52 10.32826 13.128117 4.258543 139.850918 213.252378 24.739868
0.459 2.428446e+52 2.744033e+52 1.5942160000000001e+52 10.267384 13.080787 4.265634 138.101077 211.616677 24.830257
0.46 2.414589e+52 2.7269890000000003e+52 1.594022e+52 10.264543 13.05359 4.272274 138.088287 210.675127 24.929939
0.461 2.4296639999999996e+52 2.74252e+52 1.590759e+52 10.308946 13.087135 4.272878 139.471297 211.909563 24.941331
0.462 2.425002e+52 2.729927e+52 1.588455e+52 10.320961 13.102981 4.276445 139.900892 212.525775 24.989857
0.463 2.422372e+52 2.733776e+52 1.589573e+52 10.328987 13.116312 4.278408 140.167641 213.093529 25.035209
0.464 2.406384e+52 2.719491e+52 1.5886469999999998e+52 10.316141 13.113642 4.284491 139.801192 212.986565 25.102011
0.465 2.4174090000000003e+52 2.710119e+52 1.5840389999999999e+52 10.345889 13.126573 4.288478 140.880361 213.624179 25.156812
0.466 2.424272e+52 2.720871e+52 1.585407e+52 10.368562 13.147568 4.285481 141.593845 214.47052 25.138664
0.467 2.417638e+52 2.705775e+52 1.582389e+52 10.355693 13.129177 4.278234 141.294699 213.929217 25.078591
0.468 2.4298639999999995e+52 2.713316e+52 1.580703e+52 10.388068 13.159065 4.268487 142.300287 215.054085 24.994177
0.469 2.437425e+52 2.72973e+52 1.577257e+52 10.405273 13.175919 4.260403 142.943673 215.834184 24.940509
0.47 2.442366e+52 2.742015e+52 1.570058e+52 10.415737 13.202697 4.247511 143.672712 217.129213 24.804762
0.471 2.424687e+52 2.723201e+52 1.567983e+52 10.407917 13.210192 4.244089 143.545241 217.512829 24.773223
0.472 2.46258e+52 2.749668e+52 1.561642e+52 10.495578 13.274011 4.238508 146.34 220.145915 24.737531
0.473 2.455117e+52 2.782551e+52 1.56165e+52 10.477708 13.330615 4.235539 145.750226 222.125684 24.712355
0.474 2.446462e+52 2.797764e+52 1.566708e+52 10.480941 13.371573 4.245212 145.897552 223.395359 24.811916
0.475 2.477327e+52 2.816575e+52 1.553548e+52 10.566867 13.392054 4.238587 148.488806 224.088734 24.707593
0.476 2.492794e+52 2.833269e+52 1.5528759999999998e+52 10.55862 13.426543 4.240521 147.914842 225.218122 24.741698
0.477 2.4881479999999996e+52 2.835372e+52 1.5611299999999998e+52 10.551492 13.436354 4.247658 147.644518 225.387834 24.847341
0.478 2.482564e+52 2.847082e+52 1.549711e+52 10.583119 13.426718 4.243934 148.602092 224.742826 24.767398
0.479 2.494762e+52 2.824828e+52 1.546577e+52 10.565861 13.422223 4.239932 147.752432 224.714491 24.744796
0.48 2.4785639999999997e+52 2.819731e+52 1.5479810000000002e+52 10.549688 13.446372 4.242934 147.285743 225.395412 24.817613
0.481 2.440633e+52 2.8032010000000003e+52 1.545145e+52 10.506779 13.392471 4.252764 145.951917 223.133053 24.915002
0.482 2.4206569999999997e+52 2.735703e+52 1.540947e+52 10.466731 13.33554 4.253577 144.82926 221.225029 24.945593
0.483 2.4140640000000003e+52 2.746466e+52 1.5447260000000001e+52 10.452532 13.382192 4.250869 144.452625 222.906174 24.946004
0.484 2.369306e+52 2.733165e+52 1.547772e+52 10.38271 13.322582 4.237737 142.38702 220.811378 24.829683
0.485 2.335118e+52 2.643536e+52 1.540123e+52 10.324548 13.211936 4.216692 140.901497 217.171385 24.60278
0.486 2.331623e+52 2.641122e+52 1.532557e+52 10.329994 13.225256 4.228534 141.090983 217.582374 24.709891
0.487 2.308391e+52 2.6177839999999996e+52 1.524388e+52 10.309141 13.183995 4.244038 140.323879 216.08464 24.882388
0.488 2.320283e+52 2.625683e+52 1.5312909999999998e+52 10.32089 13.191332 4.230947 140.861997 216.698994 24.780493
0.489 2.2849879999999998e+52 2.579137e+52 1.5204910000000002e+52 10.27105 13.149528 4.228803 139.585221 215.232775 24.726264
0.49 2.2643629999999998e+52 2.5569649999999997e+52 1.508387e+52 10.261178 13.136076 4.240972 139.24517 214.763957 24.830403
0.491 2.291891e+52 2.59825e+52 1.517546e+52 10.317125 13.226893 4.232529 141.016705 218.088888 24.769089
0.492 2.26211e+52 2.606059e+52 1.51542e+52 10.275733 13.227171 4.247799 139.649638 217.738303 24.937952
0.493 2.231212e+52 2.55722e+52 1.504453e+52 10.259612 13.160895 4.246841 139.303271 215.768826 24.913199
0.494 2.2537880000000001e+52 2.59185e+52 1.507347e+52 10.277642 13.223644 4.241183 139.986113 218.132751 24.899741
0.495 2.255375e+52 2.613936e+52 1.503436e+52 10.292098 13.241042 4.241511 140.3045 218.593827 24.897851
0.496 2.23554e+52 2.557345e+52 1.4961089999999998e+52 10.280563 13.16008 4.238342 140.000836 215.95833 24.842893
0.497 2.250355e+52 2.5781010000000003e+52 1.491347e+52 10.296198 13.1918 4.238997 140.445345 217.159609 24.864821
0.498 2.243973e+52 2.564623e+52 1.490909e+52 10.290725 13.185892 4.243611 140.341746 216.857786 24.913274
0.499 2.222298e+52 2.5285039999999997e+52 1.485951e+52 10.275271 13.127239 4.243751 139.805643 214.903471 24.894956
0.5 2.2219730000000003e+52 2.515182e+52 1.480717e+52 10.276004 13.118145 4.237753 139.973818 214.833585 24.846072
0.501 2.226355e+52 2.513106e+52 1.480962e+52 10.280796 13.124441 4.230219 140.118751 215.146556 24.776809
0.502 2.2304849999999998e+52 2.520946e+52 1.476017e+52 10.304522 13.129951 4.225391 140.872282 215.433247 24.714741
0.503 2.242013e+52 2.514033e+52 1.4728829999999999e+52 10.314848 13.135148 4.216949 141.185433 215.775964 24.623667
0.504 2.243392e+52 2.524339e+52 1.468999e+52 10.32971 13.161495 4.218483 141.788386 216.815837 24.625736
0.505 2.2553489999999997e+52 2.5440710000000003e+52 1.46791e+52 10.368583 13.188472 4.216083 143.085162 217.945893 24.601669
0.506 2.26072e+52 2.5436689999999997e+52 1.467224e+52 10.375512 13.20304 4.206348 143.256446 218.476496 24.509388
0.507 2.250197e+52 2.545736e+52 1.464186e+52 10.361404 13.204826 4.1984 142.657425 218.36166 24.410315
0.508 2.238296e+52 2.53931e+52 1.4558219999999998e+52 10.355592 13.193885 4.194553 142.530463 217.872765 24.337676
0.509 2.2211919999999997e+52 2.517388e+52 1.452636e+52 10.326633 13.174497 4.185591 141.711238 217.177524 24.218981
0.51 2.186836e+52 2.4726650000000003e+52 1.4458999999999998e+52 10.27636 13.118041 4.195752 140.131864 214.982145 24.302387
0.511 2.1749869999999998e+52 2.448103e+52 1.436905e+52 10.276988 13.096081 4.208329 140.017478 214.124002 24.437491
0.512 2.187995e+52 2.4636939999999996e+52 1.443111e+52 10.296911 13.128377 4.209051 140.634891 215.244891 24.456057
0.513 2.1919840000000002e+52 2.464838e+52 1.4439249999999998e+52 10.317922 13.145983 4.211195 141.294112 215.856217 24.47131
0.514 2.199475e+52 2.454322e+52 1.435117e+52 10.347858 13.153926 4.208063 142.206792 216.219584 24.416135
0.515 2.23023e+52 2.500189e+52 1.44142e+52 10.396031 13.224807 4.20429 143.846713 218.877983 24.384341
0.516 2.2124009999999997e+52 2.488534e+52 1.4355089999999998e+52 10.37393 13.227157 4.214433 143.300455 218.933387 24.484748
0.517 2.2124600000000002e+52 2.469338e+52 1.428589e+52 10.384551 13.221657 4.213264 143.575871 218.861127 24.473549
0.518 2.231446e+52 2.508837e+52 1.4367300000000002e+52 10.422364 13.288406 4.207614 144.707405 221.124251 24.446763
0.519 2.20342e+52 2.499507e+52 1.43055e+52 10.380676 13.263242 4.213692 143.481643 220.095877 24.51001
0.52 2.23455e+52 2.501265e+52 1.420324e+52 10.448475 13.297143 4.224675 145.382781 221.426792 24.621441
0.521 2.2984499999999999e+52 2.585663e+52 1.432946e+52 10.554165 13.418979 4.219329 148.5807 225.856988 24.598924
0.522 2.290644e+52 2.588088e+52 1.433156e+52 10.539699 13.414597 4.22472 148.000873 225.576964 24.643622
0.523 2.288165e+52 2.559155e+52 1.4202550000000002e+52 10.54839 13.378312 4.24449 148.11576 224.252495 24.85835
0.524 2.351932e+52 2.632772e+52 1.4300440000000002e+52 10.636823 13.477041 4.236157 150.925386 227.967304 24.813229
0.525 2.367347e+52 2.653644e+52 1.429949e+52 10.657623 13.489448 4.237479 151.493077 228.495991 24.826518
0.526 2.391842e+52 2.6624959999999997e+52 1.4241029999999998e+52 10.704543 13.50869 4.245011 152.81224 229.25864 24.89433
0.527 2.437668e+52 2.7136390000000004e+52 1.427789e+52 10.7625 13.567007 4.233253 154.668045 231.455964 24.796213
0.528 2.429982e+52 2.6960730000000003e+52 1.426286e+52 10.746386 13.541938 4.232947 153.726792 230.246372 24.768554
0.529 2.390152e+52 2.621286e+52 1.418386e+52 10.676745 13.446623 4.241897 151.448858 226.631206 24.854612
0.53 2.344347e+52 2.562866e+52 1.419378e+52 10.598558 13.373107 4.223294 148.780617 223.630805 24.671748
0.531 2.3102870000000001e+52 2.5626060000000004e+52 1.418147e+52 10.542517 13.358718 4.233922 147.016427 222.741731 24.772291
0.532 2.2717260000000002e+52 2.522561e+52 1.408198e+52 10.493232 13.293076 4.246179 145.543447 220.344343 24.891998
0.533 2.28566e+52 2.507727e+52 1.410554e+52 10.50284 13.281651 4.23901 145.728955 219.995546 24.844532
0.534 2.253981e+52 2.514472e+52 1.414107e+52 10.458603 13.286708 4.242219 144.531682 219.952582 24.878454
0.535 2.2351999999999999e+52 2.492443e+52 1.406617e+52 10.443886 13.239073 4.2495 144.149841 218.40284 24.981324
0.536 2.2789359999999998e+52 2.5127019999999997e+52 1.407666e+52 10.511202 13.290541 4.230285 146.132025 220.449834 24.782013
0.537 2.247575e+52 2.491886e+52 1.409479e+52 10.462868 13.268734 4.219639 144.702625 219.634674 24.638262
0.538 2.2093950000000002e+52 2.480346e+52 1.4007929999999998e+52 10.420775 13.219181 4.229125 143.4295 217.899267 24.725175
0.539 2.21631e+52 2.468823e+52 1.3942239999999999e+52 10.426539 13.230199 4.214934 143.601781 218.241891 24.550345
0.54 2.1909130000000002e+52 2.445578e+52 1.396088e+52 10.399648 13.207982 4.2162 142.567875 217.140361 24.551717
0.541 2.140911e+52 2.409913e+52 1.394521e+52 10.324114 13.145997 4.225441 140.439982 214.982471 24.665726
0.542 2.1206339999999998e+52 2.3737910000000003e+52 1.3920490000000002e+52 10.293486 13.104695 4.216228 139.685553 213.651551 24.566548
0.543 2.095125e+52 2.356554e+52 1.392281e+52 10.262231 13.080072 4.210702 138.690339 212.725602 24.516357
0.544 2.06954e+52 2.3360660000000002e+52 1.389364e+52 10.225481 13.046547 4.214515 137.622702 211.604634 24.566683
0.545 2.055259e+52 2.324259e+52 1.3832800000000002e+52 10.209685 13.019591 4.210839 137.290948 210.603862 24.522057
0.546 2.0529e+52 2.3159679999999997e+52 1.381625e+52 10.217496 13.02215 4.204001 137.701181 210.745383 24.451966
0.547 2.054309e+52 2.308167e+52 1.3805559999999998e+52 10.218842 13.007985 4.205819 137.51552 210.413224 24.488893
0.548 2.0744600000000002e+52 2.333017e+52 1.377672e+52 10.259654 13.04291 4.209077 138.723842 211.528927 24.537204
0.549 2.076882e+52 2.3325490000000003e+52 1.376334e+52 10.268759 13.049588 4.201008 139.179426 212.00765 24.450181
0.55 2.0653899999999997e+52 2.3121870000000003e+52 1.378444e+52 10.253036 13.035405 4.214308 138.485839 211.377648 24.601691
0.551 2.0706449999999998e+52 2.320003e+52 1.374856e+52 10.273327 13.066726 4.223191 139.285777 212.577749 24.713163
0.552 2.074288e+52 2.3260589999999998e+52 1.375617e+52 10.304391 13.098607 4.225191 140.279074 213.788289 24.71875
0.553 2.087698e+52 2.347756e+52 1.3769569999999999e+52 10.342806 13.141181 4.236529 141.566384 215.456662 24.849764
0.554 2.094017e+52 2.357437e+52 1.374647e+52 10.337474 13.155635 4.244405 141.224489 215.798054 24.937746
0.555 2.0783239999999999e+52 2.3414139999999999e+52 1.374696e+52 10.310743 13.130368 4.239627 140.463809 214.76705 24.87886
0.556 2.062412e+52 2.3385760000000003e+52 1.376749e+52 10.289661 13.133474 4.246216 139.894802 214.879725 24.973257
0.557 2.0579589999999998e+52 2.3365019999999999e+52 1.375982e+52 10.281019 13.13872 4.24161 139.535493 215.137337 24.94676
0.558 2.055449e+52 2.325549e+52 1.371871e+52 10.294999 13.131937 4.241279 139.89697 214.836435 24.955398
0.559 2.0484070000000002e+52 2.330715e+52 1.371647e+52 10.290768 13.131567 4.250731 139.845965 214.884895 25.077211
0.56 2.061102e+52 2.328398e+52 1.372041e+52 10.311187 13.127133 4.252754 140.343782 214.798645 25.113172
0.561 2.07929e+52 2.347761e+52 1.3684069999999998e+52 10.358944 13.173708 4.252738 141.639209 216.231357 25.112217
0.562 2.0773739999999998e+52 2.33537e+52 1.370854e+52 10.366915 13.180856 4.261893 141.978911 216.608787 25.208149
0.563 2.0917219999999997e+52 2.341034e+52 1.369926e+52 10.403032 13.200255 4.271598 143.082917 217.350171 25.324526
0.564 2.114872e+52 2.367178e+52 1.367921e+52 10.456302 13.25203 4.256786 144.678054 219.189503 25.151325
0.565 2.126919e+52 2.37467e+52 1.3740440000000001e+52 10.478569 13.274624 4.241918 145.520717 220.158842 24.982233
0.566 2.1360980000000001e+52 2.3875289999999998e+52 1.372763e+52 10.498671 13.29205 4.236643 146.217916 220.727521 24.919573
0.567 2.128362e+52 2.3805540000000002e+52 1.367616e+52 10.493054 13.29865 4.232764 145.97331 220.972553 24.857148
0.568 2.118675e+52 2.354422e+52 1.366964e+52 10.472262 13.268346 4.22814 145.392958 220.038497 24.798623
0.569 2.11905e+52 2.3555259999999998e+52 1.365958e+52 10.471623 13.272484 4.227359 145.477318 220.249786 24.789903
0.57 2.1210599999999998e+52 2.362877e+52 1.364805e+52 10.488457 13.283938 4.219478 146.006408 220.497223 24.692615
0.571 2.110828e+52 2.333317e+52 1.363263e+52 10.451124 13.244877 4.206654 144.719597 219.177347 24.559727
0.572 2.125674e+52 2.361665e+52 1.362384e+52 10.468319 13.277772 4.206487 145.223701 220.18941 24.53876
0.573 2.1103969999999998e+52 2.3384649999999998e+52 1.3568560000000002e+52 10.45235 13.25942 4.207596 144.759931 219.395617 24.515975
0.574 2.099904e+52 2.316344e+52 1.3578840000000002e+52 10.435824 13.253236 4.213317 144.098997 219.303508 24.603785
0.575 2.100476e+52 2.319597e+52 1.3668970000000001e+52 10.433262 13.257892 4.210762 144.11656 219.545846 24.606171
0.576 2.078052e+52 2.3262079999999998e+52 1.3651169999999998e+52 10.431929 13.267256 4.216776 144.24653 219.684195 24.655085
0.577 2.0525639999999998e+52 2.265136e+52 1.352687e+52 10.381111 13.193583 4.215979 142.559184 217.273466 24.651185
0.578 2.065643e+52 2.2949419999999998e+52 1.359308e+52 10.409591 13.244536 4.227015 143.223773 218.923523 24.789001
0.579 2.058777e+52 2.3339159999999998e+52 1.366899e+52 10.428396 13.28546 4.235261 143.739886 220.009518 24.899666
0.58 2.06581e+52 2.300723e+52 1.354808e+52 10.43476 13.253284 4.2305 143.968834 219.074502 24.8569
0.581 2.084873e+52 2.3230520000000002e+52 1.3569290000000001e+52 10.475256 13.301393 4.219386 145.291504 221.090543 24.742712
0.582 2.0843699999999999e+52 2.3614760000000002e+52 1.362198e+52 10.49059 13.340418 4.234687 145.777156 222.265541 24.904628
0.583 2.070835e+52 2.309509e+52 1.350018e+52 10.466584 13.294823 4.251506 145.132246 220.784874 25.102289
0.584 2.072692e+52 2.2949929999999997e+52 1.351745e+52 10.487985 13.301059 4.240448 145.775915 221.026856 24.990201
0.585 2.0848589999999997e+52 2.335906e+52 1.36585e+52 10.509967 13.349207 4.244971 146.813643 222.981404 25.077057
