####### LIGHTCURVES AND MEAN ENERGIES
####### 3 NEUTRINO SPECIES: NU_E, NUBAR_E AND N_X
####### ALL QUANTITIES ARE MEASURED AT 500 KM FROM THE CENTER
#######
####### FROM MODEL L1-90 (BUGLI ET AL. 2020,2021)
####### B0=1e12 G, l=1, r0=1.00e8 cm
####### UNITS: TIME [ms], LUMINOSITY [1e52 erg/s], ENERGY [MeV]


# TIME	L_NU_E     	L_NU_BAR   	L_NU_X     	E_NU_E     	E_NU_BAR  	E_NU_X      	E2_NU_E    	E2_NU_BAR 	E2_NU_X     
1	16.390629	0.000026	0.000021	11.001821	6.107302	0.855809	138.710004	49.734733	0.907412	
2	13.138545	0.000669	0.000201	11.389209	4.034719	1.298912	147.655378	20.836636	2.470206	
3	22.325131	0.493217	0.518888	12.367353	12.677279	3.724087	176.726141	184.615472	16.024178	
4	73.976479	0.533927	1.157477	14.874167	13.309658	5.730329	250.286256	207.200428	45.267578	
5	52.064463	0.514893	0.862343	13.621167	11.920858	6.372043	210.798641	163.786743	62.276576	
6	42.699877	0.743576	0.756219	13.080813	11.933673	5.768081	194.738047	163.646361	50.412538	
7	41.882194	0.841815	0.785639	12.655941	11.514596	5.021648	182.737506	152.771394	36.026454	
8	38.029093	0.959571	1.037117	12.149169	11.342164	4.700030	168.482484	148.909192	29.306491	
9	40.452448	0.888864	1.235007	12.262298	11.133916	4.560796	172.380797	143.503620	26.878595	
10	38.663376	0.888616	1.363549	12.047243	11.162721	4.413287	167.144857	143.739595	24.890276	
11	37.268087	0.893715	1.397743	11.648753	11.214511	4.314249	156.395056	145.395699	23.725125	
12	31.938434	0.854927	1.361677	11.209608	11.098703	4.164195	145.303734	142.636842	22.001790	
13	27.717075	0.847458	1.349091	11.059759	10.854269	4.124618	141.446687	137.009133	21.290127	
14	20.725583	0.938419	1.383676	10.526256	10.794917	4.156279	128.753732	135.376801	21.614077	
15	16.233723	1.063361	1.458575	9.912058	10.763674	4.222117	114.155953	134.763410	22.402687	
16	14.544373	1.245128	1.560396	9.768484	10.796446	4.231197	110.531146	135.921904	22.632625	
17	15.404782	1.513104	1.752411	9.773313	10.836693	4.239632	110.384422	137.270282	22.712527	
18	16.255785	1.745745	1.954933	9.938159	10.809692	4.197975	114.050964	136.734023	22.377680	
19	17.083891	2.087865	2.237261	10.007440	10.840004	4.166776	115.724266	137.967255	22.007475	
20	17.038753	2.395451	2.533081	9.979101	10.868704	4.157436	115.163686	139.065876	21.880407	
21	16.693838	2.594228	2.747039	10.013358	10.906502	4.160642	116.365370	140.225344	21.908339	
22	16.335431	2.626824	2.929202	10.003153	10.951893	4.183722	116.486265	140.975524	22.115824	
23	16.090776	2.580870	3.018594	9.946447	10.923774	4.209610	115.326507	139.987470	22.387193	
24	15.879073	2.568395	3.035166	9.854516	10.938037	4.239904	113.141439	139.967693	22.726193	
25	14.838551	2.664248	3.080118	9.714453	11.015874	4.253070	110.209306	141.488214	22.844352	
26	12.946093	2.769663	3.026227	9.591449	11.111164	4.273154	107.621434	144.024463	23.188065	
27	11.987889	2.958844	3.007744	9.492230	11.197647	4.251879	105.478627	146.219566	22.987044	
28	11.767425	3.190808	3.050562	9.467130	11.323219	4.246535	104.859061	149.568989	22.910253	
29	11.389700	3.476816	3.113193	9.450080	11.446898	4.234821	104.700109	152.314389	22.772374	
30	11.448580	3.672714	3.154226	9.438254	11.521482	4.221362	104.449205	154.404004	22.603009	
31	11.537189	3.884009	3.224170	9.513946	11.598393	4.207603	106.051286	156.263596	22.403126	
32	11.240355	4.076022	3.299348	9.466459	11.617580	4.190078	105.597388	156.949685	22.176930	
33	10.529125	4.223536	3.372532	9.330081	11.611951	4.177518	102.586229	157.081904	22.037210	
34	10.378588	4.324682	3.425605	9.266013	11.683365	4.172599	101.119795	159.098770	21.951652	
35	9.588885	4.401011	3.457938	9.179468	11.665853	4.180052	99.759429	158.525513	21.980617	
36	9.119278	4.361587	3.412279	9.114510	11.625743	4.173641	98.249204	157.389250	21.933384	
37	8.812806	4.415881	3.439062	9.053029	11.605387	4.160317	97.100216	156.712419	21.784435	
38	8.610198	4.541844	3.485126	8.976644	11.664931	4.149781	95.515430	158.193852	21.685939	
39	8.473039	4.598093	3.528005	8.896650	11.650865	4.145187	94.103831	157.941547	21.662313	
40	8.576658	4.656725	3.559561	8.901997	11.643244	4.134587	94.366677	157.731424	21.582568	
41	8.480341	4.674065	3.566397	8.941107	11.648232	4.130275	95.245727	158.132115	21.560083	
42	8.653742	4.815216	3.605946	9.014157	11.715432	4.131265	97.028064	159.878815	21.531461	
43	8.650471	4.922068	3.630227	9.049493	11.786807	4.142030	97.723572	161.768884	21.655228	
44	8.850013	5.091691	3.646626	9.074225	11.902442	4.160430	98.285469	164.655996	21.809972	
45	8.443950	5.266580	3.653155	9.028934	11.953518	4.165374	97.590061	165.961034	21.862498	
46	8.372621	5.464316	3.679264	9.087888	12.004038	4.159561	98.738142	167.120206	21.771405	
47	8.014806	5.556296	3.668651	9.070264	12.028510	4.147625	98.395944	167.726364	21.653472	
48	8.039382	5.647588	3.698231	9.041363	12.077805	4.155658	97.806222	169.062694	21.745001	
49	8.137010	5.720459	3.712424	9.046171	12.129245	4.158542	97.927827	170.386943	21.787600	
50	8.119542	5.710347	3.719109	9.040884	12.123163	4.166478	97.837539	170.245642	21.852417	
51	7.919600	5.779763	3.731866	9.009272	12.139094	4.164444	97.389650	170.667890	21.823205	
52	7.735477	5.888488	3.776575	8.974411	12.101235	4.152424	96.755809	169.580221	21.686175	
53	7.658534	5.905669	3.703602	8.932566	12.088480	4.147572	95.898496	169.485286	21.710618	
54	7.726352	5.864683	3.741351	8.930801	12.039402	4.138742	95.986514	168.154972	21.591946	
55	7.494365	5.974023	3.755391	8.838168	12.111723	4.138673	94.118428	170.509514	21.629365	
56	7.213046	5.885230	3.705582	8.822185	12.093482	4.132680	93.865285	170.402189	21.601539	
57	6.947765	5.827717	3.667033	8.839893	12.139911	4.146600	94.633352	171.539679	21.770021	
58	6.317762	5.699102	3.627803	8.708591	12.103194	4.121509	92.219703	170.510453	21.523614	
59	6.019149	5.938441	3.693877	8.673648	12.226596	4.127558	91.738106	173.608674	21.553657	
60	5.699094	5.931368	3.647902	8.595964	12.276101	4.115786	90.434271	174.829838	21.450851	
61	5.920025	5.863523	3.607404	8.641276	12.248614	4.104324	91.578380	173.867353	21.337834	
62	5.686736	5.726991	3.571206	8.587621	12.231730	4.101149	90.472813	172.923896	21.287959	
63	5.747207	5.766852	3.617126	8.611063	12.262722	4.113384	91.775785	174.115236	21.441607	
64	5.730517	5.657458	3.533518	8.599254	12.261049	4.087401	90.682841	173.833991	21.120503	
65	5.681510	5.575945	3.499388	8.568650	12.216828	4.075973	90.490879	172.694977	21.033991	
66	5.826600	5.679396	3.532156	8.546677	12.296093	4.104062	89.572431	175.221219	21.324964	
67	5.543002	5.657971	3.494557	8.522165	12.312592	4.093929	89.339851	175.824628	21.198103	
68	5.531948	5.869037	3.549214	8.557482	12.406617	4.102189	91.326883	178.602241	21.301453	
69	5.678569	6.002238	3.639394	8.580886	12.450441	4.116225	91.382311	180.087802	21.415344	
70	5.609164	5.968309	3.598776	8.609501	12.455180	4.117005	92.627816	180.547309	21.471194	
71	5.766429	6.005009	3.603402	8.683236	12.438365	4.117505	94.061231	179.889669	21.457415	
72	6.028747	6.181997	3.641453	8.755431	12.464505	4.118607	94.938699	180.567047	21.462003	
73	6.160814	6.260902	3.684062	8.765914	12.506392	4.143488	95.128666	181.758066	21.694594	
74	6.278538	6.318959	3.685988	8.819163	12.533118	4.163095	96.110992	182.552807	21.884855	
75	6.337782	6.487542	3.724332	8.871947	12.543334	4.168638	97.482484	182.819742	21.939138	
76	6.369891	6.632185	3.768630	8.879108	12.513600	4.168094	97.600204	182.174582	21.967701	
77	6.224538	6.683099	3.794440	8.910942	12.547359	4.187331	98.483711	183.363233	22.202764	
78	6.343993	6.808383	3.841401	8.988947	12.567872	4.203254	102.456268	184.152637	22.376232	
79	6.392200	6.973098	3.839526	9.057014	12.552657	4.193485	102.087453	183.629505	22.242451	
80	6.178823	7.028299	3.810922	9.063921	12.514770	4.188273	102.574097	182.644711	22.227583	
81	6.185194	7.122666	3.806132	9.079315	12.500131	4.185751	103.372898	182.262256	22.193923	
82	6.283181	7.244557	3.811628	9.099824	12.468287	4.181041	102.824904	181.397474	22.114349	
83	6.415615	7.346808	3.823126	9.156498	12.401441	4.169570	103.973369	179.503563	21.997071	
84	6.580582	7.479859	3.844682	9.225919	12.366757	4.156441	105.452978	178.653979	21.869315	
85	6.844875	7.551185	3.846463	9.286239	12.401771	4.159120	105.885260	179.693811	21.886944	
86	7.137820	7.531476	3.877038	9.324927	12.403438	4.157994	106.859701	179.721669	21.846657	
87	7.273986	7.593144	3.925052	9.360899	12.404701	4.144930	107.904706	179.783621	21.692262	
88	7.326979	7.685217	3.952736	9.430848	12.484323	4.151413	109.613896	182.050425	21.787220	
89	7.407992	7.688453	3.965981	9.454581	12.522068	4.157258	109.863918	183.012102	21.859948	
90	7.562873	7.710320	4.002517	9.477051	12.521889	4.160474	110.510952	182.952947	21.852382	
91	7.657384	7.805300	4.030333	9.476039	12.539997	4.157223	110.663895	183.515543	21.775026	
92	7.459118	7.806897	3.979278	9.424182	12.513920	4.139846	109.252258	182.700341	21.605213	
93	7.290578	7.859465	3.931811	9.381048	12.505206	4.129521	108.614515	182.390547	21.514251	
94	7.257168	7.936691	3.936189	9.362683	12.517727	4.127671	107.831972	182.708791	21.508372	
95	7.178192	7.961508	3.919392	9.395626	12.584109	4.139618	109.178059	184.614418	21.642778	
96	7.216835	7.990111	3.922547	9.416402	12.643029	4.156440	109.198511	186.298874	21.823190	
97	7.213617	7.974616	3.921225	9.443565	12.662316	4.162529	110.309412	186.958983	21.898144	
98	7.173609	7.957818	3.915237	9.498923	12.681726	4.166270	111.480303	187.731663	21.940791	
99	7.290333	7.968604	3.939992	9.531996	12.703930	4.170688	112.404508	188.683155	22.007396	
100	7.642709	8.083818	4.030369	9.568366	12.745833	4.186169	112.283643	190.178058	22.148189	
101	7.716815	8.206012	4.116503	9.619046	12.768684	4.208509	113.739568	190.834522	22.362903	
102	7.720074	8.306865	4.090142	9.645653	12.752411	4.209151	113.815067	190.115291	22.337619	
103	7.754417	8.438859	4.047999	9.683213	12.720952	4.204552	114.861388	188.753960	22.246334	
104	7.892116	8.704710	4.114962	9.728995	12.744682	4.228501	115.606039	189.333337	22.477049	
105	7.834018	8.722502	4.061154	9.697748	12.707169	4.216991	114.918212	188.223265	22.387803	
106	7.848916	8.800625	4.094832	9.714013	12.727243	4.232133	115.799286	188.935317	22.594870	
107	7.890016	8.783741	4.067154	9.736286	12.746877	4.234878	116.876483	189.663687	22.672547	
108	8.023800	8.829465	4.074970	9.782165	12.799172	4.243267	118.442916	191.230419	22.783777	
109	8.297667	8.976509	4.101818	9.817910	12.842284	4.252664	117.678257	192.470433	22.878643	
110	8.555581	9.179836	4.141219	9.885588	12.838683	4.263527	119.287270	192.368249	22.962584	
111	8.754948	9.333062	4.158595	9.941483	12.833859	4.273144	120.557687	192.152412	23.021064	
112	8.982064	9.495542	4.209444	9.978675	12.852402	4.287430	122.276686	192.622849	23.147467	
113	9.074857	9.657008	4.283968	9.945549	12.878070	4.299480	120.597627	193.342113	23.283545	
114	9.196389	9.741248	4.334710	9.934834	12.893983	4.310861	120.384666	193.793994	23.405093	
115	9.354556	9.786017	4.348927	9.951447	12.887170	4.310788	120.769626	193.646645	23.405865	
116	9.439732	9.810853	4.354645	9.941994	12.869941	4.302982	120.476706	193.216879	23.312803	
117	9.363331	9.786428	4.359480	9.961723	12.827056	4.281395	122.286177	192.174129	23.103694	
118	9.097638	9.636891	4.346177	9.956249	12.789977	4.265164	121.656146	191.322182	22.991128	
119	8.833913	9.421833	4.298563	9.959496	12.803772	4.255148	122.177095	191.894459	22.946974	
120	8.623605	9.257848	4.238254	9.983684	12.888497	4.263759	121.815604	194.136300	23.055741	
121	8.579866	9.315617	4.202260	10.080667	13.008959	4.286477	125.034334	197.078951	23.267231	
122	8.374091	9.373740	4.132356	10.089427	13.028263	4.290166	124.301662	197.174909	23.280623	
123	8.336649	9.443978	4.146814	10.104626	13.017837	4.293090	124.412144	196.658646	23.306262	
124	8.376003	9.386944	4.092349	10.128006	13.027388	4.286692	125.576601	196.752920	23.255912	
125	8.662625	9.497318	4.134002	10.121250	13.086371	4.306628	125.273492	198.397686	23.464134	
126	8.769738	9.452452	4.091073	10.088882	13.083828	4.287833	125.571540	198.391163	23.269849	
127	8.773006	9.489144	4.119927	10.086860	13.083463	4.284921	123.845109	198.571637	23.267480	
128	8.730591	9.460036	4.082047	10.080801	13.035578	4.267833	123.456512	197.441161	23.106626	
129	8.935720	9.633696	4.131545	10.130336	13.051458	4.268593	124.513416	198.199509	23.108265	
130	9.317084	9.775284	4.136962	10.169849	13.057692	4.257799	125.199896	198.324153	22.996066	
131	9.514900	9.903552	4.226155	10.172774	13.110952	4.270997	125.744706	199.882923	23.116698	
132	9.331230	9.834364	4.236951	10.083063	13.116852	4.266448	123.880186	200.158066	23.089419	
133	9.243450	9.685903	4.205336	10.089223	13.157450	4.261046	124.229125	201.535329	23.064438	
134	9.087352	9.476447	4.128520	10.151923	13.156664	4.246239	127.299887	201.706389	22.935127	
135	8.866214	9.338325	4.075406	10.162818	13.102501	4.231740	125.387878	200.227879	22.784468	
136	8.662955	9.259309	4.015455	10.207276	13.046803	4.219628	127.770451	198.739656	22.645284	
137	8.601024	9.348937	4.014784	10.249480	13.058913	4.226743	129.335923	199.291822	22.692833	
138	8.792414	9.537288	4.067314	10.338802	13.130378	4.247886	131.025921	201.481325	22.868852	
139	8.888478	9.548365	4.010107	10.408854	13.125793	4.244957	131.976669	201.099528	22.829695	
140	9.013226	9.689114	3.995331	10.513172	13.121149	4.245953	135.116178	200.482510	22.830593	
141	9.170368	9.901088	4.028701	10.533502	13.149430	4.249982	134.217133	201.137943	22.846603	
142	9.379869	10.021244	4.096696	10.530539	13.202890	4.256612	134.167341	202.879060	22.932651	
143	9.462807	10.026148	4.138427	10.522106	13.250145	4.258103	133.925805	204.330955	22.947094	
144	9.506211	9.986886	4.143582	10.554876	13.265532	4.250845	134.472228	204.917923	22.879338	
145	9.516919	9.957899	4.144883	10.579674	13.270027	4.246041	135.594720	205.128803	22.827812	
146	9.548456	10.014352	4.156381	10.567471	13.277717	4.246300	134.513403	205.260712	22.798096	
147	9.554813	10.031375	4.153072	10.538905	13.266128	4.248232	135.209458	204.771600	22.813694	
148	9.472922	10.022146	4.146910	10.459742	13.246815	4.253320	131.965541	204.228918	22.873315	
149	9.437942	9.973366	4.132777	10.430036	13.209606	4.244825	131.422188	203.412789	22.790444	
150	9.397158	9.929470	4.135450	10.450674	13.180755	4.235753	132.328772	202.805200	22.693138	
151	9.390953	9.878773	4.138041	10.499472	13.203295	4.240212	134.187825	203.605906	22.716671	
152	9.385792	9.824868	4.121125	10.555627	13.195062	4.235572	135.794651	203.408180	22.643501	
153	9.264932	9.699020	4.060946	10.574886	13.181548	4.228712	135.197774	203.064686	22.603520	
154	9.161287	9.718422	4.035660	10.627295	13.184053	4.237081	137.142711	203.084133	22.714720	
155	9.170248	9.781324	4.005406	10.648348	13.198084	4.249303	137.397024	203.293369	22.841350	
156	9.262110	9.898206	3.991152	10.663382	13.247156	4.252085	137.897060	204.381316	22.838808	
157	9.261743	9.914934	3.994271	10.651690	13.272123	4.252779	136.791442	205.042884	22.821474	
158	9.410692	9.924348	4.014114	10.667081	13.290621	4.253225	138.737017	205.920271	22.830468	
159	9.556046	10.074488	4.113476	10.628867	13.343630	4.273989	137.213080	207.661597	23.056736	
160	9.642885	10.112147	4.155269	10.592252	13.354842	4.285866	135.690839	208.165461	23.212577	
161	9.657635	10.111926	4.194351	10.574447	13.353780	4.296378	135.832979	208.303959	23.355065	
162	9.648679	10.177030	4.227374	10.550728	13.314423	4.301252	134.983462	207.255326	23.441838	
163	9.836053	10.176088	4.226014	10.630369	13.316357	4.311275	139.465229	207.415776	23.563248	
164	9.803645	10.151037	4.195855	10.613545	13.269942	4.317224	137.890527	205.925873	23.624703	
165	9.820035	10.219481	4.202566	10.603044	13.285121	4.321321	136.428518	206.245315	23.672256	
166	9.879172	10.243769	4.190075	10.664795	13.312421	4.326155	139.433062	206.898146	23.753103	
167	9.912603	10.055667	4.174902	10.693012	13.358626	4.334014	139.486832	208.365714	23.880888	
168	9.771651	9.981564	4.150221	10.716657	13.386146	4.342423	139.210661	208.944494	23.980451	
169	9.651697	9.976034	4.112510	10.765934	13.412026	4.345304	140.903251	209.507880	24.023440	
170	9.467246	9.948598	4.099047	10.801836	13.476915	4.360387	140.506465	211.371231	24.182822	
171	9.368776	9.819971	4.059886	10.897177	13.536227	4.382516	145.183563	213.203790	24.408197	
172	9.196726	9.571858	3.966344	10.898167	13.555805	4.387317	145.270794	213.648179	24.451989	
173	9.030146	9.486523	3.930171	10.867114	13.532961	4.386566	144.128522	212.914892	24.446403	
174	9.172862	9.524832	3.939612	10.884058	13.557836	4.389743	144.397363	213.877927	24.481351	
175	9.356215	9.500307	3.944291	10.873238	13.600631	4.394711	142.505784	215.454446	24.513113	
176	9.492653	9.589057	3.958231	10.866382	13.642839	4.405676	142.062845	216.643978	24.591759	
177	9.661100	9.662566	3.983557	10.873627	13.672313	4.404832	144.570757	217.631934	24.529691	
178	9.671579	9.650157	3.986746	10.822632	13.710336	4.401413	141.130137	218.971269	24.454483	
179	9.716383	9.455716	3.969594	10.848897	13.761579	4.392492	142.408307	221.014147	24.339602	
180	9.690152	9.291901	3.955039	10.825947	13.721418	4.383358	142.628044	220.142337	24.258832	
181	9.637220	9.248131	3.920062	10.762600	13.647643	4.385236	140.279217	217.952008	24.296335	
182	9.593205	9.361254	3.965124	10.736809	13.584698	4.386333	140.602568	215.802970	24.325270	
183	9.770552	9.538726	3.997524	10.765374	13.628547	4.393840	140.871467	217.180671	24.404913	
184	9.847255	9.691217	4.038089	10.811901	13.590233	4.394798	144.601273	215.609998	24.389524	
185	9.933177	9.728930	4.069805	10.818392	13.549283	4.392558	142.549694	214.738255	24.332241	
186	9.839003	9.737147	4.025799	10.806122	13.535069	4.378099	141.812958	214.252412	24.185262	
187	9.640026	9.702242	4.018199	10.805769	13.539476	4.386063	143.615553	214.570436	24.277300	
188	9.527363	9.573991	3.998747	10.808195	13.605763	4.394532	143.538006	216.990341	24.416803	
189	9.253707	9.310308	3.989428	10.791363	13.707765	4.423663	142.000648	220.306993	24.769320	
190	9.156878	9.203533	3.998209	10.805523	13.744442	4.451329	143.733517	221.603540	25.090934	
191	9.300315	9.361211	4.009954	10.774222	13.693245	4.449035	141.361189	220.099601	25.068540	
192	9.625168	9.796245	4.018433	10.799486	13.631952	4.436985	141.481511	218.005343	24.910592	
193	9.951602	10.203230	4.021111	10.890090	13.611399	4.426003	143.733834	217.283888	24.756635	
194	9.816008	10.234207	3.986307	10.985383	13.581292	4.409070	148.096230	216.314076	24.574014	
195	9.401724	10.026721	3.920792	10.989069	13.572645	4.392613	146.648637	215.993788	24.392018	
196	9.050480	9.691363	3.835118	10.994211	13.589111	4.385559	146.846100	216.325801	24.283249	
197	8.978355	9.413004	3.796798	10.962120	13.584682	4.368072	148.385789	216.043482	24.078313	
198	8.966626	9.150484	3.826624	10.876317	13.637308	4.357481	144.223828	217.680131	23.947522	
199	8.857369	8.820962	3.808320	10.798347	13.690549	4.352338	142.324197	219.545784	23.900736	
200	8.766636	8.567822	3.757805	10.778443	13.743525	4.351554	141.570545	221.175205	23.937869	
201	8.733641	8.516386	3.749478	10.777900	13.755280	4.354667	142.043890	221.503649	24.021860	
202	8.488949	8.247302	3.718060	10.762310	13.773936	4.372360	141.083342	222.433776	24.282503	
203	8.385624	8.133727	3.729486	10.760163	13.819465	4.394919	141.556074	224.417733	24.570450	
204	8.728027	8.343309	3.767897	10.821116	13.916839	4.427824	144.320413	227.813592	24.923437	
205	9.059812	8.832057	3.823989	10.870245	13.900300	4.445774	145.083913	227.065341	25.094984	
206	9.337133	9.543359	3.915620	10.889707	13.812313	4.445829	144.149714	223.717208	25.057772	
207	9.784213	10.054424	4.001283	10.929276	13.712038	4.430829	146.092541	220.990570	24.892910	
208	9.872500	10.455186	4.134502	10.940983	13.591008	4.401924	147.308896	217.789617	24.628644	
209	9.803019	10.380853	4.095525	10.967371	13.557447	4.386776	149.948875	216.701423	24.512664	
210	9.571518	10.138854	4.108222	10.928227	13.633573	4.409650	146.269555	218.582627	24.706995	
211	9.442725	10.025595	4.088586	10.978924	13.634980	4.421439	150.225945	218.625805	24.824465	
212	9.423573	9.773301	4.014780	11.057762	13.622683	4.419955	154.273540	218.267492	24.801582	
213	9.270736	9.809262	3.969928	11.012690	13.536161	4.414533	151.166090	215.400767	24.763531	
214	9.175629	9.932034	3.926956	10.939825	13.479915	4.411610	145.786725	213.537371	24.752851	
215	9.310386	10.035557	3.973232	10.951729	13.519607	4.416692	146.150848	214.690323	24.818476	
216	9.352917	9.879578	3.930484	10.954989	13.530239	4.412635	147.496858	215.194954	24.821403	
217	9.000831	9.637954	3.931016	10.869132	13.543867	4.401970	142.955948	215.502391	24.686844	
218	9.000289	9.518775	3.903235	10.957109	13.711196	4.419024	145.206778	220.718298	24.850091	
219	9.037114	9.272411	3.839689	10.991737	13.769572	4.425542	145.804917	222.354092	24.953893	
220	9.060746	9.221598	3.901130	11.027386	13.823239	4.428680	146.938429	224.246016	24.962352	
221	9.263560	9.368640	3.917998	11.073060	13.887572	4.428142	147.694032	226.294429	24.966860	
222	9.294073	9.137797	3.902838	11.085466	13.877081	4.418573	149.105235	226.553584	24.893451	
223	9.307408	9.132985	3.916911	11.078222	13.907073	4.419965	150.808463	227.753221	24.918469	
224	9.248256	9.084311	3.919282	11.005521	13.946092	4.426133	147.290914	228.929566	24.976208	
225	9.095023	8.935121	3.912728	10.936700	13.948064	4.432156	147.146449	229.074101	25.042733	
226	8.957712	8.758954	3.906721	10.863548	13.943937	4.443071	146.452690	229.296502	25.190670	
227	8.800060	8.750793	3.951253	10.793680	13.896329	4.460572	143.882739	228.083682	25.396667	
228	8.695884	8.697932	4.004552	10.719229	13.836335	4.471654	141.430572	226.375249	25.497858	
229	8.714935	8.584091	4.001801	10.694519	13.762609	4.455386	140.725925	224.132580	25.320894	
230	8.669480	8.539877	3.976141	10.692581	13.732631	4.459439	139.944739	223.060682	25.366442	
231	8.538766	8.546193	3.946499	10.712047	13.776784	4.476519	140.463860	224.394973	25.554150	
232	8.535386	8.554335	3.890592	10.827312	13.904858	4.497713	143.690284	228.472594	25.827029	
233	8.646531	8.722670	3.885256	11.009814	13.900374	4.479881	152.833898	227.967573	25.607072	
234	8.599597	8.863999	3.835265	10.997445	13.790062	4.445413	147.380133	224.472319	25.297037	
235	8.642795	8.926101	3.760078	11.025392	13.698803	4.425489	147.893999	221.562114	25.137526	
236	8.734886	8.985946	3.701408	11.005357	13.660887	4.413252	146.994862	220.602563	25.036161	
237	9.068149	9.252923	3.727915	11.028225	13.725718	4.431602	147.644215	222.698685	25.236942	
238	9.561104	9.601760	3.805361	11.109953	13.801789	4.452615	154.837273	224.883016	25.426465	
239	9.754858	9.804942	3.831079	11.077505	13.856008	4.476407	150.813501	226.505915	25.675604	
240	9.503810	9.735566	3.809121	11.082547	13.957790	4.503546	150.477918	229.306851	25.897842	
241	8.898850	9.251620	3.749159	11.012585	14.127817	4.546827	149.141335	234.002085	26.215909	
242	8.559511	8.792124	3.702614	10.973497	14.307262	4.576116	148.464089	239.611366	26.426170	
243	8.520569	8.637167	3.695586	10.957118	14.412340	4.584669	148.103578	242.261445	26.427005	
244	8.816052	8.830009	3.782223	10.923671	14.408019	4.561076	148.772540	241.589720	26.114628	
245	9.068159	9.098423	3.886448	10.871542	14.387777	4.544877	147.124644	240.683555	25.910584	
246	9.220031	9.189005	3.950789	10.834185	14.392366	4.524719	145.479978	240.458085	25.697262	
247	9.293449	9.170689	3.975138	10.881757	14.372986	4.509247	148.196112	239.783531	25.559014	
248	8.953669	8.984077	3.920159	10.870256	14.275609	4.477409	145.690896	236.866512	25.311984	
249	8.449572	8.583547	3.779021	10.884129	14.183748	4.450655	145.831723	234.397840	25.103572	
250	7.988543	8.221813	3.632199	10.953556	14.120200	4.439509	147.106092	232.739955	25.023690	
251	7.603355	8.041100	3.517784	11.099355	14.072679	4.433785	150.988815	231.521468	24.992661	
252	7.471729	8.046514	3.443851	11.266692	14.073827	4.435706	155.493082	231.780681	25.063061	
253	7.329361	8.052299	3.386983	11.424853	14.087980	4.453958	158.127698	232.469167	25.285488	
254	7.311484	8.071419	3.373110	11.545153	14.079096	4.482110	160.365008	232.400902	25.634313	
255	7.681308	8.390974	3.426038	11.640931	13.994207	4.501211	165.488051	229.975536	25.847531	
256	8.176028	8.899030	3.508628	11.638616	13.915908	4.522083	162.064963	227.758822	26.048602	
257	8.537356	9.258780	3.555041	11.706050	13.886355	4.526877	165.318778	226.967952	26.125173	
258	8.784935	9.661424	3.615799	11.708975	13.879146	4.539638	164.200045	226.877835	26.274797	
259	9.114180	10.020099	3.707000	11.726442	13.903635	4.552250	165.697596	227.747473	26.394486	
260	9.337835	10.245311	3.807725	11.781179	13.937982	4.561942	171.795821	229.171735	26.473509	
261	9.447712	10.342259	3.896975	11.666274	13.896887	4.552295	163.909861	228.066637	26.315405	
262	9.485250	9.983089	3.843036	11.634921	13.995269	4.589578	163.997216	231.123810	26.634387	
263	9.383342	9.697782	3.818506	11.591971	14.098396	4.622035	164.681450	233.994125	26.918261	
264	9.271272	9.538473	3.808691	11.475440	14.079330	4.596748	159.178150	233.790373	26.694001	
265	9.262359	9.362231	3.789596	11.462458	14.062563	4.583036	166.235706	233.479575	26.562026	
266	9.170450	9.324288	3.807807	11.264515	14.111678	4.584551	154.971406	234.859198	26.579069	
267	9.307318	9.341285	3.821856	11.186364	14.137961	4.580958	153.109354	235.427234	26.514016	
268	9.240842	9.121943	3.833892	11.108024	14.131933	4.573376	152.326255	235.299971	26.429046	
269	9.130217	8.991931	3.842706	11.028646	14.093776	4.557299	150.361149	234.536747	26.296518	
270	8.936634	8.782825	3.784050	10.947205	13.966279	4.515419	148.886336	230.648991	25.890012	
271	8.914009	8.713198	3.736182	10.878944	13.853223	4.470690	146.222819	227.528649	25.442391	
272	8.789737	8.822762	3.664323	10.864420	13.718502	4.426311	146.288432	223.552882	25.034786	
273	8.333771	8.686665	3.541383	10.851986	13.538000	4.360251	146.125795	218.322985	24.449265	
274	7.985181	8.499022	3.414212	10.873440	13.447714	4.305437	147.750348	215.935091	23.967885	
275	7.845997	8.410632	3.351096	10.873428	13.440583	4.276991	146.524577	215.996291	23.717060	
276	7.882953	8.305486	3.334971	10.872261	13.445599	4.262157	146.369167	216.497448	23.560572	
277	7.774618	8.121148	3.301857	10.832648	13.392605	4.248930	145.206554	214.970823	23.426580	
278	7.664962	8.008834	3.264936	10.762025	13.287338	4.233388	143.650344	211.815906	23.274543	
279	7.750414	8.001163	3.241060	10.708224	13.228439	4.224663	144.297639	209.906145	23.195002	
280	7.766476	8.021588	3.243332	10.726184	13.287633	4.235652	145.081888	211.428938	23.321368	
281	7.733267	7.979824	3.266009	10.747342	13.413866	4.253943	144.362023	215.075719	23.492809	
282	7.576107	7.852840	3.290577	10.754449	13.507675	4.267551	145.024849	217.655088	23.598195	
283	7.516983	7.760484	3.336414	10.764775	13.620266	4.285524	144.277833	220.792304	23.732219	
284	7.610210	7.804153	3.402975	10.806677	13.693863	4.292829	144.790532	222.648520	23.733153	
285	7.716933	7.850618	3.465720	10.913368	13.756890	4.293987	149.492629	224.438875	23.673622	
286	7.784711	7.856556	3.537389	10.881268	13.796254	4.280769	145.996808	225.656355	23.467092	
287	7.767098	7.780640	3.596180	10.810937	13.750950	4.261101	144.442850	224.583831	23.199207	
288	7.861560	7.876402	3.665868	10.737504	13.712784	4.256160	143.739360	223.761886	23.128826	
289	8.006782	7.949994	3.719407	10.704143	13.759330	4.256172	142.392418	225.432134	23.114858	
290	8.147791	7.998968	3.764450	10.690271	13.768729	4.257536	142.212027	225.651542	23.091293	
291	8.331248	8.122363	3.840125	10.669684	13.788206	4.264158	141.763860	226.221738	23.120618	
292	8.392338	8.157007	3.876688	10.626606	13.769599	4.264911	140.678702	225.649371	23.125997	
293	8.329244	8.163584	3.889983	10.607805	13.752188	4.270769	140.223896	225.105379	23.205166	
294	8.337817	8.187945	3.887548	10.620790	13.741682	4.281767	140.590527	224.770757	23.338968	
295	8.393024	8.233422	3.931526	10.627150	13.728781	4.288954	140.840402	224.512696	23.435539	
296	8.418644	8.218785	3.921629	10.613496	13.696043	4.290189	140.769719	223.740946	23.465716	
297	8.338517	8.255327	3.937930	10.595239	13.701874	4.295716	140.413230	224.001932	23.544493	
298	8.256895	8.207714	3.907152	10.584620	13.692305	4.294660	140.332910	223.917457	23.553032	
299	8.069227	7.971278	3.869541	10.543703	13.660062	4.285744	139.317998	223.244036	23.467283	
300	8.052049	7.917908	3.845314	10.536007	13.640882	4.272774	138.909257	222.743862	23.326627	
301	7.985425	7.788371	3.840691	10.529730	13.634543	4.264582	138.425604	222.722804	23.226665	
302	7.927436	7.735051	3.854803	10.530051	13.633891	4.263810	138.339176	222.847326	23.202818	
303	7.940477	7.707624	3.860589	10.525455	13.625705	4.261910	138.208389	222.610864	23.182973	
304	8.129197	7.843450	3.893792	10.542977	13.612904	4.262440	138.597950	222.106967	23.193752	
305	8.286625	8.022424	3.916213	10.563571	13.594415	4.273538	139.131172	221.370092	23.300925	
306	8.358665	8.097081	3.941060	10.548150	13.581270	4.275684	138.873951	220.876429	23.331222	
307	8.336463	8.057018	3.970999	10.520856	13.582297	4.275534	138.381148	220.983758	23.333425	
308	8.163419	7.887899	3.953516	10.506497	13.537806	4.263106	138.127293	219.688007	23.220965	
309	8.079158	7.709904	3.922068	10.458297	13.470489	4.252043	136.881499	217.750365	23.125932	
310	8.073152	7.701454	3.923726	10.431565	13.444673	4.248137	136.241024	217.096278	23.115359	
311	8.147435	7.761070	3.925526	10.451156	13.462971	4.253523	136.785108	217.815899	23.201706	
312	8.348855	7.979626	3.938866	10.485265	13.489635	4.259746	137.711052	218.494507	23.300686	
313	8.492145	8.207031	3.962894	10.516182	13.513314	4.266252	138.527351	219.140724	23.383704	
314	8.650916	8.326692	3.988006	10.513254	13.502352	4.266873	138.623083	219.005275	23.388410	
315	8.733754	8.388405	4.013819	10.508396	13.496392	4.267596	138.785651	218.998490	23.404065	
316	8.598796	8.329486	4.011144	10.482408	13.468656	4.263597	138.544085	218.368323	23.370953	
317	8.522144	8.339203	4.020943	10.485639	13.460548	4.261517	138.817277	218.215956	23.349422	
318	8.598874	8.434223	4.032411	10.496330	13.430958	4.262147	138.921430	217.034704	23.344400	
319	8.472292	8.318053	4.010519	10.468758	13.378230	4.255521	138.223823	215.486564	23.285109	
320	8.259264	8.037465	3.964027	10.413972	13.293513	4.233830	136.918561	213.253716	23.069619	
321	8.083464	7.794645	3.887076	10.352328	13.202993	4.217225	135.400516	210.719590	22.913312	
322	8.059725	7.740231	3.851614	10.282997	13.149567	4.207391	133.675694	209.255621	22.852108	
323	7.981959	7.710922	3.843632	10.259799	13.146570	4.193958	133.263948	209.330760	22.756534	
324	8.055112	7.790318	3.879691	10.281691	13.173033	4.188980	133.923135	210.267786	22.709523	
325	8.071773	7.671590	3.879170	10.211169	13.087500	4.181216	132.110629	207.947301	22.618347	
326	7.988895	7.639783	3.869747	10.164226	13.084837	4.175751	131.203676	208.109254	22.559895	
327	8.063255	7.719207	3.862323	10.180993	13.082412	4.161499	131.606298	207.985821	22.440036	
328	8.080799	7.700276	3.848774	10.142227	13.058772	4.147252	130.828435	207.323946	22.306980	
329	8.129317	7.713597	3.835069	10.133198	13.019072	4.140645	130.654351	206.183774	22.256497	
330	8.053465	7.677681	3.804487	10.115957	12.952077	4.133135	130.282999	204.317488	22.189612	
331	7.986820	7.646847	3.759156	10.124109	12.912367	4.118921	130.416214	203.106831	22.071168	
332	7.855092	7.588990	3.736275	10.112538	12.868899	4.101873	130.169723	201.879493	21.940887	
333	7.849090	7.698630	3.772908	10.150315	12.890668	4.108843	131.184145	202.470076	22.032207	
334	7.854380	7.673496	3.779869	10.150795	12.850693	4.106858	131.127554	201.294127	22.003995	
335	7.924806	7.662268	3.795307	10.174340	12.878107	4.116348	131.521102	201.940071	22.080350	
336	7.923017	7.605219	3.799012	10.147064	12.837967	4.096054	131.003017	200.810234	21.872874	
337	7.870657	7.533999	3.800930	10.088824	12.778224	4.080764	129.764223	199.217329	21.742170	
338	7.738908	7.449386	3.789753	10.046138	12.746154	4.080914	128.805988	198.217290	21.745697	
339	7.725688	7.406472	3.741055	10.022043	12.705713	4.082672	128.071012	196.858728	21.798297	
340	7.649073	7.405909	3.691743	9.947044	12.629491	4.067798	126.394065	194.610786	21.720616	
341	7.540237	7.194256	3.620230	9.896140	12.559093	4.050545	125.174733	192.744430	21.594678	
342	7.425014	7.052832	3.582539	9.893073	12.571605	4.050255	125.172645	193.226862	21.629558	
343	7.379713	6.967090	3.549867	9.864410	12.531210	4.037107	124.694331	192.169184	21.528063	
344	7.568181	7.084783	3.615405	9.862086	12.520725	4.027222	124.727587	192.070522	21.450537	
345	7.793544	7.274390	3.698742	9.893897	12.512882	4.038290	125.409586	191.919451	21.529769	
346	7.985259	7.401499	3.760159	9.932781	12.541034	4.051317	126.250038	192.821243	21.639204	
347	8.133278	7.516839	3.809226	9.913333	12.558321	4.056480	125.830867	193.392384	21.695309	
348	8.234206	7.590043	3.869825	9.902277	12.571390	4.065923	125.766220	193.985048	21.796523	
349	8.459289	7.765964	3.943797	9.948555	12.620114	4.097544	126.852653	195.379212	22.076802	
350	8.602728	7.861766	4.024016	9.942491	12.641552	4.118912	126.577216	196.036811	22.293490	
351	8.423550	7.657604	3.988501	9.899334	12.593514	4.111642	125.320574	194.607120	22.245477	
352	8.368763	7.795090	4.062964	9.960484	12.653171	4.134029	126.910279	196.128330	22.464213	
353	8.431284	7.952047	4.078553	10.030791	12.694997	4.136042	128.653879	197.278880	22.483184	
354	8.397516	7.933254	4.046984	10.010327	12.662907	4.114359	128.422958	196.411824	22.288307	
355	8.474490	7.915140	4.082581	10.094071	12.735603	4.128011	130.548657	198.554329	22.405843	
356	8.490739	7.803203	4.057904	10.161548	12.774559	4.139688	132.195151	199.732654	22.506482	
357	8.208499	7.502552	3.969316	10.124278	12.717092	4.128555	131.217132	197.852053	22.413217	
358	7.776471	7.177601	3.859762	10.058050	12.661959	4.124875	129.532556	196.101695	22.397229	
359	7.619258	7.121858	3.813839	10.057065	12.643664	4.124136	129.515327	195.490085	22.438054	
360	7.398964	7.036255	3.723275	10.076448	12.638932	4.113590	130.109838	195.385744	22.344465	
361	7.344443	7.028299	3.690371	10.118331	12.697891	4.111393	130.910408	196.828230	22.356275	
362	7.405091	7.162483	3.672752	10.154750	12.729245	4.118534	131.431412	197.243858	22.446546	
363	7.313399	7.143327	3.653898	10.128992	12.718348	4.136074	130.582625	196.646984	22.661321	
364	7.107693	6.908781	3.621197	10.112653	12.706402	4.133347	130.226364	196.548541	22.667293	
365	6.826488	6.615422	3.573403	10.002756	12.585011	4.102748	127.650477	193.165045	22.345121	
366	6.569966	6.390926	3.536305	9.921009	12.518970	4.094794	125.577179	191.308602	22.283612	
367	6.320499	6.182854	3.442108	9.830061	12.406135	4.055135	123.566353	188.345795	21.913340	
368	6.154065	6.062991	3.371649	9.758607	12.322900	4.017383	122.043119	186.075663	21.532754	
369	6.139716	6.043073	3.373204	9.725973	12.293038	4.007717	121.313202	185.541570	21.445487	
370	6.197007	6.060302	3.384249	9.679752	12.260635	3.992414	120.360624	184.735860	21.266035	
371	6.423746	6.186405	3.477188	9.683554	12.276121	3.990651	120.608768	185.469367	21.175954	
372	6.598538	6.339378	3.577559	9.646202	12.258391	4.000348	120.035652	185.180511	21.241999	
373	6.780555	6.517721	3.712199	9.618183	12.252407	4.020352	119.687793	185.047101	21.433422	
374	6.944283	6.655114	3.848043	9.638072	12.266934	4.043895	120.365561	185.661004	21.687949	
375	7.006394	6.711053	3.940440	9.645326	12.269097	4.059414	120.759873	185.978954	21.832595	
376	7.233273	6.939217	4.025461	9.696962	12.331046	4.093710	122.107016	187.843284	22.154444	
377	7.444449	7.208965	4.131178	9.757563	12.424686	4.138049	123.739560	190.741192	22.602569	
378	7.614849	7.359015	4.229320	9.804713	12.426005	4.172728	124.933933	191.017651	22.991637	
379	7.692501	7.401872	4.340501	9.839396	12.430175	4.194975	125.785469	191.482588	23.274154	
380	7.751493	7.488966	4.435687	9.838929	12.407466	4.233285	126.072551	190.797940	23.730669	
381	7.602885	7.459118	4.452342	9.785917	12.354215	4.261150	124.362201	189.038853	24.130120	
382	7.481212	7.363855	4.495922	9.742637	12.321713	4.287010	123.437493	188.538297	24.558405	
383	7.332713	7.232474	4.398238	9.701164	12.282336	4.276380	122.207296	187.130608	24.537876	
384	7.312353	7.203841	4.318059	9.669299	12.216903	4.254887	121.319098	185.058300	24.327605	
385	7.230677	7.129092	4.327084	9.642624	12.199266	4.254898	120.841097	184.806969	24.324085	
386	7.202514	7.084956	4.322751	9.606639	12.177868	4.253145	119.976501	184.247073	24.351299	
387	7.066122	6.811800	4.292665	9.548838	12.100612	4.242733	118.648666	182.108517	24.266740	
388	6.975782	6.672711	4.260870	9.529661	12.105070	4.244452	118.403242	182.437934	24.261904	
389	6.931498	6.634899	4.215644	9.526971	12.079165	4.235499	118.351932	181.626111	24.197794	
390	6.835835	6.568053	4.245651	9.523274	12.030734	4.244373	118.283868	180.502124	24.345077	
391	6.840174	6.600375	4.379210	9.552057	12.065293	4.291349	119.361312	181.852121	25.009982	
392	6.698924	6.448350	4.340939	9.509712	12.022736	4.296202	118.246506	180.467004	25.165206	
393	6.651463	6.389484	4.315227	9.491676	11.997984	4.287216	117.783600	179.792656	25.089247	
394	6.575890	6.345541	4.303986	9.440075	11.962604	4.307803	116.794952	178.613826	25.334437	
395	6.630807	6.447332	4.325433	9.463250	11.984531	4.319922	117.144340	179.188199	25.499755	
396	6.657806	6.479823	4.346735	9.524704	12.049579	4.330644	118.955930	181.391339	25.583368	
397	6.493325	6.398191	4.288780	9.491018	12.054448	4.318730	118.201449	181.437782	25.460063	
398	6.366013	6.372284	4.229701	9.424411	12.021287	4.304921	116.401279	179.961855	25.324594	
399	6.377678	6.391611	4.189813	9.445084	12.024120	4.292581	116.939572	180.125297	25.222574	
400	6.364690	6.392699	4.168464	9.471856	12.050853	4.288305	117.696510	180.792044	25.203510	
401	6.400376	6.431267	4.174038	9.518399	12.088785	4.317859	119.990989	182.010115	25.495698	
402	6.380199	6.378134	4.177852	9.502239	12.079498	4.308686	118.294135	181.918111	25.369268	
403	6.355234	6.354632	4.187588	9.490499	12.065745	4.311433	118.017399	181.516035	25.385229	
404	6.147131	6.178677	4.142024	9.463986	12.007758	4.310600	117.319584	180.130066	25.378897	
405	6.047677	6.057105	4.127240	9.416968	11.984798	4.304590	116.435360	179.059505	25.225522	
406	6.066940	6.038623	4.125966	9.462447	12.011753	4.296970	117.052574	179.983629	25.100906	
407	6.006979	5.951401	4.104224	9.395649	11.964558	4.270783	116.107279	178.875303	24.818880	
408	5.946267	5.906696	4.101794	9.435961	11.988904	4.283465	116.102763	179.210646	24.841564	
409	5.823541	5.803545	4.084655	9.367777	11.975439	4.292252	114.864267	178.774196	25.051670	
410	5.811390	5.740456	4.057533	9.404127	11.980192	4.303750	115.442858	178.953197	25.146888	
411	5.799200	5.737093	4.062854	9.418605	11.985583	4.302284	115.691019	179.207500	25.116542	
412	5.808997	5.767020	4.074417	9.451530	12.018413	4.313166	116.612617	180.314795	25.273084	
413	5.789922	5.699450	4.067643	9.472084	12.023687	4.322008	117.108771	180.487937	25.398924	
414	5.845999	5.741912	4.107648	9.518219	12.069573	4.344791	118.358236	181.797228	25.655988	
415	5.958431	5.884564	4.180126	9.604535	12.189646	4.377903	120.451979	185.302498	26.004904	
416	6.120867	6.004270	4.268246	9.699661	12.286587	4.415575	122.702986	188.212761	26.404043	
417	6.220686	6.120419	4.309974	9.748598	12.320693	4.426190	123.688435	188.779413	26.554156	
418	6.201527	6.087281	4.335201	9.722257	12.321068	4.433946	123.060738	188.811042	26.687107	
419	6.150887	6.005300	4.328518	9.714515	12.318626	4.432231	122.984998	188.904531	26.666308	
420	5.921446	5.822655	4.238982	9.640917	12.245897	4.400599	121.045697	186.639677	26.278087	
421	5.820256	5.729830	4.187933	9.618552	12.237996	4.389103	120.735476	186.622305	26.184162	
422	5.717227	5.506798	4.155904	9.549108	12.148026	4.388751	118.811576	183.940308	26.189341	
423	5.670564	5.437598	4.132871	9.536872	12.123121	4.386318	118.159075	182.716683	26.139355	
424	5.510013	5.279558	4.110963	9.524484	12.085235	4.408838	117.800120	181.783018	26.408768	
425	5.304659	5.088759	4.068662	9.484411	12.090927	4.407571	116.931453	181.955288	26.391727	
426	5.262846	5.057674	4.028525	9.515315	12.115900	4.385239	117.795420	182.859609	26.112013	
427	5.146126	4.914489	3.977079	9.507429	12.106526	4.367944	117.950298	182.641612	25.922385	
428	4.950539	4.725812	3.908700	9.433681	12.023868	4.354524	115.873798	180.002502	25.780382	
429	4.952518	4.759210	3.881732	9.511755	12.124814	4.354086	118.241841	183.430224	25.783428	
430	5.016401	4.804455	3.841957	9.559538	12.150673	4.366998	119.288069	184.425788	26.027290	
431	4.973447	4.670125	3.854997	9.542210	12.083570	4.399118	118.381063	181.784355	26.379427	
432	5.219234	4.932763	3.913495	9.700274	12.268787	4.439168	122.283056	187.160327	26.844808	
433	5.000216	4.763847	3.921887	9.728424	12.321594	4.451377	123.113852	188.965395	27.016577	
434	5.146860	4.920960	3.945086	9.708087	12.298312	4.447239	122.093347	187.783892	26.901898	
435	5.248659	5.012949	3.925629	9.778752	12.350612	4.431320	123.828936	189.194921	26.718776	
436	5.081980	4.899256	3.915080	9.763605	12.342749	4.430164	123.334270	188.860856	26.653221	
437	5.082839	4.990937	3.906895	9.828822	12.452634	4.428285	125.350910	192.623037	26.577234	
438	4.835220	4.844979	3.832932	9.774985	12.415422	4.414012	123.842501	191.315399	26.474471	
439	4.811246	4.815394	3.806578	9.765060	12.410683	4.432892	123.584921	191.339397	26.707657	
440	4.877835	4.934600	3.793635	9.811850	12.461804	4.438235	124.892652	192.813695	26.742075	
441	4.759518	4.914900	3.794185	9.732373	12.395136	4.428213	122.897552	190.462435	26.667604	
442	4.776274	4.972098	3.831443	9.758494	12.436418	4.442514	123.383941	191.695310	26.806077	
443	4.815299	5.035199	3.841679	9.781120	12.466992	4.470646	124.052259	192.779303	27.122000	
444	4.951273	5.181879	3.870827	9.888310	12.579259	4.470731	126.881161	196.185486	27.131759	
445	4.852447	5.093887	3.853795	9.884865	12.571381	4.442882	126.571033	195.966750	26.829649	
446	4.856950	5.050367	3.841533	9.864269	12.532522	4.435917	126.098935	194.823329	26.762693	
447	4.885622	5.018249	3.883330	9.853741	12.510066	4.459536	125.669173	193.914867	26.984035	
448	4.867119	5.047959	3.960890	9.866137	12.569743	4.487002	125.947553	195.706729	27.299428	
449	4.856387	5.052506	4.017277	9.847311	12.603263	4.505943	125.515912	196.697677	27.507769	
450	4.843007	5.032090	4.005899	9.802611	12.556495	4.503189	124.162581	195.197706	27.530407	
451	4.790109	4.946810	3.953526	9.790933	12.510735	4.492600	124.260090	194.146371	27.482352	
452	4.729011	4.916640	3.915523	9.771757	12.507424	4.493574	123.574610	193.752314	27.454310	
453	4.598580	4.825082	3.891146	9.697888	12.471242	4.509040	121.971090	192.948505	27.647524	
454	4.595504	4.846871	3.870475	9.761865	12.538906	4.508332	123.555351	195.015370	27.661264	
455	4.607731	4.855029	3.885660	9.758169	12.519893	4.493744	123.506107	194.529393	27.465388	
456	4.548873	4.809013	3.864577	9.699906	12.487300	4.482866	122.106092	193.497746	27.350099	
457	4.569022	4.794022	3.841815	9.756806	12.533329	4.499117	123.094743	194.612572	27.505697	
458	4.516233	4.785446	3.844597	9.745509	12.546862	4.521178	122.345821	194.645203	27.803219	
459	4.451605	4.696100	3.841436	9.728414	12.543743	4.513856	122.359708	195.205854	27.751580	
460	4.413111	4.675079	3.823432	9.732077	12.555403	4.509032	122.271490	195.597420	27.690436	
461	4.254933	4.569912	3.800549	9.660546	12.526095	4.506436	120.672547	194.712598	27.679228	
462	4.347259	4.537220	3.826137	9.748247	12.578392	4.510589	122.989488	196.695798	27.749293	
463	4.395600	4.593126	3.845415	9.819632	12.660238	4.531045	125.177188	199.322128	27.960390	
464	4.398323	4.628641	3.870178	9.863874	12.705005	4.527604	125.718305	200.468198	27.898875	
465	4.465349	4.768207	3.898528	9.874703	12.731502	4.528600	126.068745	201.231246	27.912026	
466	4.532171	4.864295	3.899618	9.871596	12.706973	4.524518	126.033022	200.217747	27.878361	
467	4.524994	4.888780	3.866448	9.842350	12.702128	4.532424	125.176150	199.988576	27.999414	
468	4.521688	4.804859	3.845902	9.828218	12.663620	4.535731	124.700992	198.764515	28.040869	
469	4.416651	4.686070	3.855352	9.756457	12.614395	4.530616	123.344619	197.754868	27.911219	
470	4.369175	4.674968	3.887928	9.751872	12.635616	4.551703	123.572382	198.573409	28.121357	
471	4.465365	4.764002	3.882066	9.836218	12.689653	4.571873	125.223630	199.641383	28.366077	
472	4.629047	4.951688	3.924001	9.915782	12.779713	4.591843	126.344506	201.550414	28.613837	
473	4.616558	4.911295	3.949099	9.936190	12.792830	4.598894	126.548807	201.667375	28.713260	
474	4.540119	4.812909	3.955463	9.878473	12.774882	4.588533	125.740503	201.866919	28.545185	
475	4.489145	4.750804	3.935889	9.823115	12.718824	4.580568	124.572944	200.338866	28.412192	
476	4.330568	4.567044	3.823920	9.800331	12.691315	4.564597	124.604323	200.156261	28.305135	
477	4.307668	4.530863	3.773915	9.848097	12.734448	4.562651	125.681520	201.269219	28.257294	
478	4.236275	4.483866	3.796461	9.808840	12.719703	4.574593	124.598562	200.535988	28.347819	
479	4.195474	4.398667	3.827434	9.779522	12.672409	4.574119	124.375883	199.443341	28.361381	
480	4.176150	4.378074	3.828137	9.804050	12.685316	4.559619	124.932379	200.080116	28.181850	
481	4.143813	4.320266	3.758065	9.819865	12.706468	4.538355	125.434191	201.038426	27.936234	
482	4.109381	4.264225	3.694352	9.768833	12.649991	4.525496	123.837511	199.136654	27.800663	
483	4.090137	4.175137	3.677107	9.755839	12.619558	4.522898	123.708540	198.160687	27.790420	
484	4.050458	4.131438	3.673703	9.731400	12.607048	4.531072	123.099173	197.818992	27.919535	
485	4.048762	4.138852	3.674171	9.688723	12.557879	4.538455	122.032477	196.079263	28.003706	
486	4.005083	4.092884	3.628222	9.707365	12.554980	4.523822	122.549735	196.115901	27.830628	
487	3.977431	4.030720	3.606443	9.675381	12.523961	4.492766	121.472640	195.095298	27.422301	
488	3.961403	3.991516	3.618015	9.623450	12.474197	4.470624	120.421604	193.755328	27.105629	
489	3.996165	4.049026	3.703450	9.617017	12.480422	4.496406	120.164540	193.861865	27.416812	
490	3.997901	4.070106	3.753554	9.604055	12.496863	4.516587	119.782805	194.501044	27.706980	
491	3.966959	4.049034	3.759946	9.610839	12.516083	4.526475	119.774513	194.580704	27.888057	
492	3.935278	4.002943	3.711071	9.636202	12.520842	4.530160	120.600477	194.865836	27.934161	
493	3.874499	3.897150	3.660647	9.617716	12.495765	4.518697	120.278924	194.635434	27.794781	
494	3.840806	3.847694	3.633621	9.591737	12.478922	4.503763	119.716955	194.307223	27.644840	
495	3.840715	3.814268	3.652857	9.608110	12.502460	4.530112	120.016902	195.036977	27.885526	
496	3.845505	3.821280	3.664748	9.644640	12.523201	4.552230	120.911174	195.548213	28.141740	
497	3.751033	3.760250	3.644765	9.588347	12.475007	4.547939	119.851152	194.219093	28.094581	
498	3.691740	3.745189	3.667557	9.586725	12.509973	4.565885	119.689496	195.297308	28.325419	
499	3.671682	3.726688	3.669132	9.599237	12.525731	4.570929	119.880442	195.767498	28.355715	
500	3.635857	3.682087	3.640326	9.557624	12.456945	4.561378	119.020274	193.748647	28.251697	
501	3.563879	3.670613	3.597584	9.491935	12.380633	4.554228	117.444691	191.225172	28.193552	
502	3.511951	3.663956	3.550890	9.451911	12.337103	4.555194	116.357047	189.695811	28.234568	
503	3.523315	3.648568	3.529118	9.467206	12.330601	4.552842	116.703365	189.552163	28.208598	
504	3.521652	3.640240	3.538954	9.456306	12.329477	4.554362	116.399161	189.687201	28.223748	
505	3.515281	3.661915	3.585654	9.469527	12.359234	4.585087	116.644435	190.454572	28.573293	
506	3.532204	3.697173	3.616194	9.521762	12.420176	4.607822	117.803489	191.943406	28.841704	
507	3.577274	3.756377	3.648439	9.575178	12.481792	4.619401	118.971948	193.717541	28.975689	
508	3.612930	3.794634	3.657967	9.624264	12.533483	4.635797	120.086769	195.307426	29.150163	
509	3.616841	3.776472	3.641413	9.620538	12.537928	4.626305	119.869332	195.294910	29.032694	
510	3.596147	3.751166	3.621181	9.607535	12.515087	4.605941	119.680894	194.825643	28.775128	
511	3.594590	3.772801	3.629663	9.589445	12.480288	4.601133	119.217582	193.636708	28.759764	
512	3.596526	3.781289	3.678456	9.558931	12.476839	4.618643	118.568816	193.394561	29.020513	
513	3.632243	3.836749	3.710428	9.569782	12.473149	4.619745	118.677835	193.108294	29.072648	
514	3.630276	3.831277	3.688011	9.556618	12.442682	4.619889	118.387202	192.363623	29.078794	
515	3.557293	3.781517	3.607802	9.474488	12.367076	4.566291	116.733020	190.391353	28.470477	
516	3.468201	3.712153	3.530799	9.382332	12.289405	4.534625	114.727103	188.295560	28.116102	
517	3.453622	3.676518	3.514353	9.417903	12.291304	4.532829	115.560160	188.600150	28.062386	
518	3.463577	3.648696	3.514996	9.444704	12.313011	4.531594	115.956850	189.135699	28.151130	
519	3.447603	3.624817	3.501169	9.430933	12.320320	4.557312	115.768500	189.256766	28.422146	
520	3.418718	3.612027	3.496549	9.428174	12.342618	4.557506	115.731130	189.862382	28.479223	
521	3.403090	3.599304	3.452628	9.448972	12.341583	4.539474	115.875004	189.737518	28.184639	
522	3.354945	3.547452	3.396009	9.386691	12.275654	4.513392	114.592132	187.792629	27.924553	
523	3.293816	3.488099	3.382203	9.334154	12.235740	4.507737	113.742532	186.825021	27.893380	
524	3.302296	3.472374	3.361175	9.371112	12.264930	4.506361	114.741036	187.915487	27.904733	
525	3.295612	3.468252	3.353516	9.382038	12.249046	4.518697	114.575503	187.477262	27.972447	
526	3.305266	3.482404	3.361312	9.417079	12.291672	4.518250	115.272444	188.755242	27.991532	
527	3.313235	3.496839	3.370517	9.413379	12.295389	4.516014	115.171859	188.680385	28.004724	
528	3.306197	3.493872	3.377234	9.396412	12.263746	4.507586	114.816139	187.961412	27.925903	
529	3.236089	3.454302	3.326287	9.329602	12.197359	4.498312	113.824411	186.116720	27.861707	
530	3.198817	3.382807	3.262308	9.321085	12.136398	4.481836	113.728818	185.117441	27.707617	
531	3.158139	3.346747	3.231561	9.280650	12.117559	4.470036	112.902565	184.443047	27.601408	
532	3.149865	3.338295	3.241117	9.261928	12.108717	4.476819	112.488843	184.122602	27.819467	
533	3.154459	3.346542	3.197443	9.227704	12.042627	4.438863	111.618010	182.464878	27.414403	
534	3.191889	3.371548	3.196192	9.233491	12.029968	4.475645	111.209926	181.683903	27.696579	
535	3.184406	3.388910	3.171784	9.229289	12.024673	4.435504	111.002333	181.194706	27.218492	
536	3.232811	3.430824	3.170886	9.268993	12.065766	4.440523	111.811429	182.182165	27.244541	
537	3.264613	3.462308	3.162018	9.284130	12.098331	4.410362	112.223684	182.719561	26.820665	
538	3.261601	3.420531	3.181735	9.334539	12.108250	4.422795	113.222042	183.389191	26.872076	
539	3.216607	3.395303	3.135541	9.320295	12.112506	4.433309	113.004765	183.538143	26.977922	
540	3.265569	3.432594	3.156978	9.326964	12.127809	4.432130	113.639719	183.737464	27.024814	
541	3.265298	3.418616	3.143883	9.334785	12.133474	4.427938	113.621296	183.968248	26.996055	
542	3.210584	3.337815	3.097854	9.299858	12.096856	4.419988	112.868680	183.107907	26.886989	
543	3.184705	3.309643	3.068309	9.346932	12.069824	4.399523	113.617370	182.644749	26.646064	
544	3.199790	3.351147	3.100108	9.295798	12.126910	4.408862	113.094588	184.201992	26.806807	
545	3.199997	3.330267	3.131404	9.329324	12.192290	4.442167	113.878357	185.838392	27.162873	
546	3.246029	3.336163	3.162980	9.342066	12.190879	4.451644	113.925882	185.978082	27.264942	
547	3.256872	3.339354	3.163230	9.310583	12.153555	4.432317	113.351059	185.338865	26.924875	
548	3.255309	3.369144	3.143213	9.298220	12.118624	4.400149	113.183615	184.502249	26.593023	
549	3.269467	3.423794	3.163441	9.335918	12.183540	4.398529	114.239051	186.657825	26.563984	
550	3.347033	3.512987	3.239349	9.361777	12.190136	4.410152	114.650434	186.626126	26.712660	
551	3.370760	3.518287	3.249866	9.333757	12.186598	4.407900	114.598402	186.749484	26.755000	
552	3.374221	3.526361	3.257065	9.366785	12.236132	4.425721	114.997566	187.726595	26.933124	
553	3.288706	3.446556	3.196141	9.340822	12.204663	4.420420	114.717542	186.955915	26.857942	
554	3.252998	3.438808	3.202952	9.301710	12.162708	4.411669	113.441144	185.879042	26.816564	
555	3.260462	3.399434	3.174395	9.229196	12.111016	4.397049	111.741316	184.661103	26.742702	
556	3.329489	3.391555	3.155681	9.293275	12.136799	4.388716	113.276076	186.019441	26.690719	
557	3.382486	3.412433	3.166845	9.308984	12.143556	4.396344	113.470996	185.956134	26.750127	
558	3.386656	3.394443	3.176168	9.315910	12.207570	4.406379	113.703933	187.912955	26.775993	
559	3.499585	3.431766	3.271569	9.350726	12.209972	4.417243	114.464649	188.221558	26.948800	
560	3.558990	3.399116	3.317698	9.358505	12.160298	4.427711	114.238329	186.164909	27.078441	
561	3.614327	3.472282	3.367319	9.372406	12.120195	4.386300	114.961284	184.999947	26.578996	
562	3.703263	3.581610	3.472986	9.408859	12.161585	4.364067	116.110568	186.367215	26.315876	
563	3.786907	3.677354	3.521974	9.449708	12.200135	4.375137	116.817796	187.349105	26.360689	
564	3.792794	3.677748	3.554351	9.507682	12.309983	4.434819	117.977562	190.458831	27.027335	
565	3.698691	3.636134	3.501092	9.504237	12.318964	4.431214	118.152462	190.818295	26.921194	
566	3.621402	3.656605	3.478083	9.480257	12.281255	4.425814	117.916123	189.681288	26.861776	
567	3.628958	3.681987	3.475734	9.494543	12.293609	4.439648	118.215548	189.982442	27.091234	
568	3.646867	3.568175	3.457278	9.475050	12.232321	4.437487	117.708170	188.243367	27.023958	
569	3.721039	3.490298	3.451786	9.509811	12.207398	4.445339	118.125538	187.312887	27.080352	
570	3.624034	3.481517	3.390604	9.465228	12.200996	4.435986	117.267959	186.578033	27.008785	
571	3.549478	3.485615	3.324126	9.509271	12.249611	4.444885	118.620794	188.083434	27.088363	
572	3.470696	3.386927	3.263683	9.509262	12.247034	4.453960	118.485452	188.606041	27.233564	
573	3.410125	3.291167	3.180058	9.557974	12.292134	4.460811	119.487931	189.981097	27.213733	
574	3.280948	3.220127	3.085393	9.508118	12.237298	4.445863	118.179797	188.091696	26.992692	
575	3.151690	3.164074	3.044275	9.424850	12.149990	4.448288	116.547837	185.405027	27.046973	
576	3.063299	3.117867	3.028153	9.353711	12.091697	4.442171	114.944723	183.947820	27.039788	
577	3.008062	3.085003	3.005180	9.326536	12.078680	4.433387	114.605452	183.915524	27.026539	
578	3.022198	3.114347	3.000514	9.336794	12.108919	4.433837	114.587966	184.683076	26.988359	
579	3.036756	3.159358	2.991802	9.325130	12.107267	4.423791	114.107090	184.382044	26.834370	
580	3.043878	3.208537	2.997533	9.323035	12.106161	4.425077	113.982416	184.213803	26.839872	
581	2.996645	3.195369	2.985623	9.333277	12.146433	4.443940	114.096345	185.284603	27.032138	
582	2.958467	3.178774	2.967546	9.285571	12.112462	4.454804	112.964304	183.876204	27.170533	
583	2.908038	3.149387	2.958667	9.316250	12.144830	4.468372	113.805813	185.045898	27.339981	
584	2.992949	3.239695	3.020081	9.440053	12.298470	4.536444	116.668126	189.568734	28.074528	
585	3.010718	3.265520	3.056015	9.385372	12.281905	4.537594	114.931219	188.713184	28.071618	
586	2.967318	3.251103	3.005614	9.342868	12.251819	4.536143	113.931577	187.644603	28.032575	
587	2.908227	3.212323	2.926746	9.356870	12.252510	4.530822	114.192214	187.619244	27.973733	
588	2.881353	3.189478	2.899735	9.334549	12.238402	4.513143	113.731837	187.279223	27.753549	
589	2.853818	3.171445	2.922633	9.294019	12.223948	4.537448	112.695532	186.673282	28.041341	
590	2.805567	3.139346	2.934572	9.220995	12.155747	4.535478	110.956720	184.611499	28.037012	
591	2.776202	3.088134	2.907772	9.214047	12.124970	4.536241	110.969437	183.962122	28.120369	
592	2.790852	3.076596	2.905386	9.226264	12.113511	4.517300	111.525298	184.183350	27.890352	
593	2.789419	3.044029	2.909910	9.273809	12.135912	4.502620	112.913812	185.259612	27.776581	
594	2.813152	3.087341	2.919336	9.275002	12.151134	4.496348	113.024125	185.643114	27.702358	
595	2.791188	3.079091	2.893517	9.258909	12.111668	4.498034	112.654346	184.329128	27.697775	
596	2.793362	3.079928	2.902822	9.233415	12.125834	4.473190	112.049443	184.748894	27.409090	
597	2.791677	3.067940	2.914016	9.243712	12.106579	4.460365	112.077539	184.257386	27.269359	
598	2.820892	3.104946	2.898105	9.163369	12.025007	4.426649	110.380832	181.998776	26.843089	
599	2.808063	3.060762	2.834952	9.115035	11.927888	4.385730	109.199617	179.244948	26.407831	
