####### LIGHTCURVES AND MEAN ENERGIES
####### 3 NEUTRINO SPECIES: NU_E, NUBAR_E AND N_X
####### ALL QUANTITIES ARE MEASURED AT 500 KM FROM THE CENTER
#######
####### FROM MODEL L1-90 (BUGLI ET AL. 2020,2021)
####### B0=1e12 G, l=1, r0=1.00e8 cm 
####### UNITS: TIME [s], LUMINOSITY [erg/s], ENERGY [MeV]
# TIME	L_NU_E     	L_NU_BAR   	L_NU_X     	E_NU_E     	E_NU_BAR  	E_NU_X      	E2_NU_E    	E2_NU_BAR 	E2_NU_X
0.001 1.6164784e+53 2.8e+47 2.2e+47 10.994297 5.968863 0.856318 138.494652 47.56675 0.907445
0.002 1.2941151e+53 6.03e+48 1.77e+48 11.392669 3.947127 1.291126 147.630234 19.920997 2.432426
0.003 2.1481642e+53 4.7149600000000004e+51 4.9198999999999996e+51 12.314537 12.613396 3.690285 175.086644 182.886527 15.721509
0.004 7.2779745e+53 5.19828e+51 1.127975e+52 14.884716 13.271873 5.704135 250.744258 206.238789 44.856083
0.005 5.0456816e+53 4.99872e+51 8.62369e+51 13.591507 11.907804 6.365768 210.059992 163.544266 61.981692
0.006 4.2259593e+53 7.1129e+51 7.39423e+51 13.110802 11.896213 5.794231 195.541806 162.779314 50.934193
0.007 4.0672651e+53 8.01273e+51 7.59404e+51 12.731947 11.453607 5.038671 184.749927 151.524779 36.422386
0.008 3.6758802e+53 9.16978e+51 1.007697e+52 12.135439 11.285483 4.714352 168.049552 148.003694 29.558652
0.009 3.9851885e+53 8.46727e+51 1.190775e+52 12.278369 11.066296 4.572446 173.038972 142.143173 27.098544
0.01 3.8187244999999996e+53 8.52899e+51 1.2797540000000002e+52 12.068006 11.112761 4.422877 167.797381 143.027438 25.079663
0.011 3.6093459000000004e+53 8.75974e+51 1.302503e+52 11.705434 11.225391 4.314922 157.811114 145.289972 23.762482
0.012 3.0787646e+53 8.63246e+51 1.304134e+52 11.170171 11.022564 4.178766 144.41624 140.378816 22.08531
0.013 2.7002264e+53 8.8946e+51 1.266774e+52 10.916708 10.8136 4.155122 137.945058 135.85925 21.751671
0.014 2.1150284e+53 9.964950000000001e+51 1.3002510000000001e+52 10.485659 10.79862 4.177646 127.551442 135.103953 21.923494
0.015 1.8064208e+53 1.1310679999999999e+52 1.375241e+52 10.170977 10.77209 4.212728 119.922792 134.815937 22.377857
0.016 1.5426583e+53 1.317787e+52 1.511667e+52 9.857943 10.779088 4.222118 112.578772 135.079686 22.599897
0.017 1.5144639e+53 1.622323e+52 1.743161e+52 9.663408 10.805796 4.212894 108.024588 135.929659 22.427538
0.018 1.6039276999999998e+53 1.909146e+52 2.0056820000000002e+52 9.757226 10.784331 4.18699 109.904707 135.933976 22.198725
0.019 1.6904221e+53 2.315102e+52 2.3069039999999998e+52 9.862288 10.893822 4.155517 112.646963 138.632316 21.811812
0.02 1.6521287000000002e+53 2.6632189999999996e+52 2.595898e+52 9.803918 10.947924 4.130307 111.575554 140.065761 21.471715
0.021 1.5503517999999999e+53 2.804564e+52 2.782896e+52 9.763194 11.042536 4.137442 110.620891 142.324958 21.541516
0.022 1.478943e+53 2.8359109999999996e+52 2.9034589999999995e+52 9.700573 11.027 4.150088 109.296895 142.173465 21.676778
0.023 1.4503772e+53 2.841681e+52 2.994335e+52 9.621325 10.933063 4.149575 107.741044 139.841987 21.653028
0.024 1.3370262e+53 2.866026e+52 3.045924e+52 9.426876 10.94937 4.167826 104.002148 140.16028 21.868928
0.025 1.2477464e+53 2.94178e+52 3.111559e+52 9.356653 10.991751 4.188219 102.600288 140.911403 22.08172
0.026 1.2028987000000001e+53 3.039778e+52 3.106233e+52 9.29678 11.050621 4.198456 101.187119 142.594105 22.303226
0.027 1.0759218999999999e+53 3.1836769999999997e+52 3.135278e+52 9.276699 11.074312 4.178991 101.120044 143.140021 22.151412
0.028 1.0613089e+53 3.249191e+52 3.127056e+52 9.372611 11.149359 4.190473 103.02012 145.332717 22.347245
0.029 1.0967412e+53 3.426832e+52 3.156742e+52 9.470012 11.232107 4.195615 105.127572 147.539175 22.413251
0.03 1.1236522e+53 3.6290619999999996e+52 3.196539e+52 9.52278 11.361623 4.194787 106.3536 150.861356 22.365236
0.031 1.1279533e+53 3.894567e+52 3.254534e+52 9.577059 11.528033 4.19604 107.519737 155.01415 22.349472
0.032 1.1354979e+53 4.1567429999999997e+52 3.3268879999999997e+52 9.585044 11.624448 4.188625 107.594014 157.528882 22.232667
0.033 1.0974659e+53 4.362509e+52 3.402268e+52 9.551635 11.70442 4.184186 107.044389 159.470192 22.146644
0.034 1.0740024e+53 4.508811e+52 3.490227e+52 9.471365 11.752491 4.184471 105.463741 160.788506 22.142699
0.035 1.0997176e+53 4.645312e+52 3.614312e+52 9.44076 11.80841 4.211708 104.717165 162.043544 22.362813
0.036 1.1023046000000002e+53 4.578897e+52 3.5978370000000004e+52 9.464899 11.829644 4.233868 105.035052 162.515863 22.582796
0.037 1.0984334999999999e+53 4.5962699999999997e+52 3.623931e+52 9.431988 11.835436 4.226878 104.407704 162.15684 22.47383
0.038 1.0440247e+53 4.598358e+52 3.648339e+52 9.343058 11.881297 4.236166 102.642026 163.332069 22.581728
0.039 1.0147216e+53 4.6248560000000005e+52 3.6443050000000003e+52 9.279554 11.892246 4.245077 101.429679 163.474052 22.687895
0.04 9.729177e+52 4.563016e+52 3.615026e+52 9.168007 11.83658 4.227329 99.365543 162.032312 22.540956
0.041 9.641328e+52 4.564712e+52 3.598315e+52 9.109363 11.837737 4.231472 98.381419 162.040201 22.588681
0.042 9.166555000000001e+52 4.63529e+52 3.603314e+52 9.028799 11.774852 4.19425 96.848113 160.223497 22.236407
0.043 8.994414000000001e+52 4.6431779999999997e+52 3.582246e+52 9.109098 11.823137 4.20972 98.52649 161.765117 22.430573
0.044 8.666169e+52 4.764081e+52 3.590646e+52 8.9442 11.82034 4.174028 95.583514 161.868843 22.008473
0.045 7.976430999999999e+52 4.954948e+52 3.567589e+52 8.874067 11.848613 4.139752 94.060256 162.296802 21.686807
0.046 7.843013e+52 4.900919e+52 3.513637e+52 8.900341 11.827376 4.1392 94.543802 162.103387 21.75222
0.047 8.104051999999999e+52 5.110574e+52 3.6026370000000003e+52 8.840206 11.870895 4.132622 93.794802 163.620799 21.573237
0.048 7.307444e+52 5.156969e+52 3.533541e+52 8.72583 11.884989 4.104826 91.752539 163.746015 21.279866
0.049 7.219719e+52 5.282077e+52 3.5549119999999997e+52 8.683948 11.90695 4.088947 90.890058 164.19468 21.116277
0.05 7.515817e+52 5.3864e+52 3.634247e+52 8.695631 11.923547 4.097307 91.03379 164.943597 21.17316
0.051 7.049879999999999e+52 5.46351e+52 3.625771e+52 8.636143 11.997424 4.09121 90.261011 166.738978 21.044324
0.052 6.643784000000001e+52 5.563129e+52 3.647091e+52 8.611905 12.048945 4.086439 89.962688 168.078585 21.006202
0.053 6.848806e+52 5.615763000000001e+52 3.643576e+52 8.637609 12.107244 4.097554 90.953661 170.12576 21.176373
0.054 6.855708e+52 5.587088e+52 3.670237e+52 8.658738 12.117097 4.104585 91.133091 170.247734 21.181064
0.055 6.404728000000001e+52 5.718709e+52 3.661407e+52 8.614009 12.188219 4.099072 90.569637 172.712493 21.20198
0.056 6.631229000000001e+52 5.752931e+52 3.6881249999999997e+52 8.681625 12.238841 4.117392 92.468971 174.323711 21.389594
0.057 6.775652e+52 5.821647e+52 3.734434e+52 8.727324 12.228628 4.131668 93.647133 174.177862 21.522378
0.058 6.703174e+52 5.854192e+52 3.751384e+52 8.72626 12.17326 4.122936 93.882431 172.986794 21.474623
0.059 6.506917e+52 6.125736e+52 3.838292e+52 8.687277 12.206371 4.114816 92.99613 173.702698 21.35747
0.06 6.224104e+52 6.184745e+52 3.8279200000000004e+52 8.681709 12.194697 4.107707 92.842278 173.363999 21.297581
0.061 6.08131e+52 5.966630000000001e+52 3.7325339999999996e+52 8.71149 12.103606 4.085772 93.222869 171.175744 21.16111
0.062 6.027227e+52 5.885161000000001e+52 3.7388539999999996e+52 8.707775 12.10205 4.111012 93.377996 171.130136 21.423585
0.063 5.808099e+52 5.884946e+52 3.687523e+52 8.698136 12.072023 4.101251 94.768866 170.167612 21.305385
0.064 5.715123000000001e+52 5.910644e+52 3.674234e+52 8.699347 12.042408 4.085756 94.920506 169.332139 21.150851
0.065 5.725563e+52 5.966379e+52 3.662858e+52 8.692959 12.085525 4.087557 93.867387 170.602968 21.180176
0.066 5.793573e+52 6.032438e+52 3.641942e+52 8.701931 12.139544 4.096016 93.110508 172.184215 21.284168
0.067 5.797377e+52 6.147579e+52 3.631686e+52 8.722055 12.205082 4.089344 93.590286 173.832419 21.213276
0.068 6.003031e+52 6.393697e+52 3.677786e+52 8.765015 12.346762 4.106283 95.089934 177.732251 21.365166
0.069 6.228327000000001e+52 6.539131e+52 3.727654e+52 8.839282 12.433924 4.121145 96.087661 180.129264 21.472417
0.07 6.468528e+52 6.534516e+52 3.715286e+52 8.923378 12.460703 4.130061 98.100965 180.911041 21.580292
0.071 6.568554e+52 6.597554999999999e+52 3.731226e+52 8.90584 12.450833 4.147582 97.331185 180.267722 21.763099
0.072 6.707183e+52 6.671198000000001e+52 3.7321460000000004e+52 8.892384 12.450191 4.144388 96.886123 180.123832 21.727676
0.073 6.867803999999999e+52 6.878574000000001e+52 3.811334e+52 8.864257 12.4789 4.163163 96.463404 180.81168 21.870963
0.074 7.092154e+52 6.979816e+52 3.819438e+52 8.909424 12.4918 4.161913 97.201772 181.310031 21.835975
0.075 7.008179000000001e+52 7.026435e+52 3.825552e+52 8.909546 12.479543 4.160154 97.9312 180.999451 21.848439
0.076 6.739147e+52 7.0904e+52 3.830792e+52 8.85143 12.462473 4.166045 96.366757 180.702468 21.963563
0.077 6.788126e+52 7.170141e+52 3.840661e+52 8.897703 12.503683 4.177034 97.280664 181.893681 22.068977
0.078 6.726807e+52 7.133967e+52 3.809776e+52 8.958317 12.478627 4.167498 98.481742 181.166928 21.956546
0.079 6.71574e+52 7.176758e+52 3.796452e+52 9.030221 12.530657 4.182808 100.643892 182.723159 22.123339
0.08 6.814502e+52 7.241788e+52 3.807251e+52 9.081564 12.544739 4.181994 101.15438 182.989521 22.100519
0.081 6.760379e+52 7.244872e+52 3.812253e+52 9.112896 12.517459 4.171324 101.655552 182.237772 21.981676
0.082 6.735944e+52 7.271688e+52 3.797706e+52 9.156746 12.509854 4.157925 102.483803 182.041664 21.841729
0.083 6.744687e+52 7.265265000000001e+52 3.764486e+52 9.190435 12.511703 4.139919 104.710888 181.923175 21.677639
0.084 6.750603e+52 7.201777e+52 3.7606999999999997e+52 9.132997 12.546014 4.15787 102.643204 182.900817 21.871555
0.085 6.738832999999999e+52 7.217888000000001e+52 3.773776e+52 9.148394 12.579786 4.175107 102.604517 183.804878 22.000529
0.086 6.66117e+52 7.279696000000001e+52 3.7799e+52 9.135146 12.57858 4.169464 103.067692 183.738019 21.921383
0.087 6.674766e+52 7.331131e+52 3.792153e+52 9.144008 12.569908 4.167237 102.615992 183.571092 21.91454
0.088 6.706994e+52 7.412608999999999e+52 3.821428e+52 9.157633 12.551426 4.164509 103.320027 183.238439 21.911292
0.089 6.663530999999999e+52 7.457217e+52 3.8188349999999997e+52 9.202911 12.551145 4.157709 104.380445 183.302896 21.835511
0.09 6.709793e+52 7.457892e+52 3.826206e+52 9.219949 12.566755 4.163922 104.745612 183.894111 21.903777
0.091 6.991864e+52 7.563928e+52 3.890876e+52 9.260896 12.63728 4.184476 105.355882 186.006096 22.073423
0.092 6.944654e+52 7.596183e+52 3.88617e+52 9.301701 12.644068 4.178378 106.52046 186.131873 21.972866
0.093 6.857864e+52 7.608800999999999e+52 3.8625560000000003e+52 9.351097 12.627345 4.169204 107.44171 185.54766 21.885478
0.094 6.899698e+52 7.664094e+52 3.8854419999999996e+52 9.381875 12.642909 4.179824 108.327917 186.086477 22.033738
0.095 6.946103e+52 7.727621e+52 3.9078909999999995e+52 9.4177 12.65238 4.192423 110.133394 186.547434 22.17654
0.096 6.993651e+52 7.817864e+52 3.892099e+52 9.462885 12.66106 4.195605 110.352793 186.921203 22.200725
0.097 7.137253e+52 7.9305e+52 3.915092e+52 9.545334 12.676014 4.200143 112.545555 187.632157 22.256852
0.098 7.176860999999999e+52 7.965985e+52 3.905636e+52 9.615913 12.672035 4.200479 114.843103 187.66584 22.255396
0.099 7.205654e+52 8.036853000000001e+52 3.953635e+52 9.628802 12.693124 4.221951 113.628555 188.287079 22.49834
0.1 7.416502e+52 8.134995e+52 3.981677e+52 9.648788 12.734702 4.227114 114.675372 189.389208 22.548313
0.101 7.632603e+52 8.313584999999999e+52 4.063287e+52 9.653526 12.794523 4.252334 114.132746 190.922731 22.808954
0.102 7.925286e+52 8.515203e+52 4.0894130000000004e+52 9.705191 12.826808 4.255069 115.54432 191.462647 22.808456
0.103 8.235703e+52 8.800832e+52 4.15959e+52 9.741688 12.818068 4.251312 115.764807 191.059388 22.753153
0.104 8.355812999999999e+52 9.053835e+52 4.206536e+52 9.787541 12.81275 4.252157 117.446535 190.909885 22.769284
0.105 8.266995e+52 9.119914e+52 4.1886150000000004e+52 9.791653 12.782622 4.247975 118.215599 190.051648 22.745539
0.106 8.206334e+52 9.131843e+52 4.1518139999999996e+52 9.799063 12.796026 4.24687 117.741429 190.397067 22.696738
0.107 8.203142e+52 9.098601e+52 4.1151600000000003e+52 9.798322 12.794668 4.241492 117.449428 190.375957 22.616644
0.108 8.304311999999999e+52 9.16072e+52 4.1260779999999996e+52 9.819174 12.786231 4.227508 117.590866 190.077741 22.447814
0.109 8.539831e+52 9.291999e+52 4.1443370000000003e+52 9.862802 12.865721 4.241601 118.386511 192.408336 22.590644
0.11 8.627202000000001e+52 9.252430999999999e+52 4.1451510000000003e+52 9.93722 12.900458 4.243874 120.33786 193.467918 22.611341
0.111 8.518122e+52 9.040158999999999e+52 4.1127969999999997e+52 9.951738 12.882257 4.239271 119.780408 193.189901 22.619037
0.112 8.417972e+52 8.981926e+52 4.0862689999999996e+52 9.972231 12.905408 4.235913 120.383169 193.985757 22.590074
0.113 8.228763000000001e+52 8.943571000000001e+52 4.025824e+52 9.962968 12.918447 4.226117 120.693643 194.294696 22.490879
0.114 8.169631000000001e+52 8.961221e+52 3.979317e+52 9.96074 12.902962 4.20955 120.639659 193.711537 22.332274
0.115 8.016501999999999e+52 8.887292000000001e+52 3.9335819999999997e+52 9.957117 12.873406 4.195988 120.211601 192.857071 22.246511
0.116 7.896645e+52 8.801507000000001e+52 3.9143110000000003e+52 9.972273 12.875294 4.199232 120.747871 193.128761 22.323839
0.117 8.004824e+52 8.779028999999999e+52 3.9316430000000003e+52 10.011521 12.955337 4.220663 122.370791 195.618369 22.548617
0.118 8.245178e+52 8.841741e+52 3.985103e+52 10.03179 13.053312 4.251889 123.716109 198.425572 22.850846
0.119 8.418519999999999e+52 8.886858999999999e+52 4.028347e+52 10.03065 13.128245 4.275971 122.396982 200.542358 23.090723
0.12 8.634937e+52 8.999544999999999e+52 4.0537470000000006e+52 10.065588 13.138054 4.297122 123.819402 200.983725 23.317375
0.121 8.694481e+52 9.138249999999999e+52 4.070977e+52 10.107802 13.112319 4.314157 124.381084 200.131706 23.473928
0.122 8.805504000000001e+52 9.322369999999999e+52 4.144693e+52 10.104328 13.057078 4.313813 124.336222 198.3422 23.436146
0.123 8.815434e+52 9.410501e+52 4.189755e+52 10.091303 13.007545 4.307501 124.135834 196.484505 23.360555
0.124 8.644658e+52 9.334099e+52 4.159474e+52 10.10476 12.950078 4.298136 124.109438 194.595078 23.313218
0.125 8.292355e+52 9.206446e+52 4.07914e+52 10.126875 12.911659 4.286998 126.50692 193.412746 23.257137
0.126 8.073337000000001e+52 9.179356e+52 4.024294e+52 10.120486 12.923115 4.275673 125.547789 193.779583 23.170713
0.127 8.197844e+52 9.245974999999999e+52 3.985753e+52 10.163117 12.973186 4.266369 126.097477 195.258571 23.056886
0.128 8.725281e+52 9.484066999999999e+52 4.041155e+52 10.233349 13.0364 4.278424 128.083109 197.082995 23.152634
0.129 9.18183e+52 9.659022999999999e+52 4.076448e+52 10.250253 13.046021 4.276581 129.080297 197.374906 23.106721
0.13 9.354374e+52 9.805474e+52 4.189825e+52 10.203357 13.085654 4.294825 128.138441 198.904627 23.302283
0.131 9.353242e+52 9.635811e+52 4.1787660000000004e+52 10.127488 13.098 4.286206 125.111988 199.581129 23.214269
0.132 9.492328000000001e+52 9.579489e+52 4.2450910000000003e+52 10.122809 13.14761 4.304888 125.508474 201.263789 23.419709
0.133 9.39785e+52 9.480848999999999e+52 4.230847e+52 10.120714 13.149846 4.302207 125.859525 201.489395 23.387823
0.134 9.162167e+52 9.399783e+52 4.233707e+52 10.109716 13.136603 4.309812 126.055964 201.458598 23.504617
0.135 9.071365e+52 9.425503e+52 4.241339e+52 10.154987 13.131378 4.309409 128.31482 201.483998 23.504337
0.136 9.003469000000001e+52 9.357506000000001e+52 4.215077e+52 10.17996 13.134883 4.304414 127.962642 201.624346 23.457968
0.137 8.877228999999999e+52 9.210605e+52 4.1496959999999994e+52 10.186562 13.118078 4.292136 127.449904 201.162865 23.344842
0.138 8.815722e+52 9.146644e+52 4.105635e+52 10.259595 13.143236 4.299136 130.174563 201.969361 23.418725
0.139 8.850345e+52 9.101762000000001e+52 4.065594e+52 10.237282 13.093001 4.278329 129.09456 200.492211 23.197999
0.14 9.060148999999999e+52 9.232721e+52 4.0733680000000003e+52 10.282539 13.145003 4.276711 129.430615 202.02891 23.17877
0.141 9.332789e+52 9.303974999999999e+52 4.0702680000000006e+52 10.328324 13.173486 4.27335 130.729257 202.9251 23.124543
0.142 9.642732e+52 9.372745e+52 4.0915480000000005e+52 10.348996 13.220808 4.274622 129.645178 204.247017 23.113236
0.143 9.874824e+52 9.436171999999999e+52 4.1302969999999997e+52 10.363974 13.265067 4.272332 129.4591 205.388887 23.051887
0.144 9.874055e+52 9.408556000000001e+52 4.1116219999999997e+52 10.379291 13.249738 4.266318 130.470909 204.777513 22.968185
0.145 9.613982e+52 9.231063000000001e+52 4.051444e+52 10.379925 13.217011 4.259288 129.648207 203.842613 22.883544
0.146 9.176056000000001e+52 9.009493000000001e+52 3.959213e+52 10.360139 13.210329 4.253403 129.735542 203.711956 22.851518
0.147 8.947094e+52 8.882824e+52 3.8952870000000003e+52 10.355406 13.267601 4.248788 129.797509 205.412324 22.830956
0.148 8.793685999999999e+52 8.737733999999999e+52 3.825442e+52 10.382991 13.344125 4.245096 131.513485 207.579098 22.829962
0.149 8.502475000000001e+52 8.658194e+52 3.75257e+52 10.408843 13.395437 4.238623 133.915104 208.705729 22.790287
0.15 8.383969000000001e+52 8.713293e+52 3.69189e+52 10.431545 13.429692 4.246042 133.515928 209.255124 22.881977
0.151 8.702851e+52 9.118710999999999e+52 3.719312e+52 10.5124 13.462715 4.272459 135.629164 209.792544 23.131462
0.152 9.183336999999999e+52 9.53185e+52 3.817489e+52 10.56967 13.476856 4.307357 137.11932 210.101025 23.460523
0.153 9.54456e+52 9.607884e+52 3.881557e+52 10.602976 13.49452 4.33179 137.992771 210.817171 23.696978
0.154 9.580381e+52 9.549566999999999e+52 3.904477e+52 10.608373 13.537315 4.351587 139.264442 212.153836 23.889367
0.155 9.698859e+52 9.619951e+52 3.924957e+52 10.651308 13.536481 4.354624 139.006788 212.21969 23.904035
0.156 9.619625e+52 9.690267999999999e+52 3.933886e+52 10.670838 13.510737 4.352552 138.560025 211.619029 23.906683
0.157 9.403687e+52 9.728133e+52 3.9214709999999997e+52 10.702889 13.464181 4.346394 138.989153 210.295707 23.854354
0.158 9.288399e+52 9.807589e+52 3.928487e+52 10.786708 13.429358 4.343498 142.903644 209.373302 23.836881
0.159 9.202425e+52 1.0042362e+53 4.02147e+52 10.809676 13.419649 4.350078 142.103579 209.354889 23.917595
0.16 9.259892e+52 1.0234926e+53 4.079917e+52 10.939824 13.367714 4.355018 148.843808 208.18589 23.980547
0.161 9.290328e+52 1.0309063999999998e+53 4.107218e+52 10.975009 13.305436 4.350464 146.063746 206.578264 23.926047
0.162 9.149811e+52 1.0404006e+53 4.112846e+52 11.017353 13.272861 4.344649 147.046014 205.448698 23.825451
0.163 9.102945e+52 1.0350462e+53 4.1051849999999996e+52 11.0118 13.255272 4.33817 145.746416 204.772338 23.740782
0.164 9.357e+52 1.0411934e+53 4.137958e+52 10.98375 13.326424 4.356625 144.678278 206.707015 23.872099
0.165 9.416430999999999e+52 1.0320608e+53 4.1318149999999996e+52 10.872996 13.298207 4.354774 142.486022 205.80496 23.827575
0.166 9.357054e+52 1.018702e+53 4.0752680000000005e+52 10.840629 13.2959 4.366511 142.407656 205.745519 23.953189
0.167 9.144778000000001e+52 1.0018136e+53 4.0194349999999995e+52 10.807622 13.274361 4.353192 141.334817 205.10742 23.840886
0.168 8.855532e+52 9.725650999999999e+52 3.904739e+52 10.809173 13.298682 4.35059 139.905749 205.942068 23.877073
0.169 8.832214000000001e+52 9.635116999999999e+52 3.839074e+52 10.86206 13.304749 4.340424 141.770958 206.149663 23.811661
0.17 8.911999e+52 9.862986e+52 3.871555e+52 10.872862 13.327306 4.335926 141.710721 206.634063 23.750247
0.171 9.246796e+52 1.0034843000000001e+53 3.9327260000000004e+52 10.898177 13.41231 4.356137 142.788763 209.1376 23.93663
0.172 9.507222999999999e+52 9.987821e+52 3.981313e+52 10.855809 13.46551 4.361843 140.65392 210.881931 23.977161
0.173 9.558073999999999e+52 9.932996e+52 4.0369070000000005e+52 10.813955 13.518142 4.371193 141.030256 212.710689 24.072737
0.174 9.829886e+52 9.921122e+52 4.097174e+52 10.789436 13.606635 4.394542 140.59728 215.677437 24.293275
0.175 1.000363e+53 9.829512e+52 4.1181910000000004e+52 10.746547 13.641356 4.398378 138.645287 217.071032 24.339192
0.176 1.0037108e+53 9.634957e+52 4.085324e+52 10.758615 13.614442 4.403047 140.973688 216.54475 24.444327
0.177 9.951539000000001e+52 9.58513e+52 4.0726060000000006e+52 10.729109 13.572917 4.411879 138.398143 215.435439 24.580642
0.178 9.67031e+52 9.62622e+52 4.064489e+52 10.729909 13.496023 4.406886 138.195614 212.990962 24.562267
0.179 9.537535e+52 9.768e+52 4.0646560000000003e+52 10.791491 13.471726 4.408236 140.901489 212.068566 24.598044
0.18 9.617055e+52 9.991216e+52 4.081366e+52 10.826213 13.471928 4.414737 141.627003 212.134384 24.697723
0.181 9.635383e+52 1.0054594e+53 4.0891859999999997e+52 10.81073 13.49053 4.43292 141.100422 212.949877 24.9076
0.182 9.346983e+52 9.84737e+52 4.151726e+52 10.752969 13.462714 4.432767 140.336985 212.543429 24.943813
0.183 9.116465e+52 9.700452999999999e+52 4.1024200000000006e+52 10.7553 13.462313 4.432335 140.268116 212.956391 24.972701
0.184 9.06916e+52 9.538717999999999e+52 4.044291e+52 10.763693 13.447154 4.427999 140.786129 212.300678 24.928324
0.185 9.072741000000001e+52 9.465244e+52 4.0150819999999996e+52 10.743128 13.509551 4.434102 140.221103 213.701912 24.934619
0.186 8.868981e+52 9.255680999999999e+52 3.9598919999999997e+52 10.707198 13.608242 4.442516 138.111222 215.882698 24.932493
0.187 8.458405e+52 8.857758e+52 3.918294e+52 10.651585 13.6474 4.440602 138.532194 216.821872 24.855616
0.188 7.953345e+52 8.495273e+52 3.8503720000000003e+52 10.521027 13.629509 4.418516 134.354352 216.450647 24.634036
0.189 7.710961e+52 8.344409e+52 3.795131e+52 10.415341 13.624016 4.403992 132.863158 216.58785 24.488387
0.19 7.602017e+52 8.367637e+52 3.791611e+52 10.363886 13.644272 4.398529 131.556507 217.405424 24.395859
0.191 7.683037e+52 8.411428e+52 3.813011e+52 10.354396 13.659308 4.387548 131.061507 217.986889 24.251818
0.192 7.828682e+52 8.435733000000001e+52 3.8322630000000004e+52 10.389028 13.67373 4.374378 133.863567 218.387052 24.099084
0.193 7.955002e+52 8.50219e+52 3.862658e+52 10.367763 13.702504 4.375387 131.514937 219.222299 24.099877
0.194 8.020075999999999e+52 8.570719999999999e+52 3.89014e+52 10.380818 13.73241 4.378595 132.108198 220.160311 24.125532
0.195 8.023654000000001e+52 8.564935e+52 3.91461e+52 10.392167 13.769833 4.383343 132.677765 221.511502 24.158361
0.196 7.958835e+52 8.50121e+52 3.919889e+52 10.417428 13.823005 4.388518 133.624095 223.382175 24.201112
0.197 7.912972e+52 8.473913e+52 3.9103259999999997e+52 10.453594 13.835835 4.3834 134.267407 223.817545 24.155105
0.198 8.061619999999999e+52 8.534549000000001e+52 3.925748e+52 10.565723 13.882536 4.382458 139.183478 225.362553 24.141632
0.199 8.071272999999999e+52 8.463145e+52 3.930842e+52 10.5684 13.891594 4.377582 138.140675 225.823884 24.091666
0.2 7.994806e+52 8.333933999999999e+52 3.947444e+52 10.576222 13.909007 4.386361 139.023762 226.566326 24.194426
0.201 7.902059e+52 8.217303e+52 3.951305e+52 10.575116 13.904746 4.39182 140.251506 226.694467 24.285827
0.202 7.765766e+52 8.200176000000001e+52 3.94136e+52 10.517869 13.908939 4.409008 136.703028 227.135777 24.488467
0.203 7.823904e+52 8.306419e+52 3.919175e+52 10.560459 13.927482 4.431251 137.68299 227.636367 24.725787
0.204 7.823866e+52 8.274541e+52 3.899675e+52 10.590121 13.935279 4.43735 139.272515 227.873533 24.802044
0.205 7.798831e+52 8.261145000000001e+52 3.8702869999999996e+52 10.595017 13.92838 4.431758 138.187911 227.58126 24.768887
0.206 7.920937e+52 8.246073000000001e+52 3.833011e+52 10.703636 13.964914 4.428993 145.843692 228.713603 24.752538
0.207 7.85993e+52 8.152231999999999e+52 3.7897409999999996e+52 10.637729 14.001487 4.421599 139.802123 229.966296 24.668299
0.208 7.900962e+52 8.190396e+52 3.819851e+52 10.643498 14.086198 4.422691 139.192226 232.415397 24.642221
0.209 7.861987e+52 8.009214999999999e+52 3.769295e+52 10.648353 14.128629 4.419687 139.605004 233.767406 24.576994
0.21 7.64433e+52 7.770699e+52 3.720539e+52 10.605215 14.139811 4.420888 138.636431 233.783643 24.584153
0.211 7.539244e+52 7.652353e+52 3.692593e+52 10.549896 14.151236 4.425903 137.510199 234.029873 24.658221
0.212 7.602767e+52 7.7461e+52 3.7077979999999997e+52 10.52222 14.14568 4.431915 136.93754 233.832622 24.753894
0.213 7.808399e+52 7.931414e+52 3.749514e+52 10.526779 14.158024 4.442599 137.179158 234.244496 24.872988
0.214 7.84827e+52 8.118219e+52 3.792377e+52 10.530637 14.141174 4.450888 137.617118 233.565621 24.967366
0.215 7.803506e+52 8.24962e+52 3.763118e+52 10.616921 14.119837 4.456276 140.121402 232.849378 25.108651
0.216 7.542105e+52 8.136917e+52 3.614062e+52 10.717703 13.983227 4.450819 143.555443 228.501419 25.178414
0.217 7.318806999999999e+52 8.253485e+52 3.5761379999999996e+52 10.805476 13.869863 4.435474 144.05981 224.700603 25.064262
0.218 7.37619e+52 8.38712e+52 3.524782e+52 11.013594 13.881217 4.429608 148.528851 225.402535 25.034353
0.219 7.162258e+52 8.233006e+52 3.425935e+52 11.115889 13.758122 4.416412 151.676176 221.547962 24.921358
0.22 7.068213e+52 8.33112e+52 3.464177e+52 11.100832 13.746547 4.413048 150.07135 221.033072 24.891189
0.221 7.261212000000001e+52 8.554905e+52 3.515986e+52 11.160339 13.806902 4.425751 151.315145 223.18184 25.010701
0.222 7.404032e+52 8.639659999999999e+52 3.558957e+52 11.238192 13.812787 4.410067 153.238683 223.679592 24.84435
0.223 7.605874e+52 8.675187e+52 3.572455e+52 11.290804 13.850289 4.420252 154.393511 225.077428 24.960064
0.224 7.756413e+52 8.670626e+52 3.550748e+52 11.301275 13.910819 4.446624 154.436809 226.786254 25.201054
0.225 7.920437e+52 8.700912000000001e+52 3.555918e+52 11.363767 13.989337 4.472987 155.559831 229.362648 25.452954
0.226 8.141195e+52 8.818057e+52 3.55224e+52 11.426984 13.99599 4.469547 157.393114 229.888041 25.434356
0.227 8.338832e+52 8.957267999999999e+52 3.550802e+52 11.475768 13.957703 4.46314 157.889163 228.810749 25.379529
0.228 8.461584999999999e+52 9.103747e+52 3.541501e+52 11.525866 13.934056 4.453838 159.382709 228.101013 25.283017
0.229 8.671452000000001e+52 9.276713000000001e+52 3.544553e+52 11.532763 13.969548 4.443875 160.055999 229.002822 25.17219
0.23 8.861368e+52 9.264949e+52 3.579503e+52 11.456856 14.000707 4.43728 157.445772 230.186998 25.06776
0.231 8.994780999999999e+52 9.185902999999999e+52 3.632429e+52 11.3688 14.055989 4.447903 155.182643 232.128496 25.102848
0.232 9.231806999999999e+52 9.308248e+52 3.715102e+52 11.30802 14.140928 4.456015 153.715074 234.679296 25.08997
0.233 9.698585e+52 9.439835e+52 3.829268e+52 11.285691 14.237502 4.477106 153.353341 237.845168 25.216649
0.234 1.0052604999999999e+53 9.639595e+52 3.944356e+52 11.253914 14.290768 4.488316 153.082325 239.841925 25.272416
0.235 1.0349672e+53 9.824013000000002e+52 4.058441e+52 11.192482 14.297675 4.494617 152.233355 240.408295 25.306622
0.236 1.0526245e+53 9.927091000000002e+52 4.156037e+52 11.154841 14.308315 4.499427 151.987541 240.94073 25.372049
0.237 1.0708901e+53 1.0010460000000001e+53 4.2370739999999996e+52 11.101739 14.339124 4.51125 150.647878 241.730397 25.505196
0.238 1.0886139999999998e+53 1.0012869e+53 4.264342e+52 11.097647 14.321945 4.514819 149.965725 240.926744 25.51257
0.239 1.0936151e+53 9.839753999999998e+52 4.206792e+52 11.150711 14.275491 4.513707 152.07626 239.25828 25.542273
0.24 1.0811083999999998e+53 9.813019999999999e+52 4.1478520000000005e+52 11.115214 14.148973 4.500425 150.85988 234.807875 25.482821
0.241 1.0802541e+53 9.952983e+52 4.0989680000000004e+52 11.108841 14.065609 4.488464 150.232744 232.150035 25.467446
0.242 1.1045796e+53 1.0333733e+53 4.0975599999999996e+52 11.192708 14.094259 4.496842 154.120434 233.18722 25.634094
0.243 1.1154974e+53 1.0665096e+53 4.112528e+52 11.190838 14.105128 4.506489 151.893486 233.413713 25.741146
0.244 1.1187473e+53 1.0725265e+53 4.111009e+52 11.234863 14.058333 4.49549 154.052078 231.905725 25.605969
0.245 1.1195741e+53 1.0811067e+53 4.11904e+52 11.192042 14.006142 4.47839 152.149247 230.375082 25.417258
0.246 1.1130666e+53 1.0837814e+53 4.1179690000000005e+52 11.220061 13.960904 4.467777 153.18389 229.065572 25.279269
0.247 1.0954716e+53 1.0737237e+53 4.07366e+52 11.280272 13.93514 4.457116 155.22742 228.147402 25.181654
0.248 1.0704336e+53 1.0548275e+53 4.0128519999999995e+52 11.30138 13.887368 4.447082 155.472257 226.675831 25.084414
0.249 1.0419224e+53 1.0309145e+53 3.919004e+52 11.308176 13.862133 4.431528 155.057145 225.690842 24.928129
0.25 1.0294258e+53 1.0189587e+53 3.845165e+52 11.324927 13.832189 4.425355 154.974669 224.667129 24.838547
0.251 1.0200815e+53 1.0128284e+53 3.79259e+52 11.323699 13.804693 4.42962 154.364997 223.732104 24.869275
0.252 1.0109572e+53 1.0048025000000002e+53 3.747757e+52 11.324618 13.794897 4.420595 154.79459 223.365866 24.781825
0.253 9.897862999999999e+52 9.911625000000002e+52 3.693279e+52 11.32473 13.796357 4.397842 154.149269 223.332517 24.562025
0.254 9.707319e+52 9.800334e+52 3.6462880000000004e+52 11.383545 13.802304 4.376628 159.847453 223.481353 24.364639
0.255 9.621159e+52 9.705721999999999e+52 3.6024660000000003e+52 11.396413 13.841134 4.362618 156.693339 224.778099 24.22025
0.256 9.591298e+52 9.676573e+52 3.56018e+52 11.392319 13.891692 4.364841 157.061499 226.035186 24.232888
0.257 9.605919e+52 9.573282000000001e+52 3.537527e+52 11.317544 13.962938 4.372119 154.316568 228.260365 24.268499
0.258 9.577284e+52 9.375972e+52 3.540323e+52 11.269699 14.067192 4.389957 153.48234 231.816894 24.422928
0.259 9.433731999999999e+52 9.114544e+52 3.528839e+52 11.262451 14.138171 4.398973 153.344094 234.258867 24.484566
0.26 9.28383e+52 8.973919000000001e+52 3.541547e+52 11.231824 14.167106 4.40842 153.670622 235.297432 24.575353
0.261 9.466029000000001e+52 8.824634e+52 3.607467e+52 11.170426 14.183051 4.4215 151.117929 236.175588 24.702996
0.262 9.81738e+52 8.900613e+52 3.7155e+52 11.112989 14.183964 4.424646 149.810933 236.182004 24.704001
0.263 1.0382799e+53 9.229713999999999e+52 3.825125e+52 11.124534 14.18729 4.433564 150.52621 236.057739 24.741726
0.264 1.036134e+53 9.458655999999999e+52 3.8688820000000004e+52 11.138105 14.202894 4.430135 150.944947 236.224218 24.670479
0.265 9.572507999999999e+52 9.077636e+52 3.745587e+52 11.096138 14.211023 4.407188 150.496815 236.334919 24.498518
0.266 8.828614999999999e+52 8.571301999999999e+52 3.563094e+52 11.098287 14.230774 4.401458 151.190926 236.865076 24.563668
0.267 8.822998e+52 8.476577e+52 3.476485e+52 11.178391 14.289492 4.398453 152.634472 238.718613 24.582675
0.268 8.775392999999999e+52 8.509466e+52 3.42586e+52 11.268452 14.25366 4.412831 154.755678 237.476879 24.77603
0.269 8.677061e+52 8.741569e+52 3.432027e+52 11.407085 14.252129 4.447222 157.735021 237.735866 25.192812
0.27 8.519648999999999e+52 8.80189e+52 3.353744e+52 11.494839 14.169988 4.433152 160.596913 235.060337 25.19662
0.271 8.441838000000001e+52 8.922048e+52 3.349071e+52 11.539678 14.0885 4.431213 161.08929 233.228314 25.258159
0.272 8.945857e+52 9.119745999999999e+52 3.453751e+52 11.608493 14.12136 4.453063 161.92941 234.514636 25.428885
0.273 9.373127999999999e+52 9.270099999999999e+52 3.5746920000000004e+52 11.591804 14.071041 4.467822 161.130691 232.988236 25.482448
0.274 9.896417e+52 9.639298e+52 3.642272e+52 11.593748 14.030041 4.479232 160.815159 231.512545 25.563496
0.275 1.0232541e+53 9.858617e+52 3.693755e+52 11.527049 14.006825 4.500268 159.283399 230.868777 25.779996
0.276 1.0548971e+53 9.999219e+52 3.755889e+52 11.571161 14.023842 4.516164 162.756565 231.521559 25.909607
0.277 1.0654489e+53 9.95303e+52 3.7776320000000003e+52 11.620319 14.014269 4.517218 167.730754 231.307695 25.904485
0.278 1.0307169999999998e+53 9.799618000000001e+52 3.75704e+52 11.554954 14.00263 4.512851 162.471476 230.951701 25.888316
0.279 1.0152089e+53 9.749402999999998e+52 3.73628e+52 11.558652 13.978312 4.510762 163.939898 230.226082 25.917844
0.28 1.0017554e+53 9.824709e+52 3.769812e+52 11.514857 13.988501 4.510515 159.805997 230.659539 25.920168
0.281 1.0355643000000001e+53 1.0121373999999998e+53 3.849537e+52 11.573892 14.09222 4.520361 161.890147 233.899716 26.025809
0.282 1.0507266e+53 1.0366105e+53 3.9139689999999997e+52 11.615721 14.146862 4.525773 161.94186 235.613686 26.058772
0.283 1.0624245e+53 1.0489901e+53 3.959155e+52 11.699993 14.206228 4.525776 164.134179 237.801638 26.059333
0.284 1.0324363e+53 1.0355442999999999e+53 3.898473e+52 11.795566 14.253333 4.525841 166.724044 239.410634 26.114963
0.285 9.819769000000001e+52 1.0019041e+53 3.78688e+52 11.872104 14.275811 4.538516 168.631081 240.251914 26.259403
0.286 9.164984000000001e+52 9.594069e+52 3.660803e+52 11.893569 14.30583 4.521134 169.388434 240.975674 26.066002
0.287 8.723318000000001e+52 9.270381e+52 3.581941e+52 11.901536 14.324751 4.504254 169.708498 241.513823 25.871523
0.288 8.597671e+52 9.135838e+52 3.612247e+52 11.880656 14.330488 4.500184 170.236019 241.73774 25.811503
0.289 8.750811000000001e+52 9.104108999999999e+52 3.6597849999999996e+52 11.816335 14.324709 4.485278 170.097962 241.822974 25.691842
0.29 8.729571e+52 8.989774000000001e+52 3.6617359999999997e+52 11.721445 14.296562 4.468282 165.60632 241.20008 25.502777
0.291 8.527384e+52 8.875915000000001e+52 3.676123e+52 11.662401 14.252108 4.453592 165.277397 239.783144 25.361439
0.292 8.264784e+52 8.729252999999999e+52 3.6638839999999996e+52 11.588361 14.204059 4.436617 163.128629 238.543455 25.216849
0.293 8.103358e+52 8.620967e+52 3.616299e+52 11.519 14.151307 4.42723 162.109994 237.130486 25.123879
0.294 7.917944e+52 8.489905999999999e+52 3.5379409999999997e+52 11.410711 14.063944 4.406295 159.44897 234.486421 24.926024
0.295 7.750638999999999e+52 8.360466000000001e+52 3.460653e+52 11.269072 13.900983 4.360503 156.142586 229.535043 24.457237
0.296 7.666736e+52 8.31171e+52 3.37847e+52 11.116186 13.71096 4.307666 152.715217 223.937877 23.900381
0.297 7.256806e+52 7.992756e+52 3.222944e+52 10.89624 13.450418 4.228103 147.607999 216.642523 23.161774
0.298 6.771858e+52 7.567995e+52 3.032322e+52 10.719731 13.227092 4.153402 143.882745 210.674165 22.505896
0.299 6.477999e+52 7.142432999999999e+52 2.924298e+52 10.631724 13.174544 4.137814 141.928979 209.40837 22.380786
0.3 6.621169e+52 7.281996000000001e+52 2.987033e+52 10.686772 13.270001 4.175097 144.913435 211.873849 22.741723
0.301 6.859233e+52 7.417051e+52 3.075955e+52 10.74235 13.367847 4.220249 144.364418 214.427839 23.171752
0.302 7.086168999999999e+52 7.655793e+52 3.163061e+52 10.797364 13.431867 4.252115 145.358268 216.19402 23.485019
0.303 7.38376e+52 7.784983000000001e+52 3.245579e+52 10.833474 13.492556 4.273004 147.301199 218.164941 23.682755
0.304 7.493238e+52 7.785081e+52 3.306609e+52 10.797249 13.53208 4.287578 145.632885 219.621715 23.831359
0.305 7.527146e+52 7.810671e+52 3.355389e+52 10.788001 13.561504 4.298335 145.666354 220.733975 23.967183
0.306 7.474432e+52 7.839297e+52 3.369739e+52 10.747113 13.55509 4.294787 145.017773 220.560507 23.962813
0.307 7.567936000000001e+52 7.934696e+52 3.400297e+52 10.718062 13.545573 4.296887 144.289586 220.103241 23.995346
0.308 7.709939e+52 7.957019999999999e+52 3.440966e+52 10.708842 13.527607 4.299354 143.827627 219.565815 24.033096
0.309 7.780093e+52 7.940457999999999e+52 3.474672e+52 10.716408 13.502353 4.297865 144.35663 218.782329 24.033172
0.31 7.703693000000001e+52 7.89899e+52 3.473691e+52 10.690159 13.47163 4.296986 143.29524 217.952164 24.046878
0.311 7.545727e+52 7.78566e+52 3.4550109999999996e+52 10.630376 13.424461 4.295982 141.766924 216.644318 24.056736
0.312 7.392748000000001e+52 7.668337e+52 3.427134e+52 10.592288 13.37253 4.292514 140.846265 215.078085 24.045743
0.313 7.406152e+52 7.662194999999999e+52 3.414619e+52 10.614051 13.368393 4.289906 141.176641 214.903493 24.022085
0.314 7.4198e+52 7.685225e+52 3.399287e+52 10.680011 13.386853 4.289938 142.710238 215.662958 24.022455
0.315 7.409805e+52 7.663705e+52 3.3908520000000003e+52 10.758302 13.431231 4.289061 144.452464 216.947523 23.973363
0.316 7.412515e+52 7.689206000000001e+52 3.366135e+52 10.84709 13.496042 4.294571 146.428098 218.549356 23.964343
0.317 7.416661e+52 7.667738e+52 3.342438e+52 10.896454 13.551749 4.303639 147.452483 219.92834 23.992461
0.318 7.355409e+52 7.629155e+52 3.30695e+52 10.899181 13.564252 4.293953 147.310374 220.038512 23.888171
0.319 7.259578e+52 7.593133e+52 3.262549e+52 10.907981 13.556849 4.277208 147.4104 219.595802 23.701524
0.32 7.296984e+52 7.619907000000001e+52 3.2501630000000003e+52 10.919047 13.575468 4.263323 147.563659 220.1714 23.540015
0.321 7.384540999999999e+52 7.708841999999999e+52 3.26922e+52 10.910293 13.599204 4.25716 147.209291 221.100685 23.469646
0.322 7.518608999999999e+52 7.799363999999999e+52 3.289293e+52 10.904653 13.624648 4.261621 147.308196 222.183601 23.513454
0.323 7.669457e+52 7.883267e+52 3.3311269999999997e+52 10.909696 13.648807 4.268418 147.67934 223.256879 23.571254
0.324 7.860223e+52 8.009475e+52 3.3854829999999997e+52 10.929175 13.667403 4.275811 148.713642 224.035953 23.634322
0.325 8.025338e+52 8.224926e+52 3.447532e+52 10.9515 13.67409 4.280764 149.151643 224.335578 23.684808
0.326 8.28197e+52 8.493157999999999e+52 3.4843489999999997e+52 10.992482 13.714639 4.274741 150.255542 225.519017 23.622462
0.327 8.397463999999999e+52 8.620723e+52 3.494082e+52 11.074405 13.855071 4.280073 152.54424 229.801236 23.674679
0.328 8.49178e+52 8.584095e+52 3.518793e+52 11.150658 14.053395 4.300685 154.705309 236.002396 23.864745
0.329 8.41949e+52 8.422965e+52 3.54949e+52 11.201463 14.224634 4.333141 156.818636 241.525495 24.180521
0.33 8.505181000000001e+52 8.375895999999999e+52 3.606409e+52 11.195175 14.289554 4.343424 156.585434 243.689877 24.275731
0.331 8.633589999999999e+52 8.396931e+52 3.680524e+52 11.188483 14.308815 4.329997 156.285553 244.241266 24.123996
0.332 8.816639e+52 8.496808e+52 3.725628e+52 11.21215 14.229865 4.31282 156.258892 241.388357 23.919676
0.333 8.836247000000001e+52 8.422682e+52 3.717345e+52 11.229972 14.111224 4.303407 156.300997 237.623833 23.818713
0.334 8.675447e+52 8.286315e+52 3.709993e+52 11.212485 14.027426 4.299584 156.07657 234.966147 23.793463
0.335 8.435406000000001e+52 8.244963999999999e+52 3.703922e+52 11.216663 14.043487 4.321624 156.427456 235.397087 24.05204
0.336 8.40626e+52 8.256698e+52 3.700596e+52 11.23276 14.087922 4.334282 157.255144 236.749504 24.201283
0.337 8.158949e+52 8.130528e+52 3.706103e+52 11.22387 14.08138 4.348104 157.364613 236.599219 24.327311
0.338 8.206944e+52 8.165181e+52 3.723176e+52 11.269313 14.152651 4.363406 158.16102 238.827107 24.456744
0.339 8.434286000000001e+52 8.263954e+52 3.746206e+52 11.354077 14.212997 4.37075 160.165681 240.983108 24.51599
0.34 8.504066e+52 8.309667e+52 3.740219e+52 11.430685 14.289291 4.390017 162.016961 243.674666 24.666082
0.341 8.438656999999999e+52 8.316775e+52 3.713092e+52 11.527587 14.327696 4.419747 164.553693 245.025852 24.950067
0.342 8.512663999999999e+52 8.419366e+52 3.693232e+52 11.605545 14.360232 4.442009 165.911458 246.2857 25.198285
0.343 8.456027000000001e+52 8.410882e+52 3.627761e+52 11.678353 14.330483 4.45016 167.436853 245.031636 25.313589
0.344 8.040215999999999e+52 8.024506e+52 3.455469e+52 11.550728 14.134366 4.411883 163.903845 238.885242 24.969163
0.345 7.723722999999999e+52 7.727814999999999e+52 3.3553109999999997e+52 11.569233 14.084962 4.408449 164.170345 237.391818 24.95152
0.346 7.44564e+52 7.495224000000001e+52 3.2565110000000004e+52 11.634711 14.07458 4.410725 166.227096 236.969599 24.993947
0.347 7.077586000000001e+52 7.247156e+52 3.150929e+52 11.649006 14.035386 4.41312 166.161982 235.741779 25.04414
0.348 6.725012e+52 6.960085e+52 3.042907e+52 11.671013 14.059968 4.412664 166.461203 236.597923 25.067315
0.349 6.491549e+52 6.745963e+52 2.94413e+52 11.696385 14.023672 4.405565 167.001769 235.316196 25.006255
0.35 6.359310999999999e+52 6.574947e+52 2.8756330000000003e+52 11.681979 13.966097 4.394419 166.206606 233.193641 24.883768
0.351 6.232522999999999e+52 6.466821999999999e+52 2.833764e+52 11.653457 13.901369 4.383447 165.135553 230.952384 24.759622
0.352 6.125025e+52 6.395315e+52 2.81212e+52 11.611453 13.856257 4.364615 164.133887 229.740851 24.597588
0.353 6.031718e+52 6.272775e+52 2.797256e+52 11.539678 13.751326 4.333639 162.394903 226.609916 24.334951
0.354 5.995993e+52 6.207909e+52 2.792998e+52 11.444285 13.676533 4.309473 159.930236 224.172429 24.133734
0.355 5.990557e+52 6.17248e+52 2.808494e+52 11.416418 13.70658 4.304134 159.528035 225.086477 24.067491
0.356 6.106836e+52 6.216897000000001e+52 2.823382e+52 11.458057 13.789254 4.315776 160.601899 227.54986 24.155555
0.357 6.251953000000001e+52 6.303697999999999e+52 2.8676240000000004e+52 11.516459 13.928646 4.335543 162.659151 232.053392 24.341986
0.358 6.432867e+52 6.443470999999999e+52 2.917165e+52 11.551713 14.002681 4.356631 163.704416 234.210295 24.518035
0.359 6.595771e+52 6.556197e+52 2.997405e+52 11.539485 14.014362 4.366783 163.706757 234.66568 24.585321
0.36 6.719388e+52 6.634523e+52 3.068642e+52 11.477671 14.034233 4.375368 162.242639 235.096962 24.652143
0.361 6.824415e+52 6.730342e+52 3.142194e+52 11.425353 14.048451 4.381867 160.900024 235.240996 24.688759
0.362 6.976675e+52 6.870804999999999e+52 3.215316e+52 11.363651 14.034687 4.392655 159.50088 234.63699 24.782225
0.363 7.166374e+52 7.028745e+52 3.291348e+52 11.315182 14.023256 4.403216 158.47327 234.290224 24.915171
0.364 7.269451e+52 7.073181e+52 3.371308e+52 11.283893 14.025032 4.409444 157.930643 234.399919 25.008629
0.365 7.437373e+52 7.219859999999999e+52 3.4700139999999996e+52 11.244188 13.999506 4.410072 157.068477 233.488196 25.032989
0.366 7.487766e+52 7.290054e+52 3.559904e+52 11.200138 13.980912 4.402615 155.957105 233.065967 24.94136
0.367 7.468109e+52 7.291141e+52 3.6265360000000003e+52 11.162178 13.936897 4.390422 155.214733 232.003033 24.800371
0.368 7.363646e+52 7.219988e+52 3.6706439999999997e+52 11.133072 13.918361 4.384472 154.663172 231.879091 24.711545
0.369 7.273252000000001e+52 7.130507e+52 3.6860059999999996e+52 11.082938 13.869298 4.381971 153.336401 230.55258 24.651864
0.37 7.155440999999999e+52 6.972052e+52 3.693525e+52 11.018859 13.819162 4.377398 151.6465 229.063081 24.587874
0.371 7.001886e+52 6.823465e+52 3.699519e+52 10.937464 13.74133 4.363723 149.598752 226.624728 24.451188
0.372 6.98892e+52 6.844266e+52 3.7302870000000003e+52 10.919911 13.7328 4.356554 149.245606 226.315994 24.355082
0.373 7.08922e+52 6.913925e+52 3.776526e+52 10.910842 13.717969 4.36798 148.922172 225.673894 24.433385
0.374 7.278271e+52 7.054511e+52 3.825863e+52 10.903124 13.736176 4.379336 148.705966 226.240908 24.52168
0.375 7.498103999999999e+52 7.167445e+52 3.879874e+52 10.912228 13.778819 4.398434 149.119362 227.821996 24.699376
0.376 7.484427e+52 7.162899e+52 3.929231e+52 10.888547 13.778299 4.412338 148.954358 227.963037 24.841223
0.377 7.517895e+52 7.178321999999999e+52 3.986847e+52 10.881752 13.783853 4.425945 149.019382 228.254712 24.996533
0.378 7.571073e+52 7.204711e+52 4.038502e+52 10.850956 13.775528 4.442619 148.491145 228.150091 25.183704
0.379 7.59618e+52 7.218294000000001e+52 4.103892e+52 10.834562 13.768988 4.445878 148.325685 228.234164 25.242721
0.38 7.601128e+52 7.242692e+52 4.1122329999999997e+52 10.81612 13.732126 4.456692 147.806517 227.116161 25.394596
0.381 7.624651e+52 7.322272e+52 4.147858e+52 10.830896 13.727671 4.469878 148.107731 226.876835 25.567902
0.382 7.65298e+52 7.356536e+52 4.187112e+52 10.889463 13.750104 4.491303 149.516665 227.494851 25.83251
0.383 7.646928e+52 7.304788e+52 4.2266389999999995e+52 10.911764 13.748142 4.505766 149.916522 227.271761 26.04121
0.384 7.718352e+52 7.339673e+52 4.2630400000000004e+52 10.916634 13.724182 4.500595 149.887523 226.234549 26.018255
0.385 7.742843e+52 7.34187e+52 4.265678e+52 10.895113 13.688287 4.495262 148.934971 224.717583 26.002671
0.386 7.866594e+52 7.455545e+52 4.250093e+52 10.911275 13.713973 4.507925 148.936001 225.171058 26.161722
0.387 7.900627e+52 7.477778e+52 4.251928e+52 10.918626 13.72673 4.518443 149.062351 225.491991 26.286097
0.388 7.864468999999999e+52 7.403449e+52 4.275894e+52 10.894753 13.698397 4.51549 148.374374 224.66926 26.225448
0.389 7.977502999999999e+52 7.409829e+52 4.2844689999999997e+52 10.899689 13.672602 4.501851 148.25727 223.67732 26.0589
0.39 8.057983999999999e+52 7.343809e+52 4.278435e+52 10.880391 13.631905 4.489975 147.803125 222.570111 25.916716
0.391 8.031404e+52 7.350608e+52 4.2591859999999996e+52 10.819979 13.592325 4.480288 146.45537 221.628117 25.814482
0.392 8.031756e+52 7.415557999999999e+52 4.258636e+52 10.809887 13.574294 4.486349 146.167322 221.148785 25.888207
0.393 8.054312e+52 7.558444e+52 4.31041e+52 10.840412 13.602784 4.502014 146.962442 222.123382 26.068108
0.394 7.882769e+52 7.556839e+52 4.313118e+52 10.806213 13.588353 4.512878 146.461926 221.795508 26.170883
0.395 7.893362e+52 7.625359999999999e+52 4.3653069999999995e+52 10.783641 13.595404 4.534612 146.412072 222.190477 26.431365
0.396 7.947722e+52 7.729123999999999e+52 4.3701369999999997e+52 10.772798 13.604406 4.530002 146.732371 222.588903 26.479031
0.397 8.064686e+52 7.834223999999999e+52 4.387321e+52 10.763473 13.574884 4.535576 146.333232 221.704095 26.589197
0.398 8.037330999999999e+52 7.796668e+52 4.430658e+52 10.74285 13.525259 4.55341 146.117769 220.888517 26.800495
0.399 7.84289e+52 7.663729e+52 4.424759e+52 10.621424 13.431215 4.545779 143.760323 218.713634 26.797096
0.4 7.658359e+52 7.468544e+52 4.46047e+52 10.483987 13.299693 4.557323 140.48654 214.918848 26.998079
0.401 7.577766999999999e+52 7.345059e+52 4.48864e+52 10.413003 13.233719 4.565481 138.569946 212.907232 27.20473
0.402 7.643523e+52 7.389649e+52 4.501818e+52 10.361686 13.157657 4.567129 137.264287 210.326126 27.278429
0.403 7.885358e+52 7.708195e+52 4.620426e+52 10.400964 13.181226 4.562169 138.440487 211.482055 27.297018
0.404 7.790928e+52 7.661723000000001e+52 4.587347e+52 10.408033 13.202285 4.568248 138.955295 212.459099 27.480262
0.405 7.452598e+52 7.369154e+52 4.604858e+52 10.444574 13.254759 4.619625 140.564015 215.337565 28.155542
0.406 7.416821e+52 7.209856e+52 4.5784599999999996e+52 10.302052 13.044911 4.580063 136.457275 208.473689 27.876771
0.407 6.986435e+52 6.796203e+52 4.5097950000000006e+52 10.200232 12.930961 4.57736 134.658041 204.884799 27.912199
0.408 6.639412e+52 6.445151e+52 4.460827e+52 10.140366 12.891172 4.550844 133.546434 204.391095 27.624404
0.409 6.510581e+52 6.298978e+52 4.378387e+52 9.976696 12.698802 4.492607 129.05027 198.828201 26.967346
0.41 6.462633e+52 6.244327e+52 4.276639e+52 9.965549 12.646301 4.448503 129.541317 197.58689 26.517388
0.411 6.318073e+52 6.126329e+52 4.218197e+52 9.909982 12.59037 4.421386 128.107452 196.047642 26.213211
0.412 6.362003e+52 6.273569e+52 4.147208e+52 9.965826 12.638022 4.406123 129.175877 197.230734 25.974232
0.413 6.084726e+52 6.030608e+52 4.104757e+52 9.898141 12.579788 4.378529 127.086766 195.194534 25.613756
0.414 5.924453e+52 5.900470999999999e+52 4.0317850000000004e+52 9.834367 12.555057 4.348728 126.143475 194.896286 25.281066
0.415 5.990075e+52 5.93307e+52 3.970413e+52 9.81079 12.525374 4.333505 125.138647 193.956549 25.120936
0.416 5.800777e+52 5.663207e+52 3.954422e+52 9.777251 12.498108 4.346256 124.883139 193.268616 25.306885
0.417 5.704563e+52 5.549011e+52 3.9097490000000003e+52 9.774581 12.516606 4.361892 124.705627 194.206932 25.504319
0.418 5.536193e+52 5.316527e+52 3.8547129999999996e+52 9.81867 12.558198 4.390206 126.438976 195.759211 25.818196
0.419 5.592062999999999e+52 5.293316e+52 3.9320339999999995e+52 9.889408 12.593243 4.390082 128.687819 196.955308 25.796352
0.42 5.732531999999999e+52 5.50597e+52 4.0090700000000005e+52 9.939229 12.674675 4.426976 129.362525 199.426596 26.164539
0.421 5.837139e+52 5.536631e+52 4.132309e+52 10.039115 12.786042 4.450343 132.298251 203.270574 26.475411
0.422 5.90876e+52 5.57363e+52 4.2427469999999997e+52 10.109007 12.872305 4.485296 134.497329 206.573596 26.86475
0.423 5.857616e+52 5.452603999999999e+52 4.331455e+52 10.049966 12.74438 4.524312 132.999109 202.619887 27.373018
0.424 5.785064e+52 5.470558e+52 4.36587e+52 10.039906 12.727997 4.540553 133.320071 202.63713 27.634276
0.425 5.711838000000001e+52 5.483831e+52 4.3292469999999994e+52 9.956664 12.667052 4.530087 131.258466 200.662164 27.537794
0.426 5.718155999999999e+52 5.534849e+52 4.276469e+52 9.964352 12.626606 4.507878 131.900574 200.034393 27.37635
0.427 5.611576999999999e+52 5.372195999999999e+52 4.261183e+52 9.880684 12.581772 4.475949 129.633309 199.005098 27.024296
0.428 5.441598e+52 5.26893e+52 4.2617039999999997e+52 9.797165 12.502166 4.466283 126.699335 195.938722 26.83723
0.429 5.198756e+52 5.223451e+52 4.2322670000000003e+52 9.713225 12.495762 4.465365 124.581695 195.549938 26.833985
0.43 5.173607999999999e+52 5.263831e+52 4.11712e+52 9.777691 12.591477 4.445134 126.240981 198.73685 26.58378
0.431 5.029925e+52 4.943823e+52 4.0359790000000004e+52 9.679636 12.417986 4.443986 122.797502 192.460266 26.545341
0.432 5.415086999999999e+52 5.372223e+52 4.124762e+52 9.925273 12.688099 4.482788 129.817736 201.361378 26.935546
0.433 5.143394e+52 5.218374e+52 4.203076e+52 9.778572 12.589269 4.492817 125.638146 198.095143 27.083016
0.434 5.101884e+52 5.16239e+52 4.2520429999999995e+52 9.694113 12.543356 4.521835 123.414521 196.723032 27.472198
0.435 5.168019e+52 5.157006e+52 4.2643319999999994e+52 9.702872 12.583395 4.509067 123.382379 198.342887 27.340168
0.436 4.930081999999999e+52 4.952041999999999e+52 4.243264e+52 9.50879 12.367998 4.490457 118.334601 191.465913 27.125812
0.437 4.738938e+52 4.814229e+52 4.133311e+52 9.422179 12.270413 4.464274 117.022353 189.617437 26.919839
0.438 4.688886e+52 4.6645830000000004e+52 4.0966620000000003e+52 9.324539 12.154579 4.487045 114.641622 185.97078 27.230118
0.439 4.5646129999999996e+52 4.6762819999999993e+52 4.069749e+52 9.302375 12.163226 4.499982 113.915932 185.748714 27.432592
0.44 4.4751960000000003e+52 4.583182e+52 4.078102e+52 9.349368 12.197223 4.477536 115.606583 187.404326 27.316696
0.441 4.343822e+52 4.6447089999999995e+52 4.1718339999999994e+52 9.275594 12.237692 4.49798 113.415664 188.050331 27.580979
0.442 4.6153560000000004e+52 4.7692819999999997e+52 4.157731e+52 9.553282 12.442314 4.520768 119.648565 194.654894 27.844718
0.443 4.4932280000000003e+52 4.5584759999999997e+52 4.0624659999999994e+52 9.419873 12.277347 4.480734 117.542925 190.693153 27.323476
0.444 4.407732e+52 4.568386e+52 4.016428e+52 9.317195 12.262982 4.445687 114.616465 190.2318 26.908418
0.445 4.2916619999999994e+52 4.486765e+52 4.0304089999999995e+52 9.282169 12.179649 4.426991 114.059532 187.283281 26.673331
0.446 4.117718e+52 4.2436290000000005e+52 3.999618e+52 9.2128 12.1322 4.472956 112.918921 186.571069 27.231858
0.447 4.22882e+52 4.270854e+52 3.998194e+52 9.294754 12.151991 4.460051 115.184082 187.232372 27.080083
0.448 4.3018619999999996e+52 4.426742e+52 4.090589e+52 9.327868 12.197595 4.499734 115.783525 188.417219 27.548344
0.449 4.259845e+52 4.4744869999999997e+52 4.018868e+52 9.345348 12.308608 4.496076 115.30225 191.032204 27.513843
0.45 4.5288649999999997e+52 4.7187279999999996e+52 4.080209e+52 9.382571 12.326626 4.488998 114.979382 190.44664 27.372981
0.451 4.4917119999999995e+52 4.640431e+52 4.0715130000000006e+52 9.45569 12.364836 4.485021 117.331378 192.117972 27.447629
0.452 4.512307e+52 4.7884039999999996e+52 4.0508240000000004e+52 9.456096 12.445555 4.490105 117.212271 194.254667 27.494176
0.453 4.520814e+52 4.815038000000001e+52 4.108751e+52 9.463336 12.348914 4.485015 117.404429 191.282065 27.447481
0.454 4.494662e+52 4.6943729999999996e+52 4.152177e+52 9.440866 12.370049 4.466758 117.285174 192.714919 27.215937
0.455 4.4420200000000005e+52 4.489395e+52 4.170275e+52 9.370193 12.292234 4.47322 115.834061 190.622493 27.267858
0.456 4.50653e+52 4.5655010000000005e+52 4.216429e+52 9.404776 12.298501 4.458429 116.20517 190.338383 27.055249
0.457 4.534158e+52 4.555287e+52 4.2406680000000004e+52 9.432734 12.318158 4.479638 117.068428 191.011209 27.374638
0.458 4.4367710000000004e+52 4.567839e+52 4.201333e+52 9.285808 12.227735 4.470085 113.274759 187.793853 27.274855
0.459 4.2878619999999997e+52 4.4507459999999997e+52 4.1275279999999997e+52 9.237903 12.109907 4.463461 112.465113 184.177799 27.204401
0.46 4.178865e+52 4.315912e+52 4.079854e+52 9.19287 12.121814 4.464977 111.218723 184.777844 27.166214
0.461 4.2838419999999997e+52 4.4112410000000003e+52 4.093527e+52 9.251927 12.188483 4.481239 112.33781 186.920453 27.316949
0.462 4.0853270000000003e+52 4.2398829999999997e+52 4.0741009999999996e+52 9.205323 12.164845 4.466078 111.746549 186.435001 27.159518
0.463 4.1198230000000003e+52 4.2310999999999994e+52 4.044664e+52 9.321533 12.256635 4.442804 114.962351 189.749328 26.949759
0.464 4.245307e+52 4.3317509999999997e+52 4.0089730000000003e+52 9.385649 12.293315 4.4245 116.062833 190.278515 26.780108
0.465 4.3349520000000005e+52 4.544878e+52 4.0085670000000004e+52 9.357742 12.261704 4.431301 115.31211 189.089256 26.896711
0.466 4.345103e+52 4.5408229999999993e+52 4.004975e+52 9.502487 12.382625 4.462704 118.530823 192.215392 27.190727
0.467 4.2311800000000004e+52 4.3914809999999995e+52 3.968206e+52 9.374741 12.212061 4.436303 116.084656 187.468481 26.927214
0.468 4.31304e+52 4.4789899999999994e+52 4.00148e+52 9.347741 12.23802 4.435908 114.247412 187.635543 26.875921
0.469 4.385039e+52 4.479906e+52 4.0183400000000004e+52 9.412475 12.358124 4.42925 115.441096 191.386563 26.690679
0.47 4.4687279999999996e+52 4.4887819999999995e+52 4.067972e+52 9.451502 12.350569 4.46641 116.645493 191.606682 27.061316
0.471 4.439393e+52 4.468038e+52 4.0209890000000003e+52 9.531455 12.392101 4.461009 118.574388 192.571202 27.012062
0.472 4.398724e+52 4.483192e+52 3.989459e+52 9.533938 12.410762 4.482822 118.590575 193.049847 27.434371
0.473 4.2465510000000003e+52 4.476655e+52 3.936482e+52 9.43571 12.368596 4.470995 116.444311 191.85194 27.368004
0.474 4.2230109999999996e+52 4.421084e+52 3.918915e+52 9.414064 12.332139 4.459204 116.158378 191.15843 27.174595
0.475 4.0965600000000004e+52 4.339989e+52 3.9832230000000004e+52 9.337564 12.292474 4.468102 114.990039 190.210412 27.280284
0.476 4.052969e+52 4.3160740000000005e+52 3.98276e+52 9.277387 12.250172 4.455857 113.477576 188.643005 27.123571
0.477 4.0871839999999997e+52 4.222932e+52 3.8652510000000004e+52 9.248768 12.143122 4.387343 113.024717 186.133161 26.39704
0.478 3.940943e+52 4.130675e+52 3.780159e+52 9.305916 12.184254 4.401431 114.201718 187.444569 26.485639
0.479 4.206747e+52 4.362649e+52 3.900467e+52 9.497506 12.31075 4.455008 118.623379 191.233659 27.16447
0.48 4.204353e+52 4.462982e+52 3.8836909999999995e+52 9.593102 12.512942 4.490905 120.31261 196.614406 27.520521
0.481 4.088159e+52 4.332385e+52 3.854116e+52 9.510161 12.42296 4.48185 117.991897 193.488557 27.425459
0.482 4.0658159999999997e+52 4.2950059999999997e+52 3.781148e+52 9.524638 12.443897 4.472319 118.713108 195.018091 27.351046
0.483 4.130452e+52 4.403009e+52 3.75422e+52 9.534759 12.481536 4.450567 118.575194 195.921715 27.062046
0.484 3.873021e+52 4.1866079999999996e+52 3.722944e+52 9.407519 12.356967 4.470791 116.302895 192.632636 27.310003
0.485 3.767626e+52 4.0764069999999996e+52 3.700515e+52 9.315855 12.253433 4.462906 113.699357 188.983221 27.290307
0.486 3.918253e+52 4.176749e+52 3.654825e+52 9.437223 12.349906 4.454695 116.76921 191.868106 27.068876
0.487 3.680604e+52 3.8877959999999996e+52 3.651581e+52 9.403197 12.324745 4.482234 116.42215 191.675012 27.41952
0.488 3.638156e+52 3.797664e+52 3.571079e+52 9.4587 12.358519 4.464746 117.906166 192.831931 27.294103
0.489 3.542642e+52 3.7729750000000004e+52 3.4898229999999997e+52 9.469546 12.453675 4.466885 117.721848 195.368761 27.301934
0.49 3.446739e+52 3.6575600000000003e+52 3.4072330000000004e+52 9.393931 12.342584 4.451001 115.877733 191.7068 27.042714
0.491 3.270132e+52 3.525723e+52 3.293465e+52 9.221994 12.18861 4.407975 111.838981 187.08553 26.536591
0.492 3.219602e+52 3.418313e+52 3.20456e+52 9.212764 12.176791 4.363959 111.958732 187.528492 26.153891
0.493 3.180981e+52 3.3956179999999996e+52 3.145844e+52 9.256005 12.145655 4.36748 113.288773 186.734624 26.164029
0.494 3.139082e+52 3.408174e+52 3.115179e+52 9.285855 12.206508 4.399774 113.761966 188.129275 26.471129
0.495 3.2523930000000003e+52 3.605133e+52 3.242597e+52 9.342654 12.269972 4.459938 114.924268 189.39968 27.103375
0.496 3.316863e+52 3.681454e+52 3.31814e+52 9.520699 12.55256 4.501016 118.961101 198.165927 27.637263
0.497 3.320671e+52 3.6574140000000003e+52 3.3214929999999997e+52 9.461233 12.437812 4.481769 117.950107 194.432479 27.435421
0.498 3.340906e+52 3.655586e+52 3.243026e+52 9.505894 12.466223 4.463191 118.983358 195.660262 27.21352
0.499 3.2950119999999997e+52 3.57943e+52 3.249049e+52 9.411263 12.362433 4.455823 116.984066 192.886251 27.200262
0.5 3.280485e+52 3.573814e+52 3.293888e+52 9.389753 12.376342 4.467478 116.216999 193.358928 27.339098
0.501 3.347878e+52 3.6834329999999997e+52 3.35433e+52 9.314084 12.297117 4.446464 114.548779 190.705545 27.115103
0.502 3.2414890000000003e+52 3.5363e+52 3.265257e+52 9.291827 12.273888 4.42585 114.678956 190.799236 26.984631
0.503 3.283542e+52 3.585156e+52 3.303066e+52 9.210807 12.165268 4.390664 112.713585 188.199118 26.596468
0.504 3.20216e+52 3.5065110000000004e+52 3.3041100000000003e+52 9.238974 12.230854 4.40444 113.014146 189.516787 26.679708
0.505 3.318971e+52 3.634859e+52 3.461456e+52 9.282623 12.31027 4.44477 113.575151 191.475542 27.155776
0.506 3.400983e+52 3.704619e+52 3.533572e+52 9.325966 12.34516 4.475719 114.686969 192.624317 27.552268
0.507 3.451872e+52 3.684888e+52 3.554154e+52 9.359503 12.356013 4.475706 115.546993 192.937074 27.414275
0.508 3.5537200000000004e+52 3.76215e+52 3.6098129999999997e+52 9.393922 12.3782 4.495394 116.116871 193.059481 27.545601
0.509 3.660283e+52 3.83624e+52 3.7368389999999997e+52 9.434474 12.445964 4.518223 116.741838 195.104718 27.857209
0.51 3.565007e+52 3.701504e+52 3.671308e+52 9.386155 12.385811 4.515314 115.850871 193.287925 27.859865
0.511 3.475755e+52 3.6100910000000003e+52 3.6285829999999997e+52 9.281398 12.286964 4.490901 112.827922 190.202776 27.651686
0.512 3.5293779999999997e+52 3.54995e+52 3.6001859999999996e+52 9.268471 12.267087 4.494083 112.347534 189.421199 27.717014
0.513 3.5516070000000004e+52 3.558017e+52 3.575484e+52 9.307212 12.255104 4.501137 113.402866 188.80328 27.809144
0.514 3.393978e+52 3.478908e+52 3.534511e+52 9.277608 12.242827 4.508016 112.870827 188.306679 27.867248
0.515 3.410895e+52 3.523565e+52 3.50485e+52 9.347933 12.345008 4.509412 114.201325 190.952472 27.776416
0.516 3.370924e+52 3.434706e+52 3.438193e+52 9.379015 12.31216 4.50556 115.210928 190.453736 27.779398
0.517 3.320948e+52 3.358299e+52 3.403404e+52 9.40578 12.277425 4.508726 116.539447 189.793348 27.933471
0.518 3.3340709999999995e+52 3.418792e+52 3.390972e+52 9.36807 12.257009 4.504864 115.668087 189.191134 27.753648
0.519 3.294346e+52 3.408134e+52 3.385336e+52 9.380135 12.30219 4.492626 116.157266 190.682409 27.605789
0.52 3.2785419999999997e+52 3.383089e+52 3.3550239999999995e+52 9.394377 12.298861 4.472652 116.513884 190.889971 27.490219
0.521 3.23161e+52 3.321981e+52 3.333496e+52 9.397072 12.28372 4.495915 116.950346 190.50004 27.791228
0.522 3.201629e+52 3.332865e+52 3.31657e+52 9.274266 12.158789 4.463704 113.739684 186.42498 27.360941
0.523 3.177668e+52 3.346958e+52 3.3025190000000004e+52 9.252456 12.139153 4.473901 112.585543 185.674733 27.500903
0.524 3.152973e+52 3.3148629999999996e+52 3.2233149999999997e+52 9.207202 12.107343 4.430696 111.308647 184.958172 27.055259
0.525 3.12836e+52 3.3282129999999996e+52 3.216162e+52 9.211075 12.10334 4.44003 111.220409 184.538964 27.112182
0.526 3.181502e+52 3.359771e+52 3.282457e+52 9.249295 12.12256 4.459157 112.419147 185.317251 27.31259
0.527 3.2807110000000004e+52 3.488594e+52 3.364936e+52 9.337178 12.241002 4.474872 114.162386 188.42083 27.489164
0.528 3.2402060000000003e+52 3.4950309999999997e+52 3.3547470000000003e+52 9.287118 12.191094 4.48245 112.99418 186.85292 27.644613
0.529 3.168185e+52 3.413846e+52 3.257594e+52 9.235514 12.126438 4.461015 111.714152 185.026306 27.426765
0.53 3.130292e+52 3.3955099999999996e+52 3.2168420000000003e+52 9.183262 12.106375 4.439284 110.611928 184.346981 27.171318
0.531 3.076784e+52 3.3558979999999996e+52 3.18361e+52 9.136721 12.051732 4.435381 109.3533 182.597315 27.09429
0.532 3.066249e+52 3.349792e+52 3.173769e+52 9.20018 12.129788 4.43533 110.525303 184.465793 27.096195
0.533 3.0978910000000004e+52 3.384712e+52 3.1736949999999997e+52 9.222022 12.166608 4.443768 111.194335 185.632375 27.212527
0.534 3.224293e+52 3.4989949999999996e+52 3.220707e+52 9.302545 12.213627 4.458276 112.780649 187.010111 27.312431
0.535 3.29147e+52 3.583413e+52 3.2314379999999996e+52 9.347423 12.244157 4.440108 113.933389 187.820063 27.06286
0.536 3.306476e+52 3.596005e+52 3.239502e+52 9.307065 12.196037 4.437004 113.066932 186.625721 27.003334
0.537 3.337382e+52 3.6364589999999996e+52 3.302248e+52 9.34792 12.22992 4.431708 114.054593 187.863471 26.956639
0.538 3.3867020000000003e+52 3.703475e+52 3.377641e+52 9.326066 12.182992 4.415118 113.801358 186.48962 26.729761
0.539 3.4922810000000003e+52 3.8227410000000003e+52 3.508322e+52 9.388979 12.255443 4.432341 115.441141 188.696355 26.92341
0.54 3.559644e+52 3.906872e+52 3.592875e+52 9.451646 12.36539 4.483226 116.668285 191.651201 27.483047
0.541 3.57279e+52 3.9238050000000004e+52 3.579464e+52 9.479818 12.389563 4.480383 117.22506 192.163378 27.491212
0.542 3.521322e+52 3.858626e+52 3.519466e+52 9.469519 12.362518 4.466962 116.991593 191.434955 27.352972
0.543 3.4919549999999997e+52 3.84747e+52 3.475257e+52 9.430003 12.296284 4.447173 116.284071 189.476718 27.111253
0.544 3.484052e+52 3.847703e+52 3.507341e+52 9.426581 12.269983 4.441463 116.396124 188.750646 27.042355
0.545 3.472115e+52 3.810584e+52 3.521481e+52 9.409942 12.245111 4.434716 116.154314 188.336655 26.989623
0.546 3.492735e+52 3.819344e+52 3.546062e+52 9.386939 12.232229 4.42803 115.544819 188.117761 26.975432
0.547 3.529942e+52 3.854794e+52 3.559311e+52 9.300345 12.149086 4.398137 113.653995 185.866162 26.682057
0.548 3.424811e+52 3.716914e+52 3.450038e+52 9.228089 12.073127 4.391107 111.827991 183.539925 26.585854
0.549 3.372565e+52 3.625127e+52 3.3887610000000004e+52 9.275538 12.11401 4.404503 112.789264 184.878486 26.706586
0.55 3.364111e+52 3.573172e+52 3.370257e+52 9.337908 12.191829 4.417243 114.562721 187.674027 26.881298
0.551 3.371822e+52 3.553776e+52 3.3720539999999997e+52 9.351357 12.226678 4.430923 114.664497 188.511456 27.03113
0.552 3.39258e+52 3.52113e+52 3.385497e+52 9.359632 12.22665 4.433473 114.731278 188.347841 27.032941
0.553 3.4007420000000004e+52 3.47394e+52 3.343376e+52 9.364042 12.196437 4.415504 114.80959 187.482791 26.813493
0.554 3.4031349999999997e+52 3.419126e+52 3.291719e+52 9.336513 12.152082 4.410379 113.880322 186.052232 26.783098
0.555 3.34988e+52 3.373798e+52 3.2131549999999997e+52 9.291855 12.113045 4.400204 112.469192 184.737263 26.662098
0.556 3.2791e+52 3.345035e+52 3.17365e+52 9.263076 12.115605 4.387126 111.852316 184.812086 26.526022
0.557 3.206044e+52 3.2830240000000003e+52 3.125915e+52 9.237125 12.100454 4.374236 111.650685 184.53099 26.354052
0.558 3.116053e+52 3.1157849999999996e+52 3.026472e+52 9.238741 12.034026 4.362444 111.860314 182.816862 26.193741
0.559 3.1244040000000003e+52 3.10115e+52 3.0061379999999997e+52 9.269809 12.074462 4.375297 112.356983 183.840387 26.303427
0.56 3.192357e+52 3.13862e+52 3.040267e+52 9.375622 12.160188 4.411428 114.676359 186.095075 26.674574
0.561 3.220443e+52 3.16827e+52 3.074894e+52 9.378526 12.142107 4.414468 114.825077 185.58029 26.744964
0.562 3.194327e+52 3.1802049999999997e+52 3.078455e+52 9.372937 12.155701 4.404577 114.743518 185.905546 26.609438
0.563 3.1146539999999996e+52 3.067287e+52 3.029006e+52 9.273071 12.054554 4.405872 112.283886 182.709914 26.672841
0.564 3.161709e+52 3.0562930000000003e+52 3.040667e+52 9.273681 12.037908 4.392654 112.299991 182.253729 26.56525
0.565 3.134536e+52 3.069841e+52 3.031172e+52 9.308118 12.049827 4.398998 113.270233 182.636369 26.651529
0.566 3.147115e+52 3.1280359999999995e+52 3.057322e+52 9.376861 12.174573 4.448864 114.455866 185.861701 27.098699
0.567 3.164903e+52 3.123993e+52 3.125774e+52 9.396994 12.202892 4.469972 114.689141 186.431986 27.338689
0.568 3.1716169999999996e+52 3.115096e+52 3.187318e+52 9.374819 12.188036 4.458447 114.155601 186.13331 27.157581
0.569 3.143712e+52 3.16152e+52 3.2100810000000004e+52 9.312958 12.126929 4.424315 113.032789 184.653223 26.749185
0.57 3.157127e+52 3.213739e+52 3.1980240000000004e+52 9.258049 12.090948 4.407233 111.476244 183.536747 26.558036
0.571 3.249407e+52 3.291439e+52 3.211582e+52 9.264297 12.085645 4.400981 111.167267 182.991668 26.513261
0.572 3.224089e+52 3.283482e+52 3.188569e+52 9.219169 12.038676 4.397023 110.05187 181.479096 26.492718
0.573 3.230789e+52 3.3278310000000004e+52 3.204396e+52 9.215022 12.048079 4.399514 109.968304 181.601393 26.489193
0.574 3.191092e+52 3.294125e+52 3.202195e+52 9.197558 12.021243 4.395985 109.644328 181.032449 26.429897
0.575 3.165177e+52 3.268852e+52 3.1839909999999997e+52 9.217548 12.051537 4.400161 110.21367 182.241494 26.482652
0.576 3.152067e+52 3.232194e+52 3.171886e+52 9.206535 12.039685 4.419612 109.892342 181.697185 26.761432
0.577 3.124289e+52 3.198764e+52 3.174026e+52 9.233444 12.067317 4.433954 110.692067 182.804504 26.924676
0.578 3.117482e+52 3.248572e+52 3.196558e+52 9.258128 12.100302 4.433804 111.425594 183.975147 26.903692
0.579 3.090523e+52 3.292486e+52 3.2347540000000003e+52 9.224901 12.076874 4.434205 110.995487 183.429024 26.95864
0.58 3.096245e+52 3.3214e+52 3.24389e+52 9.198293 12.080171 4.416253 110.235832 183.432806 26.786346
0.581 3.0835910000000003e+52 3.335468e+52 3.252247e+52 9.170057 12.070014 4.421702 109.587535 182.955503 26.885467
0.582 3.130951e+52 3.352682e+52 3.262624e+52 9.187398 12.083174 4.440881 109.900558 183.213334 27.085803
0.583 3.157906e+52 3.3589479999999997e+52 3.271183e+52 9.208445 12.11065 4.451584 110.367974 184.063517 27.194379
0.584 3.201384e+52 3.383904e+52 3.286515e+52 9.274722 12.185318 4.473451 111.841107 186.163197 27.393487
0.585 3.181118e+52 3.387491e+52 3.246138e+52 9.270423 12.171282 4.470655 111.882947 185.796898 27.400602
0.586 3.1636269999999997e+52 3.36707e+52 3.191557e+52 9.233927 12.134442 4.441645 110.988453 184.676256 27.051315
0.587 3.200209e+52 3.357771e+52 3.216687e+52 9.247845 12.139932 4.440447 111.191342 184.787258 27.010043
0.588 3.195853e+52 3.293773e+52 3.259484e+52 9.259622 12.142225 4.447506 111.590237 185.360783 27.075413
0.589 3.180066e+52 3.263588e+52 3.274009e+52 9.23379 12.086303 4.446868 111.152947 183.781135 27.146554
0.59 3.158894e+52 3.280373e+52 3.276909e+52 9.23332 12.104271 4.446952 111.124373 184.415813 27.151431
0.591 3.127163e+52 3.2381880000000003e+52 3.273757e+52 9.222789 12.07803 4.438194 111.135645 184.040855 27.067484
0.592 3.16245e+52 3.284786e+52 3.27406e+52 9.222363 12.074845 4.426423 111.126885 183.875798 26.918674
0.593 3.225444e+52 3.3382809999999996e+52 3.303224e+52 9.245565 12.115869 4.443745 111.569032 185.0256 27.140094
0.594 3.260701e+52 3.347405e+52 3.322788e+52 9.222473 12.081135 4.439621 110.845687 183.948175 27.124394
0.595 3.257053e+52 3.3071709999999997e+52 3.2884060000000004e+52 9.228826 12.066695 4.432933 111.002804 183.317896 27.035311
0.596 3.275843e+52 3.264016e+52 3.32613e+52 9.281149 12.119186 4.447698 112.062224 184.900835 27.18731
0.597 3.27595e+52 3.257561e+52 3.346695e+52 9.298508 12.158371 4.462785 112.675551 186.119471 27.426379
0.598 3.259172e+52 3.281511e+52 3.341479e+52 9.308783 12.175365 4.442337 113.050355 186.826448 27.200277
0.599 3.210757e+52 3.3285459999999995e+52 3.347487e+52 9.238924 12.105568 4.43612 111.679065 184.825382 27.141709
