####### LIGHTCURVES AND MEAN ENERGIES
####### 3 NEUTRINO SPECIES: NU_E, NUBAR_E AND N_X
####### ALL QUANTITIES ARE MEASURED AT 500 KM FROM THE CENTER
#######
####### FROM MODEL L1-0 (BUGLI ET AL. 2020,2021)
####### B0=1e12 G, l=1, r0=1.00e8 cm
####### UNITS: TIME [ms], LUMINOSITY [1e52 erg/s], ENERGY [MeV]
# TIME	L_NU_E     	L_NU_BAR   	L_NU_X     	E_NU_E     	E_NU_BAR  	E_NU_X      	E2_NU_E    	E2_NU_BAR 	E2_NU_X
0.001 13.892986 2.7e-05 2.2e-05 10.897162 5.865874 0.853882 136.535061 45.895495 0.895261
0.002 10.753054 0.002475 0.000872 11.320288 5.361801 1.121537 146.149206 36.440746 1.743281
0.003 23.116752 0.35101 0.400377 12.602789 13.035285 3.842162 184.17866 195.770951 16.794097
0.004 57.391771 0.298512 0.704461 14.500381 12.977888 5.853819 240.128356 200.794607 47.720471
0.005 37.959369 0.349489 0.579276 13.020076 11.559691 6.559693 196.630655 155.734898 66.511223
0.006 35.779631 0.443135 0.489998 12.786411 11.46055 5.877493 187.784776 152.377566 53.832008
0.007 29.106216 0.513048 0.501886 12.064289 11.20049 5.083365 168.171412 145.022295 38.24503
0.008 26.396524 0.527801 0.65949 11.638601 10.92342 4.643627 156.760911 138.0081 29.448874
0.009 25.52672 0.468101 0.831548 11.415496 10.570785 4.499184 151.314671 129.807479 26.597404
0.01 23.49617 0.439123 0.946086 11.150931 10.426276 4.462433 145.398628 126.820305 25.797112
0.011 22.15489 0.443295 0.995834 10.895748 10.524464 4.449442 139.650501 129.633006 25.533264
0.012 19.795476 0.471662 0.967916 10.531689 10.547434 4.317698 131.40386 130.411238 24.060986
0.013 17.484996 0.508418 0.909525 10.188423 10.428165 4.218517 122.922038 127.141487 22.836476
0.014 15.053933 0.608786 0.900514 9.821377 10.468616 4.223916 113.729765 127.12679 22.629548
0.015 13.372782 0.72318 0.888559 9.523067 10.51468 4.242049 106.256497 128.133227 22.778945
0.016 12.488031 0.882187 0.921261 9.385521 10.536941 4.18153 102.798752 128.603515 22.150357
0.017 12.233158 1.09213 1.084518 9.397643 10.658495 4.129272 103.031663 131.914911 21.499466
0.018 12.703926 1.313605 1.328764 9.547943 10.839265 4.112341 106.528924 136.800594 21.298569
0.019 13.322783 1.528404 1.57265 9.754662 11.014214 4.140447 111.2413 141.746165 21.578956
0.02 13.624475 1.685756 1.767233 9.908241 11.009352 4.108197 114.705585 141.601954 21.249457
0.021 12.616747 1.806758 1.940595 9.75352 11.095087 4.149079 111.216157 143.99053 21.640918
0.022 12.247948 1.816355 2.026486 9.682492 11.029088 4.12533 109.70711 142.650491 21.469386
0.023 11.531959 1.880947 2.133916 9.546508 11.035177 4.135742 106.950035 142.543606 21.537083
0.024 10.715568 1.897189 2.197584 9.363562 10.964391 4.143689 103.11921 140.620468 21.642896
0.025 9.930399 1.887714 2.232891 9.183844 10.875295 4.146111 99.409162 138.155832 21.671369
0.026 9.221048 1.884316 2.245326 9.018028 10.846109 4.166437 96.114909 137.424517 21.898935
0.027 8.509283 1.924484 2.252301 8.846036 10.820834 4.151148 92.679271 136.470219 21.788912
0.028 8.065941 2.048055 2.290627 8.73683 10.929747 4.172416 90.487203 138.998941 22.013603
0.029 7.837094 2.080993 2.28536 8.697393 10.865639 4.155763 89.783202 137.181451 21.909095
0.03 7.596618 2.169076 2.316296 8.663224 10.893273 4.148326 89.387128 137.843618 21.83224
0.031 7.369925 2.300431 2.353247 8.631365 10.961636 4.145437 88.82178 139.548179 21.799481
0.032 7.270836 2.451918 2.337977 8.641536 11.074425 4.156461 88.998785 142.647231 21.965683
0.033 7.112265 2.65806 2.363322 8.650584 11.1661 4.135217 89.26033 144.798395 21.738982
0.034 6.930299 2.898585 2.429264 8.632089 11.32569 4.145724 88.926234 148.938525 21.829999
0.035 6.936344 3.001141 2.45316 8.655507 11.358003 4.131243 89.363684 149.868149 21.707921
0.036 6.935529 3.144147 2.502879 8.698551 11.43692 4.122839 90.340784 151.900868 21.56755
0.037 6.876491 3.267219 2.534207 8.711215 11.519837 4.125375 90.595057 154.147762 21.565224
0.038 6.797392 3.366289 2.562793 8.709066 11.54635 4.105862 90.552279 154.727532 21.328105
0.039 6.628288 3.456083 2.586582 8.659569 11.595677 4.102422 89.575442 156.106706 21.268023
0.04 6.494827 3.427482 2.584855 8.617859 11.542554 4.085207 88.846151 154.691599 21.084126
0.041 6.282078 3.390521 2.589009 8.537037 11.49757 4.071641 87.349998 153.542228 20.935291
0.042 6.131935 3.366952 2.597657 8.489341 11.483201 4.068445 86.518879 153.217344 20.90217
0.043 6.067701 3.372703 2.596854 8.48113 11.483328 4.06596 86.595941 153.250157 20.886425
0.044 6.002008 3.410217 2.57975 8.471823 11.481839 4.06096 86.568782 153.220465 20.844964
0.045 5.845056 3.466277 2.552948 8.420552 11.474571 4.04669 85.953032 153.073579 20.713922
0.046 5.663981 3.556832 2.550584 8.353184 11.484611 4.030725 84.52617 153.354166 20.562061
0.047 5.574564 3.670326 2.576492 8.335365 11.520761 4.015567 85.205165 154.320887 20.411572
0.048 5.578764 3.769495 2.588933 8.327283 11.579239 4.016821 84.341294 155.975596 20.424123
0.049 5.661932 3.756986 2.567244 8.358689 11.548602 4.004323 84.974249 155.139313 20.289098
0.05 5.753115 3.78046 2.555835 8.398722 11.550722 3.999551 85.770031 155.242402 20.230064
0.051 5.694221 3.841226 2.546204 8.38197 11.573104 3.99166 85.413982 155.898184 20.149529
0.052 5.581226 3.926519 2.541705 8.349514 11.599899 3.989291 84.807735 156.645027 20.12526
0.053 5.462869 4.00151 2.531965 8.316615 11.613015 3.985495 84.222332 157.066513 20.104129
0.054 5.29037 4.090926 2.530861 8.26206 11.629036 3.980167 83.215298 157.551445 20.060372
0.055 5.214227 4.186726 2.544038 8.251656 11.649636 3.960543 83.057868 158.234525 19.89492
0.056 5.238528 4.313856 2.6045 8.271425 11.713525 3.971528 83.602192 159.910546 19.967024
0.057 5.369782 4.221422 2.579777 8.33188 11.664614 3.954347 84.779158 158.845605 19.844285
0.058 5.339342 4.190486 2.60349 8.318137 11.639829 3.959867 84.531473 157.965932 19.868141
0.059 5.185124 4.102902 2.589657 8.249049 11.585389 3.949648 83.173244 156.570452 19.778878
0.06 4.982943 4.059466 2.595761 8.155505 11.571441 3.951508 81.442409 156.184332 19.796046
0.061 4.853582 4.04316 2.612737 8.096762 11.577031 3.960484 80.340693 156.286513 19.869695
0.062 4.772047 3.973984 2.582537 8.066017 11.54927 3.958133 79.775889 155.629524 19.858217
0.063 4.639176 3.984519 2.567321 8.014049 11.559201 3.957288 78.84316 155.890221 19.850556
0.064 4.529059 4.061105 2.560092 7.971027 11.607673 3.958288 78.079322 157.254008 19.875567
0.065 4.472552 4.139001 2.544812 7.957534 11.645894 3.958416 77.876671 158.34497 19.892309
0.066 4.44767 4.215764 2.527948 7.968527 11.673146 3.958843 78.145237 159.07089 19.904093
0.067 4.400419 4.323296 2.523364 7.970195 11.7111 3.959381 78.25505 160.085893 19.914045
0.068 4.385317 4.448681 2.532054 7.985539 11.758074 3.959496 78.606946 161.386164 19.92398
0.069 4.416957 4.558312 2.544177 8.01801 11.798444 3.956656 79.276178 162.536921 19.900552
0.07 4.469458 4.62319 2.555029 8.053659 11.81728 3.952384 80.008535 163.083006 19.857185
0.071 4.52565 4.646342 2.560707 8.089902 11.818427 3.949849 80.780595 163.119101 19.827273
0.072 4.561396 4.659137 2.559943 8.111013 11.817461 3.946923 81.240393 163.104027 19.79448
0.073 4.585803 4.671373 2.558414 8.121558 11.816241 3.94458 81.45957 163.068516 19.769236
0.074 4.597872 4.669633 2.554316 8.1271 11.808349 3.942495 81.56874 162.861985 19.752746
0.075 4.588508 4.668809 2.550212 8.124385 11.803032 3.940217 81.523613 162.743444 19.740931
0.076 4.562632 4.685608 2.550883 8.116493 11.811362 3.941053 81.367715 162.967745 19.755028
0.077 4.540816 4.70538 2.544481 8.107869 11.818663 3.943605 81.18567 163.216749 19.784649
0.078 4.527624 4.682965 2.518267 8.107796 11.797917 3.933897 81.182328 162.780848 19.723279
0.079 4.492487 4.735543 2.543498 8.095907 11.813093 3.93651 80.979035 163.11392 19.734572
0.08 4.493041 4.781346 2.551056 8.099013 11.852762 3.939226 81.006211 164.321577 19.766095
0.081 4.527179 4.760262 2.543599 8.121006 11.846235 3.938201 81.459367 164.16682 19.75184
0.082 4.531294 4.730663 2.53337 8.124072 11.832132 3.936384 81.514501 163.784331 19.732965
0.083 4.507367 4.719788 2.523811 8.11256 11.82746 3.936542 81.275343 163.639778 19.736166
0.084 4.48458 4.729805 2.514113 8.101061 11.828599 3.935709 81.01116 163.665025 19.732162
0.085 4.465232 4.753396 2.510479 8.094034 11.834547 3.936127 80.845607 163.831332 19.73915
0.086 4.463205 4.780363 2.510641 8.099514 11.844084 3.936555 80.947578 164.109517 19.746025
0.087 4.484245 4.804261 2.513386 8.120085 11.851353 3.934778 81.399819 164.334502 19.734047
0.088 4.51859 4.860177 2.530043 8.147041 11.873389 3.938654 81.971929 164.918281 19.756743
0.089 4.558362 4.856249 2.501686 8.169076 11.879315 3.92904 82.386328 165.277076 19.697082
0.09 4.558189 4.875794 2.514407 8.166082 11.872428 3.934513 82.361062 164.928116 19.722245
0.091 4.566219 4.838269 2.486424 8.169434 11.849332 3.920184 82.4009 164.45563 19.61171
0.092 4.559233 4.876638 2.510765 8.165484 11.855996 3.926027 82.399428 164.484335 19.644523
0.093 4.586705 4.866714 2.495197 8.180951 11.855337 3.920679 82.67803 164.589537 19.604241
0.094 4.593529 4.867335 2.48723 8.188995 11.845486 3.919155 82.892414 164.285259 19.591973
0.095 4.583499 4.899015 2.481183 8.185849 11.85376 3.917822 82.802124 164.545082 19.584111
0.096 4.584907 4.93895 2.475853 8.191328 11.868554 3.914881 82.898411 164.998533 19.561281
0.097 4.592202 4.968708 2.466535 8.201779 11.882926 3.916861 83.070343 165.436139 19.576832
0.098 4.59561 4.955901 2.463831 8.211207 11.863473 3.905518 83.228528 164.924094 19.470242
0.099 4.596057 4.977685 2.483682 8.208757 11.88231 3.910375 83.161711 165.445788 19.510962
0.1 4.624113 4.922541 2.480336 8.222139 11.861565 3.90768 83.430202 164.928684 19.486999
0.101 4.629891 4.852636 2.473987 8.224757 11.827154 3.905662 83.524441 163.960905 19.463805
0.102 4.611813 4.812311 2.466274 8.217328 11.808354 3.90553 83.411279 163.444083 19.461982
0.103 4.591611 4.80362 2.458457 8.211684 11.805073 3.904846 83.336118 163.368357 19.45948
0.104 4.582622 4.838584 2.456519 8.214732 11.824171 3.906417 83.412339 163.89347 19.474101
0.105 4.585734 4.88953 2.444289 8.226648 11.852771 3.905262 83.655491 164.754222 19.482303
0.106 4.593848 4.95943 2.439213 8.240193 11.884721 3.911748 83.937627 165.613373 19.541935
0.107 4.595503 4.987627 2.427272 8.251149 11.878869 3.898047 84.154509 165.518582 19.422293
0.108 4.58762 5.053411 2.436481 8.250204 11.906804 3.903618 84.146716 166.262564 19.472467
0.109 4.604396 5.045444 2.425566 8.268294 11.894854 3.897959 84.505697 166.003802 19.423315
0.11 4.600859 5.065343 2.453094 8.272672 11.894816 3.898213 84.642431 165.904911 19.404646
0.111 4.621447 5.068038 2.448829 8.284708 11.91841 3.902434 84.868244 166.67547 19.455373
0.112 4.619516 5.028626 2.44049 8.293367 11.897712 3.903762 85.098821 166.041252 19.465059
0.113 4.592882 5.024849 2.431943 8.285368 11.898513 3.905218 84.937238 166.05885 19.482851
0.114 4.56505 5.040507 2.425573 8.27971 11.906717 3.907539 84.822692 166.282709 19.504885
0.115 4.547962 5.050155 2.403427 8.279062 11.914461 3.905779 84.798278 166.572596 19.510963
0.116 4.528556 5.089261 2.414926 8.283109 11.914287 3.900643 84.925669 166.522439 19.4607
0.117 4.538155 5.166835 2.43122 8.29301 11.959565 3.905221 85.119018 167.822669 19.497977
0.118 4.583023 5.153265 2.400951 8.327148 11.964367 3.903172 85.824901 168.095259 19.49829
0.119 4.587267 5.147017 2.403292 8.339649 11.942688 3.901312 86.142043 167.395529 19.470049
0.12 4.588841 5.175464 2.400715 8.341829 11.96478 3.902218 86.139505 168.079784 19.485876
0.121 4.599783 5.167944 2.393765 8.351297 11.96225 3.90088 86.327774 168.028822 19.476017
0.122 4.601825 5.16316 2.391565 8.354588 11.961343 3.901688 86.3792 168.006519 19.485697
0.123 4.597488 5.166092 2.389637 8.358257 11.965373 3.903008 86.456516 168.131816 19.501071
0.124 4.597827 5.1718 2.387017 8.364125 11.969185 3.903089 86.581406 168.260167 19.504859
0.125 4.599565 5.181967 2.38572 8.369814 11.973923 3.902752 86.704155 168.417859 19.504046
0.126 4.608797 5.193812 2.383157 8.377928 11.980353 3.902073 86.878281 168.633531 19.50169
0.127 4.621185 5.201192 2.377121 8.387475 11.98434 3.90123 87.080726 168.783597 19.499778
0.128 4.626726 5.206347 2.370291 8.393506 11.985163 3.900754 87.199652 168.82498 19.500827
0.129 4.628196 5.211171 2.364952 8.397288 11.984104 3.899824 87.263692 168.798285 19.496378
0.13 4.630438 5.222001 2.362259 8.403758 11.98646 3.898628 87.403741 168.873052 19.487282
0.131 4.640883 5.240382 2.362036 8.416226 11.99602 3.896837 87.682485 169.175505 19.469792
0.132 4.657081 5.249297 2.36106 8.431564 12.006592 3.895987 88.010173 169.513875 19.458274
0.133 4.665197 5.242872 2.35823 8.440589 12.012372 3.895837 88.197929 169.716042 19.454315
0.134 4.663327 5.218938 2.349575 8.441749 12.008528 3.895765 88.206973 169.644763 19.453202
0.135 4.641031 5.187298 2.340484 8.432874 11.994475 3.894202 88.027403 169.275555 19.443286
0.136 4.612256 5.17458 2.33654 8.42197 11.989704 3.893215 87.812189 169.154266 19.437549
0.137 4.591685 5.178734 2.334518 8.41744 11.995362 3.893852 87.729241 169.325485 19.447285
0.138 4.58616 5.189116 2.331034 8.42197 12.002927 3.894558 87.828908 169.549497 19.456688
0.139 4.586048 5.203591 2.324069 8.430032 12.010387 3.894098 88.003121 169.784159 19.456089
0.14 4.581291 5.223858 2.317768 8.435937 12.015211 3.891781 88.125087 169.931382 19.435104
0.141 4.575396 5.246386 2.312228 8.438579 12.023543 3.890828 88.167938 170.181521 19.423964
0.142 4.565033 5.249984 2.307747 8.439033 12.023497 3.887521 88.179422 170.20299 19.391699
0.143 4.550175 5.243496 2.305736 8.43503 12.022212 3.885222 88.099441 170.181863 19.367926
0.144 4.546727 5.224183 2.302804 8.435983 12.019095 3.884987 88.114146 170.118924 19.365691
0.145 4.546102 5.200753 2.300166 8.440872 12.015517 3.88687 88.240295 170.024539 19.385657
0.146 4.547315 5.189939 2.296584 8.446717 12.016996 3.889211 88.365387 170.068789 19.412448
0.147 4.549115 5.186218 2.289666 8.453774 12.01877 3.890909 88.524054 170.115922 19.434831
0.148 4.54391 5.194387 2.284206 8.457678 12.019546 3.891817 88.592784 170.110219 19.449885
0.149 4.536695 5.218891 2.281721 8.460305 12.02813 3.892366 88.637103 170.349062 19.45957
0.15 4.536929 5.238605 2.281264 8.466294 12.0353 3.891807 88.759804 170.572924 19.457912
0.151 4.543324 5.246092 2.281704 8.475282 12.03802 3.89154 88.957256 170.675438 19.455851
0.152 4.55593 5.249578 2.290236 8.484752 12.037947 3.886509 89.18587 170.711526 19.412051
0.153 4.583805 5.242948 2.285818 8.499224 12.050523 3.891858 89.503049 171.107221 19.463769
0.154 4.601426 5.20351 2.270478 8.516157 12.031254 3.892492 89.879132 170.566949 19.472946
0.155 4.58803 5.186875 2.256688 8.514869 12.01681 3.890906 89.847832 170.161237 19.470569
0.156 4.572329 5.223802 2.266473 8.509489 12.027653 3.892252 89.741012 170.438816 19.483703
0.157 4.584771 5.247548 2.262051 8.518803 12.044603 3.891711 89.936431 171.004616 19.484944
0.158 4.596661 5.241004 2.257688 8.532392 12.036563 3.889563 90.271034 170.801733 19.467146
0.159 4.605897 5.240093 2.255397 8.54033 12.033849 3.88856 90.454647 170.752611 19.462668
0.16 4.620679 5.239061 2.252605 8.550849 12.03226 3.888425 90.68883 170.720823 19.467279
0.161 4.629989 5.241241 2.248721 8.55745 12.033635 3.888763 90.817099 170.768127 19.473553
0.162 4.63237 5.246562 2.242805 8.561724 12.03682 3.886794 90.899316 170.891012 19.459558
0.163 4.631073 5.262805 2.243772 8.561397 12.04741 3.886116 90.894304 171.217797 19.45205
0.164 4.6396 5.269409 2.242667 8.563953 12.057769 3.885536 90.93073 171.567982 19.447515
0.165 4.650327 5.245604 2.23932 8.568883 12.052166 3.885206 91.031432 171.423414 19.443445
0.166 4.648496 5.212688 2.233539 8.569899 12.039017 3.883498 91.044195 171.054319 19.426822
0.167 4.636461 5.195955 2.231773 8.567844 12.034722 3.882456 91.010547 170.937873 19.416409
0.168 4.626308 5.18133 2.228641 8.566664 12.034331 3.881953 91.003505 170.953782 19.412455
0.169 4.617667 5.168561 2.22406 8.566969 12.031299 3.880377 91.03464 170.890023 19.399373
0.17 4.604221 5.156165 2.216576 8.563588 12.025753 3.879288 90.982016 170.751458 19.392196
0.171 4.583336 5.142483 2.208458 8.556075 12.017539 3.876766 90.834629 170.546036 19.371919
0.172 4.558824 5.134904 2.205388 8.545123 12.015144 3.874808 90.575476 170.507243 19.354321
0.173 4.537976 5.122998 2.206036 8.535281 12.01437 3.874525 90.348503 170.49522 19.352831
0.174 4.519288 5.106561 2.20385 8.528035 12.012874 3.875237 90.199272 170.471781 19.36131
0.175 4.502541 5.088048 2.198012 8.522539 12.008854 3.875427 90.101911 170.372402 19.363934
0.176 4.48981 5.080869 2.192636 8.518526 12.009759 3.874579 90.030394 170.419626 19.359216
0.177 4.47934 5.08547 2.188388 8.513121 12.015687 3.874307 89.918149 170.607819 19.361678
0.178 4.47633 5.093492 2.180518 8.513558 12.019976 3.873732 89.912115 170.741254 19.364089
0.179 4.475985 5.101349 2.173077 8.5159 12.017252 3.873025 89.951187 170.65382 19.363341
0.18 4.47177 5.118018 2.16808 8.517854 12.017357 3.872575 89.997152 170.645687 19.361933
0.181 4.473633 5.139503 2.163843 8.524865 12.024395 3.870668 90.152416 170.879734 19.343477
0.182 4.484706 5.155465 2.163894 8.533896 12.034978 3.868803 90.344509 171.227338 19.321878
0.183 4.497425 5.137372 2.161771 8.54013 12.032906 3.867759 90.461044 171.202847 19.308855
0.184 4.496724 5.092922 2.154791 8.53878 12.014846 3.867358 90.43068 170.700028 19.305818
0.185 4.484677 5.058219 2.148789 8.532628 11.999816 3.865198 90.30873 170.296665 19.28952
0.186 4.474617 5.050645 2.14676 8.526057 12.001404 3.864705 90.183876 170.376232 19.289046
0.187 4.478954 5.047585 2.138253 8.528707 12.006002 3.864448 90.258527 170.561318 19.295889
0.188 4.483365 5.047961 2.127002 8.534675 12.00492 3.862773 90.410175 170.559827 19.290281
0.189 4.479875 5.06681 2.119432 8.538623 12.010859 3.861295 90.508981 170.732169 19.28262
0.19 4.482314 5.102357 2.11642 8.547955 12.027122 3.860878 90.720008 171.20492 19.280715
0.191 4.49523 5.142248 2.113949 8.563251 12.047061 3.860736 91.055903 171.793923 19.278917
0.192 4.51475 5.166822 2.111137 8.57955 12.056646 3.859224 91.402259 172.094391 19.267387
0.193 4.524957 5.173747 2.106486 8.587312 12.056551 3.856974 91.584569 172.119896 19.24956
0.194 4.523498 5.163938 2.098523 8.585491 12.047424 3.854184 91.549954 171.89439 19.222738
0.195 4.510845 5.157964 2.093614 8.57783 12.0403 3.851187 91.406972 171.706639 19.1893
0.196 4.50877 5.157892 2.090389 8.577367 12.044191 3.849832 91.40563 171.851646 19.17278
0.197 4.511242 5.143942 2.086208 8.579586 12.044849 3.849863 91.451892 171.896885 19.171133
0.198 4.506403 5.121575 2.080022 8.577249 12.039804 3.85115 91.469598 171.769123 19.18324
0.199 4.493995 5.097609 2.071842 8.57052 12.026558 3.849082 91.296018 171.40968 19.167183
0.2 4.482158 5.08342 2.064907 8.566991 12.016398 3.844171 91.270764 171.127106 19.120669
0.201 4.468292 5.072464 2.060422 8.561724 12.011462 3.838882 91.2023 171.005104 19.073402
0.202 4.472976 5.074529 2.069126 8.564812 12.016226 3.838875 91.245325 171.13314 19.066086
0.203 4.477509 5.034965 2.046437 8.569876 12.011055 3.838481 91.336455 171.07044 19.074517
0.204 4.462177 5.017211 2.041985 8.568195 11.989965 3.836385 91.336851 170.436851 19.061395
0.205 4.448065 5.046703 2.039338 8.559089 12.004215 3.836383 91.136346 170.871857 19.071652
0.206 4.451021 5.069832 2.035735 8.563929 12.013852 3.835144 91.228914 171.180924 19.067042
0.207 4.467107 5.083803 2.033225 8.578179 12.018685 3.833929 91.558784 171.337953 19.058678
0.208 4.479816 5.084645 2.02907 8.587723 12.014979 3.831673 91.784109 171.25173 19.039843
0.209 4.482171 5.074479 2.023041 8.590338 12.005233 3.828952 91.862052 170.98474 19.014878
0.21 4.479244 5.06238 2.020041 8.588763 11.997764 3.825795 91.875383 170.796565 18.985625
0.211 4.473349 5.039136 2.017204 8.585836 11.990624 3.823423 91.832679 170.638193 18.964891
0.212 4.454329 4.999055 2.011988 8.576449 11.97438 3.821841 91.596128 170.217381 18.955074
0.213 4.427958 4.961939 2.005255 8.565491 11.957163 3.820771 91.430853 169.766822 18.951353
0.214 4.405782 4.938527 1.999442 8.556984 11.948679 3.819106 91.234403 169.570106 18.941579
0.215 4.388263 4.923565 1.994271 8.553487 11.946529 3.81777 91.213311 169.544208 18.932549
0.216 4.37871 4.924349 1.98967 8.558227 11.953741 3.818502 91.295425 169.774451 18.941577
0.217 4.375806 4.931331 1.984973 8.565701 11.962013 3.817633 91.493839 170.045209 18.936986
0.218 4.365491 4.926195 1.978192 8.565408 11.95757 3.815002 91.530809 169.940148 18.912775
0.219 4.348268 4.915221 1.972086 8.561348 11.948162 3.810454 91.441864 169.730192 18.874136
0.22 4.341175 4.907021 1.969561 8.563693 11.945909 3.807833 91.518296 169.714377 18.848378
0.221 4.337433 4.890016 1.964738 8.56624 11.94427 3.806991 91.61017 169.720274 18.841866
0.222 4.322382 4.85667 1.957304 8.55991 11.93018 3.804959 91.504642 169.365599 18.825691
0.223 4.292093 4.819046 1.950153 8.543857 11.909222 3.803533 91.196304 168.780408 18.814509
0.224 4.260316 4.798846 1.943904 8.526029 11.900016 3.801666 90.815218 168.562637 18.800952
0.225 4.242339 4.799139 1.940262 8.516778 11.906376 3.800765 90.619047 168.798563 18.797333
0.226 4.240405 4.803934 1.936848 8.517071 11.915399 3.801978 90.674684 169.09395 18.815916
0.227 4.24095 4.804519 1.928741 8.520335 11.914783 3.801616 90.719674 169.104618 18.823044
0.228 4.236264 4.819819 1.92289 8.522309 11.915597 3.799662 90.807502 169.128819 18.811784
0.229 4.23638 4.849326 1.920725 8.524079 11.926567 3.798271 90.783109 169.457247 18.803029
0.23 4.24475 4.866039 1.916927 8.530785 11.932542 3.79606 90.928932 169.678122 18.785264
0.231 4.25862 4.870623 1.911638 8.542112 11.929749 3.792208 91.251479 169.662003 18.752048
0.232 4.275875 4.874084 1.908685 8.554352 11.925677 3.790281 91.493513 169.574885 18.733888
0.233 4.294 4.880675 1.906961 8.565719 11.928428 3.790256 91.736455 169.66546 18.734978
0.234 4.301689 4.872175 1.90143 8.573574 11.92199 3.789155 91.948866 169.471862 18.72484
0.235 4.298889 4.863497 1.895576 8.576003 11.914193 3.786581 91.938753 169.270401 18.703668
0.236 4.28481 4.84958 1.890279 8.572219 11.907083 3.782079 91.910415 169.107848 18.66148
0.237 4.266704 4.832403 1.886083 8.566855 11.90199 3.778473 91.799325 169.013244 18.624438
0.238 4.246987 4.793051 1.878732 8.562161 11.884675 3.774172 91.759667 168.602584 18.586658
0.239 4.221319 4.743729 1.872568 8.549887 11.863835 3.769856 91.543724 168.087506 18.549962
0.24 4.200675 4.70452 1.867043 8.542545 11.850109 3.768501 91.464368 167.74214 18.539345
0.241 4.187735 4.686867 1.85974 8.540982 11.847188 3.768241 91.461517 167.706572 18.543369
0.242 4.17186 4.689896 1.85415 8.538295 11.852914 3.76731 91.43495 167.88984 18.541051
0.243 4.16124 4.703135 1.848552 8.539556 11.860725 3.768243 91.467634 168.103517 18.555377
0.244 4.158275 4.724512 1.845098 8.546453 11.867812 3.766744 91.624884 168.294877 18.546396
0.245 4.159445 4.749703 1.841783 8.551309 11.874495 3.764292 91.731672 168.476734 18.524882
0.246 4.158773 4.7702 1.837598 8.552787 11.87985 3.761027 91.800422 168.644445 18.493419
0.247 4.162696 4.781275 1.83403 8.557203 11.882779 3.758784 91.874968 168.745261 18.471065
0.248 4.168456 4.783524 1.829951 8.563814 11.883515 3.758074 92.01211 168.776018 18.464519
0.249 4.179717 4.784196 1.826396 8.575781 11.884209 3.756972 92.283777 168.804972 18.456132
0.25 4.190618 4.780334 1.822038 8.585376 11.881361 3.755021 92.584056 168.745401 18.442026
0.251 4.193207 4.76637 1.815894 8.58763 11.874662 3.752938 92.572044 168.577839 18.424368
0.252 4.18981 4.746083 1.811529 8.587681 11.866176 3.751199 92.568026 168.344127 18.409537
0.253 4.184418 4.728403 1.808491 8.589249 11.863195 3.751961 92.604912 168.258968 18.415586
0.254 4.178896 4.711711 1.805521 8.592676 11.864242 3.752442 92.689107 168.304176 18.422097
0.255 4.17121 4.691314 1.801676 8.5933 11.863393 3.753092 92.714038 168.294148 18.431176
0.256 4.153366 4.656857 1.794748 8.587717 11.85144 3.752556 92.614308 167.987157 18.431339
0.257 4.130573 4.620149 1.789398 8.582393 11.836298 3.751617 92.554325 167.593164 18.427444
0.258 4.113623 4.596187 1.788044 8.580708 11.833344 3.751943 92.555208 167.545168 18.433059
0.259 4.105267 4.569457 1.784992 8.585358 11.829389 3.752242 92.721427 167.473129 18.440788
0.26 4.087749 4.534455 1.77769 8.581527 11.815292 3.750805 92.667825 167.102669 18.433655
0.261 4.060026 4.507843 1.771904 8.568173 11.801011 3.750147 92.389618 166.697874 18.433348
0.262 4.030593 4.493076 1.767052 8.555394 11.792519 3.750202 92.169573 166.453384 18.440249
0.263 4.012826 4.493594 1.765384 8.553084 11.798109 3.751175 92.170079 166.621573 18.453131
0.264 4.000726 4.498206 1.763047 8.55385 11.806442 3.7519 92.150785 166.870067 18.4621
0.265 3.994562 4.506097 1.758422 8.55768 11.813364 3.751867 92.291088 167.094832 18.465466
0.266 3.987692 4.520983 1.753025 8.557348 11.821014 3.750119 92.254383 167.340532 18.452586
0.267 3.978227 4.54056 1.74962 8.55604 11.831691 3.750187 92.211245 167.637483 18.452337
0.268 3.975741 4.563317 1.74892 8.561065 11.849825 3.751452 92.30417 168.156064 18.461887
0.269 3.976504 4.57421 1.748458 8.568565 11.861279 3.751986 92.451885 168.493905 18.46372
0.27 3.973506 4.563709 1.746865 8.572059 11.86147 3.752154 92.519223 168.524277 18.460513
0.271 3.965093 4.532916 1.742379 8.571448 11.852831 3.751846 92.527768 168.330253 18.458647
0.272 3.951176 4.490854 1.73971 8.565883 11.837385 3.752817 92.46592 167.887394 18.470028
0.273 3.938701 4.457194 1.733557 8.564889 11.827176 3.75601 92.377438 167.561057 18.505001
0.274 3.917822 4.442544 1.728897 8.564136 11.821296 3.756798 92.378447 167.359657 18.516618
0.275 3.90247 4.445215 1.729743 8.563716 11.829564 3.757247 92.365084 167.590902 18.523114
0.276 3.892785 4.431727 1.727541 8.56387 11.83249 3.757998 92.367325 167.693372 18.528654
0.277 3.878335 4.405704 1.72274 8.561519 11.826101 3.758577 92.339993 167.554473 18.534814
0.278 3.855807 4.382447 1.720653 8.55125 11.81755 3.759738 92.132832 167.338622 18.552035
0.279 3.841983 4.377125 1.719442 8.548802 11.823779 3.762783 92.077114 167.536624 18.58659
0.28 3.831467 4.382466 1.716229 8.54904 11.836069 3.765219 92.101421 167.901944 18.614582
0.281 3.823258 4.397511 1.711336 8.549076 11.848947 3.766039 92.120695 168.30207 18.62746
0.282 3.819778 4.404639 1.709726 8.551265 11.85503 3.766067 92.162729 168.481822 18.632915
0.283 3.82109 4.408717 1.708901 8.558179 11.863236 3.766954 92.272958 168.714012 18.644991
0.284 3.827623 4.411254 1.706334 8.571124 11.874484 3.769249 92.533804 169.0361 18.671159
0.285 3.830064 4.402846 1.703605 8.580842 11.87602 3.770794 92.727494 169.060581 18.692068
0.286 3.826502 4.394022 1.702171 8.584361 11.876221 3.773425 92.782458 169.03043 18.720265
0.287 3.819336 4.384383 1.700498 8.5859 11.876904 3.774453 92.814974 169.043829 18.730491
0.288 3.810888 4.370241 1.69947 8.58937 11.876384 3.775309 92.908803 169.037016 18.742055
0.289 3.802616 4.351757 1.698542 8.593515 11.874549 3.777873 93.034023 168.987722 18.768406
0.29 3.790623 4.329021 1.695965 8.593853 11.872388 3.779832 93.045638 168.923679 18.788738
0.291 3.776905 4.311264 1.694489 8.592433 11.871477 3.781548 93.019029 168.868853 18.805924
0.292 3.760387 4.301958 1.690832 8.588891 11.871339 3.782777 92.970246 168.843497 18.818061
0.293 3.749992 4.314327 1.690151 8.590322 11.884471 3.784597 93.279672 169.228746 18.83855
0.294 3.748699 4.325074 1.687217 8.597696 11.898468 3.785361 93.237804 169.655747 18.849078
0.295 3.748878 4.333169 1.685069 8.608044 11.912204 3.787138 93.393011 170.073845 18.867678
0.296 3.751679 4.334889 1.683938 8.61955 11.922422 3.788371 93.618338 170.388273 18.882411
0.297 3.74735 4.3306 1.682168 8.625244 11.924604 3.789282 93.803216 170.460126 18.892943
0.298 3.73961 4.32879 1.679727 8.626486 11.927422 3.791131 93.825939 170.551171 18.914035
0.299 3.726258 4.3322 1.680263 8.622379 11.934381 3.79474 93.738536 170.697546 18.948987
0.3 3.714149 4.336439 1.679416 8.620676 11.942681 3.798754 93.678097 170.886713 18.98996
0.301 3.706847 4.340641 1.67734 8.625752 11.950296 3.800559 93.768142 171.08889 19.007565
0.302 3.704202 4.337849 1.676708 8.633806 11.95341 3.801646 93.964345 171.175405 19.018871
0.303 3.698529 4.324514 1.675066 8.637004 11.95258 3.801777 94.036436 171.152301 19.018915
0.304 3.688475 4.304233 1.673461 8.635988 11.949566 3.803775 94.054775 171.047353 19.039205
0.305 3.669897 4.289542 1.670433 8.627957 11.946293 3.806521 94.079327 170.916049 19.074294
0.306 3.654921 4.286918 1.667744 8.621913 11.950886 3.808471 93.815135 171.045565 19.100137
0.307 3.646431 4.285395 1.666469 8.620086 11.956007 3.807962 93.737642 171.20225 19.100311
0.308 3.642906 4.275216 1.665467 8.620928 11.957694 3.809748 93.722987 171.237601 19.119344
0.309 3.635196 4.259129 1.662944 8.621107 11.953811 3.812578 93.723906 171.101846 19.148698
0.31 3.624301 4.249913 1.660154 8.619127 11.952608 3.81478 93.627026 171.062379 19.175273
0.311 3.6142 4.245431 1.657763 8.619056 11.954676 3.815561 93.631788 171.13341 19.187978
0.312 3.615746 4.247365 1.657322 8.626712 11.96591 3.816431 93.836989 171.485191 19.197802
0.313 3.620623 4.235293 1.654946 8.637978 11.969578 3.817385 94.121856 171.619531 19.206873
0.314 3.616606 4.217338 1.652193 8.643433 11.966444 3.819399 94.233399 171.534353 19.228926
0.315 3.59956 4.207368 1.647416 8.635964 11.964923 3.819385 94.066165 171.514299 19.232682
0.316 3.591176 4.204946 1.643967 8.635877 11.969261 3.820104 94.074188 171.676893 19.240898
0.317 3.575828 4.18755 1.639387 8.631656 11.965149 3.819736 93.981501 171.595301 19.2388
0.318 3.560924 4.167375 1.636161 8.631868 11.96207 3.819657 94.035542 171.516824 19.238499
0.319 3.551586 4.145803 1.632197 8.635535 11.960805 3.821134 94.136892 171.515936 19.253435
0.32 3.542524 4.111886 1.626372 8.63778 11.953481 3.820865 94.231786 171.360598 19.255033
0.321 3.528775 4.071954 1.620799 8.63926 11.940489 3.821198 94.358343 171.006234 19.262099
0.322 3.516891 4.053423 1.616926 8.645234 11.942629 3.82322 94.420257 171.078069 19.287411
0.323 3.504304 4.043527 1.613136 8.652879 11.947509 3.825966 94.649493 171.218277 19.320793
0.324 3.498131 4.043407 1.610866 8.663621 11.953251 3.827298 94.878572 171.403107 19.342526
0.325 3.492496 4.046739 1.609285 8.670986 11.95969 3.826689 95.087915 171.614803 19.338855
0.326 3.48735 4.044461 1.607158 8.675331 11.963096 3.82666 95.226573 171.750532 19.341904
0.327 3.472657 4.027253 1.602905 8.67248 11.957387 3.827074 95.215363 171.582051 19.346837
0.328 3.459822 4.016144 1.60257 8.670843 11.955909 3.829049 95.208989 171.477303 19.363546
0.329 3.451919 4.013323 1.599884 8.671763 11.962783 3.831379 95.204392 171.674762 19.389783
0.33 3.448372 4.018161 1.597333 8.675875 11.972617 3.833724 95.371993 171.94892 19.416475
0.331 3.444055 4.020893 1.594858 8.677464 11.979998 3.834744 95.3529 172.162348 19.430342
0.332 3.44428 4.018936 1.592225 8.685446 11.984035 3.835366 95.486406 172.259935 19.438203
0.333 3.444673 4.019883 1.590887 8.693034 11.986897 3.83734 95.630392 172.301074 19.45872
0.334 3.44086 4.023112 1.587695 8.696391 11.992776 3.83894 95.685176 172.456023 19.476826
0.335 3.440518 4.024355 1.585398 8.700409 11.996283 3.838127 95.7977 172.572886 19.472318
0.336 3.445986 4.017032 1.58383 8.70743 11.99698 3.836896 95.933848 172.59946 19.459875
0.337 3.444346 3.995427 1.577935 8.710426 11.989698 3.837447 96.079957 172.361843 19.466515
0.338 3.435517 3.988452 1.575007 8.709259 11.987694 3.839043 95.948589 172.299652 19.488933
0.339 3.427188 3.993382 1.573624 8.707341 11.993297 3.84116 95.873157 172.48446 19.517469
0.34 3.424251 4.009085 1.572925 8.709282 12.011659 3.842276 95.91975 173.058899 19.530786
0.341 3.426072 4.018987 1.572845 8.716531 12.031122 3.844708 96.062373 173.655431 19.554046
0.342 3.427057 4.01047 1.56982 8.72372 12.040233 3.845995 96.242174 173.926765 19.566509
0.343 3.423311 3.993727 1.566579 8.728409 12.044443 3.848014 96.360208 174.056941 19.584745
0.344 3.414413 3.962249 1.563289 8.729602 12.035194 3.848772 96.362847 173.80041 19.591236
0.345 3.406421 3.927363 1.560884 8.731368 12.025692 3.84985 96.43376 173.523001 19.600801
0.346 3.386379 3.889058 1.558069 8.719953 12.013531 3.851768 96.236117 173.153158 19.61798
0.347 3.353393 3.851557 1.552623 8.700292 12.001505 3.851472 95.65974 172.845486 19.619441
0.348 3.312951 3.819365 1.548297 8.676646 11.993023 3.852073 95.260748 172.63835 19.631396
0.349 3.273008 3.793253 1.542485 8.652702 11.986692 3.852699 94.631519 172.531565 19.648631
0.35 3.239795 3.777625 1.538074 8.636142 11.985248 3.853718 94.703727 172.544876 19.671227
0.351 3.217342 3.781115 1.535206 8.620767 11.997526 3.858164 94.078027 172.882554 19.723738
0.352 3.191693 3.78113 1.530077 8.610605 11.998552 3.858484 93.750385 172.885278 19.735932
0.353 3.173951 3.791088 1.528544 8.605488 12.005313 3.857596 93.666354 173.101062 19.733457
0.354 3.17373 3.806421 1.52612 8.609685 12.020962 3.858699 93.862031 173.633387 19.756781
0.355 3.169994 3.797877 1.521188 8.615751 12.013587 3.862196 93.943596 173.360245 19.796094
0.356 3.156201 3.791649 1.517163 8.608851 11.99469 3.854117 93.780047 172.831492 19.730692
0.357 3.159014 3.809149 1.517158 8.62032 12.01114 3.8578 94.012728 173.285435 19.764725
0.358 3.15554 3.815901 1.512555 8.626957 12.017316 3.857458 94.138357 173.441492 19.756746
0.359 3.158158 3.831124 1.509999 8.637798 12.028214 3.858615 94.386769 173.749825 19.769563
0.36 3.157906 3.8376 1.508005 8.642723 12.034065 3.857863 94.529408 173.95226 19.770949
0.361 3.156758 3.845225 1.50704 8.648488 12.046065 3.861122 94.659606 174.292571 19.803953
0.362 3.157763 3.844106 1.506035 8.655729 12.054826 3.863734 94.839048 174.569862 19.833838
0.363 3.158284 3.828784 1.504731 8.662302 12.053507 3.868664 94.973957 174.469882 19.875311
0.364 3.153342 3.800321 1.501306 8.663049 12.038363 3.868656 94.999402 173.978063 19.869657
0.365 3.138073 3.763879 1.496341 8.656775 12.020375 3.866799 94.867699 173.420823 19.855982
0.366 3.123032 3.742532 1.491935 8.655939 12.018827 3.866699 94.865068 173.351758 19.857164
0.367 3.113721 3.739345 1.491347 8.665022 12.029755 3.871241 95.070954 173.6616 19.902986
0.368 3.110762 3.74734 1.489439 8.675957 12.044546 3.874412 95.35909 174.138783 19.95012
0.369 3.100608 3.743629 1.486819 8.677987 12.04941 3.876219 95.415421 174.269925 19.972202
0.37 3.094335 3.736538 1.484919 8.681462 12.049887 3.877858 95.51946 174.311169 19.996101
0.371 3.087397 3.720921 1.483501 8.68496 12.045638 3.878223 95.631726 174.201641 19.999987
0.372 3.068936 3.688081 1.478349 8.679951 12.029311 3.877546 95.548187 173.703311 19.989071
0.373 3.049548 3.663159 1.47609 8.671518 12.021308 3.878478 95.380722 173.451714 19.999081
0.374 3.028814 3.644666 1.474309 8.658902 12.017472 3.879916 95.101638 173.342996 20.018424
0.375 3.013631 3.616382 1.46967 8.651279 12.006209 3.878444 94.970772 173.043912 20.01011
0.376 2.999595 3.593598 1.465711 8.6485 11.994505 3.877167 94.940026 172.730067 20.001143
0.377 2.98202 3.575554 1.462003 8.64242 11.989269 3.877138 94.804837 172.574058 20.003022
0.378 2.968717 3.570775 1.458001 8.644932 11.994223 3.876204 94.881812 172.771275 19.996562
0.379 2.952656 3.551578 1.454495 8.641016 11.987699 3.874917 94.842889 172.636146 19.9884
0.38 2.94322 3.531996 1.450731 8.638616 11.986301 3.875305 94.790534 172.618039 19.996205
0.381 2.930351 3.506482 1.445253 8.634512 11.977703 3.875673 94.694144 172.338452 20.001177
0.382 2.917639 3.488651 1.440557 8.633963 11.971569 3.876564 94.680792 172.153008 20.0161
0.383 2.904044 3.481281 1.436673 8.632009 11.974793 3.878226 94.646921 172.238121 20.037024
0.384 2.899644 3.484975 1.433282 8.637125 11.984654 3.87999 94.768325 172.537553 20.059937
0.385 2.904042 3.492434 1.431709 8.650612 11.99771 3.882214 95.058604 172.923308 20.084671
0.386 2.90185 3.492567 1.428969 8.66085 12.005549 3.884184 95.260032 173.121502 20.106645
0.387 2.902606 3.50903 1.428796 8.671386 12.026827 3.88632 95.467641 173.753963 20.131633
0.388 2.904837 3.507961 1.428531 8.681903 12.044338 3.887693 95.721139 174.321419 20.141462
0.389 2.906324 3.48987 1.42586 8.694184 12.049426 3.889884 96.006063 174.493735 20.157071
0.39 2.892912 3.451344 1.423125 8.689452 12.034969 3.89196 95.905995 174.043865 20.17678
0.391 2.875786 3.432178 1.421769 8.680904 12.032791 3.895353 95.753619 174.028711 20.217462
0.392 2.858712 3.413069 1.419444 8.671684 12.028927 3.897835 95.575212 173.968043 20.242819
0.393 2.842445 3.395754 1.418363 8.665122 12.028974 3.898845 95.456633 173.989168 20.246747
0.394 2.826844 3.379322 1.416307 8.664551 12.024919 3.901103 95.447822 173.872803 20.266772
0.395 2.812779 3.370093 1.414808 8.665104 12.022559 3.902799 95.487413 173.78206 20.281419
0.396 2.805118 3.366556 1.412702 8.671539 12.022357 3.903524 95.678993 173.790984 20.292954
0.397 2.796487 3.360993 1.411083 8.671993 12.022301 3.905863 95.695345 173.775262 20.315785
0.398 2.798519 3.374182 1.410335 8.685252 12.040873 3.908256 96.006069 174.322052 20.343067
0.399 2.795476 3.375732 1.407026 8.692644 12.044876 3.910889 96.155394 174.425783 20.377081
0.4 2.792077 3.385931 1.405209 8.699153 12.057781 3.912526 96.293725 174.794589 20.396904
0.401 2.788818 3.389855 1.404961 8.705464 12.068965 3.915174 96.453418 175.122309 20.424745
0.402 2.776936 3.375706 1.402918 8.699239 12.066735 3.919239 96.283661 175.04155 20.466881
0.403 2.763727 3.355744 1.401868 8.692669 12.057519 3.922912 96.141972 174.765424 20.512059
0.404 2.752625 3.341888 1.401616 8.689383 12.052812 3.926535 96.105312 174.650483 20.553499
0.405 2.746273 3.335287 1.400988 8.692671 12.058574 3.928708 96.246095 174.877997 20.577579
0.406 2.734976 3.327926 1.398432 8.691608 12.057047 3.932458 96.212778 174.799602 20.619669
0.407 2.722895 3.317231 1.39567 8.688812 12.051728 3.933747 96.167118 174.626132 20.639126
0.408 2.723418 3.320704 1.395163 8.694844 12.064595 3.935383 96.289855 175.008203 20.659383
0.409 2.725072 3.310782 1.393198 8.703164 12.068498 3.936754 96.497539 175.11379 20.672255
