####### LIGHTCURVES AND MEAN ENERGIES
####### 3 NEUTRINO SPECIES: NU_E, NUBAR_E AND N_X
####### ALL QUANTITIES ARE MEASURED AT 500 KM FROM THE CENTER
#######
####### FROM MODEL L1-0 (BUGLI ET AL. 2020,2021)
####### B0=1e12 G, l=1, r0=1.00e8 cm
####### UNITS: TIME [ms], LUMINOSITY [1e52 erg/s], ENERGY [MeV]


# TIME	L_NU_E     	L_NU_BAR   	L_NU_X     	E_NU_E     	E_NU_BAR  	E_NU_X      	E2_NU_E    	E2_NU_BAR 	E2_NU_X     
1	12.874677	0.000026	0.000021	10.831382	5.763660	0.850793	135.225312	44.382072	0.882302	
2	9.934394	0.000998	0.000342	11.259926	4.728618	1.055384	144.995987	27.970436	1.427204	
3	20.626193	0.301690	0.338722	12.443704	13.068347	3.774135	179.873460	196.618189	15.916191	
4	50.453689	0.252712	0.609208	14.398218	13.067485	5.889246	237.786699	204.929637	47.855643	
5	32.652793	0.296359	0.526869	12.876545	11.561954	6.797622	193.632544	156.545492	71.175308	
6	29.015588	0.362218	0.425244	12.673163	11.458134	6.092119	185.649445	152.621301	58.403361	
7	20.932491	0.405348	0.417160	11.901456	11.166088	5.207342	165.488182	144.184271	41.128984	
8	16.824043	0.404764	0.526822	11.349964	10.885465	4.695904	151.129287	137.218441	30.839505	
9	14.779271	0.354072	0.654112	11.032872	10.502265	4.522754	143.851305	128.507813	27.424737	
10	13.768856	0.347846	0.761244	10.649134	10.266935	4.466807	135.156201	123.339728	26.300389	
11	13.369103	0.371710	0.836079	10.296943	10.299837	4.450198	127.116056	124.675175	25.879252	
12	13.017618	0.423634	0.863208	10.016456	10.323308	4.287130	121.444805	125.489083	23.964802	
13	13.574617	0.495966	0.872799	9.843082	10.251890	4.173813	116.342392	123.037240	22.480654	
14	13.662083	0.628556	0.908639	9.616180	10.360748	4.178630	110.086683	124.598446	22.159696	
15	13.685418	0.772636	0.912842	9.409568	10.468962	4.212820	103.697988	126.835522	22.415113	
16	13.681579	0.967145	0.968803	9.408374	10.560290	4.170048	103.193087	128.522342	21.886355	
17	14.555722	1.192535	1.154240	9.570472	10.732424	4.133744	106.042171	132.994312	21.367755	
18	15.154128	1.397635	1.416294	9.807396	10.926875	4.149010	111.082464	138.417462	21.509471	
19	15.679824	1.553709	1.625318	10.072483	11.096407	4.207486	116.897949	143.901563	22.141525	
20	15.953073	1.642980	1.776917	10.183346	11.072832	4.186450	119.693024	143.495149	21.931858	
21	14.346667	1.801261	1.928312	9.922414	11.302551	4.254677	113.964196	149.685422	22.629378	
22	13.031416	1.848228	2.001813	9.988546	11.275662	4.225745	115.678949	149.147964	22.399169	
23	12.971639	1.949735	2.142612	9.937555	11.244976	4.226794	114.293196	147.965846	22.351307	
24	12.049796	1.886295	2.209678	9.781516	11.079026	4.239131	111.057899	143.838879	22.518221	
25	11.484219	1.796197	2.222431	9.631244	10.917309	4.240150	107.897539	139.841680	22.573054	
26	10.913211	1.796580	2.250343	9.400261	10.878292	4.268042	103.125084	138.786209	22.874178	
27	9.931833	1.889264	2.261814	9.236427	10.888596	4.241041	99.964875	138.276355	22.680488	
28	9.082500	1.965166	2.247157	9.161642	11.027372	4.264647	98.383619	141.617367	22.976308	
29	8.388659	1.898705	2.154019	9.120608	10.903602	4.245802	97.520246	138.139304	22.904333	
30	7.851669	1.930623	2.142645	9.077223	10.969549	4.252245	96.781199	140.083507	22.960701	
31	7.822827	2.025722	2.175228	9.124094	11.043587	4.246868	97.720601	142.215433	22.894728	
32	7.543576	2.145862	2.159614	9.102100	11.126505	4.267428	97.340040	145.109898	23.194183	
33	7.355215	2.352682	2.203936	9.031506	11.160434	4.225102	96.226558	145.557319	22.735971	
34	7.457777	2.619184	2.338891	8.978179	11.374587	4.236046	95.202998	150.918899	22.785066	
35	7.978539	2.788134	2.424488	9.116431	11.421207	4.217288	97.723158	152.062926	22.611859	
36	8.655772	3.027828	2.529326	9.248542	11.499210	4.197811	100.411042	153.947107	22.344225	
37	8.910398	3.162479	2.575017	9.289558	11.564865	4.197807	101.175776	155.674904	22.279071	
38	9.069039	3.250416	2.619203	9.277324	11.540583	4.187735	100.814014	155.218317	22.161967	
39	8.408842	3.343028	2.650237	9.138170	11.600252	4.195490	98.262186	156.814052	22.204996	
40	7.538445	3.305664	2.603116	8.962779	11.554096	4.181662	95.227706	155.357260	22.090070	
41	6.740824	3.335489	2.605462	8.843149	11.528369	4.163887	93.211695	154.585730	21.909114	
42	6.472707	3.299411	2.592263	8.861833	11.515269	4.167585	93.520079	154.078681	21.885510	
43	6.163909	3.179683	2.519114	8.853389	11.498286	4.164329	93.612147	153.584114	21.878723	
44	6.047843	3.173884	2.470737	8.824989	11.522221	4.160757	93.075352	154.121106	21.884947	
45	5.971663	3.287484	2.457000	8.788996	11.561258	4.134174	92.405982	154.898982	21.618553	
46	5.862958	3.558149	2.504420	8.739722	11.571715	4.088597	91.352262	155.170636	21.142280	
47	6.083457	3.740651	2.587330	8.783494	11.549551	4.051574	92.422557	154.852482	20.793640	
48	5.553922	3.800492	2.582353	8.699560	11.583899	4.049440	90.980340	155.797341	20.755450	
49	5.039505	3.672561	2.521068	8.542332	11.609089	4.066049	88.689771	156.062955	20.865098	
50	4.765834	3.619103	2.469379	8.460548	11.699482	4.093856	87.119534	158.160859	21.107137	
51	4.606783	3.617506	2.413824	8.509668	11.758724	4.092780	88.337831	159.975738	21.135612	
52	4.651344	3.720823	2.413534	8.653006	11.760529	4.091555	90.988100	160.411030	21.146653	
53	4.948957	3.894728	2.478916	8.757722	11.711030	4.072036	92.879947	159.312645	20.964713	
54	5.079150	4.164185	2.559767	8.769391	11.756978	4.061709	92.917301	160.322392	20.766115	
55	5.093208	4.355280	2.603382	8.754768	11.816626	4.050034	92.697585	161.773473	20.616645	
56	5.339682	4.364755	2.621142	8.769674	11.842086	4.061121	93.006630	162.294925	20.731154	
57	5.084951	4.199969	2.535796	8.689089	11.740750	4.030344	91.566109	159.822239	20.519578	
58	4.779656	4.140024	2.553583	8.619808	11.700647	4.041335	90.553859	158.751442	20.611601	
59	4.653082	4.021141	2.510624	8.676323	11.612368	4.027760	91.368507	156.574336	20.502859	
60	4.363969	3.927170	2.494240	8.627614	11.560302	4.020545	90.545479	155.532969	20.478294	
61	4.149716	3.873426	2.497460	8.563816	11.535894	4.028925	89.340374	155.067209	20.545840	
62	4.081161	3.843357	2.475960	8.509141	11.458267	4.000940	88.361771	153.150407	20.296129	
63	3.704181	3.827329	2.457738	8.302977	11.461308	3.989772	84.715209	153.197273	20.203724	
64	3.510505	3.817591	2.382985	8.250659	11.510761	3.983738	83.650010	154.650674	20.164079	
65	3.438839	3.858990	2.340609	8.227855	11.576675	3.988974	83.294199	156.463411	20.245248	
66	3.451852	3.907489	2.301921	8.234571	11.591306	3.959998	83.457646	156.635095	19.944127	
67	3.366945	4.014483	2.300238	8.124404	11.633791	3.953835	81.603523	157.657266	19.856723	
68	3.394671	4.183079	2.330919	8.118001	11.636539	3.943847	81.508589	157.736654	19.777779	
69	3.486932	4.327614	2.349029	8.109875	11.707120	3.944146	81.338742	159.340566	19.756332	
70	3.461411	4.410178	2.368180	8.041532	11.753917	3.945638	80.209907	160.618415	19.777949	
71	3.701682	4.502236	2.441377	8.143052	11.848374	3.982034	82.171587	163.140542	20.077331	
72	3.967568	4.590504	2.482126	8.290023	11.891528	3.990145	85.059370	164.375288	20.138522	
73	4.168699	4.610554	2.496823	8.388997	11.921064	3.999738	87.026057	165.136115	20.238108	
74	4.515665	4.578310	2.511013	8.478579	11.893895	4.015866	88.477596	164.484168	20.422386	
75	4.615677	4.482501	2.479629	8.466045	11.857006	4.009281	88.100937	163.392931	20.359302	
76	4.508336	4.506579	2.505551	8.432350	11.857366	4.021021	87.337311	163.476653	20.475417	
77	4.296081	4.565685	2.509152	8.459078	11.849075	4.026652	87.836883	163.313504	20.522507	
78	3.919303	4.649618	2.457643	8.403711	11.781840	3.994764	86.991506	161.772854	20.275278	
79	3.758564	4.688566	2.478129	8.445718	11.756111	3.990137	87.817715	161.494983	20.248335	
80	3.547543	4.611756	2.448305	8.489664	11.802212	3.995810	88.648191	162.827990	20.299724	
81	3.350040	4.448582	2.397254	8.486224	11.774964	4.000721	88.614864	162.060822	20.326875	
82	3.160753	4.314436	2.357246	8.481814	11.725962	3.997631	88.703379	160.657447	20.269858	
83	3.095356	4.229451	2.311272	8.440867	11.625537	3.967486	87.880242	158.088772	19.995251	
84	3.067041	4.327140	2.334293	8.470733	11.614497	3.961793	88.381425	157.652117	19.954879	
85	3.081100	4.431495	2.347834	8.491546	11.639131	3.952327	88.828767	158.262712	19.860347	
86	3.198389	4.542391	2.361291	8.581360	11.700072	3.965640	90.687818	159.961181	20.009175	
87	3.523858	4.646383	2.400126	8.705479	11.793797	3.991518	92.971482	162.506624	20.236842	
88	3.591760	4.781938	2.426347	8.761502	11.806988	3.983617	94.055036	162.893031	20.111192	
89	3.405824	4.808853	2.357966	8.723245	11.832863	3.968855	93.302899	163.616736	20.004137	
90	3.422302	4.967519	2.409814	8.764970	11.942922	3.988905	94.278720	166.032351	20.125139	
91	3.582664	5.022525	2.426839	8.872835	12.040164	3.991315	96.520568	168.755595	20.152597	
92	3.659511	5.001212	2.436256	8.972111	12.089149	4.001792	98.687832	169.999754	20.227038	
93	3.820968	5.028239	2.421786	9.062365	11.984538	3.973475	100.302914	167.532992	19.964330	
94	3.815851	5.027584	2.414092	9.036991	11.921403	3.953663	99.908617	165.790624	19.777877	
95	3.586651	5.045325	2.400469	8.964800	11.866054	3.952432	98.505146	164.555501	19.761507	
96	3.440259	5.165411	2.397087	8.925880	11.842834	3.951564	97.595428	164.071063	19.795083	
97	3.342104	5.231493	2.380164	8.900396	11.848671	3.955678	97.058398	164.547642	19.863957	
98	3.302525	5.180146	2.373046	8.875996	11.788023	3.939156	96.417964	162.900269	19.720257	
99	3.320947	5.126603	2.397381	8.857565	11.781098	3.942574	95.972770	162.566878	19.708235	
100	3.323098	4.931683	2.349777	8.845447	11.698770	3.938872	95.674039	160.372302	19.678507	
101	3.219949	4.799567	2.316168	8.796554	11.634041	3.937133	94.734421	158.537624	19.652421	
102	3.085680	4.828471	2.340472	8.740466	11.616553	3.941220	93.705917	158.116895	19.678584	
103	2.990745	4.834963	2.324857	8.718306	11.687401	3.945745	93.529485	159.906291	19.744956	
104	3.046188	4.884124	2.338454	8.740900	11.762631	3.960887	94.195367	161.811566	19.873087	
105	3.149140	4.928872	2.375151	8.703644	11.858428	3.978968	93.624682	164.428140	20.034915	
106	3.194340	5.026922	2.390829	8.683500	11.910307	3.992316	93.252197	165.725599	20.175942	
107	3.463620	5.374462	2.475852	8.644829	11.949726	4.000645	92.225704	166.672463	20.268729	
108	3.596471	5.675892	2.548475	8.561704	11.953829	4.015075	90.933116	166.937098	20.390206	
109	3.913416	5.899481	2.617532	8.786916	11.947927	4.004071	95.580670	166.982678	20.264154	
110	4.146786	6.033796	2.697569	8.963410	11.900115	4.012980	99.088324	165.963791	20.317738	
111	4.176167	5.899034	2.633648	9.044284	11.981553	4.032911	100.630316	168.407432	20.526141	
112	4.152562	5.715091	2.569250	9.167126	12.034252	4.049641	103.347823	169.607566	20.668933	
113	4.043755	5.650477	2.556141	9.141443	12.086332	4.056134	102.622239	170.891519	20.743522	
114	4.015863	5.635984	2.536045	9.132997	12.073919	4.052723	102.157836	170.484213	20.706244	
115	4.176471	5.720083	2.562120	9.168559	12.046873	4.052507	102.654908	169.876358	20.728427	
116	4.243723	5.731960	2.602285	9.152904	11.985319	4.043586	102.213636	168.430639	20.644435	
117	4.308085	5.763702	2.604021	9.162245	11.996874	4.047412	102.091451	168.748217	20.673432	
118	4.377940	5.731480	2.547873	9.217802	12.025466	4.056318	103.046350	169.610076	20.801887	
119	4.221773	5.841481	2.599244	9.231053	12.063416	4.061957	103.612493	170.503866	20.822380	
120	4.118182	6.024703	2.620347	9.278617	12.126159	4.070553	104.859016	172.159382	20.907403	
121	4.242970	6.056719	2.619690	9.345629	12.060848	4.063528	106.069488	170.430589	20.843265	
122	4.358988	6.042021	2.597702	9.386562	12.034986	4.066489	106.409031	169.641857	20.879670	
123	4.042409	5.917001	2.540191	9.291695	11.976398	4.058337	104.828352	168.136234	20.826933	
124	4.133536	5.872514	2.517683	9.276254	11.978806	4.055744	104.589101	168.218327	20.815555	
125	4.211903	5.827715	2.475667	9.274732	11.989964	4.043092	104.422131	168.615155	20.693712	
126	4.325427	5.918540	2.513644	9.259849	12.066519	4.060441	104.045061	170.980283	20.831849	
127	4.403454	6.022679	2.540725	9.241387	12.122155	4.067455	103.828505	172.569343	20.903138	
128	4.438876	6.138044	2.554011	9.251678	12.160005	4.077017	104.148095	173.574770	20.986165	
129	4.633662	6.258036	2.579485	9.311397	12.185912	4.091263	105.165965	174.125497	21.114025	
130	4.904925	6.355020	2.623706	9.391744	12.209442	4.101437	106.514299	174.817940	21.204220	
131	5.017717	6.389253	2.641683	9.491267	12.284699	4.123829	108.368709	176.884886	21.416432	
132	5.073119	6.437963	2.636463	9.576092	12.327778	4.125379	110.205150	178.037305	21.417593	
133	5.006796	6.241749	2.579297	9.582694	12.253854	4.121242	110.559857	176.368988	21.399881	
134	4.931626	6.007585	2.504683	9.524453	12.162712	4.118405	109.210667	174.062674	21.424671	
135	5.191970	6.047008	2.526146	9.554132	12.162164	4.117115	109.556101	173.877344	21.392854	
136	5.163322	6.025363	2.535738	9.545440	12.195560	4.124820	109.415077	174.743617	21.453042	
137	5.090790	5.979162	2.526357	9.526816	12.219160	4.120260	109.054534	175.410629	21.432172	
138	4.628165	5.798722	2.463436	9.415592	12.171442	4.081606	107.027740	174.300590	21.075652	
139	4.427676	5.692005	2.401100	9.421561	12.145198	4.069015	107.147027	173.694664	20.961137	
140	4.242760	5.607509	2.344323	9.354533	12.145403	4.073093	105.603584	173.617028	21.025180	
141	3.937675	5.719582	2.338934	9.299469	12.123643	4.063522	104.570316	172.978103	20.953241	
142	3.886960	5.835527	2.327098	9.282794	12.137456	4.046967	104.230274	173.140401	20.781536	
143	4.177908	5.943935	2.365358	9.341083	12.197416	4.057652	105.453447	174.665158	20.837033	
144	4.537579	5.933298	2.377048	9.369720	12.261977	4.064873	105.760305	176.464072	20.893069	
145	4.840813	5.817402	2.380664	9.383095	12.323067	4.075258	105.899488	178.249883	20.981165	
146	4.846842	5.687908	2.378109	9.341366	12.318980	4.088025	104.986137	178.303622	21.116181	
147	4.633538	5.592349	2.328382	9.291030	12.261768	4.101549	104.209735	176.678082	21.297107	
148	4.663591	5.642717	2.344163	9.301455	12.220602	4.100127	104.530346	175.436602	21.277076	
149	4.482024	5.602045	2.332699	9.281494	12.175412	4.094236	104.316336	174.314602	21.249058	
150	4.336055	5.626967	2.320134	9.263683	12.155918	4.100093	104.134543	173.820194	21.303356	
151	4.280928	5.683893	2.312101	9.217546	12.149422	4.103052	103.178660	173.606161	21.333971	
152	4.218373	5.644737	2.309536	9.246298	12.148217	4.095655	103.784158	173.643131	21.306004	
153	4.036249	5.539594	2.281794	9.285241	12.156014	4.107726	104.985167	174.056606	21.456255	
154	3.860940	5.364424	2.220810	9.309853	12.094866	4.103925	105.771728	172.517399	21.464777	
155	3.710696	5.179334	2.159621	9.219835	12.084082	4.104149	103.865197	172.355112	21.506121	
156	3.699942	5.185821	2.140821	9.169083	12.067131	4.098890	102.358610	171.770530	21.474110	
157	3.675652	5.186395	2.124945	9.100712	12.059573	4.081325	100.880335	171.531907	21.330308	
158	3.758795	5.135964	2.123858	9.084353	12.085677	4.082643	100.606641	172.433676	21.340523	
159	3.852754	5.148926	2.100654	9.132268	12.161763	4.085877	101.708543	174.521851	21.369559	
160	4.078433	5.178787	2.080240	9.206047	12.204877	4.081743	103.204719	175.644712	21.329404	
161	4.372950	5.223073	2.086094	9.261328	12.239916	4.091233	104.252210	176.423092	21.390718	
162	4.655169	5.430369	2.139333	9.230904	12.251991	4.101814	103.444680	176.573941	21.456225	
163	5.118349	5.850349	2.238801	9.276961	12.292792	4.117336	104.177027	177.623442	21.566737	
164	5.562459	6.280947	2.332212	9.412362	12.350274	4.140958	106.840424	179.225921	21.766058	
165	5.550243	6.332430	2.384740	9.422434	12.307688	4.141195	107.330937	178.110387	21.746664	
166	5.280413	5.944075	2.309908	9.474565	12.197330	4.113321	108.673065	175.294676	21.514102	
167	4.924752	5.553992	2.206804	9.450940	12.110357	4.088762	108.182841	173.114507	21.313616	
168	4.377975	5.304809	2.117177	9.345598	12.064269	4.091126	106.079877	171.946659	21.386579	
169	4.044685	5.254444	2.073602	9.181889	11.908393	4.050999	102.553891	167.772804	21.009134	
170	4.004492	5.370320	2.064586	9.145999	11.890099	4.022046	101.702047	166.874571	20.701886	
171	4.033994	5.398046	2.057389	9.170242	11.940167	4.024361	102.347818	168.268045	20.703187	
172	4.181225	5.532502	2.084148	9.147999	12.049929	4.041881	101.906519	171.089959	20.831721	
173	4.302622	5.529405	2.111856	9.114953	12.106453	4.053490	101.148383	172.834994	20.965350	
174	4.326311	5.501253	2.112618	9.064046	12.074879	4.056531	100.000460	171.907213	20.997826	
175	4.337436	5.427196	2.127714	9.041031	12.042433	4.053665	99.611897	171.161493	20.972434	
176	4.244042	5.254689	2.118466	9.038637	12.040791	4.056542	99.708372	171.471437	21.012119	
177	4.129959	5.308674	2.096566	8.997095	12.007706	4.058054	98.674001	170.716026	21.062143	
178	3.815596	5.411693	2.093612	8.981565	12.006527	4.053295	98.453906	170.696274	21.028337	
179	3.729350	5.524073	2.096283	9.047691	11.975998	4.044165	99.839631	169.965313	20.931500	
180	3.935097	5.681517	2.128544	9.187932	12.022726	4.045746	102.619625	171.214912	20.910070	
181	4.228889	5.874483	2.169540	9.310930	12.055528	4.049634	104.972016	172.211443	20.925149	
182	4.318442	5.926527	2.195080	9.315143	12.093217	4.063680	105.027953	173.119385	21.044257	
183	4.305508	5.791681	2.185833	9.278754	12.059116	4.062520	104.121639	172.065606	21.044647	
184	4.214639	5.635798	2.152359	9.229262	12.028655	4.066264	103.270590	171.219788	21.112063	
185	4.258736	5.395886	2.115708	9.214121	12.031260	4.076297	103.073703	171.195477	21.222088	
186	4.214158	5.290459	2.091765	9.154311	12.069958	4.083024	101.910556	172.050662	21.309014	
187	4.204532	5.168908	2.054381	9.041997	12.099872	4.079533	99.585002	172.730874	21.304772	
188	4.451119	5.204649	2.070869	9.043994	12.156943	4.080709	99.663470	174.559603	21.301648	
189	4.636938	5.362493	2.094441	9.145213	12.210408	4.084777	102.274274	176.330898	21.312442	
190	5.016751	5.477300	2.124712	9.300347	12.262765	4.097815	105.349455	178.342594	21.450207	
191	5.036769	5.483761	2.093985	9.359901	12.296768	4.098531	106.614769	179.459948	21.476660	
192	4.769149	5.554819	2.050473	9.401526	12.272070	4.085519	107.330593	178.685333	21.390009	
193	4.523314	5.504795	1.975939	9.407582	12.174933	4.064951	107.199029	175.671313	21.210831	
194	4.404539	5.435441	1.942846	9.461495	12.139437	4.066681	108.154963	174.568897	21.239092	
195	4.255630	5.473676	1.924781	9.395124	12.162785	4.073661	106.756214	174.901332	21.266794	
196	4.335933	5.621978	1.934347	9.382641	12.257079	4.072822	106.518938	177.342377	21.241011	
197	4.580896	5.664028	1.943411	9.427863	12.318258	4.075042	107.237968	178.646101	21.258429	
198	4.678733	5.422967	1.939390	9.391133	12.259786	4.066005	106.470806	176.925047	21.180063	
199	4.567395	5.497152	1.991926	9.253427	12.192551	4.050474	103.364882	174.855682	20.949708	
200	4.382211	5.333586	1.986414	9.161973	12.163075	4.049722	101.664049	174.533946	20.940765	
201	4.167571	5.032150	1.939822	9.104461	12.253259	4.057603	100.953541	176.991197	21.055263	
202	4.099699	4.931136	1.935103	9.117648	12.280362	4.073818	101.333737	177.608683	21.204294	
203	4.135336	4.780170	1.882108	9.154939	12.323859	4.067545	102.017493	179.185487	21.192525	
204	4.084497	4.651106	1.823245	9.132807	12.294899	4.047872	101.354264	178.175462	21.003840	
205	4.056005	4.604035	1.786940	9.067092	12.278999	4.027086	99.755377	177.561897	20.792327	
206	4.028603	4.685137	1.747556	9.000007	12.292498	4.014346	98.380639	177.580391	20.716715	
207	4.018381	4.718450	1.729987	8.985515	12.289941	4.026612	98.244879	177.541735	20.891897	
208	4.100113	4.872896	1.767007	8.982816	12.367103	4.050534	98.456981	179.888231	21.120332	
209	4.364967	5.092588	1.844022	9.048750	12.437266	4.061683	99.895969	182.138392	21.181265	
210	4.464886	5.078056	1.895414	9.046251	12.426743	4.061318	99.717912	182.168974	21.149243	
211	4.467897	5.011183	1.900237	9.071615	12.434618	4.075153	100.339380	182.065657	21.256304	
212	4.430584	4.949227	1.870408	9.080654	12.397236	4.086504	100.464244	180.542077	21.384183	
213	4.221290	4.919819	1.853090	9.013456	12.337521	4.080085	99.756798	178.936876	21.322814	
214	4.118967	4.838310	1.835016	8.996190	12.315696	4.085805	99.358862	178.881067	21.410239	
215	4.017093	4.894304	1.807288	8.964807	12.296049	4.090317	99.081539	178.337718	21.496103	
216	3.831566	5.044848	1.793708	8.980628	12.294089	4.080772	99.354830	178.440097	21.443399	
217	3.792536	5.152234	1.781103	9.164878	12.300503	4.073302	103.409285	178.954444	21.402546	
218	3.785477	5.067349	1.762392	9.204198	12.256687	4.075656	104.671384	177.794552	21.445059	
219	4.030668	5.049828	1.776394	9.191788	12.246156	4.073704	103.790439	177.332255	21.430198	
220	3.985145	5.099032	1.777823	9.159436	12.245054	4.063449	103.198887	177.282985	21.320019	
221	4.080987	5.179403	1.776540	9.266019	12.238848	4.056128	105.538055	177.376298	21.191391	
222	4.074130	5.073869	1.777975	9.215863	12.202693	4.055989	104.557312	176.470596	21.176263	
223	3.977570	4.903622	1.786140	9.100929	12.187105	4.070690	102.159404	175.841137	21.315819	
224	3.885429	4.863813	1.812021	8.967939	12.218070	4.074093	99.563910	176.504489	21.331282	
225	4.029861	5.053915	1.846100	8.949176	12.324133	4.068369	99.019755	179.485410	21.267435	
226	4.204717	5.112286	1.858135	8.966041	12.432190	4.080327	99.291518	182.667996	21.384079	
227	4.277039	5.037054	1.837949	8.952727	12.452759	4.081211	99.243200	183.194920	21.418696	
228	4.247160	4.955623	1.805501	8.936326	12.366425	4.056481	98.787959	180.577552	21.188733	
229	4.179862	4.885353	1.768437	8.906249	12.298303	4.032517	98.053138	178.444858	20.928149	
230	4.055016	4.895569	1.742107	8.890043	12.323510	4.023534	97.777856	178.983195	20.780960	
231	3.832406	5.005820	1.727487	8.865555	12.355535	4.019316	97.421287	179.858204	20.696458	
232	3.625714	5.053537	1.709211	8.817549	12.333728	4.014508	96.897905	179.336831	20.658892	
233	3.649308	5.090465	1.693718	8.921032	12.304033	4.019789	98.985390	178.700861	20.758672	
234	3.679623	5.178685	1.684748	8.929892	12.265160	3.999983	99.203259	177.611944	20.581541	
235	3.868954	5.154767	1.689941	9.026496	12.206357	3.987568	101.174081	176.068869	20.449057	
236	3.887431	5.103318	1.694576	9.012258	12.204011	3.995064	100.746723	175.798464	20.499323	
237	3.938545	5.076929	1.681235	9.065448	12.200626	4.007910	101.829448	175.844151	20.638426	
238	4.124179	4.823828	1.637182	9.125565	12.157427	4.023666	102.807040	175.104084	20.833817	
239	3.995191	4.604673	1.621751	9.039734	12.199537	4.033596	101.051498	175.636767	20.918900	
240	4.152255	4.613950	1.637036	9.063547	12.285794	4.036135	101.671126	177.879817	20.951920	
241	4.227180	4.489083	1.665574	9.053685	12.343700	4.040848	101.491044	179.912898	20.968731	
242	4.271574	4.565293	1.714409	9.013556	12.401280	4.038048	100.625174	181.936332	20.951000	
243	4.360779	4.703066	1.746780	9.034792	12.486076	4.049844	101.110799	184.138822	21.023076	
244	4.224796	4.629315	1.712100	9.043429	12.495362	4.058992	101.661771	184.275999	21.119458	
245	4.254083	4.546873	1.668818	9.099789	12.523163	4.048916	102.816370	185.166565	21.033574	
246	4.243512	4.576133	1.621183	9.120069	12.536756	4.045803	103.315838	185.540854	20.999535	
247	4.150694	4.768706	1.631189	9.109849	12.543381	4.041590	102.677546	185.092802	20.942500	
248	4.001943	4.950213	1.667504	9.051482	12.599422	4.031641	101.483282	186.325819	20.843103	
249	3.856175	4.859159	1.647345	9.072398	12.554356	4.032951	102.296107	185.202956	20.869629	
250	3.785665	4.610071	1.576129	9.087535	12.481115	4.024505	102.844274	183.284918	20.849174	
251	3.676114	4.349341	1.513212	8.953958	12.368422	4.013139	99.908671	180.143401	20.812289	
252	3.655481	4.386612	1.493705	8.871865	12.320732	4.010772	98.120496	179.029935	20.828915	
253	3.678521	4.454978	1.528167	8.997078	12.346101	4.032736	101.048163	180.219057	21.010787	
254	3.678486	4.489639	1.600947	9.040645	12.390984	4.045323	101.867191	181.444168	21.101135	
255	3.592443	4.431651	1.595349	9.006715	12.372458	4.039841	101.115492	180.909943	21.053537	
256	3.702859	4.431206	1.557249	9.017651	12.360408	4.035663	101.014938	180.250393	21.027561	
257	3.703057	4.521017	1.576605	8.957664	12.327023	4.029540	99.768812	179.186685	20.935506	
258	3.649291	4.774133	1.600901	9.025275	12.382308	4.008060	101.204185	180.538372	20.685525	
259	3.656288	4.930449	1.614616	9.197392	12.380099	4.004841	105.328756	180.756467	20.599968	
260	3.987999	4.832916	1.613509	9.296559	12.320782	3.999649	107.437594	179.362959	20.548102	
261	3.793536	4.553028	1.570102	9.132432	12.315158	4.019335	103.652072	179.271776	20.814676	
262	3.451394	4.390920	1.541815	8.981448	12.308666	4.026633	100.383216	178.820056	20.956817	
263	3.426344	4.479467	1.541425	9.005643	12.357665	4.014887	102.167055	180.135182	20.832939	
264	3.579365	4.615013	1.539841	9.155010	12.464379	4.021354	104.023156	182.958659	20.843808	
265	3.736458	4.601776	1.547910	9.256860	12.516199	4.025518	106.405575	184.370688	20.822974	
266	3.695255	4.565501	1.552065	9.265815	12.476021	4.017637	106.358448	183.240581	20.750589	
267	3.829390	4.658249	1.559591	9.319625	12.503746	4.019801	107.273507	183.968707	20.765878	
268	3.823923	4.796725	1.561601	9.330911	12.525443	4.025832	107.725873	184.294830	20.842010	
269	3.872803	4.785030	1.553418	9.312755	12.480172	4.031691	107.164344	183.105774	20.930272	
270	3.859815	4.730897	1.532316	9.304776	12.451705	4.027295	107.251898	182.514166	20.898843	
271	3.744035	4.632456	1.517006	9.322091	12.428446	4.032659	107.612379	181.984082	20.963137	
272	3.715652	4.636132	1.529932	9.305290	12.540541	4.044940	107.011593	185.115654	21.099964	
273	3.710860	4.631114	1.532784	9.270162	12.545525	4.051304	106.344281	185.092195	21.172113	
274	3.621491	4.637376	1.518924	9.189652	12.567163	4.079228	104.908220	185.615234	21.459152	
275	3.637764	4.657951	1.526215	9.196278	12.537897	4.077874	104.922530	184.843509	21.435301	
276	3.572489	4.626136	1.523325	9.202863	12.543470	4.063888	105.052838	185.235769	21.288821	
277	3.497974	4.561586	1.513550	9.180369	12.629474	4.076922	104.429232	187.549319	21.334385	
278	3.458387	4.340424	1.484276	9.156400	12.568407	4.081474	103.957373	185.972857	21.380539	
279	3.406972	4.243796	1.454565	9.082011	12.489548	4.071674	102.339172	183.527681	21.357364	
280	3.341995	4.233369	1.431653	9.031889	12.435574	4.061300	101.074146	181.924871	21.305903	
281	3.368956	4.314933	1.427576	9.096310	12.459097	4.057724	102.464695	182.571055	21.290309	
282	3.380550	4.337770	1.470271	9.189797	12.535318	4.069782	104.597151	184.867657	21.343139	
283	3.410125	4.549328	1.520451	9.217944	12.563227	4.080572	105.265546	185.771679	21.385659	
284	3.412711	4.527319	1.515388	9.209909	12.524634	4.079949	105.492388	184.910573	21.396724	
285	3.258566	4.399155	1.468371	9.131736	12.508208	4.076230	104.001862	184.211725	21.407448	
286	3.100361	4.286442	1.447571	9.088335	12.485796	4.065060	102.953329	183.510549	21.377369	
287	2.900558	3.944380	1.411226	9.049799	12.441150	4.058689	101.978322	182.485615	21.364993	
288	2.865192	3.890743	1.402753	9.066810	12.444356	4.095128	102.202560	182.477025	21.717227	
289	2.977798	4.051110	1.424500	9.072632	12.433530	4.103581	102.017897	181.958003	21.802491	
290	3.207473	4.304439	1.483440	9.186851	12.485723	4.114464	104.701232	183.560801	21.862057	
291	3.408453	4.477795	1.526059	9.364498	12.544215	4.102857	108.660845	185.179625	21.686040	
292	3.597701	4.497816	1.542914	9.517317	12.575568	4.104341	111.639590	185.971436	21.700081	
293	3.807237	4.612522	1.582880	9.565326	12.670662	4.132078	112.620335	188.828784	21.982663	
294	3.708369	4.738741	1.587667	9.490948	12.764241	4.134437	111.089407	191.707834	22.016434	
295	3.202416	4.588464	1.474318	9.317779	12.873896	4.139492	107.508508	194.909376	22.122351	
296	3.242573	4.287990	1.432797	9.450414	12.877975	4.145492	110.741805	195.582560	22.254784	
297	3.505612	4.367664	1.465365	9.564031	12.718577	4.144396	112.558870	189.811755	22.173955	
298	3.261051	4.174628	1.429794	9.316963	12.567716	4.125911	107.213013	185.513486	22.060479	
299	3.303172	4.149480	1.457192	9.239237	12.682367	4.129767	105.675940	188.422510	22.066541	
300	3.372246	4.121580	1.468919	9.182631	12.701475	4.146288	104.309452	189.129950	22.170210	
301	3.363662	4.219813	1.472810	9.189353	12.720854	4.155096	104.595860	189.494695	22.256927	
302	3.433842	4.300936	1.484955	9.170265	12.768294	4.137010	104.580111	191.017749	22.102371	
303	3.415269	4.220510	1.467829	9.187139	12.785839	4.123998	104.913589	191.847711	21.932452	
304	3.296401	3.970494	1.433311	9.091053	12.792639	4.144084	103.039469	192.079346	22.116678	
305	3.148032	3.859317	1.425442	8.954562	12.752917	4.159069	100.930491	190.647843	22.236502	
306	3.121579	3.995016	1.431386	8.937579	12.782182	4.162603	99.175643	191.062834	22.273731	
307	3.112436	4.151325	1.424472	9.065267	12.677893	4.128423	101.601995	188.381041	22.004279	
308	3.035268	4.120784	1.411560	9.084260	12.724935	4.136884	102.271510	190.117616	22.078754	
309	2.938172	3.985192	1.386450	9.095936	12.665659	4.137559	102.505287	188.366565	22.103714	
310	2.981277	3.917320	1.382946	9.186459	12.695245	4.143564	104.123387	188.997234	22.239428	
311	3.164837	4.075671	1.409036	9.231505	12.720346	4.143298	104.865732	189.522235	22.250829	
312	3.526787	4.596748	1.461708	9.395491	12.831333	4.150751	108.055106	192.789094	22.249850	
313	3.513326	4.659185	1.496152	9.375060	12.766932	4.144831	108.477334	191.326849	22.109611	
314	3.327321	4.315486	1.432589	9.385419	12.784861	4.156732	108.833908	191.765831	22.277248	
315	3.022688	4.035663	1.386395	9.284485	12.750293	4.190256	106.922710	190.574121	22.669183	
316	2.798487	3.824408	1.354709	9.157885	12.750316	4.202999	104.350949	190.925811	22.839862	
317	2.755967	3.868299	1.354222	9.115655	12.721364	4.196313	103.183158	190.025486	22.788145	
318	2.824547	3.993183	1.388606	9.267719	12.725927	4.197021	106.849181	189.967345	22.733761	
319	2.840205	3.807002	1.349952	9.283402	12.644657	4.192552	107.017044	188.321063	22.766669	
320	2.807694	3.690426	1.287098	9.168447	12.549417	4.170318	103.998172	185.089944	22.597998	
321	2.757842	3.544943	1.266835	9.069327	12.418025	4.156729	101.638708	181.579548	22.470394	
322	2.702032	3.416212	1.236206	8.976245	12.470987	4.136042	99.485615	183.169680	22.312647	
323	2.780120	3.444781	1.234125	8.882907	12.563028	4.138177	97.489340	185.026590	22.259221	
324	2.749133	3.484350	1.239848	8.864920	12.594696	4.125260	97.195615	185.783478	22.093135	
325	2.673219	3.594608	1.249945	8.848221	12.663897	4.118291	96.963616	187.670232	22.015991	
326	2.840316	3.829232	1.292982	9.071078	12.759685	4.130570	101.126378	190.280772	22.112314	
327	3.105670	3.902395	1.315648	9.239572	12.777327	4.113940	104.714308	190.982233	21.925260	
328	3.207626	3.899024	1.289830	9.429738	12.729659	4.119016	108.887891	189.624004	21.962421	
329	3.314149	4.002908	1.285364	9.442263	12.801422	4.104685	109.168848	191.656968	21.811507	
330	3.212074	3.966222	1.272945	9.460813	12.874905	4.115563	110.084188	193.654142	21.943117	
331	3.064200	3.781851	1.272671	9.342667	12.813572	4.124044	107.847758	192.373906	22.060033	
332	2.836696	3.646448	1.262215	9.277568	12.890769	4.175619	107.055688	194.498087	22.603259	
333	2.639341	3.614065	1.298936	9.221186	12.784338	4.173485	106.123911	191.670889	22.652481	
334	2.374278	3.400251	1.260662	9.020715	12.605468	4.157433	101.799647	187.287897	22.602727	
335	2.470821	3.417981	1.233586	8.954748	12.688768	4.174027	100.323801	189.229191	22.810712	
336	2.398145	3.319163	1.210113	8.858155	12.688279	4.162376	98.498108	188.738637	22.607479	
337	2.576218	3.459189	1.212486	8.986148	12.539730	4.132968	100.317511	184.020670	22.242696	
338	2.617041	3.428491	1.209105	8.950341	12.386493	4.111374	99.724769	180.530861	22.015397	
339	2.760489	3.658479	1.244645	9.017158	12.500525	4.119696	100.824269	183.439614	22.011838	
340	2.856192	3.904573	1.267827	9.120135	12.591876	4.105431	103.064251	185.918852	21.807990	
341	2.892548	3.973500	1.282581	9.403941	12.656840	4.103941	109.045478	188.576251	21.783965	
342	2.943611	4.045222	1.266496	9.717243	12.764399	4.132039	115.423759	192.245153	22.109505	
343	2.987177	3.954365	1.263596	9.842359	12.825586	4.151507	117.956712	194.208432	22.312938	
344	3.026425	3.832367	1.259319	9.714260	12.874400	4.172055	115.197241	195.314723	22.547104	
345	3.081702	3.807395	1.260735	9.621036	12.770759	4.165457	113.363896	192.051372	22.527200	
346	3.154933	3.881541	1.302716	9.572399	12.748642	4.164541	112.494029	191.051291	22.522790	
347	3.192230	3.917622	1.308365	9.487440	12.698942	4.147165	110.931536	189.647446	22.312748	
348	3.067111	3.856468	1.270695	9.344056	12.691965	4.135145	108.079552	189.301272	22.246403	
349	3.021879	3.939895	1.258626	9.153040	12.835418	4.144531	103.895749	193.056451	22.355675	
350	3.038690	3.737653	1.187778	9.091244	12.742229	4.133163	103.614508	190.843044	22.359827	
351	2.861411	3.537083	1.147870	8.940294	12.564324	4.113328	99.077754	186.036113	22.302539	
352	2.754341	3.341489	1.147359	8.812427	12.457466	4.111027	96.599748	182.851690	22.306738	
353	2.640811	3.295620	1.148157	8.820360	12.465820	4.137516	97.342571	183.355646	22.590933	
354	2.652455	3.171385	1.130833	8.823044	12.466987	4.137785	96.812738	183.482062	22.625697	
355	2.473170	3.091836	1.115731	8.742765	12.481636	4.144331	95.720607	183.890411	22.703806	
356	2.521045	3.163097	1.122548	8.877981	12.524070	4.130638	98.210034	184.818077	22.460658	
357	2.690739	3.555361	1.175577	9.119383	12.778267	4.161937	103.374689	191.803934	22.671384	
358	2.689591	3.794597	1.225804	9.301166	12.790545	4.148494	107.547125	192.093524	22.434982	
359	2.527179	3.689599	1.209807	9.459734	12.761986	4.168396	110.663049	191.869890	22.597477	
360	2.347490	3.641595	1.178663	9.383220	12.753143	4.179465	108.500659	191.612424	22.787705	
361	2.311025	3.556510	1.160943	9.409471	12.830969	4.188066	108.643855	193.579945	22.844825	
362	2.370326	3.470180	1.161698	9.451506	12.795699	4.188226	109.843616	192.704191	22.893314	
363	2.432181	3.370817	1.153410	9.366659	12.645373	4.215084	108.020287	188.405828	23.197711	
364	2.289623	3.229981	1.116767	9.198104	12.589250	4.225046	104.426473	186.140496	23.385428	
365	2.017021	3.072019	1.057737	9.136250	12.506601	4.223745	103.483622	183.630443	23.493484	
366	2.070689	3.023666	1.059785	9.229633	12.585720	4.217741	105.039641	186.216207	23.417872	
367	2.145039	3.037663	1.086470	9.129624	12.765707	4.181902	103.104962	191.430954	22.947497	
368	2.273815	3.147552	1.087322	9.205910	12.919054	4.174742	104.676944	195.379449	22.785795	
369	2.338602	3.122426	1.085067	9.157856	12.785991	4.161827	103.607301	191.719685	22.652445	
370	2.098998	2.982928	1.060610	9.075880	12.639378	4.157508	102.147362	188.198314	22.663169	
371	1.961293	2.986621	1.049499	9.136973	12.580753	4.150362	102.964866	186.717008	22.631633	
372	2.002047	2.995212	1.052997	9.122546	12.694027	4.167148	102.470800	189.656528	22.762146	
373	2.105650	2.998810	1.043565	9.216802	12.754334	4.158730	104.584458	190.891062	22.694930	
374	2.181576	2.898737	1.017013	9.249027	12.630515	4.135909	105.072072	187.349991	22.512713	
375	2.299718	2.931619	1.013051	9.244482	12.667657	4.140613	104.809161	188.408918	22.553969	
376	2.475244	3.043420	1.055786	9.131787	12.665051	4.156389	102.793783	188.264420	22.598279	
377	2.502969	3.076209	1.092739	9.111268	12.613199	4.186958	102.717676	186.756501	22.842630	
378	2.369430	3.097334	1.088777	9.052792	12.530611	4.187541	101.528731	184.738455	22.876212	
379	2.389250	3.303605	1.097362	9.148742	12.632243	4.188366	103.421659	187.130107	22.875490	
380	2.423841	3.305364	1.089701	9.374887	12.624259	4.183481	108.030032	187.120925	22.808469	
381	2.333435	3.196785	1.051348	9.412098	12.512123	4.182059	108.680733	183.933135	22.795631	
382	2.224471	3.005900	1.024747	9.350999	12.418586	4.191719	107.265130	181.543509	22.980568	
383	2.183917	2.877533	1.013883	9.278808	12.354476	4.184037	105.850891	179.596647	22.961598	
384	2.085958	2.876251	1.007597	9.231747	12.316505	4.155878	104.910011	178.607432	22.703907	
385	2.110454	2.976835	1.018612	9.214463	12.427877	4.163188	104.515168	181.963390	22.745172	
386	2.215247	3.032674	1.025930	9.363465	12.557861	4.187321	108.112225	185.401436	22.931938	
387	2.202805	3.118515	1.028835	9.415341	12.594370	4.195327	108.926936	186.539291	23.005613	
388	2.266515	3.308170	1.040469	9.507581	12.718655	4.195439	110.798512	190.472487	23.028027	
389	2.338767	3.231520	1.064105	9.509254	12.850112	4.226971	111.120419	194.646350	23.327084	
390	2.360746	3.182763	1.053941	9.592202	12.830980	4.221609	112.803686	193.995855	23.344696	
391	2.415364	3.181502	1.045661	9.688420	12.728803	4.237575	115.179037	190.709574	23.487413	
392	2.339057	3.042890	1.043333	9.640626	12.566781	4.228251	114.094362	186.356681	23.402353	
393	1.881152	2.837391	0.995416	9.390328	12.325990	4.190737	109.506390	179.760540	23.098877	
394	1.734631	2.713413	0.973373	9.422421	12.374089	4.163050	110.317832	180.400055	22.672772	
395	1.668047	2.742864	0.964790	9.379125	12.344238	4.147708	108.865834	179.158909	22.422410	
396	1.700301	2.781827	0.948940	9.362855	12.373220	4.141155	108.275410	179.900344	22.336075	
397	1.766696	2.832291	0.943324	9.255352	12.342181	4.114454	105.452486	178.910829	22.101282	
398	1.792771	2.953457	0.966214	9.213183	12.354405	4.104526	104.674456	179.208344	21.981853	
399	1.876714	2.902710	0.980342	9.327499	12.302728	4.122228	107.181535	178.001274	22.178876	
400	1.837093	2.836960	0.972952	9.259547	12.160788	4.134214	105.805410	174.515347	22.382745	
401	1.666290	2.760245	0.951412	9.092836	12.113561	4.136921	102.456943	173.603734	22.463748	
402	1.579668	2.757122	0.942346	9.051859	12.117633	4.144882	101.684562	173.735294	22.576402	
403	1.594689	2.713933	0.939120	9.111543	12.170403	4.151109	102.986556	174.924325	22.683897	
404	1.628210	2.712901	0.941060	9.227332	12.196710	4.162736	105.361059	175.507190	22.770139	
405	1.664409	2.791693	0.969417	9.269292	12.283610	4.185512	105.868500	177.734880	22.890097	
406	1.723392	2.951944	0.987742	9.349639	12.414736	4.211807	107.470055	181.510374	23.141750	
407	1.849133	3.102690	1.004504	9.474924	12.530462	4.215620	109.970651	185.194090	23.214087	
408	1.959881	3.185061	1.013810	9.632863	12.614136	4.234393	113.325496	188.038380	23.412786	
409	2.009797	3.149250	1.023114	9.650336	12.586397	4.247406	114.053451	187.330079	23.531628	
