####### LIGHTCURVES AND MEAN ENERGIES
####### 3 NEUTRINO SPECIES: NU_E, NUBAR_E AND N_X
####### ALL QUANTITIES ARE MEASURED AT 500 KM FROM THE CENTER
#######
####### FROM MODEL L1-90 (BUGLI ET AL. 2020,2021)
####### B0=1e12 G, l=1, r0=1.00e8 cm
####### UNITS: TIME [ms], LUMINOSITY [1e52 erg/s], ENERGY [MeV]


# TIME	L_NU_E     	L_NU_BAR   	L_NU_X     	E_NU_E     	E_NU_BAR  	E_NU_X      	E2_NU_E    	E2_NU_BAR 	E2_NU_X     
1	13.372369	0.000025	0.000021	10.809687	5.735157	0.848823	134.720266	43.960362	0.875602	
2	10.518275	0.000054	0.000039	11.245599	5.926848	1.101410	144.816580	49.976251	1.806544	
3	15.839027	0.334492	0.321784	11.821569	12.764759	3.579485	162.694684	186.982144	14.332691	
4	51.597693	0.334573	0.758961	14.550778	13.544435	5.704403	242.127501	218.353244	44.169867	
5	32.959319	0.351900	0.665221	13.047581	11.740039	7.013170	199.386038	161.523668	74.809642	
6	31.252461	0.499744	0.527905	12.788113	11.857153	6.324101	188.233743	162.480818	62.482653	
7	28.543398	0.558840	0.510682	12.477242	11.520913	5.363442	179.441747	153.700984	43.622769	
8	24.549490	0.669173	0.660302	11.834113	11.695426	4.901685	161.230485	158.208861	33.214491	
9	24.268749	0.649511	0.777772	11.999859	11.558378	4.750139	166.916554	154.424686	29.884359	
10	22.934846	0.623218	0.870572	11.695636	11.437432	4.572111	159.442258	151.642116	27.364833	
11	19.089977	0.621984	0.917389	11.045508	11.243667	4.386781	144.133795	147.846558	25.235157	
12	15.804640	0.681000	0.965705	10.579302	11.056409	4.205288	133.290144	142.767193	23.023373	
13	14.385315	0.735388	0.979117	10.160590	10.885305	4.156359	122.334840	138.406539	22.201766	
14	13.507910	0.866635	1.038757	9.808361	10.819278	4.151602	113.486499	136.250936	21.875273	
15	12.032024	1.052787	1.140170	9.495916	10.881906	4.210419	105.735867	138.147593	22.440035	
16	11.360171	1.291056	1.306629	9.428445	10.972428	4.223230	104.122476	140.389822	22.605410	
17	12.473234	1.483880	1.479563	9.681015	11.011911	4.254094	109.137837	141.625918	22.930506	
18	13.866975	1.735905	1.667014	9.869352	11.105335	4.235125	112.950109	143.773164	22.763414	
19	14.731256	1.963880	1.845530	9.966215	11.103522	4.187773	114.991940	143.541657	22.302791	
20	15.203259	2.152021	2.078547	10.118173	11.079558	4.164374	118.517280	142.839602	21.978443	
21	15.135939	2.185503	2.290446	10.139571	11.076945	4.168233	119.016962	142.682875	21.963329	
22	14.398155	2.112750	2.457622	10.015256	11.019770	4.199285	116.469771	141.293889	22.211689	
23	12.462122	2.005718	2.413665	9.839834	10.996156	4.229588	112.615411	141.531217	22.625301	
24	10.186168	2.020743	2.310348	9.548834	11.121435	4.271636	106.990835	144.191490	23.159854	
25	8.212208	2.169842	2.223055	9.103902	11.240979	4.251673	98.124241	146.701172	23.036820	
26	6.907922	2.307902	2.123632	8.768154	11.349149	4.216341	91.366875	149.742944	22.807718	
27	6.352935	2.405413	2.093210	8.624071	11.340138	4.156791	88.482120	149.308982	22.187860	
28	6.014435	2.559056	2.139342	8.452100	11.342673	4.101040	85.498972	149.482120	21.592599	
29	5.782900	2.704441	2.189348	8.342182	11.349556	4.074219	83.510346	149.900034	21.310862	
30	5.539264	2.830691	2.240376	8.261186	11.393448	4.063499	82.203904	151.084634	21.146660	
31	5.398927	2.979271	2.282637	8.237059	11.458884	4.058274	81.949602	152.942278	21.102955	
32	5.324656	3.197128	2.344260	8.250405	11.524406	4.035430	82.292213	154.626080	20.855403	
33	5.504449	3.405181	2.452980	8.364949	11.622359	4.044337	84.592865	157.274353	20.906116	
34	5.775606	3.499367	2.535192	8.508012	11.673294	4.058232	87.480529	158.778442	21.030902	
35	6.049734	3.591275	2.637216	8.582921	11.756105	4.099954	88.979329	160.920358	21.385203	
36	6.672201	3.612821	2.691199	8.694843	11.799646	4.121211	91.000101	162.056796	21.597434	
37	7.037470	3.720453	2.801729	8.760132	11.859120	4.134137	92.131317	163.198509	21.654542	
38	7.373897	3.837136	2.896009	8.828869	11.953148	4.167864	93.213103	165.610384	21.954408	
39	7.278090	3.838141	2.907667	8.781379	11.933300	4.168941	92.229995	164.855140	21.953915	
40	7.042915	3.788902	2.856097	8.747458	11.820837	4.156266	91.478632	161.770608	21.845053	
41	6.992043	3.770455	2.806365	8.700290	11.785631	4.145594	90.319545	160.890284	21.747453	
42	6.518592	3.679307	2.775472	8.672680	11.695650	4.132110	89.904903	158.900165	21.666017	
43	6.488395	3.709771	2.749947	8.674225	11.635997	4.121085	89.922552	157.257661	21.515374	
44	5.996849	3.844373	2.732108	8.588257	11.710696	4.121073	88.534108	159.517078	21.533725	
45	5.813145	3.914861	2.714543	8.482063	11.763310	4.095800	86.650493	160.785954	21.261096	
46	5.362982	3.930145	2.675494	8.342833	11.793084	4.073096	84.246412	161.689368	21.034905	
47	5.194999	3.985813	2.658875	8.234075	11.896711	4.083336	82.303908	164.447762	21.122215	
48	5.011581	4.087086	2.659162	8.165307	11.910868	4.069173	81.094481	164.674959	20.990230	
49	4.813465	4.246684	2.666283	8.086986	11.967791	4.062509	79.787439	166.078717	20.917127	
50	4.906770	4.390691	2.702769	8.084207	12.006070	4.062703	79.713928	167.059616	20.895858	
51	4.962719	4.447533	2.729449	8.116226	12.011162	4.056947	80.345422	167.245756	20.831702	
52	4.998461	4.508137	2.773973	8.104271	12.019558	4.055039	80.231930	167.466028	20.782721	
53	4.913327	4.575058	2.767516	8.053019	12.037132	4.055199	79.433291	168.181543	20.855026	
54	4.935863	4.655427	2.825595	8.049222	11.982426	4.045540	79.525134	166.508177	20.726913	
55	4.913522	4.825303	2.888306	8.009230	12.036750	4.045248	78.985280	168.306448	20.701914	
56	4.921050	4.807436	2.881503	8.049785	11.979768	4.028435	79.323000	167.024851	20.558399	
57	4.945793	4.683859	2.816613	8.132250	11.974808	4.034328	80.823412	167.072389	20.635637	
58	4.889661	4.571250	2.764799	8.157202	11.932236	4.025840	81.287319	165.846085	20.564764	
59	4.535714	4.570101	2.753470	8.105436	11.993784	4.024865	80.590755	167.190851	20.582428	
60	4.523631	4.562038	2.743816	8.121144	12.131373	4.039641	80.906318	171.088713	20.759985	
61	4.616260	4.476540	2.706967	8.153539	12.193190	4.055726	81.435861	172.744714	20.934014	
62	4.703447	4.459216	2.756480	8.175193	12.191786	4.068401	81.749189	172.373889	21.021237	
63	4.826443	4.426765	2.746897	8.198606	12.165954	4.060450	82.092990	171.798535	20.987068	
64	5.102680	4.431034	2.799502	8.244707	12.195869	4.098161	83.084073	172.699638	21.372832	
65	5.158346	4.525342	2.859490	8.247047	12.212466	4.124475	83.160616	173.191623	21.585068	
66	5.256459	4.704500	2.903266	8.234017	12.158965	4.120886	83.281658	171.783024	21.553513	
67	5.220850	4.908487	2.955512	8.250539	12.090428	4.102914	83.981349	170.090732	21.440026	
68	5.060732	5.137749	2.999772	8.173028	12.195595	4.108150	82.706430	172.996909	21.500238	
69	4.622199	5.221269	2.965016	8.134620	12.199399	4.094042	81.627119	173.002779	21.344358	
70	4.597190	5.399221	2.970416	8.250407	12.314316	4.114613	84.671440	176.109481	21.547011	
71	4.452570	5.329670	2.897036	8.283280	12.290225	4.113743	84.404581	175.170672	21.528387	
72	4.473829	5.262093	2.829565	8.335392	12.260586	4.085308	85.110246	174.545226	21.275864	
73	4.666239	5.292382	2.836441	8.308709	12.243503	4.078083	84.452591	174.297774	21.192756	
74	4.722041	5.302497	2.816609	8.242332	12.237903	4.070224	83.235715	174.025207	21.092297	
75	4.721059	5.278277	2.800689	8.229743	12.204588	4.065216	83.011007	172.984307	21.034799	
76	4.735924	5.263165	2.793459	8.212573	12.239016	4.067797	82.733295	173.958512	21.062908	
77	4.790533	5.160189	2.777423	8.179037	12.289633	4.072101	82.228802	175.381181	21.138403	
78	4.773572	5.172883	2.780137	8.167987	12.326295	4.077267	82.009658	176.250106	21.171184	
79	4.837053	5.226594	2.817069	8.159504	12.310593	4.070333	81.827358	175.821616	21.077862	
80	4.907817	5.223294	2.808528	8.136425	12.335316	4.062102	81.359728	176.597030	21.011689	
81	4.764831	5.145851	2.752010	8.093997	12.357500	4.055772	80.658661	177.437726	20.984352	
82	4.686376	5.185585	2.739611	8.062859	12.370911	4.058614	80.182760	177.771777	21.038933	
83	4.727115	5.241268	2.757351	8.047564	12.299574	4.052757	79.960632	175.693915	20.992479	
84	4.761283	5.216214	2.747565	8.065748	12.306321	4.065957	80.209989	175.914960	21.120686	
85	4.779547	5.190575	2.733134	8.088453	12.344268	4.083455	80.710548	176.960019	21.300351	
86	4.902779	5.231671	2.730259	8.141985	12.399677	4.081247	81.797013	178.424708	21.264803	
87	4.951121	5.240320	2.744510	8.180495	12.398944	4.074961	82.523083	178.353898	21.239444	
88	5.027534	5.274205	2.768090	8.230968	12.419293	4.094000	83.489425	178.938565	21.474163	
89	4.889635	5.328875	2.780113	8.220099	12.372880	4.081360	83.353960	177.513819	21.321037	
90	4.843198	5.427728	2.806989	8.247678	12.340186	4.068996	83.860544	176.508265	21.160614	
91	4.826855	5.595133	2.845647	8.249429	12.302472	4.060702	83.802784	175.559697	21.029063	
92	4.769627	5.648111	2.845984	8.288508	12.269446	4.050044	84.547657	174.855567	20.886263	
93	4.879402	5.778062	2.886002	8.314346	12.319634	4.072947	85.118107	176.512189	21.086584	
94	4.758776	5.733635	2.870870	8.283849	12.303229	4.072438	84.703764	176.272547	21.067408	
95	4.607919	5.731673	2.871126	8.279509	12.290206	4.072417	84.902506	176.086994	21.067156	
96	4.507531	5.695573	2.823443	8.287874	12.302185	4.068625	85.271485	176.525919	21.049196	
97	4.565893	5.725650	2.809841	8.317167	12.352645	4.085287	85.812079	177.569624	21.179293	
98	4.552385	5.800623	2.816611	8.366519	12.366321	4.096367	86.600881	177.598950	21.300529	
99	4.431455	5.786349	2.788387	8.384101	12.401643	4.087774	86.888631	178.648555	21.276845	
100	4.391000	5.783600	2.788616	8.416492	12.475487	4.095684	87.604458	180.810525	21.395649	
101	4.441007	5.741815	2.785305	8.427547	12.456379	4.092346	87.820127	180.346301	21.357754	
102	4.400300	5.660006	2.747230	8.391582	12.387514	4.077351	86.971488	178.355616	21.223726	
103	4.323658	5.661360	2.706334	8.353163	12.382262	4.061194	86.175377	178.072830	21.061137	
104	4.331982	5.710237	2.682879	8.360694	12.439711	4.068019	86.343254	179.645968	21.134103	
105	4.427028	5.827519	2.694455	8.407888	12.485552	4.068830	87.239767	180.885647	21.126461	
106	4.615291	5.951567	2.726514	8.490126	12.535860	4.074577	88.692246	182.247515	21.133762	
107	4.815017	5.980370	2.744966	8.538385	12.562715	4.077383	89.621379	183.117056	21.134265	
108	4.893693	5.927904	2.731774	8.547943	12.586681	4.081200	89.966357	183.846427	21.174861	
109	4.939335	5.903090	2.718746	8.569608	12.622621	4.085648	90.376613	184.936157	21.220291	
110	4.985558	5.894132	2.731829	8.566074	12.624774	4.088791	90.278850	185.152582	21.237108	
111	4.993015	5.884370	2.738888	8.525172	12.606326	4.083590	89.546627	184.665084	21.193949	
112	4.987016	5.941021	2.761458	8.486744	12.600481	4.092994	88.888009	184.555437	21.292110	
113	4.960454	6.059898	2.794775	8.509015	12.621122	4.102357	89.357868	185.242978	21.390595	
114	4.957654	6.156510	2.819887	8.591947	12.671143	4.122107	91.031282	186.644798	21.592683	
115	4.942103	6.142623	2.820986	8.646424	12.644038	4.132258	92.172057	185.974548	21.722442	
116	4.856200	6.161539	2.804939	8.675245	12.618427	4.129876	92.576212	185.218505	21.742436	
117	4.778083	6.268013	2.809210	8.709240	12.640440	4.133230	93.349585	185.948203	21.824837	
118	4.781577	6.341784	2.817352	8.785276	12.686956	4.140092	94.899861	187.418355	21.933433	
119	4.744316	6.283201	2.808137	8.846677	12.715283	4.150528	96.248614	188.350901	22.080999	
120	4.793017	6.155927	2.782765	8.865842	12.735044	4.167450	96.645429	188.874248	22.261016	
121	4.952133	6.092044	2.795067	8.870783	12.765930	4.182925	96.756397	189.771999	22.446448	
122	5.138695	6.081629	2.839944	8.875917	12.809103	4.190854	96.632716	190.995030	22.548598	
123	5.285887	6.076555	2.894147	8.878758	12.836969	4.215303	96.787710	191.600461	22.802928	
124	5.419059	6.112202	2.932459	8.878772	12.849127	4.246284	96.902168	191.763174	23.146370	
125	5.489149	6.232011	3.010228	8.887208	12.883990	4.273677	97.813728	192.748936	23.453130	
126	5.532451	6.317883	3.063327	8.890176	12.935074	4.288565	98.017027	194.397756	23.599163	
127	5.528783	6.440671	3.075591	8.880331	12.937759	4.281523	97.766492	194.382643	23.521195	
128	5.432710	6.411403	3.037824	8.843978	12.888194	4.254858	96.781722	192.980217	23.264600	
129	5.073573	6.181542	2.928636	8.872623	12.805141	4.218492	97.461892	190.849120	22.890086	
130	5.037652	6.092354	2.867207	8.979623	12.856367	4.233108	103.182363	192.221106	23.024974	
131	5.208533	6.109672	2.877088	9.055672	12.962897	4.243676	108.039500	195.302989	23.098783	
132	5.232469	5.936778	2.842621	9.030786	13.006544	4.226719	108.351175	196.455579	22.976276	
133	5.025484	5.700329	2.761867	8.908905	12.965251	4.203438	99.763497	195.242822	22.831476	
134	4.976196	5.540270	2.678543	8.844314	12.919889	4.161273	100.002800	194.045759	22.458545	
135	4.998488	5.445682	2.608423	8.781537	12.871561	4.131555	97.972458	192.829006	22.158669	
136	4.877885	5.500356	2.590013	8.736252	12.836475	4.103663	94.556925	191.799244	21.876201	
137	4.775257	5.509862	2.555508	8.839365	12.865484	4.110380	96.830734	192.679810	21.877521	
138	4.942388	5.636157	2.575941	8.953187	12.875667	4.126944	98.908754	192.895481	22.025263	
139	5.028404	5.775988	2.599899	8.973653	12.829551	4.114202	99.055379	191.576681	21.886218	
140	5.142476	5.915336	2.633917	8.972795	12.872969	4.136345	99.311612	192.758906	22.086581	
141	5.157864	5.980211	2.647003	8.985247	12.852428	4.139750	99.624412	192.250969	22.125425	
142	5.056544	5.929418	2.634240	9.006908	12.780360	4.130042	99.923440	190.313134	22.037246	
143	4.916599	5.916340	2.614983	8.998604	12.763582	4.140093	99.713707	189.810768	22.156994	
144	4.876005	5.981901	2.617280	8.940691	12.786022	4.153555	98.480317	190.336068	22.245933	
145	4.865341	6.025727	2.617317	8.929570	12.804309	4.140853	98.190843	190.567171	22.063535	
146	4.812409	5.997685	2.579712	8.991949	12.812723	4.135103	99.417933	190.835629	22.027916	
147	4.816204	6.018967	2.571215	9.023926	12.811489	4.145373	99.927524	190.693920	22.133585	
148	4.966747	6.213070	2.604849	9.026312	12.814970	4.151442	99.848220	190.832752	22.166343	
149	5.128804	6.408168	2.638347	9.033232	12.786375	4.142838	100.045211	189.940317	22.026110	
150	5.101836	6.443846	2.625886	9.062372	12.774546	4.136871	100.715392	189.569011	21.940877	
151	5.020974	6.488059	2.630084	9.109247	12.792776	4.139254	101.714844	190.200445	21.979305	
152	5.014421	6.517303	2.645628	9.101106	12.818144	4.143915	101.609687	191.105145	22.021461	
153	5.111626	6.555179	2.658011	9.090512	12.829744	4.144167	101.433061	191.535082	22.011269	
154	5.146263	6.518145	2.633487	9.106288	12.807796	4.143341	101.801014	191.024372	22.024406	
155	5.115360	6.460847	2.608692	9.129809	12.791771	4.152085	102.296833	190.562646	22.137117	
156	5.011459	6.366478	2.573126	9.108350	12.760603	4.152413	101.976958	189.703220	22.156196	
157	4.918271	6.259312	2.546907	9.097049	12.740888	4.156037	101.712915	189.181213	22.188441	
158	4.844239	6.128929	2.513847	9.096099	12.725163	4.147514	101.590782	188.794505	22.115274	
159	4.787489	6.116753	2.524277	9.125547	12.781074	4.151484	102.112509	190.310049	22.178457	
160	4.807208	6.146633	2.527652	9.197296	12.837403	4.159271	103.416491	191.778484	22.284019	
161	4.813496	6.139226	2.549884	9.248084	12.869008	4.171050	104.517237	192.686277	22.396451	
162	4.783849	6.141991	2.575731	9.265932	12.869259	4.179989	104.769973	192.745269	22.470363	
163	4.809975	6.185672	2.593123	9.284752	12.854851	4.189568	105.123063	192.374459	22.588922	
164	4.840174	6.189749	2.563115	9.309920	12.833394	4.182784	105.648041	191.787472	22.530178	
165	4.917742	6.197455	2.563631	9.316270	12.864092	4.177728	105.638597	192.599718	22.462550	
166	5.068401	6.262382	2.582050	9.290854	12.947225	4.187690	105.132281	194.630458	22.521537	
167	5.038776	6.335207	2.561221	9.180223	12.965865	4.186374	103.316820	194.712484	22.543008	
168	4.990933	6.270734	2.536521	9.113521	12.997216	4.205303	102.314323	195.600264	22.720853	
169	5.056782	6.224476	2.527777	9.101142	13.087175	4.231261	102.168881	198.247645	22.975458	
170	5.160444	6.245656	2.554675	9.100725	13.168961	4.239302	102.228755	200.681771	23.069293	
171	5.182854	6.184355	2.545524	9.140504	13.188754	4.240187	103.081978	201.302070	23.091325	
172	5.253652	6.187045	2.531863	9.188957	13.184404	4.225672	103.876092	201.237389	22.956089	
173	5.193288	6.165902	2.517091	9.224479	13.111418	4.211118	104.564909	199.130086	22.818238	
174	5.052243	6.185127	2.505814	9.252582	13.067758	4.200121	105.003360	197.954140	22.698146	
175	4.909331	6.129378	2.485065	9.236674	12.981137	4.198168	104.803232	195.753772	22.666753	
176	4.834616	6.038363	2.452682	9.213442	12.991200	4.202125	104.555188	196.258235	22.736437	
177	4.705827	6.022456	2.417673	9.193303	12.921382	4.190561	104.571388	194.594046	22.694839	
178	4.645118	5.850047	2.397342	9.212178	12.919025	4.189460	105.020558	194.842415	22.710193	
179	4.637763	5.752972	2.397737	9.226926	12.891213	4.174845	105.077263	194.222326	22.570574	
180	4.674544	5.690614	2.391261	9.227615	12.806596	4.156285	104.807983	191.909891	22.378822	
181	4.706438	5.622522	2.358374	9.193594	12.749986	4.148726	103.975322	190.352820	22.294036	
182	4.611742	5.455854	2.304218	9.138033	12.668643	4.120070	102.904685	188.210585	22.028209	
183	4.669673	5.423532	2.293267	9.161038	12.721296	4.128525	103.193557	190.266708	22.186338	
184	4.820853	5.370183	2.279390	9.185128	12.791437	4.136708	103.606063	192.099295	22.270730	
185	4.865528	5.361807	2.265202	9.145200	12.856487	4.136186	103.137931	194.060005	22.318003	
186	4.778261	5.270961	2.235758	9.092439	12.905534	4.147302	102.319304	195.698038	22.477643	
187	4.637714	5.202699	2.231434	9.069385	12.902613	4.155870	101.986014	195.854035	22.608434	
188	4.458825	5.122105	2.229052	9.038985	12.952337	4.163954	101.507211	197.498822	22.720573	
189	4.486135	5.120901	2.229833	9.080978	13.065476	4.169276	102.187767	200.558394	22.766458	
190	4.703496	5.292244	2.267731	9.143357	13.153096	4.182588	103.475828	202.766019	22.870794	
191	4.979926	5.492829	2.305153	9.234104	13.252691	4.195852	105.170494	205.361298	22.943264	
192	5.383425	5.645981	2.354431	9.350185	13.346507	4.200435	107.525558	208.163978	22.926011	
193	5.278750	5.761069	2.412275	9.479202	13.384810	4.226586	110.835491	209.454335	23.143313	
194	5.091966	5.909053	2.480779	9.609953	13.409205	4.255744	114.051514	210.307881	23.421260	
195	5.149169	6.024808	2.529092	9.627613	13.377887	4.271140	113.906480	208.787374	23.566804	
196	5.384178	6.259168	2.561354	9.650067	13.338020	4.297025	114.080308	207.453460	23.848778	
197	5.645274	6.417631	2.598474	9.634317	13.277249	4.314554	113.757879	205.632900	23.971093	
198	5.624282	6.628156	2.646147	9.736852	13.281751	4.326212	115.723140	205.521225	24.027931	
199	5.965158	7.027142	2.765869	9.859172	13.291467	4.362593	117.954025	205.638387	24.347230	
200	6.223042	7.162180	2.885501	9.752042	13.299781	4.393028	115.532961	205.938028	24.643880	
201	6.042936	6.804631	2.871687	9.537341	13.242684	4.384637	111.420076	204.546639	24.608170	
202	5.657800	6.490956	2.798087	9.470251	13.151948	4.370351	109.992597	202.229383	24.486682	
203	5.461294	6.299923	2.735323	9.476073	13.160980	4.379324	109.944287	202.424685	24.625847	
204	5.626120	6.238589	2.720163	9.506736	13.271786	4.383350	110.125037	205.460680	24.671702	
205	5.899079	6.147910	2.728671	9.412998	13.309243	4.390118	108.255869	206.657165	24.723290	
206	5.978551	6.166474	2.755349	9.265749	13.352603	4.403473	105.805065	208.151582	24.884125	
207	5.883238	6.130154	2.737672	9.166555	13.352753	4.411631	104.376093	208.337494	25.019004	
208	5.786210	6.059827	2.737748	9.154407	13.410449	4.419003	104.451798	210.089936	25.127421	
209	5.847176	5.987414	2.709916	9.172493	13.462318	4.414768	104.469688	211.851333	25.143305	
210	5.832571	5.999944	2.689493	9.190817	13.416306	4.412916	104.854967	210.651309	25.149335	
211	5.798794	6.044470	2.662808	9.218471	13.415445	4.414848	105.549777	210.592952	25.149041	
212	5.690538	5.957665	2.602467	9.238549	13.388725	4.418257	106.312775	209.833888	25.203188	
213	5.508438	5.827732	2.538774	9.289723	13.328457	4.409975	107.846879	208.039082	25.147209	
214	5.233196	5.759793	2.509418	9.320425	13.353497	4.400600	108.446235	208.548914	25.070900	
215	5.101992	5.864520	2.522647	9.404608	13.362876	4.388856	110.138212	208.729479	25.002979	
216	5.029160	5.771711	2.439663	9.493097	13.383663	4.388191	113.618918	209.467013	25.061530	
217	4.956017	5.697694	2.421731	9.477115	13.378276	4.374890	112.033143	209.263649	24.885563	
218	4.771531	5.557229	2.419681	9.465321	13.430084	4.374771	111.683718	211.150888	24.899895	
219	4.586658	5.310399	2.360256	9.473734	13.374199	4.366146	111.695140	209.638348	24.793535	
220	4.434370	5.217761	2.327266	9.442844	13.353569	4.349483	110.955134	208.841538	24.607466	
221	4.446861	5.228127	2.298632	9.496848	13.426821	4.366769	111.927293	211.081266	24.832056	
222	4.479739	5.203426	2.298945	9.417995	13.396804	4.361403	110.459399	210.123712	24.768015	
223	4.368975	5.088686	2.274119	9.310632	13.398070	4.373190	109.151884	209.851086	24.923147	
224	4.270312	4.983730	2.241220	9.236436	13.416092	4.364953	107.520909	210.149249	24.890042	
225	4.201577	4.906282	2.200381	9.201076	13.446709	4.338278	106.403351	210.978361	24.668990	
226	4.205325	4.922653	2.188197	9.174711	13.402054	4.299675	105.841875	210.041164	24.276197	
227	4.249879	5.060913	2.213146	9.122773	13.354427	4.281709	105.044003	208.808616	24.067414	
228	4.339952	5.133457	2.230517	9.132081	13.318744	4.268780	104.970743	207.564862	23.890635	
229	4.412374	5.137061	2.221688	9.177421	13.256576	4.262347	105.518381	205.598058	23.747251	
230	4.388370	5.090639	2.184729	9.192248	13.149543	4.250911	105.501121	202.514178	23.582399	
231	4.300153	5.047274	2.125200	9.153181	12.991331	4.214603	104.428460	198.273124	23.187162	
232	4.232534	5.125793	2.072467	9.071298	12.830904	4.171206	102.887334	194.095981	22.779817	
233	4.197834	5.215812	2.010495	8.932712	12.610642	4.094127	100.210606	188.089411	22.003802	
234	3.951309	4.925802	1.850426	8.637084	12.211024	3.951889	94.531031	177.588895	20.657603	
235	3.761332	4.653393	1.728614	8.474300	11.938375	3.868351	91.373973	171.052453	19.913890	
236	3.708581	4.575207	1.713376	8.498634	11.894570	3.845756	91.942738	170.524204	19.686201	
237	3.806747	4.590285	1.760498	8.706236	12.070580	3.889717	96.361680	175.319755	20.108372	
238	4.032026	4.826782	1.807255	8.909040	12.212162	3.946262	100.242586	178.422459	20.647340	
239	4.236507	5.012772	1.863829	8.976895	12.211499	3.965069	101.358027	177.965583	20.807551	
240	4.297026	5.008182	1.870965	8.907721	12.117246	3.953559	99.757924	175.461813	20.709266	
241	4.261610	4.974862	1.853045	8.815286	12.035237	3.948622	97.882410	173.373179	20.719360	
242	4.135589	4.902779	1.842168	8.766586	12.005489	3.943102	97.100263	172.760504	20.718459	
243	3.959863	4.818638	1.825282	8.734575	12.019529	3.959788	96.565174	173.290701	20.907935	
244	3.911246	4.901419	1.831170	8.759703	12.096631	3.985464	96.872588	175.298830	21.130186	
245	3.920951	4.845117	1.822005	8.792425	12.161524	3.985062	97.495075	177.313417	21.097791	
246	3.959805	4.887311	1.813748	8.851290	12.236618	3.985058	98.530122	179.066265	21.065768	
247	4.079095	4.935161	1.816206	8.897220	12.232556	3.981068	99.254411	178.804993	21.002817	
248	4.100778	4.906534	1.796249	8.886193	12.220700	3.980018	99.114672	178.444571	21.025808	
249	4.147634	4.911493	1.795238	8.868890	12.221579	3.983100	98.817819	178.457596	21.065010	
250	4.160349	4.876259	1.817351	8.851737	12.219079	3.989705	98.554736	178.303072	21.121436	
251	4.139533	4.872871	1.836016	8.853752	12.286732	4.007060	98.728968	180.201508	21.300354	
252	4.160973	4.896662	1.831474	8.897390	12.350689	4.009972	99.773572	182.244254	21.367727	
253	4.109281	4.861303	1.828910	8.922307	12.374700	3.990383	100.556510	183.286630	21.191757	
254	4.106197	4.948566	1.819938	8.980858	12.397323	3.972788	101.797836	184.246060	21.062710	
255	4.170032	5.073681	1.826698	9.090951	12.400128	3.982520	104.039689	184.371173	21.140050	
256	4.142358	5.103805	1.823393	9.181611	12.350040	3.996744	105.861297	183.050288	21.305065	
257	4.045082	4.921797	1.802349	9.216658	12.245450	4.007465	106.355427	180.479574	21.466215	
258	3.922283	4.781958	1.789600	9.223566	12.210657	4.023445	106.334461	179.862769	21.657781	
259	3.878141	4.770405	1.778324	9.215856	12.236837	4.030748	105.949844	180.568779	21.721403	
260	3.933929	4.920981	1.789420	9.201203	12.266572	4.017454	105.408203	181.165231	21.571416	
261	4.119161	5.102401	1.817741	9.260303	12.313593	4.001849	106.489354	182.276894	21.397941	
262	4.259039	5.177813	1.845931	9.333211	12.387074	4.000043	108.161819	184.196628	21.356144	
263	4.190583	5.134945	1.836823	9.339897	12.445671	4.020641	108.589706	185.597170	21.574028	
264	4.021929	4.840936	1.787675	9.280507	12.432376	4.022496	107.671795	185.354094	21.653640	
265	3.844612	4.587515	1.736967	9.197255	12.431411	4.019648	106.100627	185.191934	21.678240	
266	3.821588	4.557075	1.719187	9.144233	12.438130	4.015812	105.087928	185.025013	21.634823	
267	3.963897	4.622243	1.743669	9.126712	12.453246	4.007872	104.776547	185.373965	21.484217	
268	4.035393	4.655212	1.739715	9.135042	12.394209	3.989025	104.791779	183.389388	21.256283	
269	4.022791	4.816299	1.783007	9.118358	12.383572	4.008108	104.274216	183.133627	21.446283	
270	4.005865	4.841139	1.788397	9.155187	12.366202	4.013936	105.051072	183.084242	21.513998	
271	4.001466	4.905076	1.781778	9.209400	12.375450	4.029480	106.018987	183.287114	21.708052	
272	4.022327	4.859349	1.762579	9.216691	12.417401	4.046917	106.011858	184.590100	21.923665	
273	3.939833	4.883458	1.756782	9.198070	12.439561	4.052516	105.578715	185.074530	21.990359	
274	3.960475	4.940457	1.770874	9.179392	12.488973	4.052569	105.120360	186.270548	21.978565	
275	3.956891	4.866557	1.781856	9.145060	12.515717	4.066791	104.566223	186.860936	22.085711	
276	3.822907	4.597178	1.773301	9.093628	12.545693	4.095427	103.828107	187.868278	22.358547	
277	3.682456	4.386944	1.757872	9.083069	12.601192	4.105884	103.820952	189.603649	22.436469	
278	3.733023	4.438216	1.728475	9.142248	12.672185	4.089011	105.132970	191.433291	22.267647	
279	3.790935	4.445581	1.701986	9.198855	12.682394	4.087746	106.327940	191.711916	22.238302	
280	3.729695	4.435005	1.693108	9.191306	12.686587	4.072917	106.329291	191.928998	22.086404	
281	3.725478	4.472459	1.692542	9.158535	12.646496	4.039738	105.705649	190.747359	21.751334	
282	3.687072	4.483940	1.693049	9.073992	12.529920	4.004854	103.792903	187.338098	21.386264	
283	3.625202	4.449530	1.694697	9.000093	12.460262	3.991071	102.114467	185.155963	21.217503	
284	3.630085	4.598637	1.723896	8.987503	12.506932	3.990121	101.738561	186.111429	21.152719	
285	3.642857	4.662347	1.728482	9.042408	12.582318	3.995756	103.116619	188.078691	21.201741	
286	3.501927	4.576881	1.697276	9.122370	12.580754	4.002855	105.066608	188.296951	21.307024	
287	3.409945	4.522831	1.662704	9.204361	12.562942	4.009766	106.719867	188.054295	21.408013	
288	3.364159	4.380923	1.635872	9.188889	12.492942	4.007591	106.218513	186.324692	21.423644	
289	3.352708	4.261263	1.643992	9.122298	12.452970	3.993092	104.804650	185.469646	21.283910	
290	3.329468	4.158141	1.651137	9.078149	12.430114	3.987863	104.007529	184.951320	21.199879	
291	3.389239	4.196341	1.690786	9.043509	12.413241	3.999041	103.283386	184.612920	21.289631	
292	3.473819	4.272231	1.711480	9.059546	12.420585	4.029120	103.601118	184.826527	21.581144	
293	3.487216	4.270141	1.713058	9.088836	12.452820	4.061452	104.219935	185.571536	21.920390	
294	3.469375	4.222242	1.689750	9.127716	12.503443	4.082448	105.099913	186.927309	22.209083	
295	3.415237	4.145647	1.687993	9.173758	12.580721	4.105412	106.117824	189.285205	22.462297	
296	3.413544	4.215951	1.705927	9.224525	12.729057	4.133391	107.040521	193.210000	22.717937	
297	3.491442	4.389842	1.734993	9.327284	12.878122	4.135915	109.059280	197.055862	22.720546	
298	3.620876	4.571072	1.798135	9.470604	13.023692	4.157930	112.024688	201.097138	22.899516	
299	3.647268	4.444069	1.819281	9.479605	13.085005	4.176444	112.312181	203.161712	23.028237	
300	3.593819	4.386924	1.793791	9.514145	13.111539	4.186655	113.140166	204.030173	23.170680	
301	3.642691	4.477406	1.775842	9.568272	13.126268	4.178299	114.156701	204.169570	23.116475	
302	3.727219	4.548660	1.781761	9.622624	13.113546	4.164897	115.320851	203.744637	22.982390	
303	3.872364	4.705419	1.790231	9.651520	13.067484	4.157802	116.001903	202.244320	22.910931	
304	3.964990	4.808726	1.787476	9.631612	12.983230	4.137317	115.502684	199.749365	22.709803	
305	3.903665	4.792105	1.780506	9.553105	12.906625	4.126153	113.914385	197.581557	22.600094	
306	3.787810	4.705176	1.770538	9.479925	12.877234	4.127712	112.459647	196.757535	22.630075	
307	3.649210	4.582972	1.746409	9.435556	12.874960	4.136997	111.719175	197.011657	22.768353	
308	3.561655	4.437658	1.728935	9.421311	12.854937	4.129437	111.679018	196.800805	22.724937	
309	3.488963	4.317890	1.711345	9.386011	12.824689	4.127535	110.984080	195.853818	22.714515	
310	3.417762	4.221392	1.682237	9.322851	12.774719	4.123426	109.551365	194.463458	22.738944	
311	3.429346	4.176538	1.672412	9.298683	12.778559	4.118270	108.931123	194.560476	22.712418	
312	3.408709	4.105972	1.640349	9.263319	12.744898	4.107987	108.216476	193.589714	22.621750	
313	3.314234	4.103835	1.613428	9.239493	12.712442	4.107668	107.787049	192.819454	22.642980	
314	3.301936	4.107882	1.613332	9.282160	12.681872	4.108472	108.670581	192.247119	22.656436	
315	3.305235	4.204405	1.638376	9.294013	12.667656	4.102995	108.703987	191.604725	22.544886	
316	3.323454	4.232576	1.633212	9.315049	12.606799	4.091708	108.896270	190.215013	22.426470	
317	3.251560	4.077285	1.597420	9.318849	12.523673	4.069523	109.030301	188.421044	22.220862	
318	3.039044	3.892349	1.556275	9.275030	12.413457	4.058810	108.382171	185.791313	22.147853	
319	2.938399	3.878384	1.538166	9.233488	12.402565	4.047104	107.588420	185.574417	22.034663	
320	2.985597	3.924495	1.516473	9.225858	12.430845	4.035608	107.319971	186.245134	21.874846	
321	3.131329	4.055383	1.517310	9.289813	12.466560	4.029471	108.643353	186.837511	21.777313	
322	3.268523	4.124864	1.523499	9.336822	12.493081	4.023811	109.681534	187.482896	21.712738	
323	3.245663	4.042070	1.520333	9.311452	12.475287	4.017565	109.509880	187.394795	21.670373	
324	3.123420	3.914662	1.515596	9.233799	12.434037	4.013522	108.093218	186.554090	21.668858	
325	3.019099	3.920797	1.520264	9.129648	12.344838	3.997037	105.907996	184.123087	21.521715	
326	3.005754	4.004074	1.507448	9.081704	12.277649	3.962306	104.821902	182.302674	21.203088	
327	3.062147	4.083790	1.500771	9.088478	12.258001	3.939297	104.790319	181.694226	20.940484	
328	3.113819	4.128331	1.507715	9.096040	12.249973	3.950397	104.962429	181.784498	21.039975	
329	3.062580	4.020457	1.494889	9.091818	12.226209	3.966562	105.272626	181.432435	21.234715	
330	2.980757	3.959497	1.480261	9.065384	12.174999	3.986161	104.529040	179.630307	21.449424	
331	2.988255	3.920695	1.473636	9.041221	12.142123	4.003479	103.763343	178.714422	21.668241	
332	2.957154	3.797211	1.467904	9.005731	12.087893	4.009972	102.946840	177.419804	21.764133	
333	2.845471	3.581217	1.442359	8.935732	12.062980	4.015990	101.585677	177.122765	21.826641	
334	2.785480	3.533175	1.409590	8.894234	12.085575	3.999412	100.942713	177.870414	21.704671	
335	2.829104	3.570053	1.410907	8.931547	12.112806	3.995823	102.058532	178.722422	21.670988	
336	2.896850	3.627808	1.421622	9.013273	12.171399	4.001834	103.834456	179.929551	21.713349	
337	2.905014	3.471855	1.439718	9.103825	12.249309	4.027162	105.749376	182.493064	21.924717	
338	2.836624	3.381749	1.433316	9.144058	12.347263	4.045736	106.725176	185.353546	22.109231	
339	2.777433	3.337391	1.395978	9.139801	12.315327	4.018080	106.657601	184.193261	21.904655	
340	2.797824	3.444444	1.409735	9.093594	12.244820	4.002737	105.505929	181.820818	21.709530	
341	2.846431	3.477687	1.435290	9.096911	12.290414	4.006416	105.675902	183.362190	21.687372	
342	2.867285	3.530861	1.435816	9.117095	12.365563	4.001223	106.243022	185.660412	21.662935	
343	2.879595	3.593172	1.435086	9.130955	12.410299	3.999819	106.558603	186.563408	21.637638	
344	2.867019	3.586708	1.426095	9.059766	12.327479	4.000881	104.874389	184.091086	21.631675	
345	2.831135	3.556726	1.407679	8.979306	12.285655	4.004300	103.132459	182.918625	21.703291	
346	2.832851	3.608995	1.408558	8.998076	12.269509	3.988006	103.289394	182.168097	21.544355	
347	2.801132	3.591443	1.395770	9.055922	12.186867	3.970054	104.183056	179.615535	21.387567	
348	2.743780	3.493617	1.390777	9.000889	12.103100	3.956275	102.905783	177.676834	21.267120	
349	2.596721	3.270078	1.340083	8.878129	12.008140	3.948775	100.556041	175.446422	21.198244	
350	2.510755	3.210977	1.284841	8.927996	12.039519	3.960947	101.731601	176.491033	21.339956	
351	2.605280	3.298904	1.295597	9.063524	12.072593	3.963807	104.394491	177.099944	21.327060	
352	2.691257	3.362938	1.321935	9.177554	12.124255	3.973687	106.755819	178.356740	21.398417	
353	2.608874	3.145724	1.339033	9.148312	12.059765	3.987105	106.118652	176.931465	21.489271	
354	2.487454	3.037480	1.344323	9.119120	12.014627	4.011846	105.274209	175.805141	21.744571	
355	2.411635	3.025835	1.343146	9.101604	12.044934	4.012862	105.120098	176.993606	21.766288	
356	2.402501	3.131252	1.318480	9.211952	12.047445	4.005045	107.246050	176.571248	21.772714	
357	2.415810	3.205894	1.300535	9.301787	12.016461	3.994054	108.941934	175.676215	21.740353	
358	2.370757	3.111717	1.284307	9.274929	11.951072	3.980949	108.425465	173.769918	21.624964	
359	2.305964	2.962375	1.283390	9.200120	11.870361	3.974971	107.004607	171.717998	21.519164	
360	2.236157	2.935931	1.292791	9.143006	11.926645	3.997578	105.805446	173.128973	21.721023	
361	2.168228	2.900427	1.286406	9.077546	11.982169	4.010749	104.723168	174.812883	21.866067	
362	2.123779	2.845393	1.252725	9.039848	12.043864	4.008450	104.196921	176.600920	21.901209	
363	2.108712	2.805235	1.213288	9.001614	12.054064	3.974889	103.417082	176.903662	21.656520	
364	2.081242	2.675746	1.190881	8.976645	11.998279	3.953934	103.029730	175.592344	21.444204	
365	1.970577	2.558259	1.183331	8.889946	11.901908	3.934721	101.399613	172.933037	21.258304	
366	1.913524	2.521635	1.194503	8.820647	11.945184	3.936314	100.113025	174.131729	21.273612	
367	1.921823	2.522781	1.193533	8.775841	11.980959	3.944069	99.082529	174.688530	21.311513	
368	1.880014	2.496380	1.158923	8.863603	12.016588	3.963167	100.855073	175.746988	21.535733	
369	2.005995	2.628197	1.162857	8.934349	12.033290	3.952178	102.123124	175.539866	21.445219	
370	2.005044	2.615537	1.167904	8.902785	11.826481	3.938247	101.465861	169.972071	21.298699	
371	2.047739	2.599381	1.199570	8.838367	11.722083	3.940483	99.882893	167.490458	21.263911	
372	2.026617	2.604952	1.199078	8.793013	11.732902	3.947665	99.032922	167.900713	21.350109	
373	2.058883	2.704146	1.196397	8.829667	11.753564	3.954257	99.731702	168.336094	21.433869	
374	2.045071	2.794636	1.181455	8.865782	11.761851	3.948078	100.711569	168.518859	21.426750	
375	1.909255	2.676067	1.124440	8.915054	11.684943	3.916149	102.158544	166.579637	21.194747	
376	1.804947	2.514117	1.120591	9.049047	11.659252	3.938088	104.895830	166.271958	21.417282	
377	1.747902	2.349440	1.128659	8.871202	11.746796	3.976800	101.417821	169.049408	21.771390	
378	1.738286	2.319578	1.113198	8.722390	11.911338	3.981486	98.589220	172.983059	21.795913	
379	1.760370	2.384611	1.116893	8.681672	11.952632	3.954788	97.794809	174.248332	21.525154	
380	1.825924	2.329775	1.085484	8.695301	11.897831	3.930351	97.746903	172.770095	21.293582	
381	1.884582	2.240150	1.093145	8.642975	11.861993	3.930709	96.661421	172.164252	21.302326	
382	1.786702	2.133494	1.087160	8.541120	11.790698	3.931322	94.994213	169.926480	21.336030	
383	1.658935	2.062733	1.066225	8.484324	11.661202	3.935667	93.910889	166.261157	21.469047	
384	1.546211	2.001081	1.043100	8.468652	11.609617	3.927012	93.685709	164.997660	21.397104	
385	1.516060	1.979924	1.022421	8.486377	11.643032	3.939705	93.856076	165.726259	21.515241	
386	1.491690	1.966039	1.001827	8.485997	11.696787	3.944316	93.887737	166.913954	21.593828	
387	1.461744	1.953925	0.991299	8.453572	11.633488	3.924814	92.903108	164.895252	21.423798	
388	1.450150	1.949276	1.004649	8.457031	11.624029	3.947893	92.769221	164.512123	21.662067	
389	1.485775	1.990856	1.019132	8.469282	11.715001	3.953765	93.110316	167.026749	21.686630	
390	1.557652	2.005983	1.020075	8.499823	11.764792	3.930323	94.027547	168.677589	21.376602	
391	1.548546	1.949647	0.996995	8.484437	11.698297	3.927478	94.014468	167.192810	21.369202	
392	1.482877	1.899371	0.985435	8.461190	11.577946	3.917117	93.301212	163.890998	21.279307	
393	1.398918	1.901329	1.001022	8.404620	11.507163	3.921000	91.882148	162.027390	21.278033	
394	1.402182	1.906735	1.013112	8.410365	11.608316	3.925415	91.834037	164.954873	21.314697	
395	1.369723	1.850126	0.993891	8.409490	11.663330	3.928654	92.043663	166.504507	21.343551	
396	1.348165	1.794764	0.964556	8.389863	11.614419	3.921055	91.782273	165.210918	21.381664	
397	1.401818	1.835240	0.962229	8.411597	11.627390	3.897333	91.946552	165.206937	21.157725	
398	1.449915	1.985562	0.982648	8.425710	11.645238	3.896608	92.218147	165.231032	21.103039	
399	1.433920	1.969121	0.962223	8.505556	11.570757	3.895287	93.556938	163.319122	21.084866	
400	1.359346	1.827950	0.945357	8.392080	11.527892	3.890782	91.494853	162.557041	21.056846	
401	1.315161	1.753277	0.937586	8.353356	11.572877	3.918532	90.724132	163.686133	21.389029	
402	1.290357	1.688590	0.914825	8.294905	11.458865	3.917058	89.109780	160.245663	21.438267	
403	1.291403	1.729750	0.931843	8.259789	11.498789	3.906684	88.320212	161.383777	21.223396	
404	1.312836	1.810840	0.939608	8.312662	11.533180	3.891063	89.549746	162.411267	21.055124	
405	1.331952	1.889867	0.947930	8.407379	11.483013	3.879978	91.503811	161.849809	21.072727	
406	1.322350	1.867527	0.930196	8.471231	11.493964	3.913927	92.692720	162.345971	21.493363	
407	1.321585	1.866057	0.932453	8.467844	11.464229	3.919739	92.731304	161.432873	21.584691	
408	1.286422	1.809782	0.929750	8.405375	11.431505	3.937594	91.546084	160.291198	21.780069	
409	1.244675	1.741592	0.946648	8.353635	11.428259	3.954781	90.593364	160.689984	21.890198	
410	1.226370	1.680169	0.959053	8.355647	11.570814	3.986405	90.689669	164.437582	22.157389	
411	1.192859	1.621565	0.945380	8.274688	11.541646	3.985231	88.981726	163.642849	22.136649	
412	1.187044	1.649231	0.933919	8.213376	11.509260	3.955926	87.788200	162.872240	21.809562	
413	1.193960	1.663557	0.944273	8.232084	11.500904	3.964158	87.744439	162.157905	21.882480	
414	1.175209	1.668112	0.947912	8.260419	11.501259	3.985036	88.436545	162.222050	22.135166	
415	1.155814	1.673346	0.925534	8.280472	11.514878	3.967717	89.019377	162.761914	21.951979	
416	1.121004	1.621087	0.907910	8.232348	11.462381	3.959845	88.101223	161.347649	21.906351	
417	1.103127	1.604378	0.894706	8.233384	11.435838	3.938711	88.164768	160.556354	21.710207	
418	1.053596	1.606587	0.888997	8.194588	11.380176	3.938562	87.369170	159.100260	21.733120	
419	1.010481	1.594737	0.885825	8.210278	11.408089	3.956799	87.963723	160.144808	21.947387	
420	1.038914	1.608148	0.879913	8.239529	11.454564	3.961177	88.545981	161.466521	22.002175	
421	1.052146	1.560908	0.878820	8.259541	11.508722	3.965013	89.162104	163.500554	22.091143	
422	1.038745	1.531464	0.896922	8.319930	11.666895	4.011207	90.332765	167.660710	22.478404	
423	1.030771	1.506680	0.931706	8.304615	11.713089	4.040359	90.057753	168.945520	22.703543	
424	1.025458	1.511173	0.933813	8.218338	11.609704	4.028384	88.386799	166.551550	22.604692	
425	1.011212	1.488201	0.908994	8.122402	11.478520	3.999160	86.558273	163.270590	22.357099	
426	0.988669	1.472162	0.889679	8.162965	11.484938	3.987183	87.777219	163.811157	22.266092	
427	0.946814	1.425062	0.873766	8.135878	11.438815	3.966448	87.333709	162.811279	22.082015	
428	0.898618	1.345740	0.853502	8.002499	11.294613	3.938036	84.211757	158.264717	21.853861	
429	0.874121	1.355254	0.828730	7.993819	11.293043	3.927943	84.006368	157.873340	21.746191	
430	0.888454	1.393218	0.817742	8.073891	11.390079	3.939576	85.503039	160.308132	21.922622	
431	0.950545	1.456651	0.840702	8.204177	11.442267	3.949598	88.498574	161.848648	22.026101	
432	0.973378	1.492875	0.864842	8.301007	11.488144	4.009694	90.165933	163.327240	22.624235	
433	0.969477	1.437428	0.855872	8.278077	11.463146	4.007562	89.383353	162.469142	22.649171	
434	0.933783	1.356941	0.851215	8.205687	11.443477	3.976879	87.784409	161.899787	22.261260	
435	0.942072	1.345020	0.866619	8.209147	11.492119	3.994492	88.038594	163.545935	22.391599	
436	0.944463	1.387834	0.905273	8.179402	11.536313	3.999223	87.897688	164.952799	22.403040	
437	0.938503	1.385821	0.892427	8.236182	11.546928	4.030638	89.027779	165.216232	22.796544	
438	0.904836	1.333353	0.874499	8.168940	11.468830	4.033861	87.833267	163.285121	22.953534	
439	0.875015	1.316309	0.863425	8.042213	11.292552	4.012638	85.157404	158.872050	22.861058	
440	0.821111	1.275878	0.852184	7.959907	11.212643	3.998003	83.051139	156.501696	22.646616	
441	0.782818	1.227350	0.839667	7.966464	11.257865	4.018332	83.500850	158.139936	22.854703	
442	0.812108	1.261386	0.836539	7.963545	11.323007	4.013298	83.612311	160.355762	22.936454	
443	0.841814	1.256152	0.826130	8.018716	11.393615	4.034901	84.712892	162.173928	23.234413	
444	0.813255	1.254236	0.822790	8.011149	11.458726	4.036349	84.157307	163.141443	23.133455	
445	0.796870	1.264119	0.819931	8.113202	11.565701	4.045798	86.355607	165.971854	23.231785	
446	0.806502	1.312460	0.834545	8.159085	11.544078	4.031012	87.331537	164.941586	23.022394	
447	0.835697	1.302403	0.831235	8.224403	11.510327	4.070020	88.251656	163.424949	23.487021	
448	0.826532	1.263307	0.812901	8.231008	11.447393	4.038200	88.542470	162.519012	23.243368	
449	0.812187	1.258304	0.817771	8.187677	11.428941	4.036714	88.351220	162.403914	23.162652	
450	0.789163	1.263403	0.831491	8.118335	11.431182	4.045254	86.733640	162.003598	23.213350	
451	0.781069	1.251217	0.823487	8.042433	11.357948	4.017710	85.281993	160.299118	23.003145	
452	0.785598	1.207216	0.810197	8.134915	11.411572	4.031870	87.774941	162.180430	23.186454	
453	0.793335	1.210004	0.810887	8.182140	11.487754	4.063672	88.420708	163.812391	23.470612	
454	0.806748	1.237240	0.826400	8.170430	11.470454	4.064426	87.719948	162.806674	23.395766	
455	0.795184	1.261713	0.829896	8.077780	11.430613	4.071745	84.728980	160.864184	23.412622	
456	0.816072	1.301423	0.839656	8.135793	11.485696	4.078660	86.361787	162.797441	23.534614	
457	0.842328	1.285271	0.833871	8.129552	11.504957	4.096148	86.643074	163.621884	23.761814	
458	0.835524	1.232765	0.807205	8.087756	11.451875	4.088095	86.245145	162.336443	23.832564	
459	0.822298	1.227261	0.808937	8.092967	11.526840	4.077771	86.401577	164.245304	23.669717	
460	0.831567	1.228023	0.809814	8.063292	11.513539	4.042434	85.047400	163.770254	23.286090	
461	0.812284	1.231934	0.796637	8.159693	11.561094	4.067841	87.130748	165.112820	23.507143	
462	0.774641	1.182701	0.773681	8.236903	11.563680	4.072598	89.185065	165.463393	23.585598	
463	0.737877	1.124611	0.761717	8.205535	11.541232	4.062943	88.817214	164.982296	23.479537	
464	0.705289	1.090583	0.769825	8.081587	11.488633	4.061833	85.785500	163.786383	23.513784	
465	0.681061	1.081619	0.773928	8.034109	11.534093	4.054465	85.623220	166.048160	23.434703	
466	0.686164	1.080786	0.763342	8.059449	11.521203	4.049596	86.619001	165.776080	23.289618	
467	0.677882	1.109010	0.747486	7.985017	11.434521	4.027204	84.504364	162.658347	23.000059	
468	0.685199	1.122451	0.749533	7.986015	11.403816	4.021717	84.182621	161.546851	22.956931	
469	0.698326	1.113285	0.753892	8.014698	11.405627	3.995273	84.399776	161.312840	22.671856	
470	0.676608	1.061750	0.740817	8.041757	11.449466	3.986083	84.699033	162.612781	22.569304	
471	0.676395	1.071361	0.735283	8.033444	11.474531	4.018429	84.536551	163.213095	22.935120	
472	0.653167	1.057431	0.728838	7.972883	11.385543	3.995632	83.376605	161.130607	22.676954	
473	0.647404	1.062367	0.732037	8.000157	11.378946	3.989109	83.780623	160.809838	22.608547	
474	0.625931	1.035568	0.732170	8.034719	11.380499	3.999997	84.637646	161.227412	22.673014	
475	0.617673	0.993951	0.728124	7.996518	11.363543	4.007868	84.299950	161.361137	22.817096	
476	0.635497	1.002168	0.710120	8.057515	11.359379	4.005914	85.734414	161.293211	22.857905	
477	0.661093	1.077754	0.716224	8.051722	11.328331	3.978492	84.756111	159.598248	22.485393	
478	0.669052	1.101580	0.721718	8.029953	11.264357	3.965707	84.247939	157.877290	22.303709	
479	0.650638	1.087807	0.697019	8.018485	11.204173	3.955362	84.425995	156.373968	22.238147	
480	0.644269	1.074510	0.687305	8.003311	11.195966	3.951927	83.335228	155.514429	22.204790	
481	0.641465	1.029096	0.675949	8.105449	11.266252	3.953000	85.529777	157.696783	22.313954	
482	0.646338	1.028222	0.677838	8.075324	11.282099	3.939434	85.141808	158.419213	22.139203	
483	0.647727	1.030299	0.683841	8.060995	11.369736	3.947401	85.887613	161.066916	22.223575	
484	0.638921	1.023920	0.683631	7.946024	11.400215	3.965085	83.757910	162.280777	22.417614	
485	0.639103	1.020126	0.693336	7.890154	11.432384	3.984166	82.139824	162.665422	22.616018	
486	0.645892	0.993541	0.690031	7.947404	11.501383	3.975217	83.855643	164.820210	22.524716	
487	0.614175	0.970329	0.693177	7.873068	11.442247	3.974573	82.071241	162.997386	22.516351	
488	0.610991	0.979091	0.689946	7.896231	11.422648	3.980577	82.783574	162.551285	22.640760	
489	0.623134	0.984330	0.671116	7.905144	11.442167	3.968474	82.640356	162.568168	22.525627	
490	0.599007	0.941469	0.653556	7.844131	11.371415	3.942947	81.530133	160.961093	22.346216	
491	0.603694	0.969116	0.657772	7.847362	11.447163	3.941469	81.485205	162.781574	22.277084	
492	0.626077	1.002105	0.674236	7.819851	11.426387	3.952148	81.078451	162.310822	22.436446	
493	0.639071	1.007958	0.688840	7.805222	11.400290	3.985028	80.679589	161.432176	22.722479	
494	0.620034	0.975259	0.681515	7.813544	11.343222	4.006995	81.322934	160.221664	22.964683	
495	0.621805	0.973785	0.670792	7.836059	11.383091	4.019008	82.141119	161.206063	23.071717	
496	0.616974	0.978578	0.677779	7.855449	11.397172	4.004962	82.665293	162.229637	22.873424	
497	0.623354	0.979749	0.681313	7.878498	11.413488	3.993713	83.546350	163.486977	22.778870	
498	0.607676	0.976797	0.674692	7.859740	11.404965	3.974587	82.820463	163.277107	22.532665	
499	0.606221	0.967671	0.677477	7.864320	11.391221	4.006875	82.856296	162.625282	22.929429	
500	0.600300	0.977267	0.677646	7.801546	11.354499	4.004463	81.607249	161.490748	22.825509	
501	0.594891	0.974028	0.684734	7.729742	11.340371	4.001703	79.498405	160.790418	22.766703	
502	0.588921	0.961467	0.680352	7.798381	11.405620	4.018984	80.873437	162.491466	22.940434	
503	0.578981	0.959572	0.673347	7.829702	11.413928	4.031180	81.374139	162.607802	23.082084	
504	0.562936	0.933443	0.666697	7.753600	11.327647	3.998740	80.040369	160.844324	22.762649	
505	0.565489	0.931835	0.670132	7.782706	11.323530	4.004115	80.014572	159.901730	22.787063	
506	0.558746	0.913509	0.663844	7.787761	11.318227	3.975314	79.973621	159.553660	22.586822	
507	0.557552	0.913287	0.648341	7.802318	11.364592	3.983461	80.584416	160.584237	22.721106	
508	0.566849	0.915037	0.648453	7.849914	11.397399	3.985294	81.715091	161.521849	22.697619	
509	0.550549	0.907678	0.645219	7.832027	11.361918	3.951479	81.353083	160.499260	22.306006	
510	0.549135	0.917082	0.648097	7.816056	11.324339	3.966855	81.276249	159.738185	22.479750	
511	0.555333	0.919288	0.662425	7.777803	11.288508	3.994417	80.247817	158.407830	22.729950	
512	0.524027	0.863470	0.647860	7.704116	11.289158	3.966545	78.600208	158.255969	22.414359	
513	0.514051	0.851011	0.635733	7.702988	11.312898	3.940242	77.892291	158.339314	22.107580	
514	0.507839	0.847095	0.635547	7.699998	11.269303	3.956645	77.933860	157.473218	22.300154	
515	0.508688	0.878011	0.633370	7.645096	11.229656	3.963211	77.052250	156.419502	22.417847	
516	0.518850	0.883822	0.642028	7.644194	11.204516	3.948126	76.992108	155.744873	22.255579	
517	0.529214	0.885592	0.648936	7.703392	11.297934	3.955110	78.775162	158.192247	22.309977	
518	0.534729	0.899478	0.642641	7.658656	11.231623	3.948247	77.320509	155.889285	22.225682	
519	0.532043	0.873249	0.634794	7.675003	11.218121	3.941071	77.450223	155.460475	22.152479	
520	0.532759	0.874470	0.631573	7.675152	11.247830	3.921349	77.383599	156.300768	21.892034	
521	0.526746	0.903351	0.634157	7.692347	11.349671	3.932716	77.661843	158.763162	21.951545	
522	0.536718	0.914879	0.641380	7.731393	11.348964	3.947974	78.215361	158.952822	22.135544	
523	0.548444	0.915848	0.649015	7.735772	11.312529	3.962552	78.526695	158.164140	22.332536	
524	0.553979	0.895363	0.646862	7.712858	11.267749	3.959690	78.347565	157.277960	22.359280	
525	0.544092	0.905791	0.647029	7.632676	11.212888	3.971976	76.849457	156.036974	22.478736	
526	0.532517	0.917103	0.652734	7.621726	11.217330	3.973699	76.781347	156.225897	22.486832	
527	0.520012	0.912138	0.654895	7.613103	11.184566	3.969319	76.594612	155.726778	22.477605	
528	0.517351	0.896036	0.651483	7.612820	11.218773	3.995953	76.533165	156.626907	22.713946	
529	0.508853	0.877877	0.636493	7.632909	11.240499	3.972420	76.741703	156.956690	22.484630	
530	0.538305	0.918587	0.641922	7.809970	11.377846	3.972552	80.192710	160.426194	22.404634	
531	0.563588	0.943292	0.656082	7.891993	11.414295	3.987754	81.574377	161.121292	22.529327	
532	0.558166	0.917864	0.661972	7.874455	11.416756	4.027055	81.156994	161.070725	22.930968	
533	0.545075	0.918127	0.663187	7.878246	11.415459	4.038553	81.223219	161.017174	23.068641	
534	0.561263	0.956274	0.668244	7.870645	11.369460	4.012622	80.758491	159.737858	22.792769	
535	0.563553	0.987920	0.672294	7.854201	11.353594	4.003126	80.408752	159.295447	22.665675	
536	0.553370	0.982822	0.662807	7.833738	11.356779	4.028921	80.230277	159.750459	23.001708	
537	0.553783	0.956923	0.657520	7.863365	11.370463	4.035517	81.194864	160.408945	23.026195	
538	0.544901	0.930590	0.653547	7.822258	11.307358	4.024450	80.145565	158.758598	22.874091	
539	0.538125	0.930318	0.647416	7.799584	11.296434	4.008961	79.618574	158.088723	22.750612	
540	0.551428	0.942637	0.643312	7.839165	11.352446	4.015534	80.105431	159.447289	22.881452	
541	0.559398	0.945333	0.639396	7.835624	11.346516	4.011654	80.238134	159.366550	22.822361	
542	0.554282	0.951451	0.641178	7.772267	11.284590	3.986438	79.314470	158.001528	22.529528	
543	0.538913	0.951690	0.645542	7.739159	11.273615	3.989247	78.591300	157.703022	22.562272	
544	0.532517	0.931506	0.649518	7.761213	11.289680	4.009116	78.897038	158.194734	22.755718	
545	0.520964	0.887834	0.643016	7.789979	11.331587	4.022548	79.402727	159.400550	22.877707	
546	0.521871	0.881223	0.644470	7.809482	11.394311	4.033260	79.680233	160.912029	22.958812	
547	0.535878	0.915672	0.643697	7.868472	11.443430	4.034543	80.753476	162.089503	22.951873	
548	0.541725	0.918423	0.637916	7.873771	11.455467	4.058940	80.907936	162.332232	23.222936	
549	0.550069	0.931383	0.638441	7.856770	11.443066	4.040430	80.623004	161.905997	23.025559	
550	0.549990	0.922022	0.643517	7.807064	11.374765	4.018983	79.750898	160.040308	22.828673	
551	0.543706	0.913129	0.646249	7.787231	11.374410	4.047212	79.168241	159.761540	23.189074	
552	0.534545	0.877189	0.631926	7.806877	11.387822	4.067702	79.761375	160.556155	23.465530	
553	0.527386	0.880089	0.623305	7.773169	11.411471	4.048642	79.158164	161.028033	23.193908	
554	0.532686	0.902614	0.633027	7.792090	11.459642	4.048265	79.308206	162.198952	23.170406	
555	0.531712	0.892879	0.633168	7.819885	11.483666	4.069066	79.737260	162.773111	23.459089	
556	0.537095	0.876158	0.633796	7.853981	11.496332	4.091065	80.339165	163.015635	23.694988	
557	0.536504	0.860501	0.632024	7.932319	11.528158	4.095845	82.022442	164.035638	23.695983	
558	0.548666	0.898120	0.641345	7.989868	11.558766	4.098315	83.249357	165.027695	23.688373	
559	0.540437	0.917083	0.648052	8.009508	11.563741	4.110446	83.795714	165.439348	23.843267	
560	0.542003	0.898868	0.641545	8.047274	11.568401	4.124854	84.364593	165.479962	24.005585	
561	0.541058	0.886385	0.640923	7.982650	11.506739	4.132582	83.035594	163.758668	24.123427	
562	0.534578	0.890892	0.643901	7.912854	11.499815	4.108733	81.894497	163.593938	23.830475	
563	0.548361	0.892604	0.641764	7.931010	11.504978	4.094914	82.101114	163.518560	23.750935	
564	0.543334	0.872447	0.634682	7.870308	11.449078	4.097471	80.910304	161.920925	23.836775	
565	0.534517	0.870017	0.622639	7.824470	11.400202	4.079880	80.182454	160.605428	23.637201	
566	0.537340	0.896206	0.617321	7.896743	11.500724	4.081966	81.763887	163.487806	23.652003	
567	0.539559	0.900721	0.624812	7.928475	11.544552	4.112030	82.144093	164.546187	23.985157	
568	0.538903	0.887508	0.619537	7.910049	11.500429	4.108788	81.653353	163.106309	23.980417	
569	0.532626	0.868328	0.607030	7.877439	11.389456	4.072922	81.100079	160.412089	23.566436	
570	0.529375	0.869468	0.617728	7.904308	11.402379	4.074228	81.798584	161.016872	23.560038	
571	0.528198	0.878119	0.625435	7.916189	11.448004	4.080105	82.199578	162.515051	23.566341	
572	0.530740	0.864129	0.627323	7.915270	11.478615	4.108176	82.060825	163.307951	23.909277	
573	0.516965	0.857550	0.617130	7.899140	11.480025	4.095086	81.812099	163.382555	23.776643	
574	0.525205	0.876021	0.619958	7.930554	11.468136	4.082929	82.296297	162.760805	23.621666	
575	0.536745	0.916431	0.635186	7.957622	11.497416	4.096484	82.767247	163.510409	23.702263	
576	0.537843	0.903120	0.635519	7.952318	11.471263	4.131873	82.697757	162.907179	24.210894	
577	0.534306	0.884130	0.624956	7.961704	11.491278	4.125832	82.919310	163.356009	24.161160	
578	0.527472	0.894454	0.622117	7.918015	11.489548	4.124518	82.142666	163.091538	24.144514	
579	0.519015	0.914215	0.624970	7.873403	11.470172	4.135216	81.303446	162.816909	24.228394	
580	0.509859	0.881669	0.616636	7.909661	11.506317	4.145906	82.066918	164.152706	24.442965	
581	0.513833	0.872336	0.612797	7.942835	11.536823	4.136271	82.849128	164.785959	24.347656	
582	0.516365	0.863362	0.619588	7.988505	11.569707	4.153943	83.813584	165.887397	24.513103	
583	0.505229	0.864836	0.627141	8.031887	11.590925	4.174982	84.581732	166.737431	24.754642	
584	0.494537	0.850593	0.616100	8.009672	11.526167	4.161498	84.141078	164.965090	24.588751	
585	0.484400	0.853728	0.606918	7.952072	11.508025	4.155399	82.846648	164.093243	24.518485	
586	0.477882	0.859854	0.601212	7.965856	11.505396	4.143358	82.839040	164.039444	24.386217	
587	0.473898	0.851003	0.602538	8.016081	11.504983	4.142513	84.217652	164.423405	24.481542	
588	0.479255	0.827199	0.606280	8.032996	11.508320	4.142961	84.696211	164.553446	24.427587	
589	0.496028	0.843364	0.607026	7.997244	11.501701	4.149866	83.736503	164.132498	24.541014	
590	0.488154	0.858449	0.607181	7.984536	11.544508	4.162353	83.420485	165.542851	24.643838	
591	0.489946	0.834837	0.606001	8.012373	11.585607	4.151755	84.049241	166.475541	24.567568	
592	0.498764	0.851862	0.614526	8.039711	11.623210	4.148264	84.777942	167.674597	24.528541	
593	0.503819	0.866010	0.617554	8.014761	11.577476	4.173906	84.137606	166.358322	24.798085	
594	0.512234	0.882325	0.616953	7.986888	11.539568	4.164066	83.325460	164.770314	24.668158	
595	0.512016	0.860960	0.608387	8.003785	11.546228	4.131790	83.577109	164.538160	24.265386	
596	0.503980	0.851457	0.617464	7.982142	11.539303	4.138341	83.432544	164.753999	24.340144	
597	0.486904	0.851680	0.611039	7.928421	11.536316	4.138238	82.679238	164.892715	24.413117	
598	0.486676	0.841300	0.601927	7.970093	11.593170	4.142196	83.475718	166.287144	24.432843	
599	0.490437	0.845261	0.603378	7.964510	11.577914	4.142716	83.004777	165.664458	24.453349	
