####### LIGHTCURVES AND MEAN ENERGIES
####### 3 NEUTRINO SPECIES: NU_E, NUBAR_E AND N_X
####### ALL QUANTITIES ARE MEASURED AT 500 KM FROM THE CENTER
#######
####### FROM MODEL L1-90 (BUGLI ET AL. 2020,2021)
####### B0=1e12 G, l=1, r0=1.00e8 cm
####### UNITS: TIME [s], LUMINOSITY [erg/s], ENERGY [MeV]
# TIME	L_NU_E     	L_NU_BAR   	L_NU_X     	E_NU_E     	E_NU_BAR  	E_NU_X      	E2_NU_E    	E2_NU_BAR 	E2_NU_X
0.001 1.3372369e+53 2.5e+47 2.1e+47 10.809687 5.735157 0.848823 134.720266 43.960362 0.875602
0.002 1.0518275e+53 5.4e+47 3.9e+47 11.245599 5.926848 1.10141 144.81658 49.976251 1.806544
0.003 1.5839026999999999e+53 3.34492e+51 3.21784e+51 11.821569 12.764759 3.579485 162.694684 186.982144 14.332691
0.004 5.1597693e+53 3.34573e+51 7.589609999999999e+51 14.550778 13.544435 5.704403 242.127501 218.353244 44.169867
0.005 3.2959319e+53 3.519e+51 6.652209999999999e+51 13.047581 11.740039 7.01317 199.386038 161.523668 74.809642
0.006 3.1252461e+53 4.99744e+51 5.2790499999999993e+51 12.788113 11.857153 6.324101 188.233743 162.480818 62.482653
0.007 2.8543398e+53 5.5884e+51 5.10682e+51 12.477242 11.520913 5.363442 179.441747 153.700984 43.622769
0.008 2.4549489999999997e+53 6.69173e+51 6.603019999999999e+51 11.834113 11.695426 4.901685 161.230485 158.208861 33.214491
0.009 2.4268749e+53 6.495109999999999e+51 7.77772e+51 11.999859 11.558378 4.750139 166.916554 154.424686 29.884359
0.01 2.2934846000000002e+53 6.23218e+51 8.70572e+51 11.695636 11.437432 4.572111 159.442258 151.642116 27.364833
0.011 1.9089977e+53 6.21984e+51 9.17389e+51 11.045508 11.243667 4.386781 144.133795 147.846558 25.235157
0.012 1.580464e+53 6.81e+51 9.65705e+51 10.579302 11.056409 4.205288 133.290144 142.767193 23.023373
0.013 1.4385315e+53 7.353880000000001e+51 9.79117e+51 10.16059 10.885305 4.156359 122.33484 138.406539 22.201766
0.014 1.3507910000000002e+53 8.66635e+51 1.038757e+52 9.808361 10.819278 4.151602 113.486499 136.250936 21.875273
0.015 1.2032024e+53 1.0527869999999999e+52 1.14017e+52 9.495916 10.881906 4.210419 105.735867 138.147593 22.440035
0.016 1.1360170999999999e+53 1.2910559999999999e+52 1.306629e+52 9.428445 10.972428 4.22323 104.122476 140.389822 22.60541
0.017 1.2473234e+53 1.48388e+52 1.479563e+52 9.681015 11.011911 4.254094 109.137837 141.625918 22.930506
0.018 1.3866975e+53 1.735905e+52 1.667014e+52 9.869352 11.105335 4.235125 112.950109 143.773164 22.763414
0.019 1.4731256e+53 1.96388e+52 1.84553e+52 9.966215 11.103522 4.187773 114.99194 143.541657 22.302791
0.02 1.5203259e+53 2.152021e+52 2.078547e+52 10.118173 11.079558 4.164374 118.51728 142.839602 21.978443
0.021 1.5135939000000001e+53 2.185503e+52 2.2904460000000002e+52 10.139571 11.076945 4.168233 119.016962 142.682875 21.963329
0.022 1.4398155e+53 2.1127500000000002e+52 2.457622e+52 10.015256 11.01977 4.199285 116.469771 141.293889 22.211689
0.023 1.2462122e+53 2.0057179999999998e+52 2.4136649999999997e+52 9.839834 10.996156 4.229588 112.615411 141.531217 22.625301
0.024 1.0186168000000001e+53 2.0207429999999999e+52 2.3103479999999997e+52 9.548834 11.121435 4.271636 106.990835 144.19149 23.159854
0.025 8.212208e+52 2.169842e+52 2.223055e+52 9.103902 11.240979 4.251673 98.124241 146.701172 23.03682
0.026 6.907922e+52 2.3079019999999998e+52 2.1236320000000002e+52 8.768154 11.349149 4.216341 91.366875 149.742944 22.807718
0.027 6.352935000000001e+52 2.4054129999999996e+52 2.09321e+52 8.624071 11.340138 4.156791 88.48212 149.308982 22.18786
0.028 6.014435e+52 2.559056e+52 2.1393420000000001e+52 8.4521 11.342673 4.10104 85.498972 149.48212 21.592599
0.029 5.7829e+52 2.704441e+52 2.189348e+52 8.342182 11.349556 4.074219 83.510346 149.900034 21.310862
0.03 5.539264e+52 2.830691e+52 2.240376e+52 8.261186 11.393448 4.063499 82.203904 151.084634 21.14666
0.031 5.398927e+52 2.9792709999999996e+52 2.282637e+52 8.237059 11.458884 4.058274 81.949602 152.942278 21.102955
0.032 5.324656000000001e+52 3.1971280000000003e+52 2.3442599999999997e+52 8.250405 11.524406 4.03543 82.292213 154.62608 20.855403
0.033 5.504449e+52 3.405181e+52 2.45298e+52 8.364949 11.622359 4.044337 84.592865 157.274353 20.906116
0.034 5.775606e+52 3.499367e+52 2.5351919999999996e+52 8.508012 11.673294 4.058232 87.480529 158.778442 21.030902
0.035 6.049733999999999e+52 3.591275e+52 2.637216e+52 8.582921 11.756105 4.099954 88.979329 160.920358 21.385203
0.036 6.672201e+52 3.612821e+52 2.691199e+52 8.694843 11.799646 4.121211 91.000101 162.056796 21.597434
0.037 7.03747e+52 3.720453e+52 2.801729e+52 8.760132 11.85912 4.134137 92.131317 163.198509 21.654542
0.038 7.373897e+52 3.8371360000000003e+52 2.896009e+52 8.828869 11.953148 4.167864 93.213103 165.610384 21.954408
0.039 7.27809e+52 3.8381409999999997e+52 2.907667e+52 8.781379 11.9333 4.168941 92.229995 164.85514 21.953915
0.04 7.042915e+52 3.788902e+52 2.856097e+52 8.747458 11.820837 4.156266 91.478632 161.770608 21.845053
0.041 6.992042999999999e+52 3.770455e+52 2.806365e+52 8.70029 11.785631 4.145594 90.319545 160.890284 21.747453
0.042 6.518592e+52 3.679307e+52 2.775472e+52 8.67268 11.69565 4.13211 89.904903 158.900165 21.666017
0.043 6.488395e+52 3.709771e+52 2.7499470000000004e+52 8.674225 11.635997 4.121085 89.922552 157.257661 21.515374
0.044 5.996849e+52 3.844373e+52 2.7321080000000004e+52 8.588257 11.710696 4.121073 88.534108 159.517078 21.533725
0.045 5.813145e+52 3.914861e+52 2.714543e+52 8.482063 11.76331 4.0958 86.650493 160.785954 21.261096
0.046 5.362982e+52 3.930145e+52 2.6754940000000003e+52 8.342833 11.793084 4.073096 84.246412 161.689368 21.034905
0.047 5.194999e+52 3.9858129999999996e+52 2.658875e+52 8.234075 11.896711 4.083336 82.303908 164.447762 21.122215
0.048 5.011581e+52 4.087086e+52 2.659162e+52 8.165307 11.910868 4.069173 81.094481 164.674959 20.99023
0.049 4.813465e+52 4.2466840000000004e+52 2.666283e+52 8.086986 11.967791 4.062509 79.787439 166.078717 20.917127
0.05 4.906769999999999e+52 4.390691e+52 2.702769e+52 8.084207 12.00607 4.062703 79.713928 167.059616 20.895858
0.051 4.962719e+52 4.447533e+52 2.7294489999999995e+52 8.116226 12.011162 4.056947 80.345422 167.245756 20.831702
0.052 4.998460999999999e+52 4.5081369999999997e+52 2.773973e+52 8.104271 12.019558 4.055039 80.23193 167.466028 20.782721
0.053 4.913327e+52 4.575058e+52 2.767516e+52 8.053019 12.037132 4.055199 79.433291 168.181543 20.855026
0.054 4.935863e+52 4.6554270000000005e+52 2.825595e+52 8.049222 11.982426 4.04554 79.525134 166.508177 20.726913
0.055 4.913522000000001e+52 4.825303e+52 2.888306e+52 8.00923 12.03675 4.045248 78.98528 168.306448 20.701914
0.056 4.92105e+52 4.807436e+52 2.881503e+52 8.049785 11.979768 4.028435 79.323 167.024851 20.558399
0.057 4.945793e+52 4.683859e+52 2.816613e+52 8.13225 11.974808 4.034328 80.823412 167.072389 20.635637
0.058 4.889661e+52 4.57125e+52 2.764799e+52 8.157202 11.932236 4.02584 81.287319 165.846085 20.564764
0.059 4.5357139999999997e+52 4.570101e+52 2.75347e+52 8.105436 11.993784 4.024865 80.590755 167.190851 20.582428
0.06 4.523631e+52 4.562038e+52 2.743816e+52 8.121144 12.131373 4.039641 80.906318 171.088713 20.759985
0.061 4.6162599999999996e+52 4.47654e+52 2.706967e+52 8.153539 12.19319 4.055726 81.435861 172.744714 20.934014
0.062 4.703447e+52 4.4592159999999994e+52 2.7564799999999997e+52 8.175193 12.191786 4.068401 81.749189 172.373889 21.021237
0.063 4.826443e+52 4.4267649999999996e+52 2.746897e+52 8.198606 12.165954 4.06045 82.09299 171.798535 20.987068
0.064 5.10268e+52 4.4310340000000004e+52 2.799502e+52 8.244707 12.195869 4.098161 83.084073 172.699638 21.372832
0.065 5.158346e+52 4.525342e+52 2.85949e+52 8.247047 12.212466 4.124475 83.160616 173.191623 21.585068
0.066 5.256459000000001e+52 4.7045e+52 2.903266e+52 8.234017 12.158965 4.120886 83.281658 171.783024 21.553513
0.067 5.22085e+52 4.908487e+52 2.955512e+52 8.250539 12.090428 4.102914 83.981349 170.090732 21.440026
0.068 5.060732e+52 5.137749000000001e+52 2.999772e+52 8.173028 12.195595 4.10815 82.70643 172.996909 21.500238
0.069 4.6221990000000003e+52 5.221269000000001e+52 2.965016e+52 8.13462 12.199399 4.094042 81.627119 173.002779 21.344358
0.07 4.5971900000000005e+52 5.399220999999999e+52 2.970416e+52 8.250407 12.314316 4.114613 84.67144 176.109481 21.547011
0.071 4.45257e+52 5.32967e+52 2.897036e+52 8.28328 12.290225 4.113743 84.404581 175.170672 21.528387
0.072 4.473829e+52 5.262093e+52 2.829565e+52 8.335392 12.260586 4.085308 85.110246 174.545226 21.275864
0.073 4.666239e+52 5.292382e+52 2.836441e+52 8.308709 12.243503 4.078083 84.452591 174.297774 21.192756
0.074 4.7220409999999997e+52 5.302496999999999e+52 2.816609e+52 8.242332 12.237903 4.070224 83.235715 174.025207 21.092297
0.075 4.721059e+52 5.278277e+52 2.800689e+52 8.229743 12.204588 4.065216 83.011007 172.984307 21.034799
0.076 4.7359239999999996e+52 5.263165e+52 2.793459e+52 8.212573 12.239016 4.067797 82.733295 173.958512 21.062908
0.077 4.790533e+52 5.160189e+52 2.7774230000000003e+52 8.179037 12.289633 4.072101 82.228802 175.381181 21.138403
0.078 4.7735719999999996e+52 5.172882999999999e+52 2.780137e+52 8.167987 12.326295 4.077267 82.009658 176.250106 21.171184
0.079 4.837053e+52 5.226594000000001e+52 2.817069e+52 8.159504 12.310593 4.070333 81.827358 175.821616 21.077862
0.08 4.907817e+52 5.223294e+52 2.808528e+52 8.136425 12.335316 4.062102 81.359728 176.59703 21.011689
0.081 4.764831e+52 5.145851000000001e+52 2.7520099999999997e+52 8.093997 12.3575 4.055772 80.658661 177.437726 20.984352
0.082 4.686376e+52 5.185585e+52 2.739611e+52 8.062859 12.370911 4.058614 80.18276 177.771777 21.038933
0.083 4.7271150000000004e+52 5.241268e+52 2.757351e+52 8.047564 12.299574 4.052757 79.960632 175.693915 20.992479
0.084 4.7612829999999997e+52 5.216214e+52 2.747565e+52 8.065748 12.306321 4.065957 80.209989 175.91496 21.120686
0.085 4.779547e+52 5.190575e+52 2.733134e+52 8.088453 12.344268 4.083455 80.710548 176.960019 21.300351
0.086 4.902779e+52 5.231671000000001e+52 2.730259e+52 8.141985 12.399677 4.081247 81.797013 178.424708 21.264803
0.087 4.951121e+52 5.240319999999999e+52 2.74451e+52 8.180495 12.398944 4.074961 82.523083 178.353898 21.239444
0.088 5.027534e+52 5.274205000000001e+52 2.76809e+52 8.230968 12.419293 4.094 83.489425 178.938565 21.474163
0.089 4.889635e+52 5.328875e+52 2.780113e+52 8.220099 12.37288 4.08136 83.35396 177.513819 21.321037
0.09 4.843198e+52 5.427728e+52 2.806989e+52 8.247678 12.340186 4.068996 83.860544 176.508265 21.160614
0.091 4.826855e+52 5.595133e+52 2.845647e+52 8.249429 12.302472 4.060702 83.802784 175.559697 21.029063
0.092 4.7696269999999997e+52 5.648111e+52 2.845984e+52 8.288508 12.269446 4.050044 84.547657 174.855567 20.886263
0.093 4.879402e+52 5.778062e+52 2.886002e+52 8.314346 12.319634 4.072947 85.118107 176.512189 21.086584
0.094 4.758776e+52 5.733635e+52 2.87087e+52 8.283849 12.303229 4.072438 84.703764 176.272547 21.067408
0.095 4.6079189999999996e+52 5.731673e+52 2.8711259999999996e+52 8.279509 12.290206 4.072417 84.902506 176.086994 21.067156
0.096 4.5075310000000004e+52 5.695573e+52 2.823443e+52 8.287874 12.302185 4.068625 85.271485 176.525919 21.049196
0.097 4.565893e+52 5.72565e+52 2.809841e+52 8.317167 12.352645 4.085287 85.812079 177.569624 21.179293
0.098 4.552385e+52 5.800623e+52 2.816611e+52 8.366519 12.366321 4.096367 86.600881 177.59895 21.300529
0.099 4.431455e+52 5.786349e+52 2.7883870000000004e+52 8.384101 12.401643 4.087774 86.888631 178.648555 21.276845
0.1 4.391e+52 5.783599999999999e+52 2.788616e+52 8.416492 12.475487 4.095684 87.604458 180.810525 21.395649
0.101 4.441007e+52 5.741815e+52 2.7853050000000003e+52 8.427547 12.456379 4.092346 87.820127 180.346301 21.357754
0.102 4.4002999999999996e+52 5.660006e+52 2.74723e+52 8.391582 12.387514 4.077351 86.971488 178.355616 21.223726
0.103 4.323658e+52 5.661360000000001e+52 2.706334e+52 8.353163 12.382262 4.061194 86.175377 178.07283 21.061137
0.104 4.331982e+52 5.710237e+52 2.6828789999999997e+52 8.360694 12.439711 4.068019 86.343254 179.645968 21.134103
0.105 4.427028e+52 5.827519e+52 2.694455e+52 8.407888 12.485552 4.06883 87.239767 180.885647 21.126461
0.106 4.615291e+52 5.951567e+52 2.726514e+52 8.490126 12.53586 4.074577 88.692246 182.247515 21.133762
0.107 4.815017e+52 5.98037e+52 2.744966e+52 8.538385 12.562715 4.077383 89.621379 183.117056 21.134265
0.108 4.893693e+52 5.927904e+52 2.731774e+52 8.547943 12.586681 4.0812 89.966357 183.846427 21.174861
0.109 4.939335e+52 5.903089999999999e+52 2.718746e+52 8.569608 12.622621 4.085648 90.376613 184.936157 21.220291
0.11 4.985558e+52 5.894132e+52 2.731829e+52 8.566074 12.624774 4.088791 90.27885 185.152582 21.237108
0.111 4.993015e+52 5.88437e+52 2.7388880000000003e+52 8.525172 12.606326 4.08359 89.546627 184.665084 21.193949
0.112 4.987015999999999e+52 5.941021e+52 2.761458e+52 8.486744 12.600481 4.092994 88.888009 184.555437 21.29211
0.113 4.960454000000001e+52 6.059897999999999e+52 2.794775e+52 8.509015 12.621122 4.102357 89.357868 185.242978 21.390595
0.114 4.957653999999999e+52 6.15651e+52 2.819887e+52 8.591947 12.671143 4.122107 91.031282 186.644798 21.592683
0.115 4.942103e+52 6.142623e+52 2.820986e+52 8.646424 12.644038 4.132258 92.172057 185.974548 21.722442
0.116 4.8562e+52 6.161539000000001e+52 2.804939e+52 8.675245 12.618427 4.129876 92.576212 185.218505 21.742436
0.117 4.7780829999999996e+52 6.268013e+52 2.8092100000000004e+52 8.70924 12.64044 4.13323 93.349585 185.948203 21.824837
0.118 4.781577e+52 6.341783999999999e+52 2.817352e+52 8.785276 12.686956 4.140092 94.899861 187.418355 21.933433
0.119 4.7443160000000006e+52 6.283201e+52 2.8081369999999997e+52 8.846677 12.715283 4.150528 96.248614 188.350901 22.080999
0.12 4.793017e+52 6.155927000000001e+52 2.7827649999999997e+52 8.865842 12.735044 4.16745 96.645429 188.874248 22.261016
0.121 4.952133e+52 6.092044e+52 2.795067e+52 8.870783 12.76593 4.182925 96.756397 189.771999 22.446448
0.122 5.138695e+52 6.081629e+52 2.839944e+52 8.875917 12.809103 4.190854 96.632716 190.99503 22.548598
0.123 5.285887e+52 6.076555e+52 2.894147e+52 8.878758 12.836969 4.215303 96.78771 191.600461 22.802928
0.124 5.419058999999999e+52 6.112202e+52 2.932459e+52 8.878772 12.849127 4.246284 96.902168 191.763174 23.14637
0.125 5.489149e+52 6.232011e+52 3.010228e+52 8.887208 12.88399 4.273677 97.813728 192.748936 23.45313
0.126 5.532451e+52 6.317883e+52 3.063327e+52 8.890176 12.935074 4.288565 98.017027 194.397756 23.599163
0.127 5.528783e+52 6.440671e+52 3.075591e+52 8.880331 12.937759 4.281523 97.766492 194.382643 23.521195
0.128 5.43271e+52 6.411403e+52 3.037824e+52 8.843978 12.888194 4.254858 96.781722 192.980217 23.2646
0.129 5.073572999999999e+52 6.181542e+52 2.928636e+52 8.872623 12.805141 4.218492 97.461892 190.84912 22.890086
0.13 5.037651999999999e+52 6.092354e+52 2.867207e+52 8.979623 12.856367 4.233108 103.182363 192.221106 23.024974
0.131 5.208533e+52 6.109671999999999e+52 2.877088e+52 9.055672 12.962897 4.243676 108.0395 195.302989 23.098783
0.132 5.232469e+52 5.936778e+52 2.8426209999999996e+52 9.030786 13.006544 4.226719 108.351175 196.455579 22.976276
0.133 5.025484e+52 5.700329e+52 2.761867e+52 8.908905 12.965251 4.203438 99.763497 195.242822 22.831476
0.134 4.976196e+52 5.540269999999999e+52 2.678543e+52 8.844314 12.919889 4.161273 100.0028 194.045759 22.458545
0.135 4.998488e+52 5.445682e+52 2.608423e+52 8.781537 12.871561 4.131555 97.972458 192.829006 22.158669
0.136 4.877885e+52 5.500356e+52 2.5900129999999997e+52 8.736252 12.836475 4.103663 94.556925 191.799244 21.876201
0.137 4.7752569999999996e+52 5.509862e+52 2.555508e+52 8.839365 12.865484 4.11038 96.830734 192.67981 21.877521
0.138 4.942388e+52 5.636157e+52 2.5759409999999997e+52 8.953187 12.875667 4.126944 98.908754 192.895481 22.025263
0.139 5.028404e+52 5.775988e+52 2.599899e+52 8.973653 12.829551 4.114202 99.055379 191.576681 21.886218
0.14 5.142476e+52 5.915335999999999e+52 2.633917e+52 8.972795 12.872969 4.136345 99.311612 192.758906 22.086581
0.141 5.157864e+52 5.980211e+52 2.647003e+52 8.985247 12.852428 4.13975 99.624412 192.250969 22.125425
0.142 5.056544e+52 5.929418e+52 2.63424e+52 9.006908 12.78036 4.130042 99.92344 190.313134 22.037246
0.143 4.916599e+52 5.91634e+52 2.614983e+52 8.998604 12.763582 4.140093 99.713707 189.810768 22.156994
0.144 4.876005000000001e+52 5.981901e+52 2.61728e+52 8.940691 12.786022 4.153555 98.480317 190.336068 22.245933
0.145 4.865341e+52 6.025727e+52 2.617317e+52 8.92957 12.804309 4.140853 98.190843 190.567171 22.063535
0.146 4.812409e+52 5.997685e+52 2.5797119999999995e+52 8.991949 12.812723 4.135103 99.417933 190.835629 22.027916
0.147 4.816203999999999e+52 6.018967e+52 2.571215e+52 9.023926 12.811489 4.145373 99.927524 190.69392 22.133585
0.148 4.966747e+52 6.21307e+52 2.604849e+52 9.026312 12.81497 4.151442 99.84822 190.832752 22.166343
0.149 5.128804e+52 6.408168e+52 2.638347e+52 9.033232 12.786375 4.142838 100.045211 189.940317 22.02611
0.15 5.101835999999999e+52 6.443846e+52 2.625886e+52 9.062372 12.774546 4.136871 100.715392 189.569011 21.940877
0.151 5.020974e+52 6.488059e+52 2.630084e+52 9.109247 12.792776 4.139254 101.714844 190.200445 21.979305
0.152 5.014420999999999e+52 6.517303e+52 2.645628e+52 9.101106 12.818144 4.143915 101.609687 191.105145 22.021461
0.153 5.111626e+52 6.555179e+52 2.658011e+52 9.090512 12.829744 4.144167 101.433061 191.535082 22.011269
0.154 5.146263e+52 6.518145e+52 2.633487e+52 9.106288 12.807796 4.143341 101.801014 191.024372 22.024406
0.155 5.11536e+52 6.460847e+52 2.608692e+52 9.129809 12.791771 4.152085 102.296833 190.562646 22.137117
0.156 5.011459e+52 6.366478e+52 2.573126e+52 9.10835 12.760603 4.152413 101.976958 189.70322 22.156196
0.157 4.918271e+52 6.259312000000001e+52 2.546907e+52 9.097049 12.740888 4.156037 101.712915 189.181213 22.188441
0.158 4.844239e+52 6.128929000000001e+52 2.513847e+52 9.096099 12.725163 4.147514 101.590782 188.794505 22.115274
0.159 4.787489e+52 6.116753e+52 2.524277e+52 9.125547 12.781074 4.151484 102.112509 190.310049 22.178457
0.16 4.807208e+52 6.146632999999999e+52 2.5276519999999996e+52 9.197296 12.837403 4.159271 103.416491 191.778484 22.284019
0.161 4.813496e+52 6.139226e+52 2.549884e+52 9.248084 12.869008 4.17105 104.517237 192.686277 22.396451
0.162 4.783849e+52 6.141991e+52 2.5757310000000004e+52 9.265932 12.869259 4.179989 104.769973 192.745269 22.470363
0.163 4.809975e+52 6.185672e+52 2.593123e+52 9.284752 12.854851 4.189568 105.123063 192.374459 22.588922
0.164 4.840174e+52 6.189749e+52 2.563115e+52 9.30992 12.833394 4.182784 105.648041 191.787472 22.530178
0.165 4.917742e+52 6.197455e+52 2.563631e+52 9.31627 12.864092 4.177728 105.638597 192.599718 22.46255
0.166 5.068401e+52 6.262381999999999e+52 2.58205e+52 9.290854 12.947225 4.18769 105.132281 194.630458 22.521537
0.167 5.038776e+52 6.335207e+52 2.561221e+52 9.180223 12.965865 4.186374 103.31682 194.712484 22.543008
0.168 4.990933000000001e+52 6.270734e+52 2.536521e+52 9.113521 12.997216 4.205303 102.314323 195.600264 22.720853
0.169 5.056782e+52 6.224476e+52 2.527777e+52 9.101142 13.087175 4.231261 102.168881 198.247645 22.975458
0.17 5.160444e+52 6.245656e+52 2.554675e+52 9.100725 13.168961 4.239302 102.228755 200.681771 23.069293
0.171 5.182854e+52 6.184355e+52 2.545524e+52 9.140504 13.188754 4.240187 103.081978 201.30207 23.091325
0.172 5.253652e+52 6.187045e+52 2.531863e+52 9.188957 13.184404 4.225672 103.876092 201.237389 22.956089
0.173 5.193288e+52 6.165902e+52 2.517091e+52 9.224479 13.111418 4.211118 104.564909 199.130086 22.818238
0.174 5.052243e+52 6.185127e+52 2.505814e+52 9.252582 13.067758 4.200121 105.00336 197.95414 22.698146
0.175 4.909331e+52 6.129378e+52 2.485065e+52 9.236674 12.981137 4.198168 104.803232 195.753772 22.666753
0.176 4.834616e+52 6.038363000000001e+52 2.4526819999999997e+52 9.213442 12.9912 4.202125 104.555188 196.258235 22.736437
0.177 4.7058270000000003e+52 6.022456e+52 2.417673e+52 9.193303 12.921382 4.190561 104.571388 194.594046 22.694839
0.178 4.645118e+52 5.850047e+52 2.397342e+52 9.212178 12.919025 4.18946 105.020558 194.842415 22.710193
0.179 4.637763e+52 5.752971999999999e+52 2.3977369999999996e+52 9.226926 12.891213 4.174845 105.077263 194.222326 22.570574
0.18 4.674544e+52 5.690614e+52 2.391261e+52 9.227615 12.806596 4.156285 104.807983 191.909891 22.378822
0.181 4.7064380000000004e+52 5.622522e+52 2.358374e+52 9.193594 12.749986 4.148726 103.975322 190.35282 22.294036
0.182 4.6117419999999997e+52 5.455854000000001e+52 2.304218e+52 9.138033 12.668643 4.12007 102.904685 188.210585 22.028209
0.183 4.6696730000000005e+52 5.423532e+52 2.2932670000000002e+52 9.161038 12.721296 4.128525 103.193557 190.266708 22.186338
0.184 4.820852999999999e+52 5.370182999999999e+52 2.2793899999999999e+52 9.185128 12.791437 4.136708 103.606063 192.099295 22.27073
0.185 4.865528000000001e+52 5.361806999999999e+52 2.265202e+52 9.1452 12.856487 4.136186 103.137931 194.060005 22.318003
0.186 4.7782609999999995e+52 5.270961e+52 2.235758e+52 9.092439 12.905534 4.147302 102.319304 195.698038 22.477643
0.187 4.637714e+52 5.202698999999999e+52 2.231434e+52 9.069385 12.902613 4.15587 101.986014 195.854035 22.608434
0.188 4.458825e+52 5.122105000000001e+52 2.2290519999999997e+52 9.038985 12.952337 4.163954 101.507211 197.498822 22.720573
0.189 4.486135e+52 5.120901e+52 2.2298330000000002e+52 9.080978 13.065476 4.169276 102.187767 200.558394 22.766458
0.19 4.703496e+52 5.292244e+52 2.267731e+52 9.143357 13.153096 4.182588 103.475828 202.766019 22.870794
0.191 4.979926e+52 5.492829e+52 2.3051529999999997e+52 9.234104 13.252691 4.195852 105.170494 205.361298 22.943264
0.192 5.383424999999999e+52 5.645981e+52 2.354431e+52 9.350185 13.346507 4.200435 107.525558 208.163978 22.926011
0.193 5.27875e+52 5.761069e+52 2.412275e+52 9.479202 13.38481 4.226586 110.835491 209.454335 23.143313
0.194 5.091966e+52 5.909053e+52 2.480779e+52 9.609953 13.409205 4.255744 114.051514 210.307881 23.42126
0.195 5.149169e+52 6.024808000000001e+52 2.529092e+52 9.627613 13.377887 4.27114 113.90648 208.787374 23.566804
0.196 5.384178e+52 6.259167999999999e+52 2.561354e+52 9.650067 13.33802 4.297025 114.080308 207.45346 23.848778
0.197 5.645273999999999e+52 6.417631e+52 2.598474e+52 9.634317 13.277249 4.314554 113.757879 205.6329 23.971093
0.198 5.624282e+52 6.628156e+52 2.646147e+52 9.736852 13.281751 4.326212 115.72314 205.521225 24.027931
0.199 5.965158e+52 7.027142e+52 2.765869e+52 9.859172 13.291467 4.362593 117.954025 205.638387 24.34723
0.2 6.223042e+52 7.16218e+52 2.885501e+52 9.752042 13.299781 4.393028 115.532961 205.938028 24.64388
0.201 6.042936e+52 6.804631e+52 2.871687e+52 9.537341 13.242684 4.384637 111.420076 204.546639 24.60817
0.202 5.6578e+52 6.490955999999999e+52 2.7980870000000004e+52 9.470251 13.151948 4.370351 109.992597 202.229383 24.486682
0.203 5.461294e+52 6.299923e+52 2.735323e+52 9.476073 13.16098 4.379324 109.944287 202.424685 24.625847
0.204 5.62612e+52 6.238589e+52 2.7201629999999996e+52 9.506736 13.271786 4.38335 110.125037 205.46068 24.671702
0.205 5.899079000000001e+52 6.14791e+52 2.728671e+52 9.412998 13.309243 4.390118 108.255869 206.657165 24.72329
0.206 5.978551000000001e+52 6.166474e+52 2.7553489999999997e+52 9.265749 13.352603 4.403473 105.805065 208.151582 24.884125
0.207 5.883238000000001e+52 6.130154e+52 2.7376719999999997e+52 9.166555 13.352753 4.411631 104.376093 208.337494 25.019004
0.208 5.786209999999999e+52 6.059827e+52 2.7377479999999997e+52 9.154407 13.410449 4.419003 104.451798 210.089936 25.127421
0.209 5.847176e+52 5.987414e+52 2.709916e+52 9.172493 13.462318 4.414768 104.469688 211.851333 25.143305
0.21 5.832571e+52 5.999944e+52 2.6894930000000003e+52 9.190817 13.416306 4.412916 104.854967 210.651309 25.149335
0.211 5.798794e+52 6.044469999999999e+52 2.662808e+52 9.218471 13.415445 4.414848 105.549777 210.592952 25.149041
0.212 5.690538e+52 5.957665e+52 2.6024669999999996e+52 9.238549 13.388725 4.418257 106.312775 209.833888 25.203188
0.213 5.508438e+52 5.827732e+52 2.5387740000000003e+52 9.289723 13.328457 4.409975 107.846879 208.039082 25.147209
0.214 5.233196000000001e+52 5.759793e+52 2.509418e+52 9.320425 13.353497 4.4006 108.446235 208.548914 25.0709
0.215 5.101992e+52 5.86452e+52 2.522647e+52 9.404608 13.362876 4.388856 110.138212 208.729479 25.002979
0.216 5.02916e+52 5.771710999999999e+52 2.439663e+52 9.493097 13.383663 4.388191 113.618918 209.467013 25.06153
0.217 4.956017e+52 5.697694e+52 2.4217309999999997e+52 9.477115 13.378276 4.37489 112.033143 209.263649 24.885563
0.218 4.771531e+52 5.557229e+52 2.419681e+52 9.465321 13.430084 4.374771 111.683718 211.150888 24.899895
0.219 4.5866579999999997e+52 5.310399e+52 2.360256e+52 9.473734 13.374199 4.366146 111.69514 209.638348 24.793535
0.22 4.4343700000000004e+52 5.217761e+52 2.3272659999999998e+52 9.442844 13.353569 4.349483 110.955134 208.841538 24.607466
0.221 4.446861e+52 5.228127e+52 2.298632e+52 9.496848 13.426821 4.366769 111.927293 211.081266 24.832056
0.222 4.4797390000000003e+52 5.203426e+52 2.2989449999999997e+52 9.417995 13.396804 4.361403 110.459399 210.123712 24.768015
0.223 4.3689749999999996e+52 5.088686e+52 2.2741189999999998e+52 9.310632 13.39807 4.37319 109.151884 209.851086 24.923147
0.224 4.2703119999999996e+52 4.983730000000001e+52 2.2412200000000002e+52 9.236436 13.416092 4.364953 107.520909 210.149249 24.890042
0.225 4.201577e+52 4.906282e+52 2.200381e+52 9.201076 13.446709 4.338278 106.403351 210.978361 24.66899
0.226 4.205325e+52 4.922653e+52 2.188197e+52 9.174711 13.402054 4.299675 105.841875 210.041164 24.276197
0.227 4.249879e+52 5.060913000000001e+52 2.2131460000000002e+52 9.122773 13.354427 4.281709 105.044003 208.808616 24.067414
0.228 4.3399520000000004e+52 5.133457e+52 2.2305169999999997e+52 9.132081 13.318744 4.26878 104.970743 207.564862 23.890635
0.229 4.412374e+52 5.137061e+52 2.221688e+52 9.177421 13.256576 4.262347 105.518381 205.598058 23.747251
0.23 4.38837e+52 5.090639e+52 2.184729e+52 9.192248 13.149543 4.250911 105.501121 202.514178 23.582399
0.231 4.300153e+52 5.047274e+52 2.1252e+52 9.153181 12.991331 4.214603 104.42846 198.273124 23.187162
0.232 4.232534e+52 5.125793e+52 2.072467e+52 9.071298 12.830904 4.171206 102.887334 194.095981 22.779817
0.233 4.1978340000000004e+52 5.215811999999999e+52 2.010495e+52 8.932712 12.610642 4.094127 100.210606 188.089411 22.003802
0.234 3.9513090000000004e+52 4.925802e+52 1.850426e+52 8.637084 12.211024 3.951889 94.531031 177.588895 20.657603
0.235 3.761332e+52 4.6533930000000005e+52 1.728614e+52 8.4743 11.938375 3.868351 91.373973 171.052453 19.91389
0.236 3.708581e+52 4.5752069999999995e+52 1.713376e+52 8.498634 11.89457 3.845756 91.942738 170.524204 19.686201
0.237 3.806747e+52 4.590285e+52 1.7604979999999998e+52 8.706236 12.07058 3.889717 96.36168 175.319755 20.108372
0.238 4.0320260000000003e+52 4.826782e+52 1.807255e+52 8.90904 12.212162 3.946262 100.242586 178.422459 20.64734
0.239 4.2365069999999995e+52 5.012772e+52 1.8638289999999998e+52 8.976895 12.211499 3.965069 101.358027 177.965583 20.807551
0.24 4.297026e+52 5.008182e+52 1.870965e+52 8.907721 12.117246 3.953559 99.757924 175.461813 20.709266
0.241 4.26161e+52 4.974861999999999e+52 1.8530450000000002e+52 8.815286 12.035237 3.948622 97.88241 173.373179 20.71936
0.242 4.1355890000000005e+52 4.902779e+52 1.842168e+52 8.766586 12.005489 3.943102 97.100263 172.760504 20.718459
0.243 3.959863e+52 4.818638e+52 1.825282e+52 8.734575 12.019529 3.959788 96.565174 173.290701 20.907935
0.244 3.9112459999999995e+52 4.901419e+52 1.83117e+52 8.759703 12.096631 3.985464 96.872588 175.29883 21.130186
0.245 3.9209510000000003e+52 4.845117e+52 1.8220050000000002e+52 8.792425 12.161524 3.985062 97.495075 177.313417 21.097791
0.246 3.959805e+52 4.887311e+52 1.813748e+52 8.85129 12.236618 3.985058 98.530122 179.066265 21.065768
0.247 4.079095e+52 4.935161e+52 1.816206e+52 8.89722 12.232556 3.981068 99.254411 178.804993 21.002817
0.248 4.100778e+52 4.906534e+52 1.796249e+52 8.886193 12.2207 3.980018 99.114672 178.444571 21.025808
0.249 4.147634e+52 4.911493000000001e+52 1.7952379999999998e+52 8.86889 12.221579 3.9831 98.817819 178.457596 21.06501
0.25 4.160349e+52 4.876259000000001e+52 1.817351e+52 8.851737 12.219079 3.989705 98.554736 178.303072 21.121436
0.251 4.139533e+52 4.872871e+52 1.836016e+52 8.853752 12.286732 4.00706 98.728968 180.201508 21.300354
0.252 4.160973e+52 4.896662e+52 1.831474e+52 8.89739 12.350689 4.009972 99.773572 182.244254 21.367727
0.253 4.109281e+52 4.861303e+52 1.82891e+52 8.922307 12.3747 3.990383 100.55651 183.28663 21.191757
0.254 4.106197e+52 4.948566e+52 1.819938e+52 8.980858 12.397323 3.972788 101.797836 184.24606 21.06271
0.255 4.170032e+52 5.073680999999999e+52 1.826698e+52 9.090951 12.400128 3.98252 104.039689 184.371173 21.14005
0.256 4.1423579999999996e+52 5.103805e+52 1.823393e+52 9.181611 12.35004 3.996744 105.861297 183.050288 21.305065
0.257 4.0450819999999997e+52 4.921796999999999e+52 1.802349e+52 9.216658 12.24545 4.007465 106.355427 180.479574 21.466215
0.258 3.922283e+52 4.7819580000000006e+52 1.7896000000000002e+52 9.223566 12.210657 4.023445 106.334461 179.862769 21.657781
0.259 3.878141e+52 4.770405e+52 1.778324e+52 9.215856 12.236837 4.030748 105.949844 180.568779 21.721403
0.26 3.933929e+52 4.920981e+52 1.78942e+52 9.201203 12.266572 4.017454 105.408203 181.165231 21.571416
0.261 4.119161e+52 5.102401000000001e+52 1.817741e+52 9.260303 12.313593 4.001849 106.489354 182.276894 21.397941
0.262 4.2590389999999993e+52 5.177813e+52 1.845931e+52 9.333211 12.387074 4.000043 108.161819 184.196628 21.356144
0.263 4.1905830000000003e+52 5.134945e+52 1.836823e+52 9.339897 12.445671 4.020641 108.589706 185.59717 21.574028
0.264 4.021929e+52 4.840936e+52 1.787675e+52 9.280507 12.432376 4.022496 107.671795 185.354094 21.65364
0.265 3.844612e+52 4.587515e+52 1.736967e+52 9.197255 12.431411 4.019648 106.100627 185.191934 21.67824
0.266 3.821588e+52 4.5570750000000003e+52 1.719187e+52 9.144233 12.43813 4.015812 105.087928 185.025013 21.634823
0.267 3.9638969999999996e+52 4.622243e+52 1.743669e+52 9.126712 12.453246 4.007872 104.776547 185.373965 21.484217
0.268 4.035393e+52 4.655212e+52 1.7397149999999998e+52 9.135042 12.394209 3.989025 104.791779 183.389388 21.256283
0.269 4.022791e+52 4.816299e+52 1.783007e+52 9.118358 12.383572 4.008108 104.274216 183.133627 21.446283
0.27 4.005865e+52 4.841139000000001e+52 1.788397e+52 9.155187 12.366202 4.013936 105.051072 183.084242 21.513998
0.271 4.0014659999999996e+52 4.905076e+52 1.781778e+52 9.2094 12.37545 4.02948 106.018987 183.287114 21.708052
0.272 4.0223269999999996e+52 4.859348999999999e+52 1.762579e+52 9.216691 12.417401 4.046917 106.011858 184.5901 21.923665
0.273 3.939833e+52 4.883458e+52 1.756782e+52 9.19807 12.439561 4.052516 105.578715 185.07453 21.990359
0.274 3.960475e+52 4.940457e+52 1.770874e+52 9.179392 12.488973 4.052569 105.12036 186.270548 21.978565
0.275 3.9568910000000004e+52 4.866557e+52 1.7818560000000002e+52 9.14506 12.515717 4.066791 104.566223 186.860936 22.085711
0.276 3.822907e+52 4.5971780000000004e+52 1.773301e+52 9.093628 12.545693 4.095427 103.828107 187.868278 22.358547
0.277 3.682456e+52 4.3869439999999996e+52 1.757872e+52 9.083069 12.601192 4.105884 103.820952 189.603649 22.436469
0.278 3.733023e+52 4.438216e+52 1.728475e+52 9.142248 12.672185 4.089011 105.13297 191.433291 22.267647
0.279 3.790935e+52 4.445581e+52 1.701986e+52 9.198855 12.682394 4.087746 106.32794 191.711916 22.238302
0.28 3.7296949999999997e+52 4.435005e+52 1.693108e+52 9.191306 12.686587 4.072917 106.329291 191.928998 22.086404
0.281 3.725478e+52 4.472459e+52 1.692542e+52 9.158535 12.646496 4.039738 105.705649 190.747359 21.751334
0.282 3.687072e+52 4.4839399999999997e+52 1.693049e+52 9.073992 12.52992 4.004854 103.792903 187.338098 21.386264
0.283 3.625202e+52 4.44953e+52 1.694697e+52 9.000093 12.460262 3.991071 102.114467 185.155963 21.217503
0.284 3.6300849999999996e+52 4.598637e+52 1.723896e+52 8.987503 12.506932 3.990121 101.738561 186.111429 21.152719
0.285 3.642857e+52 4.6623469999999997e+52 1.7284820000000002e+52 9.042408 12.582318 3.995756 103.116619 188.078691 21.201741
0.286 3.501927e+52 4.5768810000000004e+52 1.697276e+52 9.12237 12.580754 4.002855 105.066608 188.296951 21.307024
0.287 3.409945e+52 4.522831e+52 1.662704e+52 9.204361 12.562942 4.009766 106.719867 188.054295 21.408013
0.288 3.364159e+52 4.380923e+52 1.635872e+52 9.188889 12.492942 4.007591 106.218513 186.324692 21.423644
0.289 3.3527079999999995e+52 4.2612629999999993e+52 1.643992e+52 9.122298 12.45297 3.993092 104.80465 185.469646 21.28391
0.29 3.329468e+52 4.1581409999999996e+52 1.651137e+52 9.078149 12.430114 3.987863 104.007529 184.95132 21.199879
0.291 3.389239e+52 4.1963410000000005e+52 1.690786e+52 9.043509 12.413241 3.999041 103.283386 184.61292 21.289631
0.292 3.473819e+52 4.272231e+52 1.7114799999999998e+52 9.059546 12.420585 4.02912 103.601118 184.826527 21.581144
0.293 3.487216e+52 4.2701409999999996e+52 1.713058e+52 9.088836 12.45282 4.061452 104.219935 185.571536 21.92039
0.294 3.469375e+52 4.2222419999999995e+52 1.68975e+52 9.127716 12.503443 4.082448 105.099913 186.927309 22.209083
0.295 3.4152369999999996e+52 4.1456470000000005e+52 1.687993e+52 9.173758 12.580721 4.105412 106.117824 189.285205 22.462297
0.296 3.413544e+52 4.2159509999999994e+52 1.705927e+52 9.224525 12.729057 4.133391 107.040521 193.21 22.717937
0.297 3.491442e+52 4.3898419999999997e+52 1.734993e+52 9.327284 12.878122 4.135915 109.05928 197.055862 22.720546
0.298 3.620876e+52 4.571072e+52 1.798135e+52 9.470604 13.023692 4.15793 112.024688 201.097138 22.899516
0.299 3.647268e+52 4.4440689999999995e+52 1.8192809999999999e+52 9.479605 13.085005 4.176444 112.312181 203.161712 23.028237
0.3 3.593819e+52 4.386924e+52 1.793791e+52 9.514145 13.111539 4.186655 113.140166 204.030173 23.17068
0.301 3.642691e+52 4.477406e+52 1.7758419999999998e+52 9.568272 13.126268 4.178299 114.156701 204.16957 23.116475
0.302 3.727219e+52 4.54866e+52 1.781761e+52 9.622624 13.113546 4.164897 115.320851 203.744637 22.98239
0.303 3.8723640000000003e+52 4.705419e+52 1.7902309999999998e+52 9.65152 13.067484 4.157802 116.001903 202.24432 22.910931
0.304 3.9649899999999996e+52 4.808726e+52 1.7874760000000002e+52 9.631612 12.98323 4.137317 115.502684 199.749365 22.709803
0.305 3.903665e+52 4.792105000000001e+52 1.780506e+52 9.553105 12.906625 4.126153 113.914385 197.581557 22.600094
0.306 3.78781e+52 4.7051759999999995e+52 1.770538e+52 9.479925 12.877234 4.127712 112.459647 196.757535 22.630075
0.307 3.64921e+52 4.582972e+52 1.746409e+52 9.435556 12.87496 4.136997 111.719175 197.011657 22.768353
0.308 3.561655e+52 4.437658e+52 1.7289350000000002e+52 9.421311 12.854937 4.129437 111.679018 196.800805 22.724937
0.309 3.488963e+52 4.3178900000000004e+52 1.711345e+52 9.386011 12.824689 4.127535 110.98408 195.853818 22.714515
0.31 3.417762e+52 4.2213919999999997e+52 1.682237e+52 9.322851 12.774719 4.123426 109.551365 194.463458 22.738944
0.311 3.429346e+52 4.176538e+52 1.672412e+52 9.298683 12.778559 4.11827 108.931123 194.560476 22.712418
0.312 3.408709e+52 4.1059720000000004e+52 1.640349e+52 9.263319 12.744898 4.107987 108.216476 193.589714 22.62175
0.313 3.314234e+52 4.103835e+52 1.6134280000000002e+52 9.239493 12.712442 4.107668 107.787049 192.819454 22.64298
0.314 3.301936e+52 4.107882e+52 1.613332e+52 9.28216 12.681872 4.108472 108.670581 192.247119 22.656436
0.315 3.305235e+52 4.204405e+52 1.638376e+52 9.294013 12.667656 4.102995 108.703987 191.604725 22.544886
0.316 3.3234539999999997e+52 4.232576e+52 1.6332120000000001e+52 9.315049 12.606799 4.091708 108.89627 190.215013 22.42647
0.317 3.25156e+52 4.0772849999999996e+52 1.59742e+52 9.318849 12.523673 4.069523 109.030301 188.421044 22.220862
0.318 3.039044e+52 3.892349e+52 1.556275e+52 9.27503 12.413457 4.05881 108.382171 185.791313 22.147853
0.319 2.938399e+52 3.878384e+52 1.538166e+52 9.233488 12.402565 4.047104 107.58842 185.574417 22.034663
0.32 2.9855969999999997e+52 3.924495e+52 1.516473e+52 9.225858 12.430845 4.035608 107.319971 186.245134 21.874846
0.321 3.131329e+52 4.055383e+52 1.51731e+52 9.289813 12.46656 4.029471 108.643353 186.837511 21.777313
0.322 3.268523e+52 4.1248639999999997e+52 1.523499e+52 9.336822 12.493081 4.023811 109.681534 187.482896 21.712738
0.323 3.245663e+52 4.0420699999999995e+52 1.5203329999999998e+52 9.311452 12.475287 4.017565 109.50988 187.394795 21.670373
0.324 3.1234199999999996e+52 3.914662e+52 1.515596e+52 9.233799 12.434037 4.013522 108.093218 186.55409 21.668858
0.325 3.019099e+52 3.920797e+52 1.520264e+52 9.129648 12.344838 3.997037 105.907996 184.123087 21.521715
0.326 3.005754e+52 4.004074e+52 1.507448e+52 9.081704 12.277649 3.962306 104.821902 182.302674 21.203088
0.327 3.062147e+52 4.0837899999999994e+52 1.500771e+52 9.088478 12.258001 3.939297 104.790319 181.694226 20.940484
0.328 3.113819e+52 4.128331e+52 1.5077149999999998e+52 9.09604 12.249973 3.950397 104.962429 181.784498 21.039975
0.329 3.06258e+52 4.020457e+52 1.494889e+52 9.091818 12.226209 3.966562 105.272626 181.432435 21.234715
0.33 2.980757e+52 3.9594969999999995e+52 1.4802610000000002e+52 9.065384 12.174999 3.986161 104.52904 179.630307 21.449424
0.331 2.988255e+52 3.9206949999999997e+52 1.473636e+52 9.041221 12.142123 4.003479 103.763343 178.714422 21.668241
0.332 2.957154e+52 3.7972109999999996e+52 1.4679040000000002e+52 9.005731 12.087893 4.009972 102.94684 177.419804 21.764133
0.333 2.845471e+52 3.581217e+52 1.442359e+52 8.935732 12.06298 4.01599 101.585677 177.122765 21.826641
0.334 2.78548e+52 3.533175e+52 1.40959e+52 8.894234 12.085575 3.999412 100.942713 177.870414 21.704671
0.335 2.829104e+52 3.570053e+52 1.4109069999999998e+52 8.931547 12.112806 3.995823 102.058532 178.722422 21.670988
0.336 2.89685e+52 3.627808e+52 1.421622e+52 9.013273 12.171399 4.001834 103.834456 179.929551 21.713349
0.337 2.905014e+52 3.471855e+52 1.439718e+52 9.103825 12.249309 4.027162 105.749376 182.493064 21.924717
0.338 2.836624e+52 3.381749e+52 1.433316e+52 9.144058 12.347263 4.045736 106.725176 185.353546 22.109231
0.339 2.7774329999999997e+52 3.337391e+52 1.395978e+52 9.139801 12.315327 4.01808 106.657601 184.193261 21.904655
0.34 2.797824e+52 3.444444e+52 1.409735e+52 9.093594 12.24482 4.002737 105.505929 181.820818 21.70953
0.341 2.846431e+52 3.477687e+52 1.43529e+52 9.096911 12.290414 4.006416 105.675902 183.36219 21.687372
0.342 2.867285e+52 3.5308609999999997e+52 1.435816e+52 9.117095 12.365563 4.001223 106.243022 185.660412 21.662935
0.343 2.879595e+52 3.593172e+52 1.435086e+52 9.130955 12.410299 3.999819 106.558603 186.563408 21.637638
0.344 2.867019e+52 3.586708e+52 1.426095e+52 9.059766 12.327479 4.000881 104.874389 184.091086 21.631675
0.345 2.831135e+52 3.556726e+52 1.407679e+52 8.979306 12.285655 4.0043 103.132459 182.918625 21.703291
0.346 2.8328509999999996e+52 3.6089950000000003e+52 1.408558e+52 8.998076 12.269509 3.988006 103.289394 182.168097 21.544355
0.347 2.801132e+52 3.591443e+52 1.3957699999999999e+52 9.055922 12.186867 3.970054 104.183056 179.615535 21.387567
0.348 2.74378e+52 3.493617e+52 1.390777e+52 9.000889 12.1031 3.956275 102.905783 177.676834 21.26712
0.349 2.596721e+52 3.2700779999999995e+52 1.340083e+52 8.878129 12.00814 3.948775 100.556041 175.446422 21.198244
0.35 2.510755e+52 3.210977e+52 1.2848409999999998e+52 8.927996 12.039519 3.960947 101.731601 176.491033 21.339956
0.351 2.60528e+52 3.298904e+52 1.2955970000000002e+52 9.063524 12.072593 3.963807 104.394491 177.099944 21.32706
0.352 2.691257e+52 3.362938e+52 1.321935e+52 9.177554 12.124255 3.973687 106.755819 178.35674 21.398417
0.353 2.608874e+52 3.145724e+52 1.339033e+52 9.148312 12.059765 3.987105 106.118652 176.931465 21.489271
0.354 2.487454e+52 3.03748e+52 1.344323e+52 9.11912 12.014627 4.011846 105.274209 175.805141 21.744571
0.355 2.411635e+52 3.025835e+52 1.343146e+52 9.101604 12.044934 4.012862 105.120098 176.993606 21.766288
0.356 2.402501e+52 3.131252e+52 1.31848e+52 9.211952 12.047445 4.005045 107.24605 176.571248 21.772714
0.357 2.41581e+52 3.2058939999999997e+52 1.300535e+52 9.301787 12.016461 3.994054 108.941934 175.676215 21.740353
0.358 2.3707569999999996e+52 3.111717e+52 1.284307e+52 9.274929 11.951072 3.980949 108.425465 173.769918 21.624964
0.359 2.305964e+52 2.9623750000000004e+52 1.28339e+52 9.20012 11.870361 3.974971 107.004607 171.717998 21.519164
0.36 2.2361569999999998e+52 2.935931e+52 1.292791e+52 9.143006 11.926645 3.997578 105.805446 173.128973 21.721023
0.361 2.168228e+52 2.900427e+52 1.286406e+52 9.077546 11.982169 4.010749 104.723168 174.812883 21.866067
0.362 2.123779e+52 2.845393e+52 1.2527250000000002e+52 9.039848 12.043864 4.00845 104.196921 176.60092 21.901209
0.363 2.1087120000000002e+52 2.805235e+52 1.213288e+52 9.001614 12.054064 3.974889 103.417082 176.903662 21.65652
0.364 2.081242e+52 2.675746e+52 1.1908810000000001e+52 8.976645 11.998279 3.953934 103.02973 175.592344 21.444204
0.365 1.970577e+52 2.558259e+52 1.1833309999999999e+52 8.889946 11.901908 3.934721 101.399613 172.933037 21.258304
0.366 1.913524e+52 2.521635e+52 1.1945030000000001e+52 8.820647 11.945184 3.936314 100.113025 174.131729 21.273612
0.367 1.9218230000000002e+52 2.522781e+52 1.1935329999999999e+52 8.775841 11.980959 3.944069 99.082529 174.68853 21.311513
0.368 1.8800140000000001e+52 2.49638e+52 1.1589229999999999e+52 8.863603 12.016588 3.963167 100.855073 175.746988 21.535733
0.369 2.005995e+52 2.628197e+52 1.162857e+52 8.934349 12.03329 3.952178 102.123124 175.539866 21.445219
0.37 2.005044e+52 2.615537e+52 1.1679040000000001e+52 8.902785 11.826481 3.938247 101.465861 169.972071 21.298699
0.371 2.0477389999999998e+52 2.599381e+52 1.19957e+52 8.838367 11.722083 3.940483 99.882893 167.490458 21.263911
0.372 2.0266169999999998e+52 2.604952e+52 1.199078e+52 8.793013 11.732902 3.947665 99.032922 167.900713 21.350109
0.373 2.0588829999999997e+52 2.704146e+52 1.1963969999999999e+52 8.829667 11.753564 3.954257 99.731702 168.336094 21.433869
0.374 2.0450710000000002e+52 2.794636e+52 1.181455e+52 8.865782 11.761851 3.948078 100.711569 168.518859 21.42675
0.375 1.909255e+52 2.6760670000000003e+52 1.1244400000000001e+52 8.915054 11.684943 3.916149 102.158544 166.579637 21.194747
0.376 1.804947e+52 2.514117e+52 1.1205909999999999e+52 9.049047 11.659252 3.938088 104.89583 166.271958 21.417282
0.377 1.747902e+52 2.3494399999999999e+52 1.1286590000000001e+52 8.871202 11.746796 3.9768 101.417821 169.049408 21.77139
0.378 1.738286e+52 2.319578e+52 1.113198e+52 8.72239 11.911338 3.981486 98.58922 172.983059 21.795913
0.379 1.76037e+52 2.384611e+52 1.1168929999999999e+52 8.681672 11.952632 3.954788 97.794809 174.248332 21.525154
0.38 1.8259240000000002e+52 2.329775e+52 1.0854839999999999e+52 8.695301 11.897831 3.930351 97.746903 172.770095 21.293582
0.381 1.884582e+52 2.2401499999999999e+52 1.093145e+52 8.642975 11.861993 3.930709 96.661421 172.164252 21.302326
0.382 1.786702e+52 2.133494e+52 1.0871599999999999e+52 8.54112 11.790698 3.931322 94.994213 169.92648 21.33603
0.383 1.658935e+52 2.062733e+52 1.066225e+52 8.484324 11.661202 3.935667 93.910889 166.261157 21.469047
0.384 1.546211e+52 2.001081e+52 1.0430999999999999e+52 8.468652 11.609617 3.927012 93.685709 164.99766 21.397104
0.385 1.51606e+52 1.979924e+52 1.022421e+52 8.486377 11.643032 3.939705 93.856076 165.726259 21.515241
0.386 1.49169e+52 1.966039e+52 1.001827e+52 8.485997 11.696787 3.944316 93.887737 166.913954 21.593828
0.387 1.461744e+52 1.953925e+52 9.91299e+51 8.453572 11.633488 3.924814 92.903108 164.895252 21.423798
0.388 1.45015e+52 1.949276e+52 1.0046489999999999e+52 8.457031 11.624029 3.947893 92.769221 164.512123 21.662067
0.389 1.485775e+52 1.990856e+52 1.0191319999999999e+52 8.469282 11.715001 3.953765 93.110316 167.026749 21.68663
0.39 1.557652e+52 2.005983e+52 1.020075e+52 8.499823 11.764792 3.930323 94.027547 168.677589 21.376602
0.391 1.548546e+52 1.949647e+52 9.96995e+51 8.484437 11.698297 3.927478 94.014468 167.19281 21.369202
0.392 1.482877e+52 1.899371e+52 9.854349999999999e+51 8.46119 11.577946 3.917117 93.301212 163.890998 21.279307
0.393 1.398918e+52 1.901329e+52 1.0010220000000001e+52 8.40462 11.507163 3.921 91.882148 162.02739 21.278033
0.394 1.402182e+52 1.906735e+52 1.013112e+52 8.410365 11.608316 3.925415 91.834037 164.954873 21.314697
0.395 1.369723e+52 1.8501259999999998e+52 9.938909999999999e+51 8.40949 11.66333 3.928654 92.043663 166.504507 21.343551
0.396 1.348165e+52 1.7947640000000001e+52 9.64556e+51 8.389863 11.614419 3.921055 91.782273 165.210918 21.381664
0.397 1.401818e+52 1.83524e+52 9.62229e+51 8.411597 11.62739 3.897333 91.946552 165.206937 21.157725
0.398 1.4499150000000002e+52 1.985562e+52 9.826479999999999e+51 8.42571 11.645238 3.896608 92.218147 165.231032 21.103039
0.399 1.4339200000000002e+52 1.9691209999999999e+52 9.622230000000001e+51 8.505556 11.570757 3.895287 93.556938 163.319122 21.084866
0.4 1.359346e+52 1.82795e+52 9.45357e+51 8.39208 11.527892 3.890782 91.494853 162.557041 21.056846
0.401 1.3151610000000001e+52 1.753277e+52 9.37586e+51 8.353356 11.572877 3.918532 90.724132 163.686133 21.389029
0.402 1.290357e+52 1.68859e+52 9.14825e+51 8.294905 11.458865 3.917058 89.10978 160.245663 21.438267
0.403 1.291403e+52 1.7297499999999998e+52 9.31843e+51 8.259789 11.498789 3.906684 88.320212 161.383777 21.223396
0.404 1.3128359999999998e+52 1.81084e+52 9.39608e+51 8.312662 11.53318 3.891063 89.549746 162.411267 21.055124
0.405 1.331952e+52 1.889867e+52 9.479300000000001e+51 8.407379 11.483013 3.879978 91.503811 161.849809 21.072727
0.406 1.32235e+52 1.867527e+52 9.30196e+51 8.471231 11.493964 3.913927 92.69272 162.345971 21.493363
0.407 1.321585e+52 1.866057e+52 9.324529999999999e+51 8.467844 11.464229 3.919739 92.731304 161.432873 21.584691
0.408 1.286422e+52 1.809782e+52 9.297499999999999e+51 8.405375 11.431505 3.937594 91.546084 160.291198 21.780069
0.409 1.244675e+52 1.741592e+52 9.46648e+51 8.353635 11.428259 3.954781 90.593364 160.689984 21.890198
0.41 1.22637e+52 1.680169e+52 9.59053e+51 8.355647 11.570814 3.986405 90.689669 164.437582 22.157389
0.411 1.1928589999999999e+52 1.621565e+52 9.4538e+51 8.274688 11.541646 3.985231 88.981726 163.642849 22.136649
0.412 1.187044e+52 1.6492309999999999e+52 9.33919e+51 8.213376 11.50926 3.955926 87.7882 162.87224 21.809562
0.413 1.1939599999999999e+52 1.663557e+52 9.44273e+51 8.232084 11.500904 3.964158 87.744439 162.157905 21.88248
0.414 1.175209e+52 1.668112e+52 9.479119999999999e+51 8.260419 11.501259 3.985036 88.436545 162.22205 22.135166
0.415 1.1558139999999999e+52 1.673346e+52 9.25534e+51 8.280472 11.514878 3.967717 89.019377 162.761914 21.951979
0.416 1.1210039999999999e+52 1.6210869999999998e+52 9.079099999999999e+51 8.232348 11.462381 3.959845 88.101223 161.347649 21.906351
0.417 1.103127e+52 1.604378e+52 8.94706e+51 8.233384 11.435838 3.938711 88.164768 160.556354 21.710207
0.418 1.0535959999999999e+52 1.6065869999999999e+52 8.88997e+51 8.194588 11.380176 3.938562 87.36917 159.10026 21.73312
0.419 1.0104809999999999e+52 1.5947370000000002e+52 8.85825e+51 8.210278 11.408089 3.956799 87.963723 160.144808 21.947387
0.42 1.038914e+52 1.608148e+52 8.79913e+51 8.239529 11.454564 3.961177 88.545981 161.466521 22.002175
0.421 1.052146e+52 1.560908e+52 8.788200000000001e+51 8.259541 11.508722 3.965013 89.162104 163.500554 22.091143
0.422 1.038745e+52 1.531464e+52 8.96922e+51 8.31993 11.666895 4.011207 90.332765 167.66071 22.478404
0.423 1.030771e+52 1.50668e+52 9.317060000000001e+51 8.304615 11.713089 4.040359 90.057753 168.94552 22.703543
0.424 1.025458e+52 1.511173e+52 9.33813e+51 8.218338 11.609704 4.028384 88.386799 166.55155 22.604692
0.425 1.011212e+52 1.488201e+52 9.08994e+51 8.122402 11.47852 3.99916 86.558273 163.27059 22.357099
0.426 9.88669e+51 1.472162e+52 8.89679e+51 8.162965 11.484938 3.987183 87.777219 163.811157 22.266092
0.427 9.468140000000001e+51 1.425062e+52 8.73766e+51 8.135878 11.438815 3.966448 87.333709 162.811279 22.082015
0.428 8.98618e+51 1.3457399999999998e+52 8.53502e+51 8.002499 11.294613 3.938036 84.211757 158.264717 21.853861
0.429 8.74121e+51 1.355254e+52 8.287299999999999e+51 7.993819 11.293043 3.927943 84.006368 157.87334 21.746191
0.43 8.884539999999999e+51 1.3932180000000002e+52 8.17742e+51 8.073891 11.390079 3.939576 85.503039 160.308132 21.922622
0.431 9.50545e+51 1.456651e+52 8.40702e+51 8.204177 11.442267 3.949598 88.498574 161.848648 22.026101
0.432 9.73378e+51 1.492875e+52 8.64842e+51 8.301007 11.488144 4.009694 90.165933 163.32724 22.624235
0.433 9.694770000000001e+51 1.437428e+52 8.55872e+51 8.278077 11.463146 4.007562 89.383353 162.469142 22.649171
0.434 9.33783e+51 1.356941e+52 8.512150000000001e+51 8.205687 11.443477 3.976879 87.784409 161.899787 22.26126
0.435 9.42072e+51 1.34502e+52 8.66619e+51 8.209147 11.492119 3.994492 88.038594 163.545935 22.391599
0.436 9.44463e+51 1.387834e+52 9.05273e+51 8.179402 11.536313 3.999223 87.897688 164.952799 22.40304
0.437 9.38503e+51 1.3858209999999999e+52 8.92427e+51 8.236182 11.546928 4.030638 89.027779 165.216232 22.796544
0.438 9.04836e+51 1.333353e+52 8.744990000000001e+51 8.16894 11.46883 4.033861 87.833267 163.285121 22.953534
0.439 8.75015e+51 1.316309e+52 8.63425e+51 8.042213 11.292552 4.012638 85.157404 158.87205 22.861058
0.44 8.21111e+51 1.2758780000000002e+52 8.52184e+51 7.959907 11.212643 3.998003 83.051139 156.501696 22.646616
0.441 7.82818e+51 1.2273499999999998e+52 8.396670000000001e+51 7.966464 11.257865 4.018332 83.50085 158.139936 22.854703
0.442 8.12108e+51 1.261386e+52 8.36539e+51 7.963545 11.323007 4.013298 83.612311 160.355762 22.936454
0.443 8.41814e+51 1.256152e+52 8.2613e+51 8.018716 11.393615 4.034901 84.712892 162.173928 23.234413
0.444 8.13255e+51 1.254236e+52 8.2279e+51 8.011149 11.458726 4.036349 84.157307 163.141443 23.133455
0.445 7.9687e+51 1.264119e+52 8.199309999999999e+51 8.113202 11.565701 4.045798 86.355607 165.971854 23.231785
0.446 8.06502e+51 1.31246e+52 8.34545e+51 8.159085 11.544078 4.031012 87.331537 164.941586 23.022394
0.447 8.35697e+51 1.302403e+52 8.312349999999999e+51 8.224403 11.510327 4.07002 88.251656 163.424949 23.487021
0.448 8.265320000000001e+51 1.263307e+52 8.12901e+51 8.231008 11.447393 4.0382 88.54247 162.519012 23.243368
0.449 8.12187e+51 1.258304e+52 8.177710000000001e+51 8.187677 11.428941 4.036714 88.35122 162.403914 23.162652
0.45 7.891629999999999e+51 1.263403e+52 8.31491e+51 8.118335 11.431182 4.045254 86.73364 162.003598 23.21335
0.451 7.81069e+51 1.251217e+52 8.234869999999999e+51 8.042433 11.357948 4.01771 85.281993 160.299118 23.003145
0.452 7.855980000000001e+51 1.207216e+52 8.10197e+51 8.134915 11.411572 4.03187 87.774941 162.18043 23.186454
0.453 7.93335e+51 1.210004e+52 8.108870000000001e+51 8.18214 11.487754 4.063672 88.420708 163.812391 23.470612
0.454 8.06748e+51 1.23724e+52 8.264e+51 8.17043 11.470454 4.064426 87.719948 162.806674 23.395766
0.455 7.95184e+51 1.261713e+52 8.29896e+51 8.07778 11.430613 4.071745 84.72898 160.864184 23.412622
0.456 8.16072e+51 1.301423e+52 8.39656e+51 8.135793 11.485696 4.07866 86.361787 162.797441 23.534614
0.457 8.42328e+51 1.285271e+52 8.33871e+51 8.129552 11.504957 4.096148 86.643074 163.621884 23.761814
0.458 8.35524e+51 1.2327650000000002e+52 8.07205e+51 8.087756 11.451875 4.088095 86.245145 162.336443 23.832564
0.459 8.22298e+51 1.227261e+52 8.08937e+51 8.092967 11.52684 4.077771 86.401577 164.245304 23.669717
0.46 8.315669999999999e+51 1.228023e+52 8.09814e+51 8.063292 11.513539 4.042434 85.0474 163.770254 23.28609
0.461 8.12284e+51 1.231934e+52 7.96637e+51 8.159693 11.561094 4.067841 87.130748 165.11282 23.507143
0.462 7.74641e+51 1.182701e+52 7.736809999999999e+51 8.236903 11.56368 4.072598 89.185065 165.463393 23.585598
0.463 7.37877e+51 1.124611e+52 7.61717e+51 8.205535 11.541232 4.062943 88.817214 164.982296 23.479537
0.464 7.052890000000001e+51 1.090583e+52 7.69825e+51 8.081587 11.488633 4.061833 85.7855 163.786383 23.513784
0.465 6.81061e+51 1.0816190000000001e+52 7.73928e+51 8.034109 11.534093 4.054465 85.62322 166.04816 23.434703
0.466 6.86164e+51 1.080786e+52 7.63342e+51 8.059449 11.521203 4.049596 86.619001 165.77608 23.289618
0.467 6.77882e+51 1.1090100000000001e+52 7.47486e+51 7.985017 11.434521 4.027204 84.504364 162.658347 23.000059
0.468 6.85199e+51 1.122451e+52 7.49533e+51 7.986015 11.403816 4.021717 84.182621 161.546851 22.956931
0.469 6.98326e+51 1.1132850000000001e+52 7.53892e+51 8.014698 11.405627 3.995273 84.399776 161.31284 22.671856
0.47 6.76608e+51 1.06175e+52 7.40817e+51 8.041757 11.449466 3.986083 84.699033 162.612781 22.569304
0.471 6.76395e+51 1.071361e+52 7.35283e+51 8.033444 11.474531 4.018429 84.536551 163.213095 22.93512
0.472 6.53167e+51 1.057431e+52 7.28838e+51 7.972883 11.385543 3.995632 83.376605 161.130607 22.676954
0.473 6.47404e+51 1.0623670000000001e+52 7.320370000000001e+51 8.000157 11.378946 3.989109 83.780623 160.809838 22.608547
0.474 6.25931e+51 1.035568e+52 7.3217e+51 8.034719 11.380499 3.999997 84.637646 161.227412 22.673014
0.475 6.17673e+51 9.939510000000001e+51 7.281239999999999e+51 7.996518 11.363543 4.007868 84.29995 161.361137 22.817096
0.476 6.35497e+51 1.002168e+52 7.1012e+51 8.057515 11.359379 4.005914 85.734414 161.293211 22.857905
0.477 6.610930000000001e+51 1.0777540000000001e+52 7.16224e+51 8.051722 11.328331 3.978492 84.756111 159.598248 22.485393
0.478 6.69052e+51 1.10158e+52 7.21718e+51 8.029953 11.264357 3.965707 84.247939 157.87729 22.303709
0.479 6.50638e+51 1.0878069999999999e+52 6.97019e+51 8.018485 11.204173 3.955362 84.425995 156.373968 22.238147
0.48 6.44269e+51 1.0745100000000001e+52 6.87305e+51 8.003311 11.195966 3.951927 83.335228 155.514429 22.20479
0.481 6.41465e+51 1.029096e+52 6.75949e+51 8.105449 11.266252 3.953 85.529777 157.696783 22.313954
0.482 6.46338e+51 1.028222e+52 6.778380000000001e+51 8.075324 11.282099 3.939434 85.141808 158.419213 22.139203
0.483 6.47727e+51 1.030299e+52 6.83841e+51 8.060995 11.369736 3.947401 85.887613 161.066916 22.223575
0.484 6.38921e+51 1.02392e+52 6.83631e+51 7.946024 11.400215 3.965085 83.75791 162.280777 22.417614
0.485 6.39103e+51 1.0201260000000001e+52 6.933359999999999e+51 7.890154 11.432384 3.984166 82.139824 162.665422 22.616018
0.486 6.45892e+51 9.93541e+51 6.900309999999999e+51 7.947404 11.501383 3.975217 83.855643 164.82021 22.524716
0.487 6.14175e+51 9.70329e+51 6.93177e+51 7.873068 11.442247 3.974573 82.071241 162.997386 22.516351
0.488 6.109909999999999e+51 9.79091e+51 6.89946e+51 7.896231 11.422648 3.980577 82.783574 162.551285 22.64076
0.489 6.23134e+51 9.843300000000001e+51 6.71116e+51 7.905144 11.442167 3.968474 82.640356 162.568168 22.525627
0.49 5.99007e+51 9.41469e+51 6.53556e+51 7.844131 11.371415 3.942947 81.530133 160.961093 22.346216
0.491 6.03694e+51 9.691159999999999e+51 6.57772e+51 7.847362 11.447163 3.941469 81.485205 162.781574 22.277084
0.492 6.26077e+51 1.002105e+52 6.74236e+51 7.819851 11.426387 3.952148 81.078451 162.310822 22.436446
0.493 6.390709999999999e+51 1.0079579999999998e+52 6.8884e+51 7.805222 11.40029 3.985028 80.679589 161.432176 22.722479
0.494 6.20034e+51 9.75259e+51 6.81515e+51 7.813544 11.343222 4.006995 81.322934 160.221664 22.964683
0.495 6.21805e+51 9.73785e+51 6.70792e+51 7.836059 11.383091 4.019008 82.141119 161.206063 23.071717
0.496 6.16974e+51 9.785779999999999e+51 6.77779e+51 7.855449 11.397172 4.004962 82.665293 162.229637 22.873424
0.497 6.233539999999999e+51 9.79749e+51 6.81313e+51 7.878498 11.413488 3.993713 83.54635 163.486977 22.77887
0.498 6.07676e+51 9.76797e+51 6.74692e+51 7.85974 11.404965 3.974587 82.820463 163.277107 22.532665
0.499 6.06221e+51 9.67671e+51 6.77477e+51 7.86432 11.391221 4.006875 82.856296 162.625282 22.929429
0.5 6.002999999999999e+51 9.77267e+51 6.77646e+51 7.801546 11.354499 4.004463 81.607249 161.490748 22.825509
0.501 5.94891e+51 9.74028e+51 6.847339999999999e+51 7.729742 11.340371 4.001703 79.498405 160.790418 22.766703
0.502 5.8892100000000003e+51 9.614669999999999e+51 6.803519999999999e+51 7.798381 11.40562 4.018984 80.873437 162.491466 22.940434
0.503 5.78981e+51 9.59572e+51 6.73347e+51 7.829702 11.413928 4.03118 81.374139 162.607802 23.082084
0.504 5.62936e+51 9.33443e+51 6.66697e+51 7.7536 11.327647 3.99874 80.040369 160.844324 22.762649
0.505 5.65489e+51 9.31835e+51 6.701319999999999e+51 7.782706 11.32353 4.004115 80.014572 159.90173 22.787063
0.506 5.58746e+51 9.13509e+51 6.63844e+51 7.787761 11.318227 3.975314 79.973621 159.55366 22.586822
0.507 5.575520000000001e+51 9.132869999999999e+51 6.48341e+51 7.802318 11.364592 3.983461 80.584416 160.584237 22.721106
0.508 5.66849e+51 9.15037e+51 6.484529999999999e+51 7.849914 11.397399 3.985294 81.715091 161.521849 22.697619
0.509 5.50549e+51 9.076779999999999e+51 6.45219e+51 7.832027 11.361918 3.951479 81.353083 160.49926 22.306006
0.51 5.49135e+51 9.17082e+51 6.48097e+51 7.816056 11.324339 3.966855 81.276249 159.738185 22.47975
0.511 5.55333e+51 9.19288e+51 6.624250000000001e+51 7.777803 11.288508 3.994417 80.247817 158.40783 22.72995
0.512 5.24027e+51 8.634699999999999e+51 6.4786e+51 7.704116 11.289158 3.966545 78.600208 158.255969 22.414359
0.513 5.14051e+51 8.510109999999999e+51 6.35733e+51 7.702988 11.312898 3.940242 77.892291 158.339314 22.10758
0.514 5.07839e+51 8.47095e+51 6.35547e+51 7.699998 11.269303 3.956645 77.93386 157.473218 22.300154
0.515 5.08688e+51 8.78011e+51 6.3337e+51 7.645096 11.229656 3.963211 77.05225 156.419502 22.417847
0.516 5.1885e+51 8.83822e+51 6.420280000000001e+51 7.644194 11.204516 3.948126 76.992108 155.744873 22.255579
0.517 5.2921399999999996e+51 8.85592e+51 6.489359999999999e+51 7.703392 11.297934 3.95511 78.775162 158.192247 22.309977
0.518 5.34729e+51 8.99478e+51 6.42641e+51 7.658656 11.231623 3.948247 77.320509 155.889285 22.225682
0.519 5.32043e+51 8.732490000000001e+51 6.34794e+51 7.675003 11.218121 3.941071 77.450223 155.460475 22.152479
0.52 5.3275899999999995e+51 8.7447e+51 6.315730000000001e+51 7.675152 11.24783 3.921349 77.383599 156.300768 21.892034
0.521 5.2674600000000005e+51 9.03351e+51 6.34157e+51 7.692347 11.349671 3.932716 77.661843 158.763162 21.951545
0.522 5.3671800000000005e+51 9.14879e+51 6.4138e+51 7.731393 11.348964 3.947974 78.215361 158.952822 22.135544
0.523 5.48444e+51 9.15848e+51 6.49015e+51 7.735772 11.312529 3.962552 78.526695 158.16414 22.332536
0.524 5.53979e+51 8.95363e+51 6.46862e+51 7.712858 11.267749 3.95969 78.347565 157.27796 22.35928
0.525 5.44092e+51 9.05791e+51 6.470289999999999e+51 7.632676 11.212888 3.971976 76.849457 156.036974 22.478736
0.526 5.32517e+51 9.17103e+51 6.52734e+51 7.621726 11.21733 3.973699 76.781347 156.225897 22.486832
0.527 5.20012e+51 9.12138e+51 6.54895e+51 7.613103 11.184566 3.969319 76.594612 155.726778 22.477605
0.528 5.17351e+51 8.96036e+51 6.51483e+51 7.61282 11.218773 3.995953 76.533165 156.626907 22.713946
0.529 5.08853e+51 8.77877e+51 6.364929999999999e+51 7.632909 11.240499 3.97242 76.741703 156.95669 22.48463
0.53 5.38305e+51 9.18587e+51 6.41922e+51 7.80997 11.377846 3.972552 80.19271 160.426194 22.404634
0.531 5.6358799999999996e+51 9.43292e+51 6.560820000000001e+51 7.891993 11.414295 3.987754 81.574377 161.121292 22.529327
0.532 5.5816600000000003e+51 9.17864e+51 6.61972e+51 7.874455 11.416756 4.027055 81.156994 161.070725 22.930968
0.533 5.45075e+51 9.18127e+51 6.63187e+51 7.878246 11.415459 4.038553 81.223219 161.017174 23.068641
0.534 5.61263e+51 9.562739999999999e+51 6.682439999999999e+51 7.870645 11.36946 4.012622 80.758491 159.737858 22.792769
0.535 5.63553e+51 9.8792e+51 6.72294e+51 7.854201 11.353594 4.003126 80.408752 159.295447 22.665675
0.536 5.5337000000000005e+51 9.82822e+51 6.62807e+51 7.833738 11.356779 4.028921 80.230277 159.750459 23.001708
0.537 5.5378300000000005e+51 9.56923e+51 6.5752e+51 7.863365 11.370463 4.035517 81.194864 160.408945 23.026195
0.538 5.4490099999999996e+51 9.3059e+51 6.53547e+51 7.822258 11.307358 4.02445 80.145565 158.758598 22.874091
0.539 5.38125e+51 9.30318e+51 6.47416e+51 7.799584 11.296434 4.008961 79.618574 158.088723 22.750612
0.54 5.5142800000000006e+51 9.42637e+51 6.43312e+51 7.839165 11.352446 4.015534 80.105431 159.447289 22.881452
0.541 5.5939799999999996e+51 9.45333e+51 6.39396e+51 7.835624 11.346516 4.011654 80.238134 159.36655 22.822361
0.542 5.5428200000000005e+51 9.51451e+51 6.41178e+51 7.772267 11.28459 3.986438 79.31447 158.001528 22.529528
0.543 5.38913e+51 9.5169e+51 6.45542e+51 7.739159 11.273615 3.989247 78.5913 157.703022 22.562272
0.544 5.32517e+51 9.315059999999999e+51 6.495180000000001e+51 7.761213 11.28968 4.009116 78.897038 158.194734 22.755718
0.545 5.20964e+51 8.87834e+51 6.43016e+51 7.789979 11.331587 4.022548 79.402727 159.40055 22.877707
0.546 5.21871e+51 8.81223e+51 6.4447e+51 7.809482 11.394311 4.03326 79.680233 160.912029 22.958812
0.547 5.358779999999999e+51 9.15672e+51 6.436969999999999e+51 7.868472 11.44343 4.034543 80.753476 162.089503 22.951873
0.548 5.41725e+51 9.18423e+51 6.379160000000001e+51 7.873771 11.455467 4.05894 80.907936 162.332232 23.222936
0.549 5.5006900000000005e+51 9.31383e+51 6.38441e+51 7.85677 11.443066 4.04043 80.623004 161.905997 23.025559
0.55 5.4998999999999995e+51 9.22022e+51 6.43517e+51 7.807064 11.374765 4.018983 79.750898 160.040308 22.828673
0.551 5.43706e+51 9.13129e+51 6.46249e+51 7.787231 11.37441 4.047212 79.168241 159.76154 23.189074
0.552 5.345450000000001e+51 8.77189e+51 6.31926e+51 7.806877 11.387822 4.067702 79.761375 160.556155 23.46553
0.553 5.2738600000000004e+51 8.80089e+51 6.23305e+51 7.773169 11.411471 4.048642 79.158164 161.028033 23.193908
0.554 5.32686e+51 9.02614e+51 6.33027e+51 7.79209 11.459642 4.048265 79.308206 162.198952 23.170406
0.555 5.3171199999999995e+51 8.92879e+51 6.33168e+51 7.819885 11.483666 4.069066 79.73726 162.773111 23.459089
0.556 5.37095e+51 8.76158e+51 6.33796e+51 7.853981 11.496332 4.091065 80.339165 163.015635 23.694988
0.557 5.36504e+51 8.60501e+51 6.32024e+51 7.932319 11.528158 4.095845 82.022442 164.035638 23.695983
0.558 5.48666e+51 8.9812e+51 6.41345e+51 7.989868 11.558766 4.098315 83.249357 165.027695 23.688373
0.559 5.4043699999999995e+51 9.17083e+51 6.48052e+51 8.009508 11.563741 4.110446 83.795714 165.439348 23.843267
0.56 5.4200300000000004e+51 8.98868e+51 6.415450000000001e+51 8.047274 11.568401 4.124854 84.364593 165.479962 24.005585
0.561 5.4105800000000007e+51 8.86385e+51 6.40923e+51 7.98265 11.506739 4.132582 83.035594 163.758668 24.123427
0.562 5.34578e+51 8.90892e+51 6.43901e+51 7.912854 11.499815 4.108733 81.894497 163.593938 23.830475
0.563 5.48361e+51 8.926039999999999e+51 6.41764e+51 7.93101 11.504978 4.094914 82.101114 163.51856 23.750935
0.564 5.4333399999999996e+51 8.724469999999999e+51 6.34682e+51 7.870308 11.449078 4.097471 80.910304 161.920925 23.836775
0.565 5.34517e+51 8.700170000000001e+51 6.22639e+51 7.82447 11.400202 4.07988 80.182454 160.605428 23.637201
0.566 5.3734000000000007e+51 8.962059999999999e+51 6.17321e+51 7.896743 11.500724 4.081966 81.763887 163.487806 23.652003
0.567 5.39559e+51 9.00721e+51 6.24812e+51 7.928475 11.544552 4.11203 82.144093 164.546187 23.985157
0.568 5.38903e+51 8.87508e+51 6.19537e+51 7.910049 11.500429 4.108788 81.653353 163.106309 23.980417
0.569 5.32626e+51 8.68328e+51 6.0703e+51 7.877439 11.389456 4.072922 81.100079 160.412089 23.566436
0.57 5.2937500000000006e+51 8.69468e+51 6.17728e+51 7.904308 11.402379 4.074228 81.798584 161.016872 23.560038
0.571 5.2819799999999994e+51 8.78119e+51 6.25435e+51 7.916189 11.448004 4.080105 82.199578 162.515051 23.566341
0.572 5.3074e+51 8.64129e+51 6.27323e+51 7.91527 11.478615 4.108176 82.060825 163.307951 23.909277
0.573 5.16965e+51 8.5755e+51 6.1713e+51 7.89914 11.480025 4.095086 81.812099 163.382555 23.776643
0.574 5.25205e+51 8.760210000000001e+51 6.19958e+51 7.930554 11.468136 4.082929 82.296297 162.760805 23.621666
0.575 5.3674500000000004e+51 9.16431e+51 6.35186e+51 7.957622 11.497416 4.096484 82.767247 163.510409 23.702263
0.576 5.37843e+51 9.031200000000001e+51 6.355189999999999e+51 7.952318 11.471263 4.131873 82.697757 162.907179 24.210894
0.577 5.343059999999999e+51 8.8413e+51 6.24956e+51 7.961704 11.491278 4.125832 82.91931 163.356009 24.16116
0.578 5.27472e+51 8.94454e+51 6.22117e+51 7.918015 11.489548 4.124518 82.142666 163.091538 24.144514
0.579 5.19015e+51 9.14215e+51 6.2497e+51 7.873403 11.470172 4.135216 81.303446 162.816909 24.228394
0.58 5.0985899999999995e+51 8.81669e+51 6.16636e+51 7.909661 11.506317 4.145906 82.066918 164.152706 24.442965
0.581 5.13833e+51 8.72336e+51 6.12797e+51 7.942835 11.536823 4.136271 82.849128 164.785959 24.347656
0.582 5.16365e+51 8.63362e+51 6.19588e+51 7.988505 11.569707 4.153943 83.813584 165.887397 24.513103
0.583 5.05229e+51 8.64836e+51 6.27141e+51 8.031887 11.590925 4.174982 84.581732 166.737431 24.754642
0.584 4.94537e+51 8.50593e+51 6.160999999999999e+51 8.009672 11.526167 4.161498 84.141078 164.96509 24.588751
0.585 4.844e+51 8.53728e+51 6.06918e+51 7.952072 11.508025 4.155399 82.846648 164.093243 24.518485
0.586 4.7788199999999994e+51 8.59854e+51 6.01212e+51 7.965856 11.505396 4.143358 82.83904 164.039444 24.386217
0.587 4.73898e+51 8.51003e+51 6.02538e+51 8.016081 11.504983 4.142513 84.217652 164.423405 24.481542
0.588 4.79255e+51 8.27199e+51 6.062800000000001e+51 8.032996 11.50832 4.142961 84.696211 164.553446 24.427587
0.589 4.96028e+51 8.43364e+51 6.07026e+51 7.997244 11.501701 4.149866 83.736503 164.132498 24.541014
0.59 4.8815399999999996e+51 8.58449e+51 6.07181e+51 7.984536 11.544508 4.162353 83.420485 165.542851 24.643838
0.591 4.89946e+51 8.34837e+51 6.06001e+51 8.012373 11.585607 4.151755 84.049241 166.475541 24.567568
0.592 4.98764e+51 8.51862e+51 6.14526e+51 8.039711 11.62321 4.148264 84.777942 167.674597 24.528541
0.593 5.03819e+51 8.660099999999999e+51 6.175540000000001e+51 8.014761 11.577476 4.173906 84.137606 166.358322 24.798085
0.594 5.12234e+51 8.82325e+51 6.169529999999999e+51 7.986888 11.539568 4.164066 83.32546 164.770314 24.668158
0.595 5.12016e+51 8.609599999999999e+51 6.08387e+51 8.003785 11.546228 4.13179 83.577109 164.53816 24.265386
0.596 5.0397999999999996e+51 8.51457e+51 6.17464e+51 7.982142 11.539303 4.138341 83.432544 164.753999 24.340144
0.597 4.86904e+51 8.5168e+51 6.11039e+51 7.928421 11.536316 4.138238 82.679238 164.892715 24.413117
0.598 4.86676e+51 8.413e+51 6.01927e+51 7.970093 11.59317 4.142196 83.475718 166.287144 24.432843
0.599 4.90437e+51 8.452610000000001e+51 6.03378e+51 7.96451 11.577914 4.142716 83.004777 165.664458 24.453349
