####### LIGHTCURVES AND MEAN ENERGIES
####### 3 NEUTRINO SPECIES: NU_E, NUBAR_E AND N_X
####### ALL QUANTITIES ARE MEASURED AT 500 KM FROM THE CENTER
#######
####### FROM MODEL L1-90 (BUGLI ET AL. 2020,2021)
####### B0=1e12 G, l=1, r0=1.00e8 cm
####### UNITS: TIME [ms], LUMINOSITY [1e52 erg/s], ENERGY [MeV]
# TIME	L_NU_E     	L_NU_BAR   	L_NU_X     	E_NU_E     	E_NU_BAR  	E_NU_X      	E2_NU_E    	E2_NU_BAR 	E2_NU_X
0.001 14.250371 2.6e-05 2.1e-05 10.881258 5.81364 0.851161 136.206245 45.17547 0.885576
0.002 11.286885 0.000212 7.3e-05 11.307423 4.379536 1.189121 146.043747 28.001546 2.018051
0.003 17.74017 0.381927 0.380674 12.016222 12.781845 3.630339 167.634814 187.484923 14.896716
0.004 57.858587 0.388259 0.881405 14.637746 13.432988 5.73286 244.297959 213.963071 45.035411
0.005 38.640674 0.396559 0.721448 13.212652 11.743577 6.804076 202.620106 160.96681 70.762124
0.006 34.571258 0.561575 0.590077 12.785138 11.834973 6.155904 187.626309 161.642376 58.740305
0.007 31.270796 0.633375 0.584099 12.52832 11.528078 5.274763 180.413342 153.660828 41.404258
0.008 27.702743 0.748322 0.756222 11.935789 11.638862 4.862373 163.579478 156.776341 32.276295
0.009 28.794814 0.722558 0.892382 12.138032 11.50194 4.705941 169.985791 153.451282 29.12637
0.01 25.798094 0.69664 0.976212 11.721858 11.401334 4.523967 159.871636 150.958208 26.68931
0.011 23.058485 0.689736 1.028593 11.268776 11.219145 4.36756 148.877154 147.017091 24.768856
0.012 21.212109 0.683311 1.042537 10.890665 10.956027 4.203596 139.276534 140.341296 22.797083
0.013 18.54284 0.725151 1.043095 10.517817 10.778748 4.149163 130.110497 135.722891 21.946093
0.014 15.804715 0.868581 1.123704 10.090215 10.809916 4.161539 119.330387 135.784828 21.830728
0.015 13.949336 1.056295 1.244869 9.768163 10.968851 4.227382 111.275339 139.651326 22.47411
0.016 13.496798 1.247825 1.371658 9.702017 11.048733 4.259376 109.281248 141.645467 22.882697
0.017 13.470633 1.485559 1.531378 9.782124 11.167766 4.268038 110.989566 144.742706 23.01188
0.018 13.412101 1.685913 1.696044 9.859918 11.188406 4.260696 112.696616 145.465294 22.977384
0.019 13.232576 1.896625 1.870766 9.922505 11.226001 4.234769 114.274462 146.630919 22.718426
0.02 12.558044 2.097846 2.060958 9.862682 11.262607 4.21508 113.227751 147.594065 22.499667
0.021 11.842839 2.243883 2.225626 9.740217 11.306685 4.207308 110.816336 148.811894 22.412539
0.022 11.275646 2.294312 2.345246 9.620672 11.29674 4.207994 108.543694 148.467712 22.397286
0.023 10.665067 2.264974 2.390216 9.469101 11.241445 4.20921 105.533076 146.972756 22.419259
0.024 9.930955 2.259695 2.39908 9.290582 11.214433 4.209631 101.972225 146.198352 22.454645
0.025 9.170948 2.343672 2.439224 9.096146 11.214827 4.20065 97.970117 145.933333 22.348199
0.026 8.665623 2.440995 2.433043 8.968919 11.261647 4.207323 95.281954 147.414142 22.505072
0.027 8.338398 2.6055 2.472274 8.913587 11.296424 4.188244 94.201011 148.052093 22.299719
0.028 8.183716 2.805504 2.526093 8.899105 11.389457 4.183137 93.942211 150.534904 22.264957
0.029 8.205643 2.99576 2.566833 8.942267 11.459605 4.170511 94.865352 152.425985 22.147179
0.03 8.267293 3.198095 2.619297 9.001044 11.526478 4.154582 96.204074 154.220431 21.966617
0.031 8.268899 3.386581 2.67306 9.031067 11.593506 4.141665 96.913434 156.097264 21.81973
0.032 8.138849 3.549957 2.730612 9.020561 11.653314 4.13033 96.858912 157.735242 21.677776
0.033 7.936016 3.686273 2.790438 8.979305 11.709162 4.127385 95.992313 159.24287 21.615918
0.034 7.686953 3.769303 2.842176 8.913669 11.749035 4.126039 94.687771 160.309756 21.585548
0.035 7.470815 3.840864 2.898464 8.842062 11.790197 4.138746 93.299905 161.284377 21.665236
0.036 7.291537 3.798938 2.874009 8.785339 11.775458 4.140899 92.172096 160.91066 21.702179
0.037 7.031686 3.81825 2.887446 8.718863 11.764972 4.133847 90.93662 160.358108 21.596256
0.038 6.743321 3.900438 2.9151 8.626602 11.825393 4.144395 89.115151 161.991698 21.700282
0.039 6.56223 3.925092 2.9205 8.567593 11.820105 4.140664 88.005161 161.84294 21.676132
0.04 6.418421 3.961882 2.926208 8.520123 11.808795 4.13324 87.192461 161.549818 21.609199
0.041 6.337247 4.01115 2.929698 8.494599 11.806214 4.124139 86.81699 161.534389 21.526392
0.042 6.309393 4.077022 2.940466 8.492772 11.819996 4.120128 86.849487 161.920113 21.487733
0.043 6.311176 4.166006 2.955871 8.50673 11.852365 4.121092 87.17954 162.814242 21.491542
0.044 6.317619 4.258977 2.965114 8.522468 11.880597 4.118772 87.558778 163.630552 21.466973
0.045 6.301268 4.353096 2.972732 8.525805 11.903978 4.112508 87.680371 164.319253 21.398341
0.046 6.278486 4.445504 2.983987 8.526981 11.927378 4.10803 87.762026 165.003914 21.351848
0.047 6.24472 4.532666 2.998106 8.524473 11.954003 4.104219 87.753942 165.787804 21.31095
0.048 6.206226 4.594014 3.011942 8.520227 11.968226 4.100625 87.727894 166.199557 21.275367
0.049 6.156218 4.649704 3.02415 8.509541 11.986734 4.097919 87.573398 166.747806 21.251553
0.05 6.092967 4.689103 3.030107 8.493037 11.994541 4.092739 87.324634 166.990638 21.199365
0.051 6.012719 4.727145 3.034394 8.469417 12.005154 4.085692 86.937809 167.322932 21.133903
0.052 5.916949 4.792459 3.063286 8.442079 12.021024 4.083872 86.5165 167.703826 21.090985
0.053 5.840457 4.817821 3.031265 8.420357 12.057845 4.08492 86.223434 168.951621 21.153196
0.054 5.741191 4.814065 3.050002 8.398205 12.008733 4.071591 85.908163 167.377451 20.983355
0.055 5.631869 4.944931 3.078935 8.355859 12.092487 4.076024 85.20255 169.890715 21.046445
0.056 5.624998 4.969555 3.081736 8.363714 12.110468 4.08236 85.503164 170.411505 21.11635
0.057 5.575702 4.934246 3.05818 8.359406 12.086881 4.082507 85.506877 169.743923 21.109711
0.058 5.463148 4.922818 3.043253 8.338177 12.060003 4.069075 85.440295 169.029608 20.994455
0.059 5.303363 5.041983 3.086075 8.28791 12.111437 4.074317 84.332434 170.419183 21.04685
0.06 5.235299 5.147551 3.122424 8.271608 12.169903 4.082365 84.115604 172.088547 21.119471
0.061 5.232305 5.068892 3.084003 8.281196 12.140925 4.07288 84.095189 171.421696 21.048578
0.062 5.159685 5.031879 3.096576 8.254509 12.112278 4.07751 83.673507 170.404348 21.061911
0.063 5.107881 5.012084 3.086478 8.236091 12.111103 4.077785 83.380623 170.416042 21.072565
0.064 5.07109 5.007397 3.082737 8.225158 12.107977 4.079507 83.182139 170.276255 21.097773
0.065 5.042812 5.039497 3.070891 8.221943 12.120265 4.083419 83.155231 170.595521 21.139593
0.066 5.02525 5.096874 3.04616 8.235023 12.145026 4.088822 83.497806 171.333372 21.216967
0.067 4.987563 5.190911 3.050644 8.246235 12.157535 4.081215 83.733261 171.644365 21.153163
0.068 4.978609 5.389883 3.093141 8.2594 12.249724 4.089689 84.122081 174.30746 21.256026
0.069 5.035253 5.509698 3.123201 8.306449 12.297059 4.090399 85.124003 175.679011 21.254229
0.07 5.121204 5.542673 3.116262 8.350276 12.326705 4.091228 86.034313 176.653181 21.292402
0.071 5.156479 5.526151 3.113509 8.372899 12.298011 4.090765 86.465149 175.695104 21.263967
0.072 5.16442 5.501288 3.088873 8.376404 12.280538 4.078397 86.508847 175.256926 21.154627
0.073 5.160216 5.587668 3.115801 8.372968 12.317525 4.089315 86.415128 176.196259 21.242111
0.074 5.204677 5.615615 3.106244 8.398736 12.333237 4.086811 86.94597 176.743074 21.226303
0.075 5.231658 5.634751 3.10457 8.415592 12.338095 4.088141 87.326109 176.862598 21.24106
0.076 5.241881 5.675278 3.105556 8.426067 12.356756 4.090135 87.533818 177.422135 21.264251
0.077 5.249524 5.712824 3.105105 8.440296 12.372146 4.090092 87.863515 177.881352 21.267788
0.078 5.259283 5.756824 3.109688 8.455887 12.386971 4.08973 88.29034 178.315786 21.268504
0.079 5.274786 5.806277 3.113399 8.472271 12.406502 4.088754 88.625115 178.895204 21.257991
0.08 5.294796 5.842328 3.116766 8.491098 12.420904 4.088447 89.060467 179.333656 21.256138
0.081 5.307932 5.860822 3.120507 8.502662 12.427619 4.087941 89.222727 179.524872 21.249092
0.082 5.319313 5.864207 3.120287 8.513845 12.430264 4.08776 89.370825 179.606281 21.245163
0.083 5.325554 5.868031 3.123173 8.522182 12.431371 4.087604 89.583279 179.626844 21.239869
0.084 5.331457 5.875365 3.122506 8.528959 12.438715 4.088613 89.719237 179.837558 21.245359
0.085 5.336654 5.871379 3.114681 8.538382 12.440384 4.08989 89.906872 179.890535 21.25594
0.086 5.332597 5.874672 3.112614 8.544592 12.439856 4.09035 90.067164 179.856871 21.258956
0.087 5.32863 5.899039 3.117151 8.550958 12.45088 4.091759 90.232522 180.168714 21.273839
0.088 5.335943 5.931532 3.123442 8.564414 12.46805 4.093889 90.513566 180.683569 21.298816
0.089 5.353849 5.96043 3.129587 8.58358 12.482267 4.095827 90.943639 181.104093 21.319702
0.09 5.369578 5.987964 3.130393 8.602246 12.496211 4.09772 91.375498 181.514371 21.338825
0.091 5.383446 6.015087 3.129668 8.619278 12.508623 4.100022 91.810348 181.878799 21.366472
0.092 5.390989 6.042281 3.127736 8.63255 12.517733 4.099946 92.069915 182.146472 21.369293
0.093 5.400958 6.075871 3.126747 8.647202 12.529493 4.099891 92.344222 182.494706 21.37165
0.094 5.419581 6.120239 3.132023 8.664705 12.546645 4.102335 92.677821 182.993292 21.397099
0.095 5.445715 6.158887 3.132412 8.68667 12.563677 4.104293 93.183877 183.511787 21.416953
0.096 5.468966 6.193865 3.130602 8.706651 12.5777 4.105577 93.637652 183.941077 21.433038
0.097 5.490078 6.228747 3.130046 8.724462 12.591816 4.106932 94.034178 184.373515 21.449031
0.098 5.512945 6.260221 3.131185 8.742716 12.606415 4.109338 94.484658 184.822948 21.475181
0.099 5.534037 6.282893 3.134419 8.75733 12.61736 4.111504 94.751314 185.158162 21.49875
0.1 5.554579 6.291035 3.135296 8.77165 12.624674 4.113551 95.016971 185.386553 21.521448
0.101 5.57362 6.288002 3.135853 8.785087 12.626789 4.115593 95.319481 185.447075 21.545076
0.102 5.587628 6.287305 3.134316 8.796428 12.631337 4.119747 95.58355 185.560289 21.589142
0.103 5.594837 6.299905 3.136713 8.808305 12.636354 4.122107 95.808073 185.687644 21.617241
0.104 5.607219 6.338831 3.137275 8.823296 12.658512 4.127924 96.138357 186.340299 21.683366
0.105 5.621868 6.375181 3.137227 8.842185 12.673835 4.130832 96.576101 186.7913 21.720144
0.106 5.634869 6.416896 3.14245 8.858419 12.690916 4.133836 96.897426 187.280937 21.7546
0.107 5.656085 6.452569 3.144726 8.879002 12.708002 4.136712 97.398115 187.782647 21.785661
0.108 5.677844 6.486034 3.149298 8.897923 12.724227 4.139922 97.765858 188.24788 21.819695
0.109 5.704014 6.510414 3.148807 8.918126 12.738802 4.143954 98.224131 188.678019 21.86397
0.11 5.721046 6.519857 3.14589 8.933734 12.744382 4.146585 98.542023 188.841793 21.895581
0.111 5.729013 6.537533 3.148423 8.944763 12.753626 4.150033 98.81628 189.103272 21.934284
0.112 5.73971 6.559272 3.150085 8.957725 12.767007 4.153364 99.106884 189.507373 21.974219
0.113 5.753203 6.582256 3.154101 8.971212 12.782229 4.157277 99.389857 189.964027 22.018936
0.114 5.767762 6.59108 3.154257 8.986451 12.792398 4.161759 99.782569 190.267104 22.069676
0.115 5.774374 6.591431 3.151991 8.999454 12.796191 4.165038 100.093923 190.373463 22.109115
0.116 5.77957 6.603718 3.154289 9.011577 12.803381 4.168465 100.374066 190.578513 22.150541
0.117 5.792818 6.623493 3.157224 9.02619 12.815371 4.171945 100.734494 190.950126 22.193465
0.118 5.808796 6.63676 3.157174 9.040665 12.825707 4.175054 101.04601 191.283431 22.233237
0.119 5.823123 6.647117 3.157703 9.054405 12.833317 4.17759 101.416042 191.518291 22.265656
0.12 5.838361 6.662014 3.158443 9.067343 12.844647 4.181011 101.719128 191.864396 22.307585
0.121 5.855859 6.67487 3.159223 9.081091 12.855021 4.183704 102.084666 192.191932 22.343709
0.122 5.871531 6.68143 3.161251 9.091132 12.862203 4.186554 102.221578 192.41758 22.381955
0.123 5.884363 6.676562 3.164208 9.102176 12.863362 4.189222 102.474334 192.449439 22.41637
0.124 5.894412 6.668072 3.16719 9.115044 12.862475 4.190852 102.672416 192.404616 22.438482
0.125 5.906598 6.675102 3.166622 9.131595 12.869698 4.192415 103.064005 192.616665 22.462029
0.126 5.91945 6.703019 3.165038 9.145761 12.886279 4.194768 103.434763 193.124374 22.494522
0.127 5.936029 6.734372 3.159566 9.161185 12.903477 4.197332 103.961757 193.652505 22.528886
0.128 5.949915 6.76936 3.157227 9.174891 12.919411 4.199936 104.331203 194.138724 22.562992
0.129 5.967681 6.809961 3.162846 9.188876 12.937209 4.201241 104.551049 194.692255 22.581686
0.13 5.994601 6.845519 3.167065 9.205451 12.95605 4.201268 104.870504 195.287378 22.583569
0.131 6.017737 6.856484 3.163276 9.220383 12.96496 4.200031 105.183995 195.576651 22.571511
0.132 6.031984 6.85878 3.162612 9.230063 12.969072 4.198433 105.430683 195.70933 22.555557
0.133 6.046248 6.858771 3.161057 9.240204 12.974388 4.197067 105.626232 195.886148 22.54116
0.134 6.055038 6.856214 3.159521 9.247239 12.97854 4.195097 105.722812 196.030336 22.519933
0.135 6.060814 6.85311 3.15672 9.253501 12.981945 4.191784 105.793902 196.158321 22.484852
0.136 6.066114 6.853096 3.152442 9.261867 12.987778 4.190407 105.920954 196.346532 22.465721
0.137 6.077516 6.862091 3.151134 9.273676 12.997368 4.190766 106.15766 196.653226 22.464071
0.138 6.096942 6.874442 3.151995 9.290814 13.007764 4.188601 106.671328 197.006258 22.441803
0.139 6.109991 6.882794 3.149878 9.302412 13.014243 4.185102 106.886781 197.22659 22.403459
0.14 6.121973 6.891235 3.14541 9.312716 13.021181 4.182876 107.014703 197.448803 22.375767
0.141 6.141226 6.903378 3.140654 9.327913 13.030537 4.181864 107.465714 197.750024 22.360821
0.142 6.161283 6.918659 3.137334 9.341044 13.042438 4.182 107.739265 198.136881 22.358147
0.143 6.17777 6.926349 3.13566 9.353412 13.050661 4.182422 108.022334 198.403126 22.35761
0.144 6.18858 6.923867 3.135673 9.362503 13.053625 4.182311 108.16964 198.495766 22.352424
0.145 6.195225 6.912553 3.130491 9.371994 13.053862 4.18093 108.481324 198.509003 22.335134
0.146 6.192255 6.908722 3.125228 9.375941 13.056626 4.180546 108.49515 198.588577 22.328511
0.147 6.191125 6.918073 3.122588 9.381066 13.064137 4.181879 108.521843 198.819598 22.340208
0.148 6.199724 6.937857 3.122424 9.391675 13.075752 4.183805 108.815058 199.183313 22.360916
0.149 6.208256 6.956844 3.119219 9.402867 13.086413 4.186182 109.065382 199.519377 22.383871
0.15 6.219203 6.977318 3.116819 9.415237 13.099698 4.189863 109.442865 199.929622 22.419192
0.151 6.235576 6.99632 3.117809 9.428113 13.110873 4.191267 109.697657 200.296015 22.434064
0.152 6.254369 7.007017 3.119758 9.442488 13.117827 4.192075 110.163848 200.52469 22.442054
0.153 6.268215 7.000151 3.114891 9.455922 13.119897 4.194885 110.561894 200.593185 22.467914
0.154 6.271268 6.992864 3.113176 9.464747 13.120173 4.196984 110.777908 200.602371 22.488813
0.155 6.271309 6.994781 3.113724 9.473422 13.125421 4.198721 110.984935 200.778719 22.507458
0.156 6.271065 7.003125 3.114402 9.482453 13.134225 4.198813 111.148343 201.082562 22.511503
0.157 6.26886 7.005628 3.112923 9.494186 13.144046 4.20026 111.509127 201.403083 22.526654
0.158 6.25387 6.97656 3.091524 9.502504 13.139536 4.198431 111.741619 201.335276 22.518477
0.159 6.229155 7.024058 3.116403 9.498938 13.160894 4.203181 111.595438 201.930702 22.564849
0.16 6.24987 7.01765 3.108445 9.516709 13.177518 4.206951 111.94787 202.531625 22.610589
0.161 6.242734 6.979744 3.101125 9.522786 13.16954 4.209322 112.039813 202.288305 22.640534
0.162 6.229523 6.954151 3.103926 9.522783 13.166232 4.211847 111.944458 202.193676 22.672412
0.163 6.234884 6.94529 3.111666 9.527394 13.177545 4.218934 111.995838 202.526937 22.749585
0.164 6.229075 6.886106 3.090101 9.535434 13.161907 4.220262 112.244045 202.07747 22.775258
0.165 6.197719 6.8804 3.089211 9.532403 13.160739 4.224977 112.130716 202.001736 22.833212
0.166 6.190931 6.895092 3.090732 9.541155 13.174947 4.228836 112.359603 202.470454 22.885842
0.167 6.196172 6.899861 3.086282 9.558174 13.185501 4.232414 113.053158 202.815369 22.933204
0.168 6.194693 6.90534 3.079926 9.569249 13.193537 4.236861 113.197093 203.048204 22.984092
0.169 6.195307 6.915761 3.06667 9.584273 13.203197 4.239088 113.642445 203.371906 23.022902
0.17 6.200988 6.984562 3.085753 9.596746 13.232829 4.245086 114.081436 204.236395 23.088805
0.171 6.244424 7.026315 3.094965 9.618843 13.262634 4.249956 114.579548 205.201453 23.143575
0.172 6.280874 7.009957 3.074443 9.641202 13.269215 4.25287 115.076162 205.465716 23.185658
0.173 6.280329 7.009799 3.072948 9.64708 13.266128 4.254312 115.18507 205.330314 23.204493
0.174 6.293212 7.030857 3.07823 9.65845 13.281279 4.258128 115.548697 205.825889 23.250509
0.175 6.311094 7.031296 3.075263 9.672133 13.290004 4.261086 115.849635 206.145984 23.286607
0.176 6.316146 7.020537 3.071341 9.68246 13.290665 4.262283 115.981882 206.186416 23.303213
0.177 6.314214 7.012773 3.069017 9.690256 13.292107 4.262974 116.185173 206.24448 23.311567
0.178 6.311959 7.006224 3.066688 9.69605 13.297319 4.265195 116.24292 206.428054 23.334916
0.179 6.309817 6.992642 3.063472 9.701355 13.300749 4.266684 116.295812 206.56815 23.352753
0.18 6.302257 6.972263 3.05936 9.704132 13.301302 4.268815 116.307947 206.613806 23.375513
0.181 6.286298 6.943296 3.035114 9.708583 13.303919 4.279992 116.32764 206.699494 23.48314
0.182 6.213578 6.943423 3.047843 9.698019 13.280523 4.272856 116.050467 205.88859 23.399727
0.183 6.233714 6.978143 3.059434 9.711315 13.324967 4.27758 116.383134 207.445707 23.466371
0.184 6.228095 6.931068 3.054196 9.717179 13.317276 4.278241 116.652925 207.190307 23.458334
0.185 6.192404 6.855951 3.032609 9.712044 13.29589 4.272505 116.606473 206.602702 23.406659
0.186 6.129549 6.793423 3.005085 9.69483 13.273684 4.268205 116.126177 205.982501 23.365015
0.187 6.066381 6.789634 3.00431 9.675893 13.272317 4.268588 115.666963 205.956608 23.367265
0.188 6.041917 6.796868 2.999065 9.674918 13.284952 4.270881 115.660641 206.445142 23.395659
0.189 6.032026 6.805365 2.994206 9.682163 13.293168 4.273576 115.859847 206.772967 23.429794
0.19 6.032755 6.822209 2.991206 9.693766 13.299503 4.274392 116.140184 207.0236 23.443877
0.191 6.044494 6.845611 2.985333 9.708642 13.306302 4.272626 116.556701 207.280139 23.428512
0.192 6.056733 6.875869 2.978927 9.721971 13.313372 4.269305 116.792754 207.52997 23.393453
0.193 6.078081 6.907795 2.970769 9.739487 13.326379 4.267249 117.265973 207.986437 23.370405
0.194 6.089121 6.926948 2.962784 9.750001 13.331604 4.265182 117.486974 208.172949 23.345455
0.195 6.100983 6.937176 2.960661 9.759455 13.335951 4.262631 117.806779 208.363282 23.324675
0.196 6.119111 6.931275 2.957837 9.766916 13.339098 4.263105 117.990794 208.514702 23.333827
0.197 6.097981 6.876217 2.938613 9.765898 13.308308 4.256853 117.985039 207.585473 23.276296
0.198 6.074751 6.865677 2.942737 9.756843 13.305449 4.257805 117.786445 207.520659 23.286286
0.199 6.054458 6.811537 2.924451 9.754598 13.289754 4.253225 117.841359 207.109475 23.243181
0.2 6.022854 6.775598 2.914165 9.743615 13.278952 4.253179 117.563035 206.765878 23.243827
0.201 5.999478 6.757148 2.90716 9.739427 13.274572 4.25362 117.484638 206.65894 23.256054
0.202 5.990701 6.759753 2.905843 9.743877 13.279493 4.254666 117.597418 206.864877 23.275216
0.203 5.994248 6.768659 2.904365 9.753772 13.287734 4.255193 117.822457 207.191042 23.290983
0.204 5.990851 6.766166 2.900952 9.759962 13.289437 4.255579 117.998185 207.278214 23.302249
0.205 5.980229 6.757599 2.897235 9.76129 13.288945 4.255464 118.058658 207.291765 23.309684
0.206 5.975311 6.754485 2.894392 9.765886 13.294854 4.257129 118.219802 207.509945 23.334434
0.207 5.97124 6.743016 2.880848 9.771567 13.30012 4.260207 118.416218 207.746217 23.37973
0.208 5.961409 6.782013 2.909206 9.769843 13.313898 4.261481 118.387182 208.172046 23.389997
0.209 5.98644 6.737695 2.888894 9.785328 13.315125 4.261086 118.713129 208.380706 23.400723
0.21 5.956775 6.717848 2.884063 9.783666 13.29976 4.261975 118.748621 207.861152 23.416952
0.211 5.946835 6.721503 2.888861 9.788178 13.30658 4.265584 118.871236 208.088612 23.460908
0.212 5.941617 6.706981 2.882247 9.792711 13.310548 4.268085 118.936117 208.24102 23.495338
0.213 5.926153 6.697408 2.871967 9.796759 13.308353 4.271449 119.037679 208.163518 23.538047
0.214 5.906484 6.701799 2.863396 9.802353 13.305162 4.270253 119.166652 208.110076 23.538514
0.215 5.922324 6.752744 2.883489 9.812695 13.334156 4.273477 119.440167 209.046247 23.578032
0.216 5.941237 6.724215 2.85334 9.827697 13.336376 4.281851 119.816782 209.118734 23.669149
0.217 5.879282 6.726411 2.856247 9.820771 13.30066 4.270852 119.599418 207.922843 23.557024
0.218 5.967342 6.802457 2.881958 9.847875 13.372177 4.276249 120.302053 210.411559 23.634339
0.219 5.977464 6.725411 2.841421 9.855057 13.342632 4.275875 120.522522 209.460794 23.636446
0.22 5.941985 6.742059 2.846709 9.842887 13.329337 4.274443 120.224338 208.958217 23.625126
0.221 5.97891 6.784143 2.85168 9.859614 13.359256 4.27805 120.666315 210.036222 23.674751
0.222 5.998478 6.776314 2.843012 9.868264 13.358635 4.275258 120.919551 210.100772 23.655474
0.223 6.017767 6.785619 2.843813 9.875221 13.368369 4.275401 121.139827 210.460101 23.658637
0.224 6.022236 6.754676 2.824137 9.880436 13.357657 4.271717 121.280549 210.200029 23.627338
0.225 6.02203 6.758079 2.826047 9.879794 13.363303 4.271983 121.253806 210.393765 23.628027
0.226 6.03813 6.741012 2.819648 9.887243 13.368581 4.272856 121.460817 210.64332 23.637537
0.227 6.043297 6.712083 2.816378 9.891708 13.360862 4.273174 121.570235 210.44851 23.646523
0.228 6.041549 6.689949 2.81732 9.897524 13.352323 4.275053 121.808568 210.185032 23.670006
0.229 6.031371 6.658194 2.815424 9.894075 13.342371 4.275789 121.629939 209.869271 23.673556
0.23 6.024713 6.636567 2.8074 9.893144 13.338833 4.276349 121.585635 209.775539 23.675902
0.231 6.027842 6.645549 2.799632 9.900862 13.344741 4.275901 121.813094 210.007946 23.672886
0.232 6.035104 6.669943 2.794109 9.911755 13.352772 4.2752 122.182166 210.320784 23.671583
0.233 6.043817 6.689206 2.788541 9.920506 13.357732 4.274071 122.556498 210.525629 23.665253
0.234 6.056317 6.704617 2.781401 9.924783 13.3627 4.2715 122.626875 210.726825 23.640031
0.235 6.073468 6.717865 2.77282 9.933246 13.366729 4.269221 122.871653 210.893092 23.617594
0.236 6.083498 6.72277 2.765653 9.937543 13.362598 4.267636 122.963074 210.797083 23.60406
0.237 6.098402 6.723164 2.762266 9.942772 13.356923 4.265689 123.102512 210.679275 23.586436
0.238 6.109558 6.700047 2.757518 9.945492 13.346172 4.262161 123.094912 210.437788 23.551841
0.239 6.102777 6.657535 2.750552 9.943248 13.324836 4.25854 123.1346 209.816654 23.511802
0.24 6.088722 6.630878 2.742837 9.933201 13.31006 4.255717 122.809325 209.397054 23.482743
0.241 6.083656 6.622987 2.738078 9.930904 13.303755 4.254374 122.809431 209.245506 23.4723
0.242 6.093258 6.634727 2.735987 9.935963 13.311803 4.255305 122.963016 209.573274 23.489027
0.243 6.090246 6.642899 2.729393 9.941009 13.314325 4.255498 123.143696 209.673842 23.495138
0.244 6.06544 6.649457 2.721682 9.935604 13.311995 4.253974 122.975451 209.553964 23.479351
0.245 6.049217 6.660094 2.717065 9.930913 13.317295 4.254429 122.784776 209.691778 23.484392
0.246 6.042122 6.655196 2.708779 9.931024 13.31614 4.255077 122.823487 209.679568 23.496181
0.247 6.038485 6.653642 2.7059 9.933529 13.313667 4.255104 122.887572 209.632005 23.502889
0.248 6.039094 6.649259 2.706039 9.936492 13.312589 4.255728 122.916456 209.614186 23.511643
0.249 6.04091 6.628766 2.700683 9.939244 13.308493 4.254046 122.987259 209.530839 23.497442
0.25 6.033492 6.601871 2.692677 9.938519 13.30276 4.251142 123.019439 209.390767 23.468706
0.251 6.013346 6.582894 2.684129 9.930586 13.295653 4.249181 122.804754 209.17468 23.449265
0.252 6.001302 6.585277 2.677805 9.928971 13.295583 4.247413 122.802467 209.219988 23.435505
0.253 5.999344 6.606081 2.674662 9.932515 13.30215 4.245738 122.906512 209.516332 23.425086
0.254 6.007287 6.624553 2.674442 9.93987 13.306746 4.245738 123.180373 209.747098 23.432145
0.255 6.008097 6.618124 2.672065 9.941812 13.300301 4.243473 123.234984 209.604509 23.41353
0.256 6.004549 6.615506 2.670315 9.942878 13.298799 4.242338 123.310921 209.627002 23.40494
0.257 6.006638 6.616708 2.667612 9.94878 13.301191 4.241573 123.566883 209.798579 23.397215
0.258 6.004837 6.620509 2.663241 9.951322 13.30367 4.241701 123.645 209.972867 23.400198
0.259 5.997974 6.612214 2.659613 9.950467 13.296652 4.239901 123.680903 209.84927 23.390188
0.26 5.985897 6.587921 2.656021 9.945945 13.281812 4.236422 123.558097 209.483138 23.366216
0.261 5.962807 6.537907 2.650713 9.935415 13.258142 4.232459 123.31936 208.815476 23.334191
0.262 5.92023 6.46371 2.637918 9.91463 13.223564 4.225784 122.833451 207.788916 23.268614
0.263 5.873459 6.397608 2.626927 9.891795 13.187708 4.221399 122.283645 206.704187 23.229021
0.264 5.839553 6.338569 2.618657 9.878086 13.158409 4.216475 121.97983 205.874261 23.186923
0.265 5.802563 6.298781 2.605749 9.866038 13.134558 4.209867 121.783987 205.193255 23.129571
0.266 5.771754 6.290195 2.595816 9.859512 13.123729 4.206666 121.674552 204.91461 23.106339
0.267 5.765687 6.295322 2.58634 9.86591 13.127873 4.2062 121.870915 205.16316 23.103799
0.268 5.722003 6.273841 2.565846 9.861601 13.099632 4.195775 121.827956 204.341915 23.004049
0.269 5.748547 6.322218 2.57908 9.872566 13.133111 4.197415 122.15189 205.512251 23.031319
0.27 5.737696 6.282497 2.549284 9.875653 13.108236 4.188465 122.258615 204.804255 22.943486
0.271 5.726544 6.290399 2.544457 9.876149 13.104989 4.185214 122.412141 204.756245 22.915514
0.272 5.721657 6.288911 2.534514 9.87579 13.098863 4.179717 122.366992 204.632189 22.86651
0.273 5.706277 6.286372 2.524459 9.869414 13.089993 4.173144 122.176758 204.419346 22.806247
0.274 5.707308 6.292396 2.515675 9.869199 13.094612 4.169424 122.23571 204.684015 22.776702
0.275 5.700529 6.282452 2.50555 9.867566 13.086803 4.16443 122.293393 204.558917 22.732616
0.276 5.691148 6.263333 2.503174 9.861901 13.076773 4.160795 122.183836 204.379288 22.704121
0.277 5.676186 6.209457 2.495708 9.853502 13.055631 4.156503 122.000349 203.803214 22.661203
0.278 5.636885 6.138503 2.482619 9.838235 13.024664 4.149069 121.623478 202.850081 22.580023
0.279 5.58261 6.082264 2.469463 9.820272 12.997231 4.145371 121.140386 201.974517 22.540413
0.28 5.531818 6.053896 2.462746 9.806028 12.985492 4.143386 120.813213 201.640362 22.524701
0.281 5.494615 6.038583 2.45917 9.797255 12.984058 4.140177 120.616381 201.702489 22.49984
0.282 5.440542 6.014323 2.450549 9.783151 12.973402 4.13732 120.331439 201.44912 22.475552
0.283 5.396585 5.998043 2.447421 9.773466 12.969872 4.136717 120.131506 201.430519 22.470326
0.284 5.360575 5.976955 2.441967 9.769596 12.964186 4.134281 120.089083 201.329181 22.450453
0.285 5.33557 5.956471 2.435581 9.772266 12.961249 4.13354 120.249313 201.327878 22.45461
0.286 5.310527 5.936926 2.430855 9.77456 12.955253 4.131349 120.350437 201.197426 22.437424
0.287 5.285676 5.910299 2.421628 9.776447 12.947745 4.129337 120.467533 200.972575 22.41667
0.288 5.251291 5.883308 2.413746 9.771814 12.936008 4.125441 120.317506 200.604532 22.381854
0.289 5.228206 5.865351 2.412052 9.77048 12.934569 4.121501 120.32489 200.597428 22.344948
0.29 5.193925 5.822398 2.399919 9.764364 12.919503 4.118715 120.177739 200.15459 22.314339
0.291 5.153719 5.78616 2.392857 9.755558 12.904095 4.116208 119.977432 199.667037 22.286307
0.292 5.110067 5.738496 2.377021 9.743377 12.880819 4.11079 119.656347 198.989443 22.23276
0.293 5.065154 5.705895 2.368871 9.728291 12.86196 4.104952 119.370163 198.445059 22.170794
0.294 5.032649 5.657938 2.354397 9.718822 12.84422 4.099598 119.113852 197.988575 22.120289
0.295 4.994498 5.615963 2.348705 9.70607 12.824087 4.093061 118.84017 197.435897 22.06333
0.296 4.977633 5.572675 2.331628 9.701318 12.819984 4.093393 118.767543 197.40129 22.075536
0.297 4.92791 5.554024 2.326131 9.687808 12.802675 4.090585 118.449503 196.87781 22.052349
0.298 4.91988 5.555741 2.325554 9.691713 12.818015 4.09094 118.611002 197.480814 22.06431
0.299 4.896011 5.533314 2.316241 9.691066 12.809489 4.088484 118.609545 197.264654 22.043526
0.3 4.88266 5.527106 2.31667 9.69663 12.81596 4.090643 118.7689 197.496174 22.067945
0.301 4.861132 5.507238 2.310067 9.696373 12.81178 4.0911 118.762079 197.364426 22.072021
0.302 4.843787 5.497564 2.307967 9.696437 12.814126 4.092176 118.762079 197.455392 22.085795
0.303 4.827976 5.478905 2.304128 9.697431 12.814294 4.093931 118.812567 197.482208 22.104322
0.304 4.805898 5.456107 2.299481 9.694671 12.808814 4.094473 118.756227 197.330857 22.112565
0.305 4.784286 5.434804 2.295821 9.692961 12.805669 4.09407 118.737094 197.27183 22.113702
0.306 4.760808 5.398619 2.28949 9.689558 12.798631 4.092546 118.679222 197.093788 22.10236
0.307 4.731823 5.349762 2.282367 9.681779 12.786301 4.091068 118.511101 196.743303 22.090702
0.308 4.695516 5.286081 2.274144 9.669609 12.765921 4.089307 118.22508 196.131681 22.078858
0.309 4.656595 5.22955 2.264909 9.657051 12.74687 4.087343 117.923132 195.550547 22.065336
0.31 4.623409 5.192846 2.253477 9.65078 12.736758 4.087793 117.795974 195.26835 22.079661
0.311 4.595396 5.170111 2.247173 9.647691 12.733658 4.08628 117.74344 195.242981 22.074777
0.312 4.573131 5.14898 2.238392 9.647261 12.732574 4.084201 117.77414 195.263032 22.060346
0.313 4.555998 5.141606 2.23173 9.65089 12.736764 4.084037 117.884094 195.423837 22.061791
0.314 4.550639 5.138949 2.22652 9.66086 12.747615 4.083 118.164651 195.822605 22.053145
0.315 4.546036 5.13617 2.219876 9.670157 12.754141 4.083107 118.424835 196.048872 22.055741
0.316 4.542177 5.139158 2.214871 9.679499 12.759277 4.0812 118.681284 196.248744 22.03941
0.317 4.538217 5.133709 2.208646 9.685209 12.76235 4.079825 118.841097 196.388957 22.026159
0.318 4.52375 5.106936 2.201655 9.684486 12.756417 4.079272 118.839475 196.249344 22.022723
0.319 4.496093 5.070599 2.19458 9.67628 12.741363 4.079103 118.649963 195.808074 22.027199
0.32 4.473395 5.049425 2.190037 9.671462 12.734291 4.079254 118.535853 195.622891 22.043423
0.321 4.456521 5.03473 2.182313 9.670824 12.731689 4.078633 118.51531 195.552225 22.048143
0.322 4.448544 5.032053 2.17275 9.675838 12.736253 4.075427 118.660236 195.732446 22.022503
0.323 4.447821 5.034686 2.163701 9.684777 12.745024 4.072496 118.912601 196.0861 21.996643
0.324 4.452955 5.029881 2.156613 9.696502 12.752739 4.070691 119.283098 196.41334 21.981621
0.325 4.445624 5.009532 2.150254 9.699097 12.748824 4.069155 119.361852 196.345586 21.968399
0.326 4.436922 5.001933 2.144339 9.701856 12.751422 4.067406 119.451102 196.478745 21.951995
0.327 4.432656 5.000248 2.140114 9.707778 12.76009 4.067972 119.633849 196.815017 21.963568
0.328 4.432073 4.994711 2.136986 9.715823 12.769167 4.067765 119.89023 197.171749 21.969752
0.329 4.436987 4.987288 2.135012 9.727669 12.777757 4.069688 120.213988 197.499323 21.996488
0.33 4.437532 4.97524 2.130827 9.739714 12.779726 4.072165 120.527246 197.602525 22.022331
0.331 4.434107 4.959325 2.128166 9.747456 12.77831 4.071363 120.718858 197.59062 22.015024
0.332 4.419582 4.928436 2.121878 9.748786 12.771129 4.070959 120.748716 197.383954 22.011782
0.333 4.397273 4.892781 2.115201 9.74969 12.762235 4.072936 120.795571 197.125201 22.035554
0.334 4.364458 4.855093 2.110342 9.744669 12.751911 4.073758 120.694223 196.816325 22.051024
0.335 4.332453 4.814414 2.104498 9.737847 12.744339 4.074534 120.543902 196.62248 22.065665
0.336 4.307499 4.782055 2.100095 9.735498 12.741895 4.074631 120.527112 196.608663 22.073752
0.337 4.281114 4.743511 2.09354 9.732134 12.732127 4.074189 120.463122 196.335716 22.077343
0.338 4.255546 4.719151 2.089359 9.727631 12.727424 4.07424 120.331434 196.171543 22.085846
0.339 4.243177 4.698837 2.084616 9.731151 12.728774 4.07263 120.440219 196.274382 22.083526
0.34 4.223292 4.674486 2.075148 9.731304 12.727306 4.071802 120.493256 196.312664 22.081687
0.341 4.206796 4.660911 2.070644 9.734578 12.72973 4.072691 120.606003 196.453605 22.102317
0.342 4.195416 4.646481 2.063203 9.740549 12.735461 4.072304 120.771487 196.708032 22.110718
0.343 4.179456 4.628781 2.057539 9.741166 12.735152 4.070422 120.804419 196.736812 22.099285
0.344 4.163634 4.611045 2.049751 9.742485 12.733452 4.069729 120.828235 196.711295 22.099989
0.345 4.155084 4.597916 2.045474 9.749259 12.736512 4.071151 120.997913 196.822459 22.118743
0.346 4.141866 4.580738 2.038711 9.755592 12.737843 4.07185 121.160745 196.903269 22.12822
0.347 4.125367 4.568703 2.033253 9.7597 12.74207 4.072058 121.252372 197.073589 22.135396
0.348 4.106176 4.543199 2.028825 9.759922 12.739551 4.07113 121.26399 197.047407 22.126725
0.349 4.075901 4.493423 2.019507 9.751949 12.724174 4.067698 121.077544 196.615995 22.088921
0.35 4.028548 4.435899 2.010217 9.733257 12.701742 4.065039 120.617401 195.94251 22.060573
0.351 3.973077 4.384718 2.000646 9.710683 12.676767 4.064235 120.076988 195.181745 22.057203
0.352 3.933665 4.352538 1.994501 9.700885 12.666068 4.063656 119.93547 194.955458 22.060597
0.353 3.894302 4.314482 1.987846 9.691953 12.651052 4.061087 119.806784 194.569431 22.043318
0.354 3.859133 4.279908 1.979895 9.683736 12.640875 4.060298 119.656352 194.282717 22.043151
0.355 3.833919 4.257181 1.973326 9.68207 12.638341 4.059263 119.677478 194.234659 22.043811
0.356 3.810127 4.221443 1.964498 9.679792 12.632685 4.059642 119.68876 194.113785 22.059393
0.357 3.780183 4.189517 1.96021 9.674873 12.625902 4.06016 119.636306 193.926876 22.075877
0.358 3.746996 4.160267 1.952612 9.668906 12.620245 4.060395 119.514726 193.776902 22.084662
0.359 3.718855 4.132812 1.94955 9.665042 12.61938 4.060772 119.45055 193.787816 22.092062
0.36 3.679657 4.09436 1.943366 9.654657 12.61121 4.061505 119.209427 193.538812 22.104604
0.361 3.641337 4.06874 1.94356 9.64138 12.609473 4.062858 118.884684 193.473885 22.121316
0.362 3.599785 4.026285 1.933743 9.624373 12.591988 4.06315 118.451729 192.927948 22.131589
0.363 3.566177 3.992579 1.929482 9.611885 12.580458 4.063076 118.180256 192.605543 22.140554
0.364 3.533363 3.952948 1.921052 9.601806 12.564455 4.063098 117.94765 192.142794 22.150339
0.365 3.505289 3.921556 1.915606 9.594796 12.555064 4.062622 117.827702 191.900053 22.153212
0.366 3.467857 3.888587 1.90816 9.580328 12.538759 4.062534 117.486115 191.408623 22.162471
0.367 3.436585 3.8604 1.902598 9.569818 12.526686 4.062148 117.280074 191.092914 22.167041
0.368 3.404716 3.825626 1.899502 9.556115 12.508641 4.06109 117.004489 190.592319 22.166429
0.369 3.363675 3.783323 1.89212 9.534911 12.482931 4.058913 116.513207 189.83918 22.152852
0.37 3.320632 3.735819 1.884801 9.509527 12.45682 4.055804 115.947162 189.105996 22.130642
0.371 3.277709 3.688876 1.876253 9.481974 12.429806 4.052371 115.340648 188.370109 22.106147
0.372 3.241426 3.650572 1.869997 9.463258 12.410352 4.051074 114.950922 187.853347 22.103784
0.373 3.202827 3.607464 1.862368 9.441675 12.385467 4.050031 114.479616 187.127969 22.103818
0.374 3.169431 3.577987 1.856486 9.424922 12.369252 4.048772 114.127133 186.676111 22.106078
0.375 3.136903 3.546104 1.848286 9.410563 12.350273 4.047124 113.83126 186.166756 22.102696
0.376 3.106125 3.51128 1.840092 9.397035 12.330708 4.043611 113.586475 185.674411 22.071514
0.377 3.078799 3.489191 1.833941 9.385845 12.32137 4.042536 113.402552 185.503512 22.066379
0.378 3.049194 3.456319 1.826844 9.371619 12.306531 4.042456 113.128966 185.115852 22.071463
0.379 3.015511 3.41768 1.821485 9.355295 12.286772 4.042151 112.7526 184.513537 22.076523
0.38 2.973722 3.37751 1.815479 9.331679 12.262807 4.042106 112.187468 183.760646 22.080424
0.381 2.942695 3.351013 1.80816 9.31883 12.253837 4.044272 111.878281 183.492423 22.111112
0.382 2.914864 3.321023 1.800827 9.306348 12.243137 4.042884 111.612487 183.209843 22.102231
0.383 2.878066 3.278259 1.792209 9.282731 12.217827 4.040694 111.052348 182.472553 22.086041
0.384 2.844656 3.240345 1.786041 9.262637 12.197136 4.03991 110.588867 181.866022 22.089936
0.385 2.806607 3.198469 1.778075 9.239334 12.176535 4.040871 110.029748 181.238655 22.118152
0.386 2.771757 3.166443 1.771445 9.21988 12.164774 4.03954 109.581647 180.886162 22.120091
0.387 2.742919 3.135467 1.763637 9.204745 12.154891 4.03929 109.242805 180.625337 22.124501
0.388 2.718045 3.102862 1.755724 9.193919 12.144024 4.040345 109.01673 180.363215 22.132733
0.389 2.692216 3.074392 1.749754 9.185782 12.136004 4.039908 108.874937 180.183033 22.132255
0.39 2.661811 3.047597 1.745678 9.172412 12.125014 4.041349 108.559718 179.84312 22.156946
0.391 2.637913 3.034239 1.741694 9.165057 12.124038 4.043894 108.393499 179.824531 22.197925
0.392 2.611897 3.01295 1.737097 9.155213 12.115371 4.045092 108.15487 179.588097 22.222933
0.393 2.588946 2.989671 1.731952 9.146444 12.105983 4.047209 107.954456 179.321208 22.250876
0.394 2.562265 2.967844 1.727135 9.132242 12.093095 4.049536 107.604762 178.924997 22.284488
0.395 2.541264 2.953795 1.723865 9.124908 12.092382 4.052608 107.461129 178.931363 22.326224
0.396 2.517128 2.936219 1.721639 9.113664 12.088435 4.053743 107.239661 178.857888 22.345021
0.397 2.488791 2.911501 1.715939 9.098552 12.077868 4.056775 106.904939 178.569615 22.382011
0.398 2.463609 2.887809 1.711873 9.082865 12.068374 4.059503 106.542736 178.311382 22.422599
0.399 2.438373 2.864485 1.708117 9.068463 12.056605 4.061069 106.20791 177.991372 22.456695
0.4 2.41209 2.836597 1.704013 9.052654 12.04434 4.062673 105.862094 177.681144 22.489541
0.401 2.389195 2.817517 1.701504 9.041747 12.040584 4.063875 105.673343 177.645251 22.515246
0.402 2.364992 2.79566 1.697618 9.028039 12.031038 4.066752 105.373403 177.403627 22.551912
0.403 2.347684 2.783786 1.696982 9.021983 12.031222 4.070147 105.270212 177.466967 22.600088
0.404 2.323245 2.762145 1.692922 9.007798 12.02866 4.075034 105.015265 177.548262 22.673132
0.405 2.301922 2.737302 1.690672 8.992566 12.016464 4.078464 104.686912 177.241373 22.729928
0.406 2.284763 2.718822 1.688203 8.9868 12.009238 4.081627 104.474204 176.878475 22.764762
0.407 2.26254 2.695594 1.683342 8.979894 12.008066 4.084345 104.350069 176.813905 22.798994
0.408 2.243359 2.684016 1.682285 8.978025 12.01785 4.090043 104.329902 177.154721 22.873326
0.409 2.225676 2.67088 1.679544 8.97519 12.019999 4.093342 104.233273 177.211819 22.913265
0.41 2.208334 2.655171 1.673486 8.971098 12.020182 4.092826 104.169536 177.26145 22.906839
0.411 2.186086 2.632226 1.668646 8.958829 12.007015 4.091177 103.880918 176.868788 22.88476
0.412 2.172591 2.624463 1.665002 8.957516 12.008394 4.089297 103.878569 176.949319 22.864113
0.413 2.15779 2.614297 1.661148 8.958014 12.016102 4.087075 103.905763 177.291973 22.840676
0.414 2.1441 2.601821 1.658085 8.956402 12.022184 4.08771 103.934829 177.565644 22.848374
0.415 2.124532 2.579414 1.655103 8.943075 12.013922 4.090133 103.593629 177.366651 22.878207
0.416 2.105109 2.55295 1.650407 8.93087 12.004687 4.089679 103.360349 177.139151 22.871711
0.417 2.090624 2.545769 1.646074 8.933615 12.015866 4.091069 103.479185 177.545409 22.890619
0.418 2.077089 2.526992 1.642388 8.92904 12.019073 4.0919 103.496708 177.747817 22.90846
0.419 2.064927 2.499188 1.639177 8.924926 12.009363 4.091489 103.498376 177.557776 22.907142
0.42 2.046323 2.486391 1.636103 8.920135 12.013565 4.094088 103.446757 177.78989 22.927019
0.421 2.029197 2.469698 1.63501 8.913803 12.005852 4.095964 103.32656 177.553197 22.946469
0.422 2.015245 2.450595 1.631013 8.908872 12.003578 4.095756 103.215666 177.450802 22.944218
0.423 2.001503 2.425212 1.627272 8.904743 11.996971 4.095569 103.135045 177.246947 22.944162
0.424 1.982416 2.406451 1.624485 8.894608 11.991702 4.100072 102.984135 177.221709 23.001308
0.425 1.963707 2.383245 1.622687 8.878345 11.983072 4.101156 102.653368 177.042972 23.018048
0.426 1.959792 2.382608 1.621107 8.891118 12.003858 4.102298 103.049273 177.794815 23.034271
0.427 1.956614 2.368661 1.627191 8.888708 12.008185 4.102644 103.025078 177.950362 23.044989
0.428 1.934929 2.331597 1.621465 8.874084 11.974837 4.105224 102.671992 176.918657 23.079934
0.429 1.917348 2.348772 1.623517 8.869203 11.985646 4.114867 102.445151 177.143924 23.175438
0.43 1.905415 2.352107 1.612623 8.880841 12.002742 4.11546 102.778297 177.788902 23.194084
0.431 1.901409 2.278121 1.610939 8.858149 11.957223 4.111545 102.285245 176.422643 23.161548
0.432 1.898471 2.316442 1.616549 8.889286 11.999348 4.11846 103.189998 177.932373 23.259022
0.433 1.870786 2.280753 1.609997 8.853169 11.961426 4.118835 102.228329 176.686792 23.266141
0.434 1.853666 2.26341 1.611593 8.839178 11.949154 4.114225 101.916215 176.340912 23.217389
0.435 1.839407 2.24363 1.604141 8.823524 11.94177 4.120784 101.564485 176.23121 23.304448
0.436 1.831433 2.238601 1.609803 8.823136 11.943076 4.117522 101.661519 176.294324 23.280649
0.437 1.819379 2.231593 1.606708 8.818362 11.944829 4.121046 101.570533 176.461512 23.334722
0.438 1.805626 2.209432 1.606111 8.802258 11.933694 4.123681 101.155086 176.089243 23.364568
0.439 1.795142 2.210168 1.607539 8.806478 11.94984 4.128909 101.332124 176.802357 23.449922
0.44 1.778483 2.200557 1.605144 8.795631 11.946942 4.134108 101.124648 176.728982 23.508579
0.441 1.761483 2.192444 1.604319 8.782574 11.947105 4.135164 100.793225 176.697782 23.50873
0.442 1.746412 2.184855 1.602445 8.772546 11.954405 4.137894 100.60852 177.070342 23.547144
0.443 1.732601 2.173017 1.597816 8.763086 11.946635 4.136949 100.413251 176.865777 23.546729
0.444 1.720557 2.169704 1.595107 8.756427 11.948827 4.135128 100.361314 177.060651 23.544354
0.445 1.708762 2.154453 1.591169 8.74771 11.941972 4.134299 100.161516 176.844782 23.535507
0.446 1.698666 2.141871 1.586965 8.738314 11.931048 4.134313 99.887677 176.418633 23.535003
0.447 1.691512 2.134635 1.584664 8.73686 11.9249 4.13782 99.819118 176.198778 23.573722
0.448 1.67856 2.117138 1.581967 8.726021 11.913208 4.140887 99.646018 175.942618 23.621894
0.449 1.66479 2.109514 1.579167 8.718031 11.916034 4.139912 99.497938 176.070821 23.625036
0.45 1.655948 2.103553 1.575566 8.708593 11.905519 4.137954 99.228583 175.698411 23.611364
0.451 1.652276 2.090247 1.571889 8.70564 11.890841 4.136492 99.175883 175.29368 23.590074
0.452 1.646186 2.084787 1.570382 8.706063 11.887827 4.136937 99.278218 175.34123 23.601973
0.453 1.631901 2.068406 1.567693 8.690219 11.873523 4.137283 98.835939 174.817678 23.602363
0.454 1.627487 2.065319 1.564006 8.697796 11.88231 4.136639 99.019982 175.097986 23.603535
0.455 1.614288 2.046291 1.557561 8.686541 11.872341 4.134346 98.746004 174.80843 23.580015
0.456 1.607701 2.03483 1.554378 8.690591 11.870018 4.136714 98.903803 174.806346 23.608005
0.457 1.600222 2.027648 1.553069 8.692118 11.874944 4.144644 99.025625 175.085303 23.71818
0.458 1.586953 2.016269 1.550408 8.678997 11.872918 4.145956 98.665056 175.036354 23.744453
0.459 1.584021 2.012156 1.547534 8.689048 11.880728 4.147038 98.93737 175.266289 23.75296
0.46 1.572634 1.997453 1.54459 8.676173 11.872289 4.142944 98.601017 175.022986 23.714002
0.461 1.564227 1.991982 1.54154 8.679289 11.883191 4.143864 98.663427 175.333922 23.71301
0.462 1.564038 1.993434 1.541065 8.695863 11.90599 4.147091 99.095912 176.095126 23.759649
0.463 1.566562 1.993001 1.536523 8.710113 11.923125 4.148827 99.554723 176.70223 23.767971
0.464 1.56562 1.987351 1.534013 8.712313 11.9225 4.14947 99.654175 176.739598 23.768513
0.465 1.563925 1.985258 1.531762 8.717264 11.921822 4.148738 99.814888 176.752533 23.762633
0.466 1.555751 1.975914 1.52862 8.706259 11.908935 4.148469 99.529752 176.300137 23.758978
0.467 1.550726 1.970571 1.525747 8.706216 11.909703 4.147432 99.493333 176.280846 23.744539
0.468 1.545298 1.963473 1.521677 8.70842 11.908198 4.14745 99.518034 176.197523 23.738609
0.469 1.539327 1.957612 1.517832 8.704929 11.90465 4.14873 99.389899 176.030772 23.742034
0.47 1.538679 1.956374 1.513273 8.711536 11.907397 4.148734 99.587885 176.130926 23.74258
0.471 1.530585 1.946736 1.509822 8.702734 11.901391 4.148994 99.378112 175.988936 23.757277
0.472 1.522449 1.940374 1.508129 8.700697 11.908961 4.153301 99.420255 176.351756 23.813593
0.473 1.515191 1.933597 1.50629 8.693375 11.9031 4.1545 99.259189 176.169129 23.835225
0.474 1.505914 1.92147 1.501457 8.682716 11.889728 4.154432 98.978489 175.717513 23.829116
0.475 1.502576 1.918342 1.497194 8.685798 11.890363 4.154897 99.176989 175.835341 23.851452
0.476 1.498406 1.912006 1.495133 8.683815 11.892697 4.152503 99.158771 175.966113 23.839183
0.477 1.492249 1.900877 1.491437 8.680983 11.892798 4.155169 99.147326 176.095724 23.880535
0.478 1.484523 1.898207 1.489722 8.683442 11.903652 4.161534 99.181116 176.388844 23.944102
0.479 1.484369 1.897439 1.488337 8.6948 11.916973 4.16695 99.485005 176.819884 24.008066
0.48 1.479187 1.893414 1.486236 8.691109 11.921803 4.165271 99.366493 176.917425 23.988146
0.481 1.47438 1.883848 1.481931 8.685338 11.913235 4.160097 99.196115 176.602435 23.927064
0.482 1.47234 1.881887 1.478695 8.692313 11.921228 4.159339 99.42163 176.926338 23.917411
0.483 1.47042 1.874846 1.47649 8.699897 11.930153 4.164994 99.607911 177.206947 23.97352
0.484 1.4683 1.870678 1.475688 8.707316 11.935988 4.165973 99.871503 177.464113 23.996282
0.485 1.464802 1.864064 1.474268 8.702346 11.928146 4.165289 99.744634 177.223287 23.988817
0.486 1.46168 1.854989 1.470444 8.703437 11.921926 4.168161 99.814371 177.035099 24.0162
0.487 1.454693 1.843198 1.470065 8.696469 11.90943 4.171728 99.681358 176.708277 24.068891
0.488 1.456328 1.839253 1.468319 8.711363 11.917322 4.175476 100.152388 177.029955 24.126657
0.489 1.455714 1.835984 1.467582 8.719265 11.927182 4.182754 100.389402 177.42571 24.218866
0.49 1.452088 1.830622 1.46601 8.726636 11.932901 4.185024 100.556959 177.591092 24.245275
0.491 1.446494 1.830437 1.46596 8.730109 11.951005 4.190067 100.786909 178.392143 24.331195
0.492 1.44547 1.829269 1.463487 8.730363 11.958937 4.192356 100.872782 178.690107 24.363047
0.493 1.447635 1.828798 1.461437 8.743165 11.970221 4.195086 101.289055 179.137479 24.403093
0.494 1.443737 1.825033 1.458264 8.739383 11.963249 4.195831 101.170423 178.843893 24.402089
0.495 1.441909 1.824349 1.457633 8.744246 11.962315 4.19822 101.29665 178.793493 24.430875
0.496 1.445728 1.829587 1.456798 8.766816 11.982045 4.198409 101.930969 179.44404 24.442243
0.497 1.444694 1.827704 1.455131 8.77416 11.98993 4.199433 102.145638 179.680168 24.456352
0.498 1.444113 1.823403 1.454018 8.777576 11.9944 4.200589 102.323348 179.886677 24.480188
0.499 1.441078 1.815411 1.451893 8.773688 11.983971 4.203861 102.270457 179.620036 24.531266
0.5 1.438632 1.809648 1.45258 8.774996 11.981167 4.210593 102.323794 179.556085 24.610551
0.501 1.432844 1.809108 1.452927 8.766487 11.978372 4.214586 102.06686 179.41634 24.666376
0.502 1.423312 1.803957 1.451855 8.748299 11.969194 4.212365 101.609421 179.114193 24.643207
0.503 1.417171 1.796311 1.447714 8.736683 11.95614 4.208301 101.399831 178.790743 24.607304
0.504 1.406754 1.787088 1.445439 8.718765 11.942335 4.207697 100.994771 178.378698 24.610477
0.505 1.398183 1.778257 1.44353 8.700966 11.928116 4.203766 100.573581 177.965156 24.581406
0.506 1.392974 1.77237 1.441556 8.690112 11.924061 4.19892 100.283057 177.798046 24.519264
0.507 1.385826 1.758331 1.438302 8.673385 11.902053 4.19394 99.749531 176.99519 24.444807
0.508 1.382372 1.747145 1.435268 8.666204 11.886801 4.189436 99.597038 176.516877 24.377715
0.509 1.374426 1.735992 1.435628 8.648903 11.868374 4.18681 99.06133 175.866843 24.334299
0.51 1.36965 1.728586 1.435381 8.643518 11.859585 4.185314 98.93493 175.571637 24.312188
0.511 1.363811 1.720227 1.434775 8.631842 11.852901 4.185473 98.663129 175.388495 24.313446
0.512 1.35832 1.711181 1.433835 8.620672 11.846191 4.185758 98.392268 175.184777 24.327923
0.513 1.358507 1.711004 1.434603 8.627051 11.851689 4.188581 98.50674 175.295855 24.366853
0.514 1.352832 1.704984 1.432556 8.613989 11.838902 4.186184 98.19338 174.95395 24.349
0.515 1.346279 1.697014 1.430547 8.601256 11.830443 4.182407 97.881131 174.685714 24.315309
0.516 1.340564 1.688078 1.430171 8.590509 11.820523 4.182521 97.553518 174.349681 24.323648
0.517 1.340241 1.687122 1.428962 8.595223 11.822953 4.186419 97.685057 174.452617 24.374784
0.518 1.336494 1.683574 1.427955 8.593821 11.82304 4.185085 97.641153 174.438803 24.360994
0.519 1.333691 1.684102 1.427581 8.595487 11.826595 4.184162 97.657189 174.494836 24.344496
0.52 1.32982 1.6834 1.426297 8.593141 11.828454 4.183226 97.634028 174.546213 24.333018
0.521 1.326597 1.681172 1.424199 8.591505 11.831025 4.181388 97.61096 174.638763 24.308947
0.522 1.322512 1.678914 1.421468 8.589247 11.829525 4.181716 97.465323 174.534313 24.293973
0.523 1.31984 1.681417 1.419525 8.595 11.838676 4.179855 97.575617 174.800523 24.265095
0.524 1.31583 1.682137 1.417946 8.595364 11.847055 4.178962 97.565621 175.036083 24.247801
0.525 1.314335 1.684153 1.41512 8.603575 11.857013 4.183624 97.7071 175.299157 24.29203
0.526 1.312485 1.685942 1.411788 8.6087 11.864132 4.183684 97.789799 175.481931 24.281008
0.527 1.306712 1.683657 1.410028 8.604109 11.863631 4.184526 97.65718 175.434133 24.288167
0.528 1.3059 1.688165 1.407795 8.610181 11.872821 4.183784 97.820937 175.703425 24.28861
0.529 1.304474 1.689637 1.404387 8.613257 11.878152 4.183073 97.883241 175.861579 24.279049
0.53 1.302453 1.686867 1.401822 8.614573 11.878356 4.183871 97.885107 175.82856 24.278666
0.531 1.301298 1.687697 1.398563 8.618203 11.88407 4.185531 97.951109 175.963578 24.294571
0.532 1.299409 1.685877 1.396762 8.619047 11.887038 4.187628 97.941743 176.02018 24.313858
0.533 1.299975 1.683997 1.395088 8.623773 11.892916 4.188244 98.028316 176.170019 24.31722
0.534 1.299972 1.684036 1.393716 8.628932 11.900369 4.190186 98.127911 176.360049 24.333891
0.535 1.299069 1.681036 1.39122 8.631094 11.901119 4.18893 98.174854 176.377588 24.313845
0.536 1.298726 1.680932 1.388366 8.63617 11.908819 4.188474 98.294987 176.591915 24.301141
0.537 1.298786 1.681311 1.386981 8.64135 11.913311 4.189672 98.40034 176.728317 24.306109
0.538 1.298518 1.680109 1.384487 8.646703 11.918025 4.191497 98.577251 176.915584 24.322462
0.539 1.297324 1.68012 1.38277 8.649221 11.925817 4.195721 98.639457 177.141449 24.367061
0.54 1.297907 1.679474 1.382319 8.654398 11.931079 4.197246 98.75724 177.294784 24.38781
0.541 1.296999 1.675209 1.379806 8.655556 11.930854 4.198953 98.782624 177.285543 24.404367
0.542 1.297072 1.672481 1.379094 8.659821 11.931351 4.199686 98.879307 177.308355 24.416193
0.543 1.296972 1.671633 1.377364 8.66638 11.934232 4.20058 99.033457 177.385585 24.422572
0.544 1.295577 1.672504 1.377119 8.671966 11.943671 4.203573 99.182723 177.662334 24.452249
0.545 1.293452 1.666968 1.375915 8.672475 11.944925 4.209271 99.204551 177.70904 24.518927
0.546 1.293961 1.666245 1.375344 8.67544 11.947548 4.212363 99.2589 177.809791 24.567313
0.547 1.291832 1.66181 1.373221 8.675168 11.948265 4.215648 99.266761 177.83311 24.599402
0.548 1.2886 1.655081 1.371394 8.67533 11.946988 4.220635 99.232728 177.744287 24.647635
0.549 1.28869 1.655467 1.371446 8.681107 11.954496 4.224051 99.35116 177.958134 24.689259
0.55 1.286153 1.650868 1.369423 8.680666 11.955576 4.226017 99.3177 177.966366 24.715593
0.551 1.284685 1.647239 1.366444 8.680452 11.957993 4.228317 99.302515 178.032664 24.735522
0.552 1.283637 1.641444 1.364114 8.678765 11.953687 4.231772 99.231164 177.906295 24.771838
0.553 1.283784 1.636306 1.363346 8.679088 11.947849 4.230662 99.23449 177.742814 24.770533
0.554 1.283703 1.632474 1.36279 8.679683 11.94591 4.230596 99.230531 177.679863 24.773468
0.555 1.285499 1.633298 1.361694 8.687951 11.954119 4.229096 99.441888 177.97304 24.754283
0.556 1.286397 1.634313 1.359901 8.694932 11.961031 4.224353 99.62684 178.196188 24.696658
0.557 1.287495 1.632623 1.357805 8.70088 11.96358 4.222895 99.76902 178.258882 24.675826
0.558 1.289167 1.626874 1.355673 8.703977 11.961453 4.226256 99.820674 178.180582 24.708176
0.559 1.292165 1.620028 1.355452 8.708802 11.955087 4.226684 99.925733 177.980126 24.720781
0.56 1.294593 1.611989 1.355029 8.712337 11.945028 4.230183 99.997403 177.675256 24.761944
0.561 1.291402 1.609965 1.354103 8.711191 11.93852 4.231409 99.969555 177.47766 24.781877
0.562 1.286827 1.61066 1.351792 8.708067 11.942485 4.232761 99.937251 177.637929 24.797841
0.563 1.285015 1.607065 1.35204 8.703217 11.940607 4.238102 99.805775 177.588038 24.866171
0.564 1.28614 1.606819 1.351212 8.71014 11.941544 4.240085 99.985872 177.664355 24.892821
0.565 1.27978 1.607276 1.350386 8.707055 11.941256 4.240029 99.926633 177.660642 24.894779
0.566 1.275751 1.610331 1.351019 8.704443 11.947158 4.245791 99.824424 177.786682 24.955769
0.567 1.276168 1.610431 1.351078 8.708173 11.954393 4.250915 99.883989 177.980123 25.020353
0.568 1.279454 1.607321 1.350459 8.715291 11.955912 4.250974 100.011962 178.023312 25.026197
0.569 1.2836 1.600565 1.350346 8.72642 11.952277 4.252833 100.251242 177.915717 25.04637
0.57 1.281285 1.602152 1.351701 8.732249 11.955362 4.255878 100.363755 177.972581 25.078953
0.571 1.275635 1.604729 1.351628 8.730828 11.962328 4.256028 100.354165 178.168841 25.074033
0.572 1.274374 1.606205 1.350246 8.730783 11.972801 4.256196 100.298062 178.445645 25.073686
0.573 1.276365 1.603503 1.349334 8.739779 11.975805 4.25813 100.490549 178.535736 25.093382
0.574 1.27549 1.603012 1.351571 8.746226 11.97761 4.266991 100.616641 178.589173 25.18829
0.575 1.274117 1.61017 1.354616 8.754991 11.991161 4.277892 100.808183 178.97846 25.314228
0.576 1.273094 1.614609 1.355515 8.761406 12.00278 4.283204 100.999933 179.360601 25.384886
0.577 1.269526 1.614014 1.356079 8.759443 12.003051 4.286002 100.931687 179.363317 25.420903
0.578 1.265875 1.619995 1.356514 8.761928 12.009948 4.290345 100.976845 179.563103 25.476357
0.579 1.260096 1.62415 1.356004 8.761353 12.016459 4.293313 100.98216 179.758291 25.501721
0.58 1.255995 1.628636 1.355621 8.760465 12.026982 4.297241 100.982128 180.075669 25.547163
0.581 1.25289 1.628963 1.35392 8.759072 12.033937 4.298319 100.994307 180.322565 25.561815
0.582 1.252964 1.625886 1.350306 8.760763 12.0364 4.298754 101.089588 180.43289 25.563821
0.583 1.253296 1.623369 1.348088 8.761322 12.036041 4.303683 101.139098 180.465081 25.625977
0.584 1.253518 1.623927 1.347852 8.763464 12.038177 4.308633 101.191074 180.526585 25.680106
0.585 1.251614 1.625115 1.34655 8.760319 12.039879 4.307795 101.097058 180.568046 25.670809
0.586 1.249961 1.624665 1.343467 8.758098 12.041966 4.308115 101.033303 180.629435 25.683055
0.587 1.249296 1.620444 1.341703 8.754002 12.039502 4.307555 100.937266 180.594364 25.680129
0.588 1.24762 1.615594 1.34067 8.749513 12.034317 4.305369 100.822263 180.457556 25.649976
0.589 1.246039 1.615404 1.340024 8.74912 12.035224 4.30242 100.815924 180.497444 25.620044
0.59 1.242044 1.613479 1.337382 8.744401 12.035074 4.302613 100.703153 180.489648 25.620275
0.591 1.240989 1.614607 1.336007 8.745989 12.040328 4.301826 100.761283 180.668167 25.61095
0.592 1.238344 1.612749 1.334111 8.741522 12.035455 4.297666 100.623582 180.526544 25.55962
0.593 1.235794 1.609407 1.331919 8.735582 12.029663 4.294867 100.485837 180.371636 25.529121
0.594 1.233431 1.602839 1.329046 8.726386 12.019095 4.291759 100.251413 180.061666 25.492078
0.595 1.233134 1.602101 1.327335 8.728583 12.017195 4.292698 100.292469 180.005147 25.496191
0.596 1.231888 1.599848 1.325889 8.726457 12.015376 4.293321 100.277062 179.995191 25.506032
0.597 1.232795 1.597029 1.324756 8.727184 12.015774 4.289361 100.326051 180.056122 25.481872
0.598 1.233985 1.597496 1.320624 8.734723 12.02145 4.283096 100.517792 180.24273 25.410762
0.599 1.232327 1.593952 1.31723 8.73331 12.014021 4.279586 100.473384 180.028551 25.368069
