####### LIGHTCURVES AND MEAN ENERGIES
####### 3 NEUTRINO SPECIES: NU_E, NUBAR_E AND N_X
####### ALL QUANTITIES ARE MEASURED AT 500 KM FROM THE CENTER
#######
####### FROM MODEL L1-90 (BUGLI ET AL. 2020,2021)
####### B0=1e12 G, l=1, r0=1.00e8 cm
####### UNITS: TIME [ms], LUMINOSITY [1e52 erg/s], ENERGY [MeV]


# TIME	L_NU_E     	L_NU_BAR   	L_NU_X     	E_NU_E     	E_NU_BAR  	E_NU_X      	E2_NU_E    	E2_NU_BAR 	E2_NU_X     
1	16.164784	0.000028	0.000022	10.994297	5.968863	0.856318	138.494652	47.566750	0.907445	
2	12.941151	0.000603	0.000177	11.392669	3.947127	1.291126	147.630234	19.920997	2.432426	
3	21.481642	0.471496	0.491990	12.314537	12.613396	3.690285	175.086644	182.886527	15.721509	
4	72.779745	0.519828	1.127975	14.884716	13.271873	5.704135	250.744258	206.238789	44.856083	
5	50.456816	0.499872	0.862369	13.591507	11.907804	6.365768	210.059992	163.544266	61.981692	
6	42.259593	0.711290	0.739423	13.110802	11.896213	5.794231	195.541806	162.779314	50.934193	
7	40.672651	0.801273	0.759404	12.731947	11.453607	5.038671	184.749927	151.524779	36.422386	
8	36.758802	0.916978	1.007697	12.135439	11.285483	4.714352	168.049552	148.003694	29.558652	
9	39.851885	0.846727	1.190775	12.278369	11.066296	4.572446	173.038972	142.143173	27.098544	
10	38.187245	0.852899	1.279754	12.068006	11.112761	4.422877	167.797381	143.027438	25.079663	
11	36.093459	0.875974	1.302503	11.705434	11.225391	4.314922	157.811114	145.289972	23.762482	
12	30.787646	0.863246	1.304134	11.170171	11.022564	4.178766	144.416240	140.378816	22.085310	
13	27.002264	0.889460	1.266774	10.916708	10.813600	4.155122	137.945058	135.859250	21.751671	
14	21.150284	0.996495	1.300251	10.485659	10.798620	4.177646	127.551442	135.103953	21.923494	
15	18.064208	1.131068	1.375241	10.170977	10.772090	4.212728	119.922792	134.815937	22.377857	
16	15.426583	1.317787	1.511667	9.857943	10.779088	4.222118	112.578772	135.079686	22.599897	
17	15.144639	1.622323	1.743161	9.663408	10.805796	4.212894	108.024588	135.929659	22.427538	
18	16.039277	1.909146	2.005682	9.757226	10.784331	4.186990	109.904707	135.933976	22.198725	
19	16.904221	2.315102	2.306904	9.862288	10.893822	4.155517	112.646963	138.632316	21.811812	
20	16.521287	2.663219	2.595898	9.803918	10.947924	4.130307	111.575554	140.065761	21.471715	
21	15.503518	2.804564	2.782896	9.763194	11.042536	4.137442	110.620891	142.324958	21.541516	
22	14.789430	2.835911	2.903459	9.700573	11.027000	4.150088	109.296895	142.173465	21.676778	
23	14.503772	2.841681	2.994335	9.621325	10.933063	4.149575	107.741044	139.841987	21.653028	
24	13.370262	2.866026	3.045924	9.426876	10.949370	4.167826	104.002148	140.160280	21.868928	
25	12.477464	2.941780	3.111559	9.356653	10.991751	4.188219	102.600288	140.911403	22.081720	
26	12.028987	3.039778	3.106233	9.296780	11.050621	4.198456	101.187119	142.594105	22.303226	
27	10.759219	3.183677	3.135278	9.276699	11.074312	4.178991	101.120044	143.140021	22.151412	
28	10.613089	3.249191	3.127056	9.372611	11.149359	4.190473	103.020120	145.332717	22.347245	
29	10.967412	3.426832	3.156742	9.470012	11.232107	4.195615	105.127572	147.539175	22.413251	
30	11.236522	3.629062	3.196539	9.522780	11.361623	4.194787	106.353600	150.861356	22.365236	
31	11.279533	3.894567	3.254534	9.577059	11.528033	4.196040	107.519737	155.014150	22.349472	
32	11.354979	4.156743	3.326888	9.585044	11.624448	4.188625	107.594014	157.528882	22.232667	
33	10.974659	4.362509	3.402268	9.551635	11.704420	4.184186	107.044389	159.470192	22.146644	
34	10.740024	4.508811	3.490227	9.471365	11.752491	4.184471	105.463741	160.788506	22.142699	
35	10.997176	4.645312	3.614312	9.440760	11.808410	4.211708	104.717165	162.043544	22.362813	
36	11.023046	4.578897	3.597837	9.464899	11.829644	4.233868	105.035052	162.515863	22.582796	
37	10.984335	4.596270	3.623931	9.431988	11.835436	4.226878	104.407704	162.156840	22.473830	
38	10.440247	4.598358	3.648339	9.343058	11.881297	4.236166	102.642026	163.332069	22.581728	
39	10.147216	4.624856	3.644305	9.279554	11.892246	4.245077	101.429679	163.474052	22.687895	
40	9.729177	4.563016	3.615026	9.168007	11.836580	4.227329	99.365543	162.032312	22.540956	
41	9.641328	4.564712	3.598315	9.109363	11.837737	4.231472	98.381419	162.040201	22.588681	
42	9.166555	4.635290	3.603314	9.028799	11.774852	4.194250	96.848113	160.223497	22.236407	
43	8.994414	4.643178	3.582246	9.109098	11.823137	4.209720	98.526490	161.765117	22.430573	
44	8.666169	4.764081	3.590646	8.944200	11.820340	4.174028	95.583514	161.868843	22.008473	
45	7.976431	4.954948	3.567589	8.874067	11.848613	4.139752	94.060256	162.296802	21.686807	
46	7.843013	4.900919	3.513637	8.900341	11.827376	4.139200	94.543802	162.103387	21.752220	
47	8.104052	5.110574	3.602637	8.840206	11.870895	4.132622	93.794802	163.620799	21.573237	
48	7.307444	5.156969	3.533541	8.725830	11.884989	4.104826	91.752539	163.746015	21.279866	
49	7.219719	5.282077	3.554912	8.683948	11.906950	4.088947	90.890058	164.194680	21.116277	
50	7.515817	5.386400	3.634247	8.695631	11.923547	4.097307	91.033790	164.943597	21.173160	
51	7.049880	5.463510	3.625771	8.636143	11.997424	4.091210	90.261011	166.738978	21.044324	
52	6.643784	5.563129	3.647091	8.611905	12.048945	4.086439	89.962688	168.078585	21.006202	
53	6.848806	5.615763	3.643576	8.637609	12.107244	4.097554	90.953661	170.125760	21.176373	
54	6.855708	5.587088	3.670237	8.658738	12.117097	4.104585	91.133091	170.247734	21.181064	
55	6.404728	5.718709	3.661407	8.614009	12.188219	4.099072	90.569637	172.712493	21.201980	
56	6.631229	5.752931	3.688125	8.681625	12.238841	4.117392	92.468971	174.323711	21.389594	
57	6.775652	5.821647	3.734434	8.727324	12.228628	4.131668	93.647133	174.177862	21.522378	
58	6.703174	5.854192	3.751384	8.726260	12.173260	4.122936	93.882431	172.986794	21.474623	
59	6.506917	6.125736	3.838292	8.687277	12.206371	4.114816	92.996130	173.702698	21.357470	
60	6.224104	6.184745	3.827920	8.681709	12.194697	4.107707	92.842278	173.363999	21.297581	
61	6.081310	5.966630	3.732534	8.711490	12.103606	4.085772	93.222869	171.175744	21.161110	
62	6.027227	5.885161	3.738854	8.707775	12.102050	4.111012	93.377996	171.130136	21.423585	
63	5.808099	5.884946	3.687523	8.698136	12.072023	4.101251	94.768866	170.167612	21.305385	
64	5.715123	5.910644	3.674234	8.699347	12.042408	4.085756	94.920506	169.332139	21.150851	
65	5.725563	5.966379	3.662858	8.692959	12.085525	4.087557	93.867387	170.602968	21.180176	
66	5.793573	6.032438	3.641942	8.701931	12.139544	4.096016	93.110508	172.184215	21.284168	
67	5.797377	6.147579	3.631686	8.722055	12.205082	4.089344	93.590286	173.832419	21.213276	
68	6.003031	6.393697	3.677786	8.765015	12.346762	4.106283	95.089934	177.732251	21.365166	
69	6.228327	6.539131	3.727654	8.839282	12.433924	4.121145	96.087661	180.129264	21.472417	
70	6.468528	6.534516	3.715286	8.923378	12.460703	4.130061	98.100965	180.911041	21.580292	
71	6.568554	6.597555	3.731226	8.905840	12.450833	4.147582	97.331185	180.267722	21.763099	
72	6.707183	6.671198	3.732146	8.892384	12.450191	4.144388	96.886123	180.123832	21.727676	
73	6.867804	6.878574	3.811334	8.864257	12.478900	4.163163	96.463404	180.811680	21.870963	
74	7.092154	6.979816	3.819438	8.909424	12.491800	4.161913	97.201772	181.310031	21.835975	
75	7.008179	7.026435	3.825552	8.909546	12.479543	4.160154	97.931200	180.999451	21.848439	
76	6.739147	7.090400	3.830792	8.851430	12.462473	4.166045	96.366757	180.702468	21.963563	
77	6.788126	7.170141	3.840661	8.897703	12.503683	4.177034	97.280664	181.893681	22.068977	
78	6.726807	7.133967	3.809776	8.958317	12.478627	4.167498	98.481742	181.166928	21.956546	
79	6.715740	7.176758	3.796452	9.030221	12.530657	4.182808	100.643892	182.723159	22.123339	
80	6.814502	7.241788	3.807251	9.081564	12.544739	4.181994	101.154380	182.989521	22.100519	
81	6.760379	7.244872	3.812253	9.112896	12.517459	4.171324	101.655552	182.237772	21.981676	
82	6.735944	7.271688	3.797706	9.156746	12.509854	4.157925	102.483803	182.041664	21.841729	
83	6.744687	7.265265	3.764486	9.190435	12.511703	4.139919	104.710888	181.923175	21.677639	
84	6.750603	7.201777	3.760700	9.132997	12.546014	4.157870	102.643204	182.900817	21.871555	
85	6.738833	7.217888	3.773776	9.148394	12.579786	4.175107	102.604517	183.804878	22.000529	
86	6.661170	7.279696	3.779900	9.135146	12.578580	4.169464	103.067692	183.738019	21.921383	
87	6.674766	7.331131	3.792153	9.144008	12.569908	4.167237	102.615992	183.571092	21.914540	
88	6.706994	7.412609	3.821428	9.157633	12.551426	4.164509	103.320027	183.238439	21.911292	
89	6.663531	7.457217	3.818835	9.202911	12.551145	4.157709	104.380445	183.302896	21.835511	
90	6.709793	7.457892	3.826206	9.219949	12.566755	4.163922	104.745612	183.894111	21.903777	
91	6.991864	7.563928	3.890876	9.260896	12.637280	4.184476	105.355882	186.006096	22.073423	
92	6.944654	7.596183	3.886170	9.301701	12.644068	4.178378	106.520460	186.131873	21.972866	
93	6.857864	7.608801	3.862556	9.351097	12.627345	4.169204	107.441710	185.547660	21.885478	
94	6.899698	7.664094	3.885442	9.381875	12.642909	4.179824	108.327917	186.086477	22.033738	
95	6.946103	7.727621	3.907891	9.417700	12.652380	4.192423	110.133394	186.547434	22.176540	
96	6.993651	7.817864	3.892099	9.462885	12.661060	4.195605	110.352793	186.921203	22.200725	
97	7.137253	7.930500	3.915092	9.545334	12.676014	4.200143	112.545555	187.632157	22.256852	
98	7.176861	7.965985	3.905636	9.615913	12.672035	4.200479	114.843103	187.665840	22.255396	
99	7.205654	8.036853	3.953635	9.628802	12.693124	4.221951	113.628555	188.287079	22.498340	
100	7.416502	8.134995	3.981677	9.648788	12.734702	4.227114	114.675372	189.389208	22.548313	
101	7.632603	8.313585	4.063287	9.653526	12.794523	4.252334	114.132746	190.922731	22.808954	
102	7.925286	8.515203	4.089413	9.705191	12.826808	4.255069	115.544320	191.462647	22.808456	
103	8.235703	8.800832	4.159590	9.741688	12.818068	4.251312	115.764807	191.059388	22.753153	
104	8.355813	9.053835	4.206536	9.787541	12.812750	4.252157	117.446535	190.909885	22.769284	
105	8.266995	9.119914	4.188615	9.791653	12.782622	4.247975	118.215599	190.051648	22.745539	
106	8.206334	9.131843	4.151814	9.799063	12.796026	4.246870	117.741429	190.397067	22.696738	
107	8.203142	9.098601	4.115160	9.798322	12.794668	4.241492	117.449428	190.375957	22.616644	
108	8.304312	9.160720	4.126078	9.819174	12.786231	4.227508	117.590866	190.077741	22.447814	
109	8.539831	9.291999	4.144337	9.862802	12.865721	4.241601	118.386511	192.408336	22.590644	
110	8.627202	9.252431	4.145151	9.937220	12.900458	4.243874	120.337860	193.467918	22.611341	
111	8.518122	9.040159	4.112797	9.951738	12.882257	4.239271	119.780408	193.189901	22.619037	
112	8.417972	8.981926	4.086269	9.972231	12.905408	4.235913	120.383169	193.985757	22.590074	
113	8.228763	8.943571	4.025824	9.962968	12.918447	4.226117	120.693643	194.294696	22.490879	
114	8.169631	8.961221	3.979317	9.960740	12.902962	4.209550	120.639659	193.711537	22.332274	
115	8.016502	8.887292	3.933582	9.957117	12.873406	4.195988	120.211601	192.857071	22.246511	
116	7.896645	8.801507	3.914311	9.972273	12.875294	4.199232	120.747871	193.128761	22.323839	
117	8.004824	8.779029	3.931643	10.011521	12.955337	4.220663	122.370791	195.618369	22.548617	
118	8.245178	8.841741	3.985103	10.031790	13.053312	4.251889	123.716109	198.425572	22.850846	
119	8.418520	8.886859	4.028347	10.030650	13.128245	4.275971	122.396982	200.542358	23.090723	
120	8.634937	8.999545	4.053747	10.065588	13.138054	4.297122	123.819402	200.983725	23.317375	
121	8.694481	9.138250	4.070977	10.107802	13.112319	4.314157	124.381084	200.131706	23.473928	
122	8.805504	9.322370	4.144693	10.104328	13.057078	4.313813	124.336222	198.342200	23.436146	
123	8.815434	9.410501	4.189755	10.091303	13.007545	4.307501	124.135834	196.484505	23.360555	
124	8.644658	9.334099	4.159474	10.104760	12.950078	4.298136	124.109438	194.595078	23.313218	
125	8.292355	9.206446	4.079140	10.126875	12.911659	4.286998	126.506920	193.412746	23.257137	
126	8.073337	9.179356	4.024294	10.120486	12.923115	4.275673	125.547789	193.779583	23.170713	
127	8.197844	9.245975	3.985753	10.163117	12.973186	4.266369	126.097477	195.258571	23.056886	
128	8.725281	9.484067	4.041155	10.233349	13.036400	4.278424	128.083109	197.082995	23.152634	
129	9.181830	9.659023	4.076448	10.250253	13.046021	4.276581	129.080297	197.374906	23.106721	
130	9.354374	9.805474	4.189825	10.203357	13.085654	4.294825	128.138441	198.904627	23.302283	
131	9.353242	9.635811	4.178766	10.127488	13.098000	4.286206	125.111988	199.581129	23.214269	
132	9.492328	9.579489	4.245091	10.122809	13.147610	4.304888	125.508474	201.263789	23.419709	
133	9.397850	9.480849	4.230847	10.120714	13.149846	4.302207	125.859525	201.489395	23.387823	
134	9.162167	9.399783	4.233707	10.109716	13.136603	4.309812	126.055964	201.458598	23.504617	
135	9.071365	9.425503	4.241339	10.154987	13.131378	4.309409	128.314820	201.483998	23.504337	
136	9.003469	9.357506	4.215077	10.179960	13.134883	4.304414	127.962642	201.624346	23.457968	
137	8.877229	9.210605	4.149696	10.186562	13.118078	4.292136	127.449904	201.162865	23.344842	
138	8.815722	9.146644	4.105635	10.259595	13.143236	4.299136	130.174563	201.969361	23.418725	
139	8.850345	9.101762	4.065594	10.237282	13.093001	4.278329	129.094560	200.492211	23.197999	
140	9.060149	9.232721	4.073368	10.282539	13.145003	4.276711	129.430615	202.028910	23.178770	
141	9.332789	9.303975	4.070268	10.328324	13.173486	4.273350	130.729257	202.925100	23.124543	
142	9.642732	9.372745	4.091548	10.348996	13.220808	4.274622	129.645178	204.247017	23.113236	
143	9.874824	9.436172	4.130297	10.363974	13.265067	4.272332	129.459100	205.388887	23.051887	
144	9.874055	9.408556	4.111622	10.379291	13.249738	4.266318	130.470909	204.777513	22.968185	
145	9.613982	9.231063	4.051444	10.379925	13.217011	4.259288	129.648207	203.842613	22.883544	
146	9.176056	9.009493	3.959213	10.360139	13.210329	4.253403	129.735542	203.711956	22.851518	
147	8.947094	8.882824	3.895287	10.355406	13.267601	4.248788	129.797509	205.412324	22.830956	
148	8.793686	8.737734	3.825442	10.382991	13.344125	4.245096	131.513485	207.579098	22.829962	
149	8.502475	8.658194	3.752570	10.408843	13.395437	4.238623	133.915104	208.705729	22.790287	
150	8.383969	8.713293	3.691890	10.431545	13.429692	4.246042	133.515928	209.255124	22.881977	
151	8.702851	9.118711	3.719312	10.512400	13.462715	4.272459	135.629164	209.792544	23.131462	
152	9.183337	9.531850	3.817489	10.569670	13.476856	4.307357	137.119320	210.101025	23.460523	
153	9.544560	9.607884	3.881557	10.602976	13.494520	4.331790	137.992771	210.817171	23.696978	
154	9.580381	9.549567	3.904477	10.608373	13.537315	4.351587	139.264442	212.153836	23.889367	
155	9.698859	9.619951	3.924957	10.651308	13.536481	4.354624	139.006788	212.219690	23.904035	
156	9.619625	9.690268	3.933886	10.670838	13.510737	4.352552	138.560025	211.619029	23.906683	
157	9.403687	9.728133	3.921471	10.702889	13.464181	4.346394	138.989153	210.295707	23.854354	
158	9.288399	9.807589	3.928487	10.786708	13.429358	4.343498	142.903644	209.373302	23.836881	
159	9.202425	10.042362	4.021470	10.809676	13.419649	4.350078	142.103579	209.354889	23.917595	
160	9.259892	10.234926	4.079917	10.939824	13.367714	4.355018	148.843808	208.185890	23.980547	
161	9.290328	10.309064	4.107218	10.975009	13.305436	4.350464	146.063746	206.578264	23.926047	
162	9.149811	10.404006	4.112846	11.017353	13.272861	4.344649	147.046014	205.448698	23.825451	
163	9.102945	10.350462	4.105185	11.011800	13.255272	4.338170	145.746416	204.772338	23.740782	
164	9.357000	10.411934	4.137958	10.983750	13.326424	4.356625	144.678278	206.707015	23.872099	
165	9.416431	10.320608	4.131815	10.872996	13.298207	4.354774	142.486022	205.804960	23.827575	
166	9.357054	10.187020	4.075268	10.840629	13.295900	4.366511	142.407656	205.745519	23.953189	
167	9.144778	10.018136	4.019435	10.807622	13.274361	4.353192	141.334817	205.107420	23.840886	
168	8.855532	9.725651	3.904739	10.809173	13.298682	4.350590	139.905749	205.942068	23.877073	
169	8.832214	9.635117	3.839074	10.862060	13.304749	4.340424	141.770958	206.149663	23.811661	
170	8.911999	9.862986	3.871555	10.872862	13.327306	4.335926	141.710721	206.634063	23.750247	
171	9.246796	10.034843	3.932726	10.898177	13.412310	4.356137	142.788763	209.137600	23.936630	
172	9.507223	9.987821	3.981313	10.855809	13.465510	4.361843	140.653920	210.881931	23.977161	
173	9.558074	9.932996	4.036907	10.813955	13.518142	4.371193	141.030256	212.710689	24.072737	
174	9.829886	9.921122	4.097174	10.789436	13.606635	4.394542	140.597280	215.677437	24.293275	
175	10.003630	9.829512	4.118191	10.746547	13.641356	4.398378	138.645287	217.071032	24.339192	
176	10.037108	9.634957	4.085324	10.758615	13.614442	4.403047	140.973688	216.544750	24.444327	
177	9.951539	9.585130	4.072606	10.729109	13.572917	4.411879	138.398143	215.435439	24.580642	
178	9.670310	9.626220	4.064489	10.729909	13.496023	4.406886	138.195614	212.990962	24.562267	
179	9.537535	9.768000	4.064656	10.791491	13.471726	4.408236	140.901489	212.068566	24.598044	
180	9.617055	9.991216	4.081366	10.826213	13.471928	4.414737	141.627003	212.134384	24.697723	
181	9.635383	10.054594	4.089186	10.810730	13.490530	4.432920	141.100422	212.949877	24.907600	
182	9.346983	9.847370	4.151726	10.752969	13.462714	4.432767	140.336985	212.543429	24.943813	
183	9.116465	9.700453	4.102420	10.755300	13.462313	4.432335	140.268116	212.956391	24.972701	
184	9.069160	9.538718	4.044291	10.763693	13.447154	4.427999	140.786129	212.300678	24.928324	
185	9.072741	9.465244	4.015082	10.743128	13.509551	4.434102	140.221103	213.701912	24.934619	
186	8.868981	9.255681	3.959892	10.707198	13.608242	4.442516	138.111222	215.882698	24.932493	
187	8.458405	8.857758	3.918294	10.651585	13.647400	4.440602	138.532194	216.821872	24.855616	
188	7.953345	8.495273	3.850372	10.521027	13.629509	4.418516	134.354352	216.450647	24.634036	
189	7.710961	8.344409	3.795131	10.415341	13.624016	4.403992	132.863158	216.587850	24.488387	
190	7.602017	8.367637	3.791611	10.363886	13.644272	4.398529	131.556507	217.405424	24.395859	
191	7.683037	8.411428	3.813011	10.354396	13.659308	4.387548	131.061507	217.986889	24.251818	
192	7.828682	8.435733	3.832263	10.389028	13.673730	4.374378	133.863567	218.387052	24.099084	
193	7.955002	8.502190	3.862658	10.367763	13.702504	4.375387	131.514937	219.222299	24.099877	
194	8.020076	8.570720	3.890140	10.380818	13.732410	4.378595	132.108198	220.160311	24.125532	
195	8.023654	8.564935	3.914610	10.392167	13.769833	4.383343	132.677765	221.511502	24.158361	
196	7.958835	8.501210	3.919889	10.417428	13.823005	4.388518	133.624095	223.382175	24.201112	
197	7.912972	8.473913	3.910326	10.453594	13.835835	4.383400	134.267407	223.817545	24.155105	
198	8.061620	8.534549	3.925748	10.565723	13.882536	4.382458	139.183478	225.362553	24.141632	
199	8.071273	8.463145	3.930842	10.568400	13.891594	4.377582	138.140675	225.823884	24.091666	
200	7.994806	8.333934	3.947444	10.576222	13.909007	4.386361	139.023762	226.566326	24.194426	
201	7.902059	8.217303	3.951305	10.575116	13.904746	4.391820	140.251506	226.694467	24.285827	
202	7.765766	8.200176	3.941360	10.517869	13.908939	4.409008	136.703028	227.135777	24.488467	
203	7.823904	8.306419	3.919175	10.560459	13.927482	4.431251	137.682990	227.636367	24.725787	
204	7.823866	8.274541	3.899675	10.590121	13.935279	4.437350	139.272515	227.873533	24.802044	
205	7.798831	8.261145	3.870287	10.595017	13.928380	4.431758	138.187911	227.581260	24.768887	
206	7.920937	8.246073	3.833011	10.703636	13.964914	4.428993	145.843692	228.713603	24.752538	
207	7.859930	8.152232	3.789741	10.637729	14.001487	4.421599	139.802123	229.966296	24.668299	
208	7.900962	8.190396	3.819851	10.643498	14.086198	4.422691	139.192226	232.415397	24.642221	
209	7.861987	8.009215	3.769295	10.648353	14.128629	4.419687	139.605004	233.767406	24.576994	
210	7.644330	7.770699	3.720539	10.605215	14.139811	4.420888	138.636431	233.783643	24.584153	
211	7.539244	7.652353	3.692593	10.549896	14.151236	4.425903	137.510199	234.029873	24.658221	
212	7.602767	7.746100	3.707798	10.522220	14.145680	4.431915	136.937540	233.832622	24.753894	
213	7.808399	7.931414	3.749514	10.526779	14.158024	4.442599	137.179158	234.244496	24.872988	
214	7.848270	8.118219	3.792377	10.530637	14.141174	4.450888	137.617118	233.565621	24.967366	
215	7.803506	8.249620	3.763118	10.616921	14.119837	4.456276	140.121402	232.849378	25.108651	
216	7.542105	8.136917	3.614062	10.717703	13.983227	4.450819	143.555443	228.501419	25.178414	
217	7.318807	8.253485	3.576138	10.805476	13.869863	4.435474	144.059810	224.700603	25.064262	
218	7.376190	8.387120	3.524782	11.013594	13.881217	4.429608	148.528851	225.402535	25.034353	
219	7.162258	8.233006	3.425935	11.115889	13.758122	4.416412	151.676176	221.547962	24.921358	
220	7.068213	8.331120	3.464177	11.100832	13.746547	4.413048	150.071350	221.033072	24.891189	
221	7.261212	8.554905	3.515986	11.160339	13.806902	4.425751	151.315145	223.181840	25.010701	
222	7.404032	8.639660	3.558957	11.238192	13.812787	4.410067	153.238683	223.679592	24.844350	
223	7.605874	8.675187	3.572455	11.290804	13.850289	4.420252	154.393511	225.077428	24.960064	
224	7.756413	8.670626	3.550748	11.301275	13.910819	4.446624	154.436809	226.786254	25.201054	
225	7.920437	8.700912	3.555918	11.363767	13.989337	4.472987	155.559831	229.362648	25.452954	
226	8.141195	8.818057	3.552240	11.426984	13.995990	4.469547	157.393114	229.888041	25.434356	
227	8.338832	8.957268	3.550802	11.475768	13.957703	4.463140	157.889163	228.810749	25.379529	
228	8.461585	9.103747	3.541501	11.525866	13.934056	4.453838	159.382709	228.101013	25.283017	
229	8.671452	9.276713	3.544553	11.532763	13.969548	4.443875	160.055999	229.002822	25.172190	
230	8.861368	9.264949	3.579503	11.456856	14.000707	4.437280	157.445772	230.186998	25.067760	
231	8.994781	9.185903	3.632429	11.368800	14.055989	4.447903	155.182643	232.128496	25.102848	
232	9.231807	9.308248	3.715102	11.308020	14.140928	4.456015	153.715074	234.679296	25.089970	
233	9.698585	9.439835	3.829268	11.285691	14.237502	4.477106	153.353341	237.845168	25.216649	
234	10.052605	9.639595	3.944356	11.253914	14.290768	4.488316	153.082325	239.841925	25.272416	
235	10.349672	9.824013	4.058441	11.192482	14.297675	4.494617	152.233355	240.408295	25.306622	
236	10.526245	9.927091	4.156037	11.154841	14.308315	4.499427	151.987541	240.940730	25.372049	
237	10.708901	10.010460	4.237074	11.101739	14.339124	4.511250	150.647878	241.730397	25.505196	
238	10.886140	10.012869	4.264342	11.097647	14.321945	4.514819	149.965725	240.926744	25.512570	
239	10.936151	9.839754	4.206792	11.150711	14.275491	4.513707	152.076260	239.258280	25.542273	
240	10.811084	9.813020	4.147852	11.115214	14.148973	4.500425	150.859880	234.807875	25.482821	
241	10.802541	9.952983	4.098968	11.108841	14.065609	4.488464	150.232744	232.150035	25.467446	
242	11.045796	10.333733	4.097560	11.192708	14.094259	4.496842	154.120434	233.187220	25.634094	
243	11.154974	10.665096	4.112528	11.190838	14.105128	4.506489	151.893486	233.413713	25.741146	
244	11.187473	10.725265	4.111009	11.234863	14.058333	4.495490	154.052078	231.905725	25.605969	
245	11.195741	10.811067	4.119040	11.192042	14.006142	4.478390	152.149247	230.375082	25.417258	
246	11.130666	10.837814	4.117969	11.220061	13.960904	4.467777	153.183890	229.065572	25.279269	
247	10.954716	10.737237	4.073660	11.280272	13.935140	4.457116	155.227420	228.147402	25.181654	
248	10.704336	10.548275	4.012852	11.301380	13.887368	4.447082	155.472257	226.675831	25.084414	
249	10.419224	10.309145	3.919004	11.308176	13.862133	4.431528	155.057145	225.690842	24.928129	
250	10.294258	10.189587	3.845165	11.324927	13.832189	4.425355	154.974669	224.667129	24.838547	
251	10.200815	10.128284	3.792590	11.323699	13.804693	4.429620	154.364997	223.732104	24.869275	
252	10.109572	10.048025	3.747757	11.324618	13.794897	4.420595	154.794590	223.365866	24.781825	
253	9.897863	9.911625	3.693279	11.324730	13.796357	4.397842	154.149269	223.332517	24.562025	
254	9.707319	9.800334	3.646288	11.383545	13.802304	4.376628	159.847453	223.481353	24.364639	
255	9.621159	9.705722	3.602466	11.396413	13.841134	4.362618	156.693339	224.778099	24.220250	
256	9.591298	9.676573	3.560180	11.392319	13.891692	4.364841	157.061499	226.035186	24.232888	
257	9.605919	9.573282	3.537527	11.317544	13.962938	4.372119	154.316568	228.260365	24.268499	
258	9.577284	9.375972	3.540323	11.269699	14.067192	4.389957	153.482340	231.816894	24.422928	
259	9.433732	9.114544	3.528839	11.262451	14.138171	4.398973	153.344094	234.258867	24.484566	
260	9.283830	8.973919	3.541547	11.231824	14.167106	4.408420	153.670622	235.297432	24.575353	
261	9.466029	8.824634	3.607467	11.170426	14.183051	4.421500	151.117929	236.175588	24.702996	
262	9.817380	8.900613	3.715500	11.112989	14.183964	4.424646	149.810933	236.182004	24.704001	
263	10.382799	9.229714	3.825125	11.124534	14.187290	4.433564	150.526210	236.057739	24.741726	
264	10.361340	9.458656	3.868882	11.138105	14.202894	4.430135	150.944947	236.224218	24.670479	
265	9.572508	9.077636	3.745587	11.096138	14.211023	4.407188	150.496815	236.334919	24.498518	
266	8.828615	8.571302	3.563094	11.098287	14.230774	4.401458	151.190926	236.865076	24.563668	
267	8.822998	8.476577	3.476485	11.178391	14.289492	4.398453	152.634472	238.718613	24.582675	
268	8.775393	8.509466	3.425860	11.268452	14.253660	4.412831	154.755678	237.476879	24.776030	
269	8.677061	8.741569	3.432027	11.407085	14.252129	4.447222	157.735021	237.735866	25.192812	
270	8.519649	8.801890	3.353744	11.494839	14.169988	4.433152	160.596913	235.060337	25.196620	
271	8.441838	8.922048	3.349071	11.539678	14.088500	4.431213	161.089290	233.228314	25.258159	
272	8.945857	9.119746	3.453751	11.608493	14.121360	4.453063	161.929410	234.514636	25.428885	
273	9.373128	9.270100	3.574692	11.591804	14.071041	4.467822	161.130691	232.988236	25.482448	
274	9.896417	9.639298	3.642272	11.593748	14.030041	4.479232	160.815159	231.512545	25.563496	
275	10.232541	9.858617	3.693755	11.527049	14.006825	4.500268	159.283399	230.868777	25.779996	
276	10.548971	9.999219	3.755889	11.571161	14.023842	4.516164	162.756565	231.521559	25.909607	
277	10.654489	9.953030	3.777632	11.620319	14.014269	4.517218	167.730754	231.307695	25.904485	
278	10.307170	9.799618	3.757040	11.554954	14.002630	4.512851	162.471476	230.951701	25.888316	
279	10.152089	9.749403	3.736280	11.558652	13.978312	4.510762	163.939898	230.226082	25.917844	
280	10.017554	9.824709	3.769812	11.514857	13.988501	4.510515	159.805997	230.659539	25.920168	
281	10.355643	10.121374	3.849537	11.573892	14.092220	4.520361	161.890147	233.899716	26.025809	
282	10.507266	10.366105	3.913969	11.615721	14.146862	4.525773	161.941860	235.613686	26.058772	
283	10.624245	10.489901	3.959155	11.699993	14.206228	4.525776	164.134179	237.801638	26.059333	
284	10.324363	10.355443	3.898473	11.795566	14.253333	4.525841	166.724044	239.410634	26.114963	
285	9.819769	10.019041	3.786880	11.872104	14.275811	4.538516	168.631081	240.251914	26.259403	
286	9.164984	9.594069	3.660803	11.893569	14.305830	4.521134	169.388434	240.975674	26.066002	
287	8.723318	9.270381	3.581941	11.901536	14.324751	4.504254	169.708498	241.513823	25.871523	
288	8.597671	9.135838	3.612247	11.880656	14.330488	4.500184	170.236019	241.737740	25.811503	
289	8.750811	9.104109	3.659785	11.816335	14.324709	4.485278	170.097962	241.822974	25.691842	
290	8.729571	8.989774	3.661736	11.721445	14.296562	4.468282	165.606320	241.200080	25.502777	
291	8.527384	8.875915	3.676123	11.662401	14.252108	4.453592	165.277397	239.783144	25.361439	
292	8.264784	8.729253	3.663884	11.588361	14.204059	4.436617	163.128629	238.543455	25.216849	
293	8.103358	8.620967	3.616299	11.519000	14.151307	4.427230	162.109994	237.130486	25.123879	
294	7.917944	8.489906	3.537941	11.410711	14.063944	4.406295	159.448970	234.486421	24.926024	
295	7.750639	8.360466	3.460653	11.269072	13.900983	4.360503	156.142586	229.535043	24.457237	
296	7.666736	8.311710	3.378470	11.116186	13.710960	4.307666	152.715217	223.937877	23.900381	
297	7.256806	7.992756	3.222944	10.896240	13.450418	4.228103	147.607999	216.642523	23.161774	
298	6.771858	7.567995	3.032322	10.719731	13.227092	4.153402	143.882745	210.674165	22.505896	
299	6.477999	7.142433	2.924298	10.631724	13.174544	4.137814	141.928979	209.408370	22.380786	
300	6.621169	7.281996	2.987033	10.686772	13.270001	4.175097	144.913435	211.873849	22.741723	
301	6.859233	7.417051	3.075955	10.742350	13.367847	4.220249	144.364418	214.427839	23.171752	
302	7.086169	7.655793	3.163061	10.797364	13.431867	4.252115	145.358268	216.194020	23.485019	
303	7.383760	7.784983	3.245579	10.833474	13.492556	4.273004	147.301199	218.164941	23.682755	
304	7.493238	7.785081	3.306609	10.797249	13.532080	4.287578	145.632885	219.621715	23.831359	
305	7.527146	7.810671	3.355389	10.788001	13.561504	4.298335	145.666354	220.733975	23.967183	
306	7.474432	7.839297	3.369739	10.747113	13.555090	4.294787	145.017773	220.560507	23.962813	
307	7.567936	7.934696	3.400297	10.718062	13.545573	4.296887	144.289586	220.103241	23.995346	
308	7.709939	7.957020	3.440966	10.708842	13.527607	4.299354	143.827627	219.565815	24.033096	
309	7.780093	7.940458	3.474672	10.716408	13.502353	4.297865	144.356630	218.782329	24.033172	
310	7.703693	7.898990	3.473691	10.690159	13.471630	4.296986	143.295240	217.952164	24.046878	
311	7.545727	7.785660	3.455011	10.630376	13.424461	4.295982	141.766924	216.644318	24.056736	
312	7.392748	7.668337	3.427134	10.592288	13.372530	4.292514	140.846265	215.078085	24.045743	
313	7.406152	7.662195	3.414619	10.614051	13.368393	4.289906	141.176641	214.903493	24.022085	
314	7.419800	7.685225	3.399287	10.680011	13.386853	4.289938	142.710238	215.662958	24.022455	
315	7.409805	7.663705	3.390852	10.758302	13.431231	4.289061	144.452464	216.947523	23.973363	
316	7.412515	7.689206	3.366135	10.847090	13.496042	4.294571	146.428098	218.549356	23.964343	
317	7.416661	7.667738	3.342438	10.896454	13.551749	4.303639	147.452483	219.928340	23.992461	
318	7.355409	7.629155	3.306950	10.899181	13.564252	4.293953	147.310374	220.038512	23.888171	
319	7.259578	7.593133	3.262549	10.907981	13.556849	4.277208	147.410400	219.595802	23.701524	
320	7.296984	7.619907	3.250163	10.919047	13.575468	4.263323	147.563659	220.171400	23.540015	
321	7.384541	7.708842	3.269220	10.910293	13.599204	4.257160	147.209291	221.100685	23.469646	
322	7.518609	7.799364	3.289293	10.904653	13.624648	4.261621	147.308196	222.183601	23.513454	
323	7.669457	7.883267	3.331127	10.909696	13.648807	4.268418	147.679340	223.256879	23.571254	
324	7.860223	8.009475	3.385483	10.929175	13.667403	4.275811	148.713642	224.035953	23.634322	
325	8.025338	8.224926	3.447532	10.951500	13.674090	4.280764	149.151643	224.335578	23.684808	
326	8.281970	8.493158	3.484349	10.992482	13.714639	4.274741	150.255542	225.519017	23.622462	
327	8.397464	8.620723	3.494082	11.074405	13.855071	4.280073	152.544240	229.801236	23.674679	
328	8.491780	8.584095	3.518793	11.150658	14.053395	4.300685	154.705309	236.002396	23.864745	
329	8.419490	8.422965	3.549490	11.201463	14.224634	4.333141	156.818636	241.525495	24.180521	
330	8.505181	8.375896	3.606409	11.195175	14.289554	4.343424	156.585434	243.689877	24.275731	
331	8.633590	8.396931	3.680524	11.188483	14.308815	4.329997	156.285553	244.241266	24.123996	
332	8.816639	8.496808	3.725628	11.212150	14.229865	4.312820	156.258892	241.388357	23.919676	
333	8.836247	8.422682	3.717345	11.229972	14.111224	4.303407	156.300997	237.623833	23.818713	
334	8.675447	8.286315	3.709993	11.212485	14.027426	4.299584	156.076570	234.966147	23.793463	
335	8.435406	8.244964	3.703922	11.216663	14.043487	4.321624	156.427456	235.397087	24.052040	
336	8.406260	8.256698	3.700596	11.232760	14.087922	4.334282	157.255144	236.749504	24.201283	
337	8.158949	8.130528	3.706103	11.223870	14.081380	4.348104	157.364613	236.599219	24.327311	
338	8.206944	8.165181	3.723176	11.269313	14.152651	4.363406	158.161020	238.827107	24.456744	
339	8.434286	8.263954	3.746206	11.354077	14.212997	4.370750	160.165681	240.983108	24.515990	
340	8.504066	8.309667	3.740219	11.430685	14.289291	4.390017	162.016961	243.674666	24.666082	
341	8.438657	8.316775	3.713092	11.527587	14.327696	4.419747	164.553693	245.025852	24.950067	
342	8.512664	8.419366	3.693232	11.605545	14.360232	4.442009	165.911458	246.285700	25.198285	
343	8.456027	8.410882	3.627761	11.678353	14.330483	4.450160	167.436853	245.031636	25.313589	
344	8.040216	8.024506	3.455469	11.550728	14.134366	4.411883	163.903845	238.885242	24.969163	
345	7.723723	7.727815	3.355311	11.569233	14.084962	4.408449	164.170345	237.391818	24.951520	
346	7.445640	7.495224	3.256511	11.634711	14.074580	4.410725	166.227096	236.969599	24.993947	
347	7.077586	7.247156	3.150929	11.649006	14.035386	4.413120	166.161982	235.741779	25.044140	
348	6.725012	6.960085	3.042907	11.671013	14.059968	4.412664	166.461203	236.597923	25.067315	
349	6.491549	6.745963	2.944130	11.696385	14.023672	4.405565	167.001769	235.316196	25.006255	
350	6.359311	6.574947	2.875633	11.681979	13.966097	4.394419	166.206606	233.193641	24.883768	
351	6.232523	6.466822	2.833764	11.653457	13.901369	4.383447	165.135553	230.952384	24.759622	
352	6.125025	6.395315	2.812120	11.611453	13.856257	4.364615	164.133887	229.740851	24.597588	
353	6.031718	6.272775	2.797256	11.539678	13.751326	4.333639	162.394903	226.609916	24.334951	
354	5.995993	6.207909	2.792998	11.444285	13.676533	4.309473	159.930236	224.172429	24.133734	
355	5.990557	6.172480	2.808494	11.416418	13.706580	4.304134	159.528035	225.086477	24.067491	
356	6.106836	6.216897	2.823382	11.458057	13.789254	4.315776	160.601899	227.549860	24.155555	
357	6.251953	6.303698	2.867624	11.516459	13.928646	4.335543	162.659151	232.053392	24.341986	
358	6.432867	6.443471	2.917165	11.551713	14.002681	4.356631	163.704416	234.210295	24.518035	
359	6.595771	6.556197	2.997405	11.539485	14.014362	4.366783	163.706757	234.665680	24.585321	
360	6.719388	6.634523	3.068642	11.477671	14.034233	4.375368	162.242639	235.096962	24.652143	
361	6.824415	6.730342	3.142194	11.425353	14.048451	4.381867	160.900024	235.240996	24.688759	
362	6.976675	6.870805	3.215316	11.363651	14.034687	4.392655	159.500880	234.636990	24.782225	
363	7.166374	7.028745	3.291348	11.315182	14.023256	4.403216	158.473270	234.290224	24.915171	
364	7.269451	7.073181	3.371308	11.283893	14.025032	4.409444	157.930643	234.399919	25.008629	
365	7.437373	7.219860	3.470014	11.244188	13.999506	4.410072	157.068477	233.488196	25.032989	
366	7.487766	7.290054	3.559904	11.200138	13.980912	4.402615	155.957105	233.065967	24.941360	
367	7.468109	7.291141	3.626536	11.162178	13.936897	4.390422	155.214733	232.003033	24.800371	
368	7.363646	7.219988	3.670644	11.133072	13.918361	4.384472	154.663172	231.879091	24.711545	
369	7.273252	7.130507	3.686006	11.082938	13.869298	4.381971	153.336401	230.552580	24.651864	
370	7.155441	6.972052	3.693525	11.018859	13.819162	4.377398	151.646500	229.063081	24.587874	
371	7.001886	6.823465	3.699519	10.937464	13.741330	4.363723	149.598752	226.624728	24.451188	
372	6.988920	6.844266	3.730287	10.919911	13.732800	4.356554	149.245606	226.315994	24.355082	
373	7.089220	6.913925	3.776526	10.910842	13.717969	4.367980	148.922172	225.673894	24.433385	
374	7.278271	7.054511	3.825863	10.903124	13.736176	4.379336	148.705966	226.240908	24.521680	
375	7.498104	7.167445	3.879874	10.912228	13.778819	4.398434	149.119362	227.821996	24.699376	
376	7.484427	7.162899	3.929231	10.888547	13.778299	4.412338	148.954358	227.963037	24.841223	
377	7.517895	7.178322	3.986847	10.881752	13.783853	4.425945	149.019382	228.254712	24.996533	
378	7.571073	7.204711	4.038502	10.850956	13.775528	4.442619	148.491145	228.150091	25.183704	
379	7.596180	7.218294	4.103892	10.834562	13.768988	4.445878	148.325685	228.234164	25.242721	
380	7.601128	7.242692	4.112233	10.816120	13.732126	4.456692	147.806517	227.116161	25.394596	
381	7.624651	7.322272	4.147858	10.830896	13.727671	4.469878	148.107731	226.876835	25.567902	
382	7.652980	7.356536	4.187112	10.889463	13.750104	4.491303	149.516665	227.494851	25.832510	
383	7.646928	7.304788	4.226639	10.911764	13.748142	4.505766	149.916522	227.271761	26.041210	
384	7.718352	7.339673	4.263040	10.916634	13.724182	4.500595	149.887523	226.234549	26.018255	
385	7.742843	7.341870	4.265678	10.895113	13.688287	4.495262	148.934971	224.717583	26.002671	
386	7.866594	7.455545	4.250093	10.911275	13.713973	4.507925	148.936001	225.171058	26.161722	
387	7.900627	7.477778	4.251928	10.918626	13.726730	4.518443	149.062351	225.491991	26.286097	
388	7.864469	7.403449	4.275894	10.894753	13.698397	4.515490	148.374374	224.669260	26.225448	
389	7.977503	7.409829	4.284469	10.899689	13.672602	4.501851	148.257270	223.677320	26.058900	
390	8.057984	7.343809	4.278435	10.880391	13.631905	4.489975	147.803125	222.570111	25.916716	
391	8.031404	7.350608	4.259186	10.819979	13.592325	4.480288	146.455370	221.628117	25.814482	
392	8.031756	7.415558	4.258636	10.809887	13.574294	4.486349	146.167322	221.148785	25.888207	
393	8.054312	7.558444	4.310410	10.840412	13.602784	4.502014	146.962442	222.123382	26.068108	
394	7.882769	7.556839	4.313118	10.806213	13.588353	4.512878	146.461926	221.795508	26.170883	
395	7.893362	7.625360	4.365307	10.783641	13.595404	4.534612	146.412072	222.190477	26.431365	
396	7.947722	7.729124	4.370137	10.772798	13.604406	4.530002	146.732371	222.588903	26.479031	
397	8.064686	7.834224	4.387321	10.763473	13.574884	4.535576	146.333232	221.704095	26.589197	
398	8.037331	7.796668	4.430658	10.742850	13.525259	4.553410	146.117769	220.888517	26.800495	
399	7.842890	7.663729	4.424759	10.621424	13.431215	4.545779	143.760323	218.713634	26.797096	
400	7.658359	7.468544	4.460470	10.483987	13.299693	4.557323	140.486540	214.918848	26.998079	
401	7.577767	7.345059	4.488640	10.413003	13.233719	4.565481	138.569946	212.907232	27.204730	
402	7.643523	7.389649	4.501818	10.361686	13.157657	4.567129	137.264287	210.326126	27.278429	
403	7.885358	7.708195	4.620426	10.400964	13.181226	4.562169	138.440487	211.482055	27.297018	
404	7.790928	7.661723	4.587347	10.408033	13.202285	4.568248	138.955295	212.459099	27.480262	
405	7.452598	7.369154	4.604858	10.444574	13.254759	4.619625	140.564015	215.337565	28.155542	
406	7.416821	7.209856	4.578460	10.302052	13.044911	4.580063	136.457275	208.473689	27.876771	
407	6.986435	6.796203	4.509795	10.200232	12.930961	4.577360	134.658041	204.884799	27.912199	
408	6.639412	6.445151	4.460827	10.140366	12.891172	4.550844	133.546434	204.391095	27.624404	
409	6.510581	6.298978	4.378387	9.976696	12.698802	4.492607	129.050270	198.828201	26.967346	
410	6.462633	6.244327	4.276639	9.965549	12.646301	4.448503	129.541317	197.586890	26.517388	
411	6.318073	6.126329	4.218197	9.909982	12.590370	4.421386	128.107452	196.047642	26.213211	
412	6.362003	6.273569	4.147208	9.965826	12.638022	4.406123	129.175877	197.230734	25.974232	
413	6.084726	6.030608	4.104757	9.898141	12.579788	4.378529	127.086766	195.194534	25.613756	
414	5.924453	5.900471	4.031785	9.834367	12.555057	4.348728	126.143475	194.896286	25.281066	
415	5.990075	5.933070	3.970413	9.810790	12.525374	4.333505	125.138647	193.956549	25.120936	
416	5.800777	5.663207	3.954422	9.777251	12.498108	4.346256	124.883139	193.268616	25.306885	
417	5.704563	5.549011	3.909749	9.774581	12.516606	4.361892	124.705627	194.206932	25.504319	
418	5.536193	5.316527	3.854713	9.818670	12.558198	4.390206	126.438976	195.759211	25.818196	
419	5.592063	5.293316	3.932034	9.889408	12.593243	4.390082	128.687819	196.955308	25.796352	
420	5.732532	5.505970	4.009070	9.939229	12.674675	4.426976	129.362525	199.426596	26.164539	
421	5.837139	5.536631	4.132309	10.039115	12.786042	4.450343	132.298251	203.270574	26.475411	
422	5.908760	5.573630	4.242747	10.109007	12.872305	4.485296	134.497329	206.573596	26.864750	
423	5.857616	5.452604	4.331455	10.049966	12.744380	4.524312	132.999109	202.619887	27.373018	
424	5.785064	5.470558	4.365870	10.039906	12.727997	4.540553	133.320071	202.637130	27.634276	
425	5.711838	5.483831	4.329247	9.956664	12.667052	4.530087	131.258466	200.662164	27.537794	
426	5.718156	5.534849	4.276469	9.964352	12.626606	4.507878	131.900574	200.034393	27.376350	
427	5.611577	5.372196	4.261183	9.880684	12.581772	4.475949	129.633309	199.005098	27.024296	
428	5.441598	5.268930	4.261704	9.797165	12.502166	4.466283	126.699335	195.938722	26.837230	
429	5.198756	5.223451	4.232267	9.713225	12.495762	4.465365	124.581695	195.549938	26.833985	
430	5.173608	5.263831	4.117120	9.777691	12.591477	4.445134	126.240981	198.736850	26.583780	
431	5.029925	4.943823	4.035979	9.679636	12.417986	4.443986	122.797502	192.460266	26.545341	
432	5.415087	5.372223	4.124762	9.925273	12.688099	4.482788	129.817736	201.361378	26.935546	
433	5.143394	5.218374	4.203076	9.778572	12.589269	4.492817	125.638146	198.095143	27.083016	
434	5.101884	5.162390	4.252043	9.694113	12.543356	4.521835	123.414521	196.723032	27.472198	
435	5.168019	5.157006	4.264332	9.702872	12.583395	4.509067	123.382379	198.342887	27.340168	
436	4.930082	4.952042	4.243264	9.508790	12.367998	4.490457	118.334601	191.465913	27.125812	
437	4.738938	4.814229	4.133311	9.422179	12.270413	4.464274	117.022353	189.617437	26.919839	
438	4.688886	4.664583	4.096662	9.324539	12.154579	4.487045	114.641622	185.970780	27.230118	
439	4.564613	4.676282	4.069749	9.302375	12.163226	4.499982	113.915932	185.748714	27.432592	
440	4.475196	4.583182	4.078102	9.349368	12.197223	4.477536	115.606583	187.404326	27.316696	
441	4.343822	4.644709	4.171834	9.275594	12.237692	4.497980	113.415664	188.050331	27.580979	
442	4.615356	4.769282	4.157731	9.553282	12.442314	4.520768	119.648565	194.654894	27.844718	
443	4.493228	4.558476	4.062466	9.419873	12.277347	4.480734	117.542925	190.693153	27.323476	
444	4.407732	4.568386	4.016428	9.317195	12.262982	4.445687	114.616465	190.231800	26.908418	
445	4.291662	4.486765	4.030409	9.282169	12.179649	4.426991	114.059532	187.283281	26.673331	
446	4.117718	4.243629	3.999618	9.212800	12.132200	4.472956	112.918921	186.571069	27.231858	
447	4.228820	4.270854	3.998194	9.294754	12.151991	4.460051	115.184082	187.232372	27.080083	
448	4.301862	4.426742	4.090589	9.327868	12.197595	4.499734	115.783525	188.417219	27.548344	
449	4.259845	4.474487	4.018868	9.345348	12.308608	4.496076	115.302250	191.032204	27.513843	
450	4.528865	4.718728	4.080209	9.382571	12.326626	4.488998	114.979382	190.446640	27.372981	
451	4.491712	4.640431	4.071513	9.455690	12.364836	4.485021	117.331378	192.117972	27.447629	
452	4.512307	4.788404	4.050824	9.456096	12.445555	4.490105	117.212271	194.254667	27.494176	
453	4.520814	4.815038	4.108751	9.463336	12.348914	4.485015	117.404429	191.282065	27.447481	
454	4.494662	4.694373	4.152177	9.440866	12.370049	4.466758	117.285174	192.714919	27.215937	
455	4.442020	4.489395	4.170275	9.370193	12.292234	4.473220	115.834061	190.622493	27.267858	
456	4.506530	4.565501	4.216429	9.404776	12.298501	4.458429	116.205170	190.338383	27.055249	
457	4.534158	4.555287	4.240668	9.432734	12.318158	4.479638	117.068428	191.011209	27.374638	
458	4.436771	4.567839	4.201333	9.285808	12.227735	4.470085	113.274759	187.793853	27.274855	
459	4.287862	4.450746	4.127528	9.237903	12.109907	4.463461	112.465113	184.177799	27.204401	
460	4.178865	4.315912	4.079854	9.192870	12.121814	4.464977	111.218723	184.777844	27.166214	
461	4.283842	4.411241	4.093527	9.251927	12.188483	4.481239	112.337810	186.920453	27.316949	
462	4.085327	4.239883	4.074101	9.205323	12.164845	4.466078	111.746549	186.435001	27.159518	
463	4.119823	4.231100	4.044664	9.321533	12.256635	4.442804	114.962351	189.749328	26.949759	
464	4.245307	4.331751	4.008973	9.385649	12.293315	4.424500	116.062833	190.278515	26.780108	
465	4.334952	4.544878	4.008567	9.357742	12.261704	4.431301	115.312110	189.089256	26.896711	
466	4.345103	4.540823	4.004975	9.502487	12.382625	4.462704	118.530823	192.215392	27.190727	
467	4.231180	4.391481	3.968206	9.374741	12.212061	4.436303	116.084656	187.468481	26.927214	
468	4.313040	4.478990	4.001480	9.347741	12.238020	4.435908	114.247412	187.635543	26.875921	
469	4.385039	4.479906	4.018340	9.412475	12.358124	4.429250	115.441096	191.386563	26.690679	
470	4.468728	4.488782	4.067972	9.451502	12.350569	4.466410	116.645493	191.606682	27.061316	
471	4.439393	4.468038	4.020989	9.531455	12.392101	4.461009	118.574388	192.571202	27.012062	
472	4.398724	4.483192	3.989459	9.533938	12.410762	4.482822	118.590575	193.049847	27.434371	
473	4.246551	4.476655	3.936482	9.435710	12.368596	4.470995	116.444311	191.851940	27.368004	
474	4.223011	4.421084	3.918915	9.414064	12.332139	4.459204	116.158378	191.158430	27.174595	
475	4.096560	4.339989	3.983223	9.337564	12.292474	4.468102	114.990039	190.210412	27.280284	
476	4.052969	4.316074	3.982760	9.277387	12.250172	4.455857	113.477576	188.643005	27.123571	
477	4.087184	4.222932	3.865251	9.248768	12.143122	4.387343	113.024717	186.133161	26.397040	
478	3.940943	4.130675	3.780159	9.305916	12.184254	4.401431	114.201718	187.444569	26.485639	
479	4.206747	4.362649	3.900467	9.497506	12.310750	4.455008	118.623379	191.233659	27.164470	
480	4.204353	4.462982	3.883691	9.593102	12.512942	4.490905	120.312610	196.614406	27.520521	
481	4.088159	4.332385	3.854116	9.510161	12.422960	4.481850	117.991897	193.488557	27.425459	
482	4.065816	4.295006	3.781148	9.524638	12.443897	4.472319	118.713108	195.018091	27.351046	
483	4.130452	4.403009	3.754220	9.534759	12.481536	4.450567	118.575194	195.921715	27.062046	
484	3.873021	4.186608	3.722944	9.407519	12.356967	4.470791	116.302895	192.632636	27.310003	
485	3.767626	4.076407	3.700515	9.315855	12.253433	4.462906	113.699357	188.983221	27.290307	
486	3.918253	4.176749	3.654825	9.437223	12.349906	4.454695	116.769210	191.868106	27.068876	
487	3.680604	3.887796	3.651581	9.403197	12.324745	4.482234	116.422150	191.675012	27.419520	
488	3.638156	3.797664	3.571079	9.458700	12.358519	4.464746	117.906166	192.831931	27.294103	
489	3.542642	3.772975	3.489823	9.469546	12.453675	4.466885	117.721848	195.368761	27.301934	
490	3.446739	3.657560	3.407233	9.393931	12.342584	4.451001	115.877733	191.706800	27.042714	
491	3.270132	3.525723	3.293465	9.221994	12.188610	4.407975	111.838981	187.085530	26.536591	
492	3.219602	3.418313	3.204560	9.212764	12.176791	4.363959	111.958732	187.528492	26.153891	
493	3.180981	3.395618	3.145844	9.256005	12.145655	4.367480	113.288773	186.734624	26.164029	
494	3.139082	3.408174	3.115179	9.285855	12.206508	4.399774	113.761966	188.129275	26.471129	
495	3.252393	3.605133	3.242597	9.342654	12.269972	4.459938	114.924268	189.399680	27.103375	
496	3.316863	3.681454	3.318140	9.520699	12.552560	4.501016	118.961101	198.165927	27.637263	
497	3.320671	3.657414	3.321493	9.461233	12.437812	4.481769	117.950107	194.432479	27.435421	
498	3.340906	3.655586	3.243026	9.505894	12.466223	4.463191	118.983358	195.660262	27.213520	
499	3.295012	3.579430	3.249049	9.411263	12.362433	4.455823	116.984066	192.886251	27.200262	
500	3.280485	3.573814	3.293888	9.389753	12.376342	4.467478	116.216999	193.358928	27.339098	
501	3.347878	3.683433	3.354330	9.314084	12.297117	4.446464	114.548779	190.705545	27.115103	
502	3.241489	3.536300	3.265257	9.291827	12.273888	4.425850	114.678956	190.799236	26.984631	
503	3.283542	3.585156	3.303066	9.210807	12.165268	4.390664	112.713585	188.199118	26.596468	
504	3.202160	3.506511	3.304110	9.238974	12.230854	4.404440	113.014146	189.516787	26.679708	
505	3.318971	3.634859	3.461456	9.282623	12.310270	4.444770	113.575151	191.475542	27.155776	
506	3.400983	3.704619	3.533572	9.325966	12.345160	4.475719	114.686969	192.624317	27.552268	
507	3.451872	3.684888	3.554154	9.359503	12.356013	4.475706	115.546993	192.937074	27.414275	
508	3.553720	3.762150	3.609813	9.393922	12.378200	4.495394	116.116871	193.059481	27.545601	
509	3.660283	3.836240	3.736839	9.434474	12.445964	4.518223	116.741838	195.104718	27.857209	
510	3.565007	3.701504	3.671308	9.386155	12.385811	4.515314	115.850871	193.287925	27.859865	
511	3.475755	3.610091	3.628583	9.281398	12.286964	4.490901	112.827922	190.202776	27.651686	
512	3.529378	3.549950	3.600186	9.268471	12.267087	4.494083	112.347534	189.421199	27.717014	
513	3.551607	3.558017	3.575484	9.307212	12.255104	4.501137	113.402866	188.803280	27.809144	
514	3.393978	3.478908	3.534511	9.277608	12.242827	4.508016	112.870827	188.306679	27.867248	
515	3.410895	3.523565	3.504850	9.347933	12.345008	4.509412	114.201325	190.952472	27.776416	
516	3.370924	3.434706	3.438193	9.379015	12.312160	4.505560	115.210928	190.453736	27.779398	
517	3.320948	3.358299	3.403404	9.405780	12.277425	4.508726	116.539447	189.793348	27.933471	
518	3.334071	3.418792	3.390972	9.368070	12.257009	4.504864	115.668087	189.191134	27.753648	
519	3.294346	3.408134	3.385336	9.380135	12.302190	4.492626	116.157266	190.682409	27.605789	
520	3.278542	3.383089	3.355024	9.394377	12.298861	4.472652	116.513884	190.889971	27.490219	
521	3.231610	3.321981	3.333496	9.397072	12.283720	4.495915	116.950346	190.500040	27.791228	
522	3.201629	3.332865	3.316570	9.274266	12.158789	4.463704	113.739684	186.424980	27.360941	
523	3.177668	3.346958	3.302519	9.252456	12.139153	4.473901	112.585543	185.674733	27.500903	
524	3.152973	3.314863	3.223315	9.207202	12.107343	4.430696	111.308647	184.958172	27.055259	
525	3.128360	3.328213	3.216162	9.211075	12.103340	4.440030	111.220409	184.538964	27.112182	
526	3.181502	3.359771	3.282457	9.249295	12.122560	4.459157	112.419147	185.317251	27.312590	
527	3.280711	3.488594	3.364936	9.337178	12.241002	4.474872	114.162386	188.420830	27.489164	
528	3.240206	3.495031	3.354747	9.287118	12.191094	4.482450	112.994180	186.852920	27.644613	
529	3.168185	3.413846	3.257594	9.235514	12.126438	4.461015	111.714152	185.026306	27.426765	
530	3.130292	3.395510	3.216842	9.183262	12.106375	4.439284	110.611928	184.346981	27.171318	
531	3.076784	3.355898	3.183610	9.136721	12.051732	4.435381	109.353300	182.597315	27.094290	
532	3.066249	3.349792	3.173769	9.200180	12.129788	4.435330	110.525303	184.465793	27.096195	
533	3.097891	3.384712	3.173695	9.222022	12.166608	4.443768	111.194335	185.632375	27.212527	
534	3.224293	3.498995	3.220707	9.302545	12.213627	4.458276	112.780649	187.010111	27.312431	
535	3.291470	3.583413	3.231438	9.347423	12.244157	4.440108	113.933389	187.820063	27.062860	
536	3.306476	3.596005	3.239502	9.307065	12.196037	4.437004	113.066932	186.625721	27.003334	
537	3.337382	3.636459	3.302248	9.347920	12.229920	4.431708	114.054593	187.863471	26.956639	
538	3.386702	3.703475	3.377641	9.326066	12.182992	4.415118	113.801358	186.489620	26.729761	
539	3.492281	3.822741	3.508322	9.388979	12.255443	4.432341	115.441141	188.696355	26.923410	
540	3.559644	3.906872	3.592875	9.451646	12.365390	4.483226	116.668285	191.651201	27.483047	
541	3.572790	3.923805	3.579464	9.479818	12.389563	4.480383	117.225060	192.163378	27.491212	
542	3.521322	3.858626	3.519466	9.469519	12.362518	4.466962	116.991593	191.434955	27.352972	
543	3.491955	3.847470	3.475257	9.430003	12.296284	4.447173	116.284071	189.476718	27.111253	
544	3.484052	3.847703	3.507341	9.426581	12.269983	4.441463	116.396124	188.750646	27.042355	
545	3.472115	3.810584	3.521481	9.409942	12.245111	4.434716	116.154314	188.336655	26.989623	
546	3.492735	3.819344	3.546062	9.386939	12.232229	4.428030	115.544819	188.117761	26.975432	
547	3.529942	3.854794	3.559311	9.300345	12.149086	4.398137	113.653995	185.866162	26.682057	
548	3.424811	3.716914	3.450038	9.228089	12.073127	4.391107	111.827991	183.539925	26.585854	
549	3.372565	3.625127	3.388761	9.275538	12.114010	4.404503	112.789264	184.878486	26.706586	
550	3.364111	3.573172	3.370257	9.337908	12.191829	4.417243	114.562721	187.674027	26.881298	
551	3.371822	3.553776	3.372054	9.351357	12.226678	4.430923	114.664497	188.511456	27.031130	
552	3.392580	3.521130	3.385497	9.359632	12.226650	4.433473	114.731278	188.347841	27.032941	
553	3.400742	3.473940	3.343376	9.364042	12.196437	4.415504	114.809590	187.482791	26.813493	
554	3.403135	3.419126	3.291719	9.336513	12.152082	4.410379	113.880322	186.052232	26.783098	
555	3.349880	3.373798	3.213155	9.291855	12.113045	4.400204	112.469192	184.737263	26.662098	
556	3.279100	3.345035	3.173650	9.263076	12.115605	4.387126	111.852316	184.812086	26.526022	
557	3.206044	3.283024	3.125915	9.237125	12.100454	4.374236	111.650685	184.530990	26.354052	
558	3.116053	3.115785	3.026472	9.238741	12.034026	4.362444	111.860314	182.816862	26.193741	
559	3.124404	3.101150	3.006138	9.269809	12.074462	4.375297	112.356983	183.840387	26.303427	
560	3.192357	3.138620	3.040267	9.375622	12.160188	4.411428	114.676359	186.095075	26.674574	
561	3.220443	3.168270	3.074894	9.378526	12.142107	4.414468	114.825077	185.580290	26.744964	
562	3.194327	3.180205	3.078455	9.372937	12.155701	4.404577	114.743518	185.905546	26.609438	
563	3.114654	3.067287	3.029006	9.273071	12.054554	4.405872	112.283886	182.709914	26.672841	
564	3.161709	3.056293	3.040667	9.273681	12.037908	4.392654	112.299991	182.253729	26.565250	
565	3.134536	3.069841	3.031172	9.308118	12.049827	4.398998	113.270233	182.636369	26.651529	
566	3.147115	3.128036	3.057322	9.376861	12.174573	4.448864	114.455866	185.861701	27.098699	
567	3.164903	3.123993	3.125774	9.396994	12.202892	4.469972	114.689141	186.431986	27.338689	
568	3.171617	3.115096	3.187318	9.374819	12.188036	4.458447	114.155601	186.133310	27.157581	
569	3.143712	3.161520	3.210081	9.312958	12.126929	4.424315	113.032789	184.653223	26.749185	
570	3.157127	3.213739	3.198024	9.258049	12.090948	4.407233	111.476244	183.536747	26.558036	
571	3.249407	3.291439	3.211582	9.264297	12.085645	4.400981	111.167267	182.991668	26.513261	
572	3.224089	3.283482	3.188569	9.219169	12.038676	4.397023	110.051870	181.479096	26.492718	
573	3.230789	3.327831	3.204396	9.215022	12.048079	4.399514	109.968304	181.601393	26.489193	
574	3.191092	3.294125	3.202195	9.197558	12.021243	4.395985	109.644328	181.032449	26.429897	
575	3.165177	3.268852	3.183991	9.217548	12.051537	4.400161	110.213670	182.241494	26.482652	
576	3.152067	3.232194	3.171886	9.206535	12.039685	4.419612	109.892342	181.697185	26.761432	
577	3.124289	3.198764	3.174026	9.233444	12.067317	4.433954	110.692067	182.804504	26.924676	
578	3.117482	3.248572	3.196558	9.258128	12.100302	4.433804	111.425594	183.975147	26.903692	
579	3.090523	3.292486	3.234754	9.224901	12.076874	4.434205	110.995487	183.429024	26.958640	
580	3.096245	3.321400	3.243890	9.198293	12.080171	4.416253	110.235832	183.432806	26.786346	
581	3.083591	3.335468	3.252247	9.170057	12.070014	4.421702	109.587535	182.955503	26.885467	
582	3.130951	3.352682	3.262624	9.187398	12.083174	4.440881	109.900558	183.213334	27.085803	
583	3.157906	3.358948	3.271183	9.208445	12.110650	4.451584	110.367974	184.063517	27.194379	
584	3.201384	3.383904	3.286515	9.274722	12.185318	4.473451	111.841107	186.163197	27.393487	
585	3.181118	3.387491	3.246138	9.270423	12.171282	4.470655	111.882947	185.796898	27.400602	
586	3.163627	3.367070	3.191557	9.233927	12.134442	4.441645	110.988453	184.676256	27.051315	
587	3.200209	3.357771	3.216687	9.247845	12.139932	4.440447	111.191342	184.787258	27.010043	
588	3.195853	3.293773	3.259484	9.259622	12.142225	4.447506	111.590237	185.360783	27.075413	
589	3.180066	3.263588	3.274009	9.233790	12.086303	4.446868	111.152947	183.781135	27.146554	
590	3.158894	3.280373	3.276909	9.233320	12.104271	4.446952	111.124373	184.415813	27.151431	
591	3.127163	3.238188	3.273757	9.222789	12.078030	4.438194	111.135645	184.040855	27.067484	
592	3.162450	3.284786	3.274060	9.222363	12.074845	4.426423	111.126885	183.875798	26.918674	
593	3.225444	3.338281	3.303224	9.245565	12.115869	4.443745	111.569032	185.025600	27.140094	
594	3.260701	3.347405	3.322788	9.222473	12.081135	4.439621	110.845687	183.948175	27.124394	
595	3.257053	3.307171	3.288406	9.228826	12.066695	4.432933	111.002804	183.317896	27.035311	
596	3.275843	3.264016	3.326130	9.281149	12.119186	4.447698	112.062224	184.900835	27.187310	
597	3.275950	3.257561	3.346695	9.298508	12.158371	4.462785	112.675551	186.119471	27.426379	
598	3.259172	3.281511	3.341479	9.308783	12.175365	4.442337	113.050355	186.826448	27.200277	
599	3.210757	3.328546	3.347487	9.238924	12.105568	4.436120	111.679065	184.825382	27.141709	
