####### LIGHTCURVES AND MEAN ENERGIES
####### 3 NEUTRINO SPECIES: NU_E, NUBAR_E AND N_X
####### ALL QUANTITIES ARE MEASURED AT 500 KM FROM THE CENTER
#######
####### FROM MODEL L1-0 (BUGLI ET AL. 2020,2021)
####### B0=1e12 G, l=1, r0=1.00e8 cm
####### UNITS: TIME [s], LUMINOSITY [erg/s], ENERGY [MeV]
# TIME	L_NU_E     	L_NU_BAR   	L_NU_X     	E_NU_E     	E_NU_BAR  	E_NU_X      	E2_NU_E    	E2_NU_BAR 	E2_NU_X
0.001 1.5853256e+53 3e+47 2.2e+47 11.023773 6.062581 0.860161 139.180479 48.812448 0.921498
0.002 1.2357495e+53 6.930999999999999e+49 2.744e+49 11.435856 6.665284 1.461358 148.458496 54.311927 2.874029
0.003 2.8723888e+53 4.26087e+51 5.09687e+51 12.930917 12.816534 3.918802 192.673633 189.163942 18.106767
0.004 7.3818808000000005e+53 4.15636e+51 8.85829e+51 14.718278 12.820388 5.755415 244.994317 191.578659 46.221154
0.005 5.5102412999999995e+53 4.73443e+51 7.49297e+51 13.404407 11.622304 5.984997 204.396845 155.598696 54.6447
0.006 5.5569926e+53 6.27145e+51 6.88479e+51 13.013652 11.465347 5.38565 191.009412 151.169858 43.509636
0.007 4.8828389999999996e+53 6.92563e+51 7.21553e+51 12.362513 11.271574 4.806533 173.543194 145.929553 32.42063
0.008 5.0030178e+53 7.20593e+51 9.43139e+51 12.008775 11.018621 4.458975 163.538947 139.426109 25.938383
0.009 5.0565413e+53 6.58931e+51 1.1697409999999999e+52 11.723192 10.598975 4.276923 156.120669 129.205687 23.132749
0.01 4.5800832e+53 6.135119999999999e+51 1.239392e+52 11.468723 10.383417 4.212699 150.667481 124.048556 22.373725
0.011 4.173893300000001e+53 6.18524e+51 1.1638409999999998e+52 11.118311 10.412954 4.177118 142.106978 125.261812 22.028886
0.012 3.2407583000000004e+53 6.46203e+51 1.0187049999999999e+52 10.717318 10.794994 4.13616 132.309829 133.545897 21.68795
0.013 2.3583618e+53 6.627910000000001e+51 9.49424e+51 10.284929 11.004367 4.121055 122.106221 138.307604 21.416503
0.014 1.9015526e+53 6.90549e+51 8.79294e+51 9.837126 11.177017 4.154533 110.284934 143.066281 21.860875
0.015 9.959837e+52 6.8932e+51 7.56865e+51 9.629543 10.706465 4.091452 108.672189 132.743314 21.553551
0.016 7.870286e+52 7.855609999999999e+51 7.31616e+51 8.851747 10.323275 3.908747 93.039202 123.988103 20.070704
0.017 6.878428000000001e+52 1.054978e+52 8.96259e+51 8.423823 10.323513 3.782006 84.481121 124.256162 18.652224
0.018 6.262944000000001e+52 1.2873639999999998e+52 1.156331e+52 8.121156 10.445841 3.759884 78.752061 127.440515 18.266305
0.019 6.400623999999999e+52 1.52707e+52 1.4734929999999998e+52 8.052101 10.520304 3.871794 77.747079 130.439503 19.17169
0.02 6.991068000000001e+52 1.662149e+52 1.679749e+52 8.307457 10.798079 3.934361 83.395323 136.906684 19.832643
0.021 6.960758000000001e+52 1.585293e+52 1.6901230000000001e+52 8.773514 11.013783 3.969477 92.392256 141.831401 20.290498
0.022 5.71304e+52 1.424894e+52 1.585318e+52 8.879535 10.829985 3.917249 95.529817 138.872174 20.16409
0.023 4.120164e+52 1.386347e+52 1.595042e+52 9.241413 10.852102 3.941179 104.737601 139.546265 20.35971
0.024 3.691462e+52 1.3061499999999998e+52 1.5587470000000002e+52 8.854552 10.578443 3.942217 96.561362 133.746415 20.552734
0.025 4.1652060000000005e+52 1.3952979999999998e+52 1.733909e+52 9.059797 10.691275 3.988422 101.254566 136.477421 20.819244
0.026 4.055809e+52 1.505273e+52 1.766349e+52 8.484766 10.759367 3.860984 88.556757 136.860489 19.557762
0.027 4.440245e+52 1.407198e+52 1.897829e+52 8.392553 10.577359 3.78243 85.927702 131.372567 18.564436
0.028 4.672407e+52 1.452382e+52 2.0489860000000003e+52 8.37431 10.580455 3.765707 85.409905 130.793972 18.279244
0.029 4.807121000000001e+52 1.39334e+52 2.205719e+52 8.194259 10.583193 3.798163 81.827775 129.642686 18.384581
0.03 5.345214999999999e+52 1.3721460000000002e+52 2.340567e+52 7.93819 10.769088 3.859074 76.034065 134.270851 18.782548
0.031 6.609229e+52 1.341015e+52 2.512362e+52 7.947556 10.597706 3.967765 76.937025 131.384243 19.696733
0.032 7.121125e+52 1.238489e+52 2.28117e+52 7.811902 10.647874 3.981838 74.785635 134.050261 19.830816
0.033 7.67092e+52 1.410191e+52 2.47422e+52 7.5682 10.75642 3.979396 70.469765 137.607532 19.580519
0.034 8.147792000000001e+52 1.5408219999999998e+52 2.68583e+52 7.41948 10.97326 4.025811 67.529711 143.410673 19.918916
0.035 7.967534999999999e+52 1.4282859999999999e+52 2.4470079999999997e+52 7.261423 10.678454 4.053793 65.114071 137.577414 20.285263
0.036 7.878699e+52 1.578721e+52 2.4031060000000003e+52 7.148483 10.444684 4.005488 63.323505 131.198762 20.001623
0.037 7.702009e+52 1.976202e+52 2.558582e+52 7.301156 10.499002 3.970724 65.398888 131.08317 19.672523
0.038 7.864298e+52 2.507175e+52 2.769879e+52 7.624196 10.628132 3.901294 69.541213 132.996005 18.969913
0.039 7.835461e+52 3.22568e+52 2.915197e+52 7.923154 10.918296 3.808402 72.951599 139.101813 18.145117
0.04 7.322099e+52 4.1739389999999997e+52 3.0991309999999996e+52 8.000543 11.276119 3.747091 76.041772 147.552275 17.529243
0.041 6.800811e+52 5.371136e+52 3.34188e+52 7.839701 11.500432 3.686646 74.463694 152.724954 16.979719
0.042 6.460291e+52 5.50917e+52 3.363002e+52 7.613239 11.401114 3.630565 70.446594 150.717006 16.459741
0.043 6.057387e+52 5.167295e+52 3.257435e+52 7.39612 11.055365 3.558846 67.083069 143.398949 15.941731
0.044 4.753788e+52 4.036663e+52 2.659908e+52 6.908126 10.272342 3.356439 59.691215 126.069524 14.4056
0.045 4.149519e+52 3.646322e+52 2.4530490000000003e+52 6.810663 10.097535 3.318723 58.626257 122.512946 14.172623
0.046 4.0806570000000004e+52 3.847896e+52 2.633392e+52 7.021617 10.52947 3.453972 61.283268 131.983077 15.253482
0.047 3.75403e+52 3.800608e+52 2.557924e+52 6.864147 10.543356 3.446571 58.41813 131.973186 15.191043
0.048 3.9727980000000003e+52 3.99082e+52 2.738606e+52 7.119522 10.912963 3.569295 62.083852 140.399155 16.194364
0.049 4.0565110000000004e+52 4.0992569999999997e+52 2.841583e+52 7.106999 10.886531 3.581499 61.898113 139.713958 16.3149
0.05 3.937322e+52 4.1933350000000004e+52 2.868308e+52 6.994986 10.868557 3.565485 60.402782 139.310252 16.158035
0.051 3.975031e+52 4.173278e+52 2.790095e+52 6.990189 10.833086 3.54132 60.536054 138.693884 15.985675
0.052 3.807286e+52 4.000732e+52 2.582761e+52 6.861421 10.601204 3.446357 58.837631 133.554378 15.266748
0.053 3.593153e+52 3.917492e+52 2.483891e+52 6.877544 10.550669 3.429996 59.311571 132.722542 15.180173
0.054 3.586228e+52 3.844943e+52 2.379073e+52 6.795505 10.418915 3.373076 58.192056 129.675988 14.707186
0.055 3.476326e+52 3.5572789999999996e+52 2.1429109999999998e+52 6.706125 10.132844 3.263906 56.546217 123.239443 13.871583
0.056 3.8330129999999995e+52 3.516833e+52 2.0451e+52 6.830013 10.09268 3.219833 58.217482 122.320492 13.510005
0.057 4.0812759999999997e+52 3.470526e+52 1.9839059999999998e+52 6.881576 9.920942 3.144223 59.440741 118.196552 12.910573
0.058 4.4800700000000006e+52 3.53525e+52 1.995686e+52 6.980562 9.84534 3.118813 61.331274 116.55333 12.690096
0.059 4.526587e+52 3.684629e+52 2.0525859999999998e+52 6.927677 9.871575 3.127475 60.597334 117.224951 12.764424
0.06 4.821052e+52 3.866245e+52 2.1669019999999998e+52 7.033367 9.958067 3.174714 61.948 119.347568 13.116596
0.061 4.999562e+52 4.1134449999999994e+52 2.339754e+52 7.14294 10.132165 3.255661 63.984424 123.037924 13.720418
0.062 5.597072e+52 4.212808e+52 2.464442e+52 7.457595 10.238613 3.322897 68.553149 125.306727 14.256793
0.063 5.683534e+52 4.5633290000000003e+52 2.671905e+52 7.420728 10.273985 3.355349 68.414685 126.036013 14.504696
0.064 5.896154e+52 4.988414e+52 2.879052e+52 7.307129 10.40131 3.394897 66.376072 128.982046 14.817005
0.065 6.246709e+52 5.331937e+52 3.0076610000000004e+52 7.366231 10.527973 3.432077 67.094816 131.846349 15.084394
0.066 6.203288e+52 5.399132e+52 2.98267e+52 7.429148 10.523695 3.435268 68.153177 131.853298 15.13251
0.067 5.839729e+52 5.396200000000001e+52 2.913465e+52 7.263379 10.49395 3.416037 65.555258 131.199516 14.944521
0.068 5.563729e+52 5.415113e+52 2.8616310000000003e+52 7.14464 10.398496 3.378694 63.676345 129.015848 14.609989
0.069 5.494312e+52 5.620466000000001e+52 2.965206e+52 7.143279 10.448821 3.389561 63.62172 130.302012 14.676025
0.07 5.508217000000001e+52 5.811641e+52 3.076994e+52 7.210295 10.583772 3.430963 64.777994 133.408683 15.000548
0.071 5.569442999999999e+52 5.960283999999999e+52 3.218706e+52 7.309914 10.704335 3.474773 66.341261 136.369987 15.371089
0.072 5.665554000000001e+52 6.196614e+52 3.3832589999999997e+52 7.338352 10.785159 3.515702 66.874829 138.450019 15.733948
0.073 5.766685e+52 6.372402e+52 3.531303e+52 7.32883 10.839357 3.553987 66.623134 139.979958 16.076825
0.074 5.719207e+52 6.500376e+52 3.648491e+52 7.263179 10.818415 3.566182 65.578983 139.686291 16.198636
0.075 5.658017e+52 6.540628e+52 3.7192919999999996e+52 7.194389 10.776164 3.563716 64.492675 138.881844 16.21007
0.076 5.652150999999999e+52 6.539414e+52 3.759026e+52 7.205043 10.813904 3.578343 64.642072 139.938058 16.381266
0.077 5.531322e+52 6.565496000000001e+52 3.776363e+52 7.200583 10.869042 3.587331 64.616332 141.266933 16.511358
0.078 5.389291e+52 6.636223e+52 3.788037e+52 7.198625 10.863897 3.572691 64.711878 141.227696 16.445422
0.079 5.281077999999999e+52 6.781029e+52 3.8256429999999997e+52 7.174052 10.879761 3.560366 64.411364 141.62529 16.36169
0.08 5.19787e+52 6.757520000000001e+52 3.798517e+52 7.163944 10.842043 3.538766 64.324316 140.898112 16.196872
0.081 5.240312000000001e+52 6.741144e+52 3.783606e+52 7.16003 10.801336 3.523749 64.367254 139.880943 16.047974
0.082 5.166781e+52 6.763538e+52 3.804541e+52 7.145104 10.724597 3.518655 64.314215 138.087653 15.984293
0.083 5.44925e+52 6.949955e+52 3.897356e+52 7.149287 10.708744 3.528694 64.400309 137.700114 16.011679
0.084 5.628631000000001e+52 7.086387e+52 3.952757e+52 7.195958 10.700844 3.540466 65.252298 137.57408 16.086558
0.085 5.774593e+52 7.18938e+52 3.981962e+52 7.229195 10.726781 3.557418 65.828341 138.162078 16.208335
0.086 5.853418999999999e+52 7.210408e+52 3.982263e+52 7.276846 10.764746 3.581012 66.591617 139.054852 16.408027
0.087 5.926417e+52 7.214723e+52 4.0022919999999997e+52 7.34295 10.814819 3.60707 67.656008 140.2854 16.651229
0.088 6.047114e+52 7.313387e+52 4.075749e+52 7.402759 10.899469 3.63728 68.64753 142.232767 16.923523
0.089 6.026589e+52 7.318853e+52 4.072978e+52 7.434444 10.929911 3.637783 69.303429 142.802274 16.937277
0.09 5.976493e+52 7.418975e+52 4.1183439999999997e+52 7.425951 11.00019 3.652398 69.312101 144.47113 17.035673
0.091 5.924497999999999e+52 7.475169000000001e+52 4.166157e+52 7.415189 11.002986 3.650983 69.203198 144.551003 17.010003
0.092 6.137152e+52 7.610082e+52 4.2578839999999996e+52 7.43211 11.103281 3.680075 69.468371 147.098251 17.234255
0.093 5.949968000000001e+52 7.676414000000001e+52 4.264616e+52 7.418152 11.030583 3.677381 69.488747 145.227216 17.249509
0.094 6.320098e+52 7.745633e+52 4.2950419999999995e+52 7.456134 11.070982 3.680375 70.011554 146.354043 17.281932
0.095 6.178715999999999e+52 8.04518e+52 4.363899e+52 7.437836 11.013354 3.673909 69.954181 144.960851 17.23389
0.096 6.575013e+52 8.192532999999999e+52 4.4095319999999995e+52 7.47969 11.055512 3.680327 70.482474 146.208487 17.286239
0.097 6.431104e+52 8.208831e+52 4.3615079999999996e+52 7.491221 11.065405 3.682746 70.800701 146.555617 17.338855
0.098 6.449827e+52 8.282452e+52 4.390769e+52 7.528699 11.101648 3.684623 71.363827 147.649806 17.366825
0.099 6.620429999999999e+52 8.484436e+52 4.4799939999999995e+52 7.565332 11.154748 3.690314 72.082661 149.072165 17.418903
0.1 6.816523e+52 8.543936000000001e+52 4.5309809999999997e+52 7.592201 11.166535 3.695401 72.51106 149.328156 17.44008
0.101 7.024639e+52 8.415851999999999e+52 4.5680399999999997e+52 7.636969 11.162693 3.699106 73.126025 149.388184 17.466648
0.102 7.045416e+52 8.548958000000001e+52 4.65118e+52 7.596055 11.121852 3.705735 72.617778 148.077888 17.497966
0.103 7.479463e+52 8.604454e+52 4.7465719999999995e+52 7.651728 11.141116 3.729005 73.351893 148.589401 17.710287
0.104 7.549399e+52 8.681977e+52 4.814414e+52 7.672856 11.161511 3.751964 73.689224 149.073585 17.941935
0.105 7.675328e+52 8.740959999999999e+52 4.827384e+52 7.716378 11.193206 3.769258 74.460694 149.956102 18.140297
0.106 7.75047e+52 8.858938e+52 4.821033e+52 7.754422 11.245078 3.778324 75.171637 151.313385 18.235513
0.107 7.659932e+52 8.917987e+52 4.808826e+52 7.741796 11.247282 3.76206 74.988158 151.293382 18.081736
0.108 7.731481e+52 8.966181999999999e+52 4.820221e+52 7.754384 11.29284 3.761484 75.323342 152.587991 18.081609
0.109 7.565731999999999e+52 9.014054e+52 4.808239e+52 7.715155 11.218209 3.742271 74.785667 150.641063 17.930916
0.11 7.817509e+52 9.066146e+52 4.943007e+52 7.72185 11.262096 3.747937 74.729809 152.015112 17.976373
0.111 7.631579e+52 9.186074e+52 4.948855e+52 7.67205 11.218257 3.751669 74.097054 150.581919 18.004305
0.112 7.819685e+52 8.985934999999999e+52 4.900657e+52 7.723146 11.24004 3.76405 74.701219 151.264823 18.122359
0.113 7.583881e+52 8.869668e+52 4.873274999999999e+52 7.718927 11.232818 3.763907 74.729216 151.243497 18.12887
0.114 7.744655e+52 9.111563e+52 4.94506e+52 7.726326 11.270881 3.781362 74.923209 152.031335 18.248433
0.115 7.788814e+52 9.07875e+52 4.942517999999999e+52 7.784395 11.278386 3.794029 75.936825 152.555282 18.391037
0.116 7.751237e+52 9.328435000000001e+52 5.039389e+52 7.778302 11.288382 3.794475 75.966943 152.91578 18.419091
0.117 7.933728000000001e+52 9.564439e+52 5.17534e+52 7.819586 11.31484 3.806669 76.796212 153.780034 18.544935
0.118 7.920669e+52 9.477677999999999e+52 5.142722e+52 7.815424 11.278911 3.813285 76.849128 153.01721 18.645979
0.119 7.746673e+52 9.376369999999999e+52 5.128922e+52 7.816617 11.253023 3.799068 76.868414 152.607583 18.542128
0.12 7.851712e+52 9.620108e+52 5.184197e+52 7.819461 11.285282 3.796838 77.023479 153.295359 18.497737
0.121 8.001476999999999e+52 9.649447e+52 5.159396e+52 7.84946 11.330819 3.812407 77.537701 154.286329 18.620049
0.122 7.768729999999999e+52 9.531257e+52 5.136015e+52 7.882763 11.322832 3.817589 78.292493 154.179725 18.682565
0.123 8.083287e+52 9.812422e+52 5.258648e+52 7.934016 11.397558 3.838151 79.163486 155.970422 18.86062
0.124 8.145038e+52 9.858172e+52 5.295333e+52 7.95221 11.425275 3.85396 79.434217 156.753958 19.023444
0.125 8.059322999999999e+52 9.82271e+52 5.254613e+52 7.965507 11.425488 3.859901 79.716883 156.859888 19.11037
0.126 8.130248e+52 9.914192e+52 5.227839000000001e+52 7.99316 11.443872 3.858656 80.165788 157.332398 19.088602
0.127 8.215185999999999e+52 1.0070589e+53 5.259383999999999e+52 8.019985 11.474261 3.880507 80.69898 158.25687 19.316289
0.128 8.152322e+52 9.977623e+52 5.122091e+52 8.039266 11.485603 3.88507 81.067819 158.571009 19.3899
0.129 8.141353000000001e+52 9.917989000000001e+52 5.029926e+52 8.065599 11.491033 3.885539 81.611335 158.73773 19.409641
0.13 8.163223e+52 9.920077e+52 4.991113999999999e+52 8.099599 11.504722 3.882181 82.311832 159.072606 19.374907
0.131 8.317638e+52 1.006649e+53 4.995079999999999e+52 8.115158 11.495438 3.871245 82.614699 158.719312 19.260869
0.132 8.367993e+52 1.0043619e+53 4.969244e+52 8.103319 11.459526 3.854991 82.381479 157.787908 19.113397
0.133 8.346937e+52 9.955217e+52 4.902355e+52 8.079798 11.421671 3.829273 81.987951 156.795811 18.873086
0.134 8.323430999999999e+52 9.859261e+52 4.85591e+52 8.064431 11.400013 3.810006 81.757857 156.260132 18.680075
0.135 8.37133e+52 9.840642e+52 4.843839e+52 8.070381 11.398204 3.811694 81.864284 156.268944 18.688312
0.136 8.37877e+52 9.731153000000002e+52 4.818669e+52 8.075104 11.405799 3.813739 81.935182 156.643389 18.703286
0.137 8.376208999999999e+52 9.698897e+52 4.833939e+52 8.059849 11.384736 3.813049 81.668395 156.272942 18.706386
0.138 8.394664e+52 9.657234e+52 4.829806e+52 8.04741 11.375533 3.808758 81.465822 156.240069 18.691512
0.139 8.493107e+52 9.771903999999998e+52 4.835810999999999e+52 8.04937 11.362925 3.799507 81.590523 155.960939 18.625983
0.14 8.581932e+52 9.838572e+52 4.834201000000001e+52 8.037747 11.318441 3.778615 81.431558 154.890612 18.452894
0.141 8.656009e+52 9.9712e+52 4.86116e+52 8.042737 11.301901 3.768828 81.579545 154.440222 18.373553
0.142 8.591113999999999e+52 9.959881e+52 4.857568e+52 8.060902 11.31584 3.771864 81.976304 154.777939 18.407313
0.143 8.4504e+52 9.812151e+52 4.802133000000001e+52 8.065087 11.321243 3.780763 82.079441 154.849515 18.471018
0.144 8.307553e+52 9.687464999999999e+52 4.73413e+52 8.050104 11.304351 3.782372 81.817973 154.353471 18.471304
0.145 8.234755e+52 9.641868e+52 4.719979e+52 8.030045 11.281523 3.778343 81.45458 153.720257 18.427006
0.146 8.273366e+52 9.739369e+52 4.74663e+52 8.010502 11.252919 3.777529 81.150789 152.946719 18.415764
0.147 8.318652999999999e+52 9.798949e+52 4.750943e+52 8.008082 11.251181 3.778292 81.143822 152.850526 18.412519
0.148 8.288404999999999e+52 9.891775000000002e+52 4.7628389999999996e+52 7.995017 11.24885 3.77512 80.976893 152.845673 18.387525
0.149 8.361022e+52 1.0044935e+53 4.790917999999999e+52 8.008185 11.296345 3.777526 81.277965 154.062432 18.412167
0.15 8.605532999999999e+52 1.0199401e+53 4.878001000000001e+52 8.045813 11.362516 3.790608 81.92908 155.90864 18.53015
0.151 8.714034e+52 1.0093048e+53 4.908017e+52 8.044185 11.370677 3.79673 81.840004 156.490979 18.617148
0.152 8.746292000000001e+52 1.0062391e+53 4.966742e+52 8.055404 11.385054 3.807136 82.034764 157.043844 18.73745
0.153 8.912788000000001e+52 1.0154987e+53 5.02041e+52 8.112988 11.42741 3.836355 83.036219 158.135275 19.005425
0.154 9.049785999999999e+52 1.0177988e+53 5.005874e+52 8.126635 11.397416 3.834212 83.210835 157.364193 18.999982
0.155 8.956035999999999e+52 1.0017586e+53 4.927273999999999e+52 8.11099 11.306609 3.81751 82.919002 155.195799 18.891742
0.156 9.119234e+52 1.0195366e+53 4.96223e+52 8.130622 11.323626 3.808937 83.361392 155.509977 18.841795
0.157 8.936157e+52 1.0120124e+53 4.939565e+52 8.115617 11.293759 3.806016 83.185459 154.681793 18.819353
0.158 8.885975999999999e+52 1.0079439e+53 4.927559e+52 8.143122 11.306655 3.804161 83.727697 154.985892 18.805514
0.159 8.88865e+52 1.0278171e+53 4.99291e+52 8.1527 11.326595 3.808863 84.0225 155.312542 18.82746
0.16 9.240999000000001e+52 1.0493115e+53 5.107005e+52 8.197428 11.386267 3.822251 84.739033 156.937949 18.936797
0.161 9.329860999999999e+52 1.0672176e+53 5.246282e+52 8.234869 11.471753 3.848753 85.494203 159.209485 19.164098
0.162 9.454653000000001e+52 1.0856979000000002e+53 5.369038e+52 8.261607 11.531199 3.867392 86.060238 160.790474 19.316766
0.163 9.507754e+52 1.0913327e+53 5.419539000000001e+52 8.260576 11.53473 3.865957 86.133251 161.017343 19.28955
0.164 9.644503e+52 1.1157175e+53 5.546126e+52 8.262716 11.549032 3.873138 86.279658 161.370412 19.332021
0.165 9.627807e+52 1.1046388e+53 5.557773e+52 8.254251 11.518337 3.868203 86.154021 160.729284 19.299221
0.166 9.472227e+52 1.0894259e+53 5.500426e+52 8.189208 11.434196 3.856265 85.06139 158.651548 19.20891
0.167 9.365693999999999e+52 1.0761307e+53 5.405993e+52 8.151318 11.402122 3.846787 84.313701 157.865734 19.144908
0.168 9.387893e+52 1.0822596000000002e+53 5.356656e+52 8.141858 11.386191 3.838396 84.212525 157.280226 19.081582
0.169 9.403516e+52 1.0863321e+53 5.341076e+52 8.159205 11.378111 3.825204 84.629491 157.14328 18.975381
0.17 9.404247e+52 1.0930773e+53 5.359687e+52 8.216129 11.459144 3.852596 85.766978 159.284704 19.205186
0.171 9.421569e+52 1.0937843e+53 5.407056e+52 8.260476 11.538783 3.890716 86.649521 161.350639 19.554229
0.172 9.390753999999999e+52 1.0927590999999999e+53 5.418385e+52 8.250104 11.525023 3.894672 86.451998 160.988627 19.611541
0.173 9.402077000000001e+52 1.0981543999999999e+53 5.448134999999999e+52 8.217177 11.493992 3.88155 85.807911 160.130959 19.510942
0.174 9.294896e+52 1.0843584e+53 5.397573000000001e+52 8.209397 11.478896 3.864558 85.565386 159.784817 19.351598
0.175 9.206778e+52 1.0675523e+53 5.327992e+52 8.206585 11.477777 3.854358 85.482579 159.802914 19.259157
0.176 9.100898000000001e+52 1.0483912e+53 5.273666e+52 8.182091 11.442364 3.836295 85.032136 159.087401 19.106541
0.177 9.039650999999999e+52 1.03951e+53 5.212756e+52 8.118001 11.332616 3.79699 83.796482 156.296931 18.747487
0.178 9.096618e+52 1.0493848e+53 5.237691e+52 8.117873 11.321847 3.787618 83.881676 155.998399 18.638483
0.179 9.319862999999999e+52 1.0734974e+53 5.35658e+52 8.204929 11.440484 3.830422 85.480146 158.950248 19.018043
0.18 9.464947999999999e+52 1.0866763000000001e+53 5.42183e+52 8.282739 11.551959 3.870469 86.983789 161.89277 19.40737
0.181 9.543848e+52 1.0955938e+53 5.450942000000001e+52 8.343905 11.622314 3.889897 88.242124 163.698119 19.574047
0.182 9.59672e+52 1.1042231e+53 5.463752e+52 8.332978 11.589069 3.873393 88.15893 162.860077 19.414782
0.183 9.607611000000001e+52 1.103937e+53 5.466459e+52 8.338033 11.568137 3.869222 88.27067 162.243173 19.380258
0.184 9.613595e+52 1.0926641e+53 5.45918e+52 8.317707 11.514536 3.864086 87.938402 161.0918 19.357551
0.185 9.420336e+52 1.0646063e+53 5.359675e+52 8.215691 11.394913 3.837458 85.967188 158.150796 19.151189
0.186 9.225720000000001e+52 1.0374527e+53 5.247206e+52 8.108052 11.25999 3.80471 84.046829 154.896074 18.919296
0.187 9.183876e+52 1.0245638e+53 5.204773999999999e+52 8.091798 11.237961 3.801906 83.733518 154.441474 18.911788
0.188 9.263355e+52 1.0327939e+53 5.248419e+52 8.170438 11.312609 3.833487 85.168335 156.11909 19.157668
0.189 9.517915e+52 1.0591752e+53 5.321183999999999e+52 8.280327 11.436911 3.873715 87.280746 159.180935 19.515626
0.19 9.710233000000001e+52 1.0778074e+53 5.399986e+52 8.32688 11.479542 3.875001 88.140915 160.271731 19.536435
0.191 9.677030999999999e+52 1.0803095e+53 5.385536e+52 8.295117 11.413814 3.855263 87.606204 158.57999 19.363143
0.192 9.61856e+52 1.0759491e+53 5.376429e+52 8.249183 11.337418 3.833761 86.884044 156.822818 19.187358
0.193 9.8653e+52 1.1038946e+53 5.522633e+52 8.296946 11.390638 3.84537 87.904161 158.210306 19.268991
0.194 1.0124311e+53 1.1309297000000001e+53 5.662603e+52 8.358212 11.463997 3.869211 89.272983 160.263596 19.455321
0.195 1.0198288e+53 1.1405765e+53 5.721111e+52 8.365381 11.470205 3.870457 89.498874 160.554229 19.439352
0.196 1.0106502e+53 1.1322032e+53 5.696356999999999e+52 8.323501 11.433793 3.862532 88.802084 159.826851 19.36307
0.197 1.0144281e+53 1.1329468e+53 5.777958e+52 8.366379 11.529315 3.908446 89.762937 162.286193 19.812382
0.198 1.0258314000000001e+53 1.1374879999999999e+53 5.838644000000001e+52 8.424222 11.58856 3.938866 92.661242 163.710971 20.118099
0.199 1.0339904e+53 1.1377883000000001e+53 5.875442999999999e+52 8.40602 11.581118 3.941873 91.555185 163.477042 20.158807
0.2 1.028252e+53 1.1297838000000001e+53 5.845149000000001e+52 8.353914 11.527857 3.93389 90.575687 162.082224 20.107083
0.201 1.0122896000000001e+53 1.1111931e+53 5.791628e+52 8.348104 11.536635 3.933585 90.104219 162.45493 20.137622
0.202 1.0230151e+53 1.1255443e+53 5.859455e+52 8.419806 11.643828 3.95737 91.258754 165.113372 20.344903
0.203 1.0089941e+53 1.1032054e+53 5.728051e+52 8.398819 11.596732 3.952806 90.850561 163.633366 20.261437
0.204 1.0024273e+53 1.096754e+53 5.677571e+52 8.410743 11.574315 3.938256 90.544068 163.022224 20.097604
0.205 1.0026576999999999e+53 1.1091569e+53 5.634049000000001e+52 8.432792 11.582733 3.937305 91.052907 163.156674 20.080226
0.206 1.0247085e+53 1.1213634000000001e+53 5.69951e+52 8.493906 11.640159 3.93855 92.082168 164.870873 20.086802
0.207 1.0203117000000002e+53 1.1400083e+53 5.7257e+52 8.48356 11.591023 3.928886 92.178176 163.639111 19.996964
0.208 1.0192594e+53 1.1377995e+53 5.620578e+52 8.428593 11.488255 3.899117 91.038178 160.957462 19.733083
0.209 1.0234188e+53 1.1473436e+53 5.582908e+52 8.439341 11.476122 3.896317 91.198001 160.514932 19.703142
0.21 1.0420626e+53 1.1616346999999998e+53 5.600189000000001e+52 8.484023 11.51921 3.91089 91.965481 161.41647 19.838788
0.211 1.0354585999999999e+53 1.1427606e+53 5.537798e+52 8.449986 11.466548 3.897941 91.25556 159.982627 19.723462
0.212 1.0211009e+53 1.1227677e+53 5.50216e+52 8.402613 11.400111 3.877384 90.32143 158.345511 19.583263
0.213 1.0163262e+53 1.1186186e+53 5.50885e+52 8.409805 11.39748 3.868692 90.52382 158.332033 19.488361
0.214 1.0216674e+53 1.1216723e+53 5.50967e+52 8.474314 11.451329 3.879582 91.851645 159.661791 19.563725
0.215 1.0411016999999999e+53 1.1412452e+53 5.586758e+52 8.528366 11.520844 3.893198 92.864651 161.394142 19.677046
0.216 1.0590672e+53 1.1646663999999999e+53 5.677453e+52 8.55714 11.557406 3.898071 93.462515 162.392439 19.737342
0.217 1.0594671999999999e+53 1.1651099e+53 5.623746999999999e+52 8.550539 11.530565 3.88899 93.495344 161.814978 19.672247
0.218 1.0471783e+53 1.1455085e+53 5.522053e+52 8.567847 11.549379 3.891169 93.927429 162.401058 19.689819
0.219 1.0416306000000001e+53 1.1341117e+53 5.455548e+52 8.585294 11.563378 3.889176 94.38289 162.893063 19.686899
0.22 1.0540291e+53 1.1469674e+53 5.489922e+52 8.623047 11.588493 3.88376 95.26296 163.61244 19.608199
0.221 1.0767052e+53 1.1601558000000001e+53 5.534844e+52 8.645764 11.623569 3.891576 95.740537 164.520888 19.669938
0.222 1.0905587999999999e+53 1.1632313e+53 5.571687e+52 8.664663 11.648795 3.899505 96.13818 165.260422 19.745665
0.223 1.1027937e+53 1.1719056e+53 5.60731e+52 8.665994 11.665746 3.908201 96.065533 165.683296 19.828259
0.224 1.1137392999999999e+53 1.1676905e+53 5.625803e+52 8.672386 11.678684 3.911051 96.132695 166.119375 19.862095
0.225 1.1184174e+53 1.1536556e+53 5.557951e+52 8.673439 11.673125 3.905604 96.010333 166.033526 19.827162
0.226 1.1239201e+53 1.1447490999999999e+53 5.525885999999999e+52 8.680815 11.677821 3.901959 96.065926 166.194204 19.808318
0.227 1.1499242e+53 1.1575391e+53 5.556303e+52 8.732257 11.735011 3.917373 97.115908 167.731392 19.95549
0.228 1.1696253e+53 1.1691763999999999e+53 5.574507999999999e+52 8.759675 11.780574 3.91933 97.67167 168.957829 19.973482
0.229 1.1734607e+53 1.1707555e+53 5.555025e+52 8.772722 11.806952 3.906757 97.956778 169.723684 19.857135
0.23 1.1555004e+53 1.1536422e+53 5.471083e+52 8.767349 11.795044 3.88457 97.970377 169.639012 19.630396
0.231 1.1603642e+53 1.1637183e+53 5.443491e+52 8.77556 11.817894 3.876192 98.18309 170.454384 19.535093
0.232 1.1707787e+53 1.1807449e+53 5.444203e+52 8.768205 11.862631 3.890964 97.939952 171.667959 19.683676
0.233 1.1488498999999999e+53 1.1625398e+53 5.3835e+52 8.720789 11.846769 3.88184 96.971965 171.308913 19.628026
0.234 1.1336704e+53 1.1633492e+53 5.39315e+52 8.722875 11.85467 3.880494 97.034894 171.508395 19.584112
0.235 1.1349377000000001e+53 1.1726894e+53 5.432983e+52 8.743546 11.880142 3.877905 97.450787 172.171285 19.540234
0.236 1.1209173e+53 1.1658044e+53 5.443744e+52 8.717525 11.867624 3.865446 96.909622 171.7879 19.400198
0.237 1.0974839e+53 1.1509074e+53 5.455876e+52 8.683258 11.879231 3.857318 96.241161 172.144098 19.294278
0.238 1.0662466e+53 1.1301378e+53 5.465874999999999e+52 8.641873 11.854662 3.846436 95.590692 171.582524 19.178024
0.239 1.043091e+53 1.1108506999999999e+53 5.483336e+52 8.594301 11.815706 3.841116 94.833328 170.590205 19.107751
0.24 1.0339049e+53 1.1028696e+53 5.494128e+52 8.558268 11.807931 3.842138 94.126135 170.491658 19.115297
0.241 1.0138904e+53 1.0832651999999998e+53 5.427404e+52 8.523582 11.784656 3.836645 93.633371 169.913687 19.091806
0.242 1.001981e+53 1.070615e+53 5.377601000000001e+52 8.519552 11.789627 3.844144 93.401636 169.982836 19.187445
0.243 9.989685e+52 1.0744362e+53 5.362047e+52 8.544887 11.837302 3.864882 93.863995 171.137458 19.352648
0.244 1.0105344e+53 1.1003382e+53 5.373734e+52 8.594332 11.889018 3.885069 94.783341 172.402018 19.496104
0.245 1.0303576e+53 1.1264839e+53 5.413002e+52 8.65441 11.92337 3.895247 96.120562 173.491151 19.587105
0.246 1.0403307e+53 1.1474173e+53 5.419758e+52 8.697534 11.909769 3.893804 97.017263 173.194367 19.578464
0.247 1.0403585e+53 1.1496339000000001e+53 5.367893e+52 8.696703 11.854504 3.881051 96.913819 171.67181 19.487444
0.248 1.041178e+53 1.1514843e+53 5.319655e+52 8.695462 11.821212 3.86972 96.807442 170.794791 19.39439
0.249 1.0510995e+53 1.1643929e+53 5.325923e+52 8.728357 11.817974 3.877284 97.542377 170.705274 19.460266
0.25 1.0822694000000001e+53 1.1954249e+53 5.408836e+52 8.799973 11.883902 3.907373 98.924924 172.281653 19.742693
0.251 1.1066811e+53 1.2164797999999999e+53 5.462632e+52 8.837887 11.888381 3.911557 99.603826 172.247917 19.793306
0.252 1.1195261999999999e+53 1.2195582e+53 5.426037e+52 8.850878 11.853691 3.891188 99.860741 171.289881 19.576855
0.253 1.1434228e+53 1.2419352e+53 5.520652e+52 8.88759 11.883593 3.902966 100.614135 172.101951 19.65818
0.254 1.1485162e+53 1.242944e+53 5.567727e+52 8.937697 11.931253 3.930648 101.677391 173.386408 19.908868
0.255 1.1713389e+53 1.2580733e+53 5.648531e+52 8.959344 11.966458 3.953671 102.170341 174.222401 20.160384
0.256 1.1777016e+53 1.2544022e+53 5.618718000000001e+52 8.946505 11.938687 3.951011 101.996979 173.454956 20.167041
0.257 1.1942566e+53 1.251941e+53 5.645061e+52 8.964783 11.944904 3.950924 102.416273 173.675612 20.172225
0.258 1.2136679e+53 1.2571124e+53 5.733945e+52 9.005943 11.978766 3.960994 103.370039 174.699812 20.258446
0.259 1.2147804e+53 1.2465377e+53 5.734258e+52 8.976381 11.940656 3.962906 102.758325 173.709638 20.3008
0.26 1.2219535000000001e+53 1.2452576e+53 5.732313000000001e+52 8.949101 11.909052 3.969225 102.133574 172.826056 20.385717
0.261 1.2529320999999999e+53 1.2541563999999999e+53 5.789966e+52 8.9733 11.936932 3.982132 102.69963 173.585804 20.515377
0.262 1.2761666999999998e+53 1.2690146000000001e+53 5.848463e+52 9.013289 11.992523 3.997359 103.46707 174.99948 20.665303
0.263 1.2605451e+53 1.2525115e+53 5.777491e+52 9.005598 11.972918 3.975099 103.299234 174.535133 20.461874
0.264 1.2440382e+53 1.2313406e+53 5.748693e+52 9.007758 11.979796 3.960113 103.375139 174.920086 20.301262
0.265 1.2555877000000001e+53 1.2468107e+53 5.788029e+52 9.076174 12.082959 3.984932 104.798978 177.739036 20.521445
0.266 1.2532242999999998e+53 1.2474457e+53 5.721378e+52 9.074516 12.097007 3.991066 104.683219 178.171772 20.59363
0.267 1.2520545e+53 1.25908e+53 5.689202e+52 9.068504 12.088384 4.005295 104.543783 177.911126 20.73482
0.268 1.2647472999999999e+53 1.2818105e+53 5.68074e+52 9.098458 12.13933 4.017642 105.360426 179.283863 20.862304
0.269 1.2654083e+53 1.2923507000000001e+53 5.633425e+52 9.096095 12.132101 4.002295 105.278021 179.17024 20.732929
0.27 1.2734161e+53 1.3093927e+53 5.632741e+52 9.120389 12.124863 3.981435 105.881661 179.089378 20.529563
0.271 1.2614285e+53 1.3085335e+53 5.567607e+52 9.097134 12.084406 3.972335 105.458286 177.906928 20.420097
0.272 1.2447571e+53 1.3030185e+53 5.513461e+52 9.058568 12.068219 3.967667 104.379861 177.343397 20.357191
0.273 1.2186747e+53 1.2813814e+53 5.468912000000001e+52 9.022642 12.041548 3.976357 103.632951 176.442235 20.437973
0.274 1.1693381000000001e+53 1.2270752999999998e+53 5.351337e+52 8.930015 11.987811 3.95809 101.654333 174.97839 20.311748
0.275 1.1362432e+53 1.1838067e+53 5.359216e+52 8.907235 11.992083 3.944107 101.261279 175.482546 20.214529
0.276 1.1110165e+53 1.1649965999999999e+53 5.345468999999999e+52 8.887382 11.985609 3.93341 100.847902 175.380247 20.128209
0.277 1.0913351e+53 1.1508926000000001e+53 5.305536e+52 8.879248 11.98068 3.931441 100.601329 175.105568 20.133587
0.278 1.0899967e+53 1.1471807e+53 5.292467e+52 8.884185 12.002798 3.935807 100.627484 175.569289 20.167879
0.279 1.080212e+53 1.1419565e+53 5.279174e+52 8.880422 11.997965 3.934839 100.623221 175.575065 20.135674
0.28 1.0652749e+53 1.1312516999999999e+53 5.29112e+52 8.848539 11.936538 3.922643 100.036706 174.039379 19.995605
0.281 1.0569232e+53 1.1294021e+53 5.259324e+52 8.843676 11.929488 3.92192 100.04223 173.924124 19.965441
0.282 1.0633526e+53 1.1471487e+53 5.293523000000001e+52 8.900469 11.990705 3.947273 101.355298 175.643629 20.156512
0.283 1.0776033e+53 1.1644249e+53 5.326479e+52 8.921467 11.995626 3.953571 101.751229 175.69772 20.237522
0.284 1.1047542e+53 1.1826441e+53 5.358094e+52 8.91453 11.957949 3.950197 101.568696 174.596148 20.224059
0.285 1.1372938e+53 1.2015184e+53 5.397998e+52 8.949752 11.968854 3.963643 102.193904 174.7403 20.353275
0.286 1.1508032999999998e+53 1.2026347e+53 5.41057e+52 8.969863 11.975987 3.981618 102.539212 174.982911 20.522051
0.287 1.142227e+53 1.1872538e+53 5.383348999999999e+52 8.988809 11.981019 4.000958 102.993953 175.168185 20.75982
0.288 1.1277054e+53 1.1685435e+53 5.344228e+52 9.029465 11.998903 3.986076 104.03416 175.789891 20.613348
0.289 1.1305678e+53 1.1702693999999999e+53 5.355136e+52 9.075334 12.033274 3.996799 104.976831 176.649235 20.674136
0.29 1.1471655999999998e+53 1.1809666999999999e+53 5.391518e+52 9.082799 12.045856 4.01322 105.048401 176.966755 20.832857
0.291 1.1752446e+53 1.2064477000000001e+53 5.4919e+52 9.096408 12.069948 4.023245 105.279689 177.63008 20.944519
0.292 1.1967512e+53 1.2219555e+53 5.539707e+52 9.076912 12.060166 4.027891 104.747399 177.279507 20.990412
0.293 1.1817124e+53 1.2080361e+53 5.470604e+52 9.065088 12.083697 4.02428 104.60824 178.095215 20.980396
0.294 1.1795184e+53 1.2035514e+53 5.438192e+52 9.052705 12.078819 4.021756 104.412749 177.999246 20.976459
0.295 1.1884585e+53 1.2058894e+53 5.447385e+52 9.05597 12.087672 4.023998 104.542897 178.342861 21.033243
0.296 1.1983412e+53 1.2121637e+53 5.472882e+52 9.111352 12.135192 4.033066 105.912693 179.835879 21.114342
0.297 1.2177158e+53 1.2331162000000002e+53 5.466873e+52 9.149059 12.187675 4.044497 106.737045 181.235201 21.240496
0.298 1.2220511e+53 1.246283e+53 5.454525e+52 9.194685 12.210415 4.042597 107.813189 181.975324 21.240264
0.299 1.2241518e+53 1.2578938000000001e+53 5.551775e+52 9.240798 12.256146 4.048424 108.751176 183.208386 21.273091
0.3 1.2045844e+53 1.2447128e+53 5.553278e+52 9.227214 12.226307 4.033901 108.488486 182.433503 21.119224
0.301 1.1890402e+53 1.2411600999999998e+53 5.581227e+52 9.166662 12.14431 4.014379 107.329707 180.316276 20.906553
0.302 1.1994628e+53 1.2506922e+53 5.707444e+52 9.176877 12.166751 4.03186 107.682429 181.101561 21.068574
0.303 1.2279409e+53 1.2857387e+53 5.806461e+52 9.204443 12.209589 4.065265 108.256108 182.118328 21.399262
0.304 1.2460247e+53 1.2980629e+53 5.770382e+52 9.195443 12.22377 4.073568 108.188221 182.175737 21.525376
0.305 1.2474618e+53 1.2855864e+53 5.719298e+52 9.196681 12.229082 4.069941 107.71536 182.248353 21.511293
0.306 1.2491949e+53 1.2921353e+53 5.768209999999999e+52 9.240666 12.287602 4.086869 108.682193 183.807399 21.664626
0.307 1.2471937e+53 1.2994903e+53 5.826357e+52 9.302232 12.37988 4.118451 110.088189 186.287563 21.937613
0.308 1.2368798e+53 1.2956488e+53 5.819448e+52 9.279733 12.369371 4.122557 109.585966 186.054985 21.993114
0.309 1.2134466e+53 1.2776809999999999e+53 5.746498e+52 9.227015 12.303212 4.104894 108.608279 184.430369 21.848904
0.31 1.2112139000000002e+53 1.2773405e+53 5.737063e+52 9.266391 12.317133 4.104543 109.551873 185.034743 21.843824
0.311 1.1847101e+53 1.2587306e+53 5.685994e+52 9.245855 12.271698 4.092099 109.279339 184.061092 21.69457
0.312 1.1843486999999999e+53 1.264313e+53 5.699861e+52 9.233469 12.259189 4.08159 109.070249 183.838823 21.579286
0.313 1.1861424e+53 1.2698245e+53 5.759082e+52 9.233849 12.289816 4.091652 109.059372 184.794758 21.669157
0.314 1.1984912e+53 1.290333e+53 5.82491e+52 9.296321 12.357777 4.113932 110.504654 186.671707 21.866244
0.315 1.2054557e+53 1.2990389e+53 5.863965999999999e+52 9.328514 12.392378 4.137838 111.097857 187.571115 22.092966
0.316 1.2036954e+53 1.2965909e+53 5.825677e+52 9.305817 12.362963 4.14461 110.537821 186.677954 22.204519
0.317 1.215636e+53 1.3013128e+53 5.739293e+52 9.29185 12.338026 4.14933 110.033628 185.697916 22.291673
0.318 1.2342447e+53 1.3097799e+53 5.74679e+52 9.306871 12.360431 4.163526 110.207472 185.932738 22.457911
0.319 1.2244774e+53 1.2882366e+53 5.700554000000001e+52 9.262197 12.325356 4.148159 109.253935 185.006324 22.337245
0.32 1.2179157999999998e+53 1.2591939e+53 5.65106e+52 9.245323 12.336224 4.139299 108.782489 185.268741 22.26983
0.321 1.2030274e+53 1.2211767999999998e+53 5.702239e+52 9.243155 12.332287 4.149784 108.728349 185.249679 22.393892
0.322 1.1707283e+53 1.1951738e+53 5.71698e+52 9.254792 12.327066 4.150281 109.273817 185.244006 22.417243
0.323 1.1567897e+53 1.1901571e+53 5.753551e+52 9.268393 12.338864 4.155762 109.752159 185.451539 22.463946
0.324 1.1504148e+53 1.1944147e+53 5.76994e+52 9.271813 12.324178 4.167442 109.877677 184.891096 22.580509
0.325 1.1383588e+53 1.1795436e+53 5.714186e+52 9.237034 12.268302 4.15637 109.369931 183.450734 22.487533
0.326 1.1206906999999998e+53 1.1643606e+53 5.695852000000001e+52 9.19632 12.222219 4.142951 108.622713 182.545839 22.341953
0.327 1.1215001e+53 1.1659347e+53 5.698789e+52 9.174148 12.172525 4.139938 108.50588 181.624451 22.338139
0.328 1.1312239e+53 1.1713163e+53 5.718191e+52 9.243429 12.264298 4.161218 109.711134 183.937762 22.510803
0.329 1.1470862e+53 1.1837242e+53 5.761272e+52 9.305387 12.353455 4.192461 110.955409 186.276889 22.808048
0.33 1.1577697999999999e+53 1.2002982e+53 5.788845e+52 9.287781 12.312954 4.181802 110.480521 185.045978 22.691807
0.331 1.1566713999999998e+53 1.2007763000000001e+53 5.749011999999999e+52 9.213119 12.205276 4.167618 108.617688 181.988569 22.575617
0.332 1.1428689999999999e+53 1.1782734e+53 5.639474e+52 9.140362 12.124178 4.15262 107.37613 179.939156 22.492428
0.333 1.1478033e+53 1.1827526e+53 5.620142e+52 9.154515 12.133091 4.174306 107.758808 180.162783 22.737267
0.334 1.1665802e+53 1.2025184e+53 5.610336000000001e+52 9.160092 12.171876 4.191107 107.497147 180.647756 22.977941
0.335 1.1912781000000001e+53 1.2209947e+53 5.724044e+52 9.241873 12.258525 4.183628 109.104293 183.123442 22.89826
0.336 1.2135616999999999e+53 1.2445399e+53 5.818867e+52 9.288667 12.299122 4.196137 109.928691 184.276509 22.972294
0.337 1.2038359e+53 1.236045e+53 5.800760999999999e+52 9.278694 12.262307 4.183276 109.83705 183.345309 22.828792
0.338 1.206568e+53 1.2448517e+53 5.749355000000001e+52 9.248078 12.228381 4.17102 109.229568 182.340217 22.718118
0.339 1.2157218000000001e+53 1.2568381e+53 5.653372e+52 9.220286 12.213621 4.167417 108.211194 181.58382 22.730229
0.34 1.2195856e+53 1.2772483e+53 5.664301e+52 9.250454 12.261536 4.17898 108.822285 183.008354 22.823686
0.341 1.2476215e+53 1.2996484e+53 5.699641999999999e+52 9.33482 12.33706 4.195526 110.565031 184.92232 22.977511
0.342 1.2456897e+53 1.2915255e+53 5.744061e+52 9.368219 12.368465 4.191199 111.50452 186.179278 22.895294
0.343 1.2417616e+53 1.2860051e+53 5.784171e+52 9.348563 12.335207 4.177205 111.30886 185.33913 22.74746
0.344 1.2373646e+53 1.2676842e+53 5.790904000000001e+52 9.329611 12.325185 4.181554 110.842898 185.067513 22.795089
0.345 1.2356719e+53 1.2541411999999999e+53 5.767655e+52 9.304388 12.309213 4.18856 110.325449 184.678085 22.91085
0.346 1.2304736e+53 1.2353699e+53 5.647763999999999e+52 9.233176 12.251201 4.176049 108.844955 182.99343 22.858869
0.347 1.1899088e+53 1.1988128e+53 5.619717e+52 9.209769 12.24005 4.152577 108.465279 183.084454 22.57898
0.348 1.1618957999999999e+53 1.1859329000000002e+53 5.61822e+52 9.248732 12.305367 4.143865 109.4882 185.202211 22.435538
0.349 1.1519949e+53 1.1865962e+53 5.630355e+52 9.222996 12.29245 4.139623 108.987109 184.59324 22.385705
0.35 1.1449659e+53 1.1755466e+53 5.646096e+52 9.207943 12.294895 4.156103 108.710322 185.007345 22.539808
0.351 1.1646534e+53 1.1665601e+53 5.610036e+52 9.238752 12.306216 4.167991 109.267994 185.524635 22.694919
0.352 1.1369657e+53 1.153669e+53 5.497341999999999e+52 9.222577 12.245153 4.135962 109.431556 183.813806 22.388288
0.353 1.1471988e+53 1.1855952000000001e+53 5.644719e+52 9.300434 12.330062 4.123998 111.281719 186.463856 22.260253
0.354 1.1774635e+53 1.2143944e+53 5.735841e+52 9.383085 12.429389 4.150076 113.143457 189.418205 22.49564
0.355 1.2215063000000001e+53 1.245995e+53 5.775261999999999e+52 9.399974 12.459569 4.167736 113.142892 190.025736 22.717318
0.356 1.2158926e+53 1.236801e+53 5.717955e+52 9.328405 12.422732 4.155978 111.131329 188.680462 22.618869
0.357 1.1911507e+53 1.2194656e+53 5.643093e+52 9.307417 12.396648 4.147515 111.142843 188.284915 22.526324
0.358 1.1920119e+53 1.2244684e+53 5.663604e+52 9.298569 12.369725 4.137467 110.911315 187.555267 22.360999
0.359 1.2298510000000001e+53 1.2559286e+53 5.770050999999999e+52 9.232126 12.328978 4.127109 109.48419 186.425028 22.222397
0.36 1.2424543999999998e+53 1.2455292e+53 5.766828e+52 9.231979 12.369993 4.149689 109.609713 187.706899 22.48639
0.361 1.2371271e+53 1.2341194e+53 5.693425e+52 9.214951 12.390508 4.169462 109.664157 188.852255 22.733778
0.362 1.1961684999999999e+53 1.1933991e+53 5.576401e+52 9.264555 12.39845 4.154858 111.263615 189.516058 22.643026
0.363 1.1584746e+53 1.1402221e+53 5.360973999999999e+52 9.282967 12.353854 4.137687 111.6619 188.359657 22.488278
0.364 1.1704949e+53 1.1538841e+53 5.344743000000001e+52 9.296144 12.327291 4.131301 111.719686 187.089377 22.406396
0.365 1.2065215e+53 1.1788223000000001e+53 5.543841e+52 9.34112 12.364269 4.154034 112.843061 188.174936 22.637007
0.366 1.2259987e+53 1.1905419e+53 5.589394e+52 9.357004 12.427568 4.175742 113.180359 189.75144 22.94308
0.367 1.1944509999999999e+53 1.1691996e+53 5.356729e+52 9.272499 12.304416 4.121684 110.901588 186.162791 22.43741
0.368 1.1616814e+53 1.1527623e+53 5.193257e+52 9.241255 12.232902 4.081 110.108013 184.376145 21.989151
0.369 1.1816762000000001e+53 1.1889423e+53 5.292884e+52 9.281947 12.263882 4.088202 110.892066 185.010602 22.002606
0.37 1.2064961e+53 1.2194088000000001e+53 5.440915e+52 9.317062 12.372864 4.121306 111.722242 188.050593 22.305716
0.371 1.1946103e+53 1.2128922e+53 5.368612e+52 9.294679 12.373276 4.128342 111.17804 187.845112 22.370162
0.372 1.1476922e+53 1.1911015e+53 5.334283e+52 9.27516 12.259611 4.116127 110.935879 184.71235 22.25018
0.373 1.1181592e+53 1.175289e+53 5.18749e+52 9.187526 12.117489 4.090029 109.084436 180.582409 22.075404
0.374 1.1120552999999998e+53 1.1511455e+53 5.0434e+52 9.095595 11.994713 4.049681 107.022757 177.292173 21.710118
0.375 1.1212578e+53 1.1654735999999999e+53 5.010761999999999e+52 9.107369 12.007113 4.048071 107.116624 177.405639 21.682691
0.376 1.1648329e+53 1.2040717000000001e+53 5.078172999999999e+52 9.237334 12.1411 4.079026 109.466535 180.728395 21.939775
0.377 1.1762918000000002e+53 1.2104558e+53 5.241208e+52 9.344377 12.245031 4.112868 111.592844 183.455143 22.254969
0.378 1.1704426e+53 1.1996675e+53 5.292435e+52 9.410692 12.304046 4.130108 112.816875 185.281048 22.370425
0.379 1.1375098e+53 1.1581124000000001e+53 5.271282000000001e+52 9.347449 12.198027 4.116173 111.545427 182.775021 22.180627
0.38 1.1112555e+53 1.1395126e+53 5.249107999999999e+52 9.297269 12.105766 4.102494 110.658868 180.458196 22.081877
0.381 1.1190872e+53 1.1462853000000001e+53 5.248602e+52 9.202276 12.017863 4.082444 108.754749 178.160815 21.918009
0.382 1.1094514e+53 1.1322913e+53 5.226873999999999e+52 9.196471 12.042114 4.09685 108.579359 178.812677 22.105679
0.383 1.0954971000000001e+53 1.1192301e+53 5.247091e+52 9.249172 12.119246 4.123688 109.710266 180.685215 22.383358
0.384 1.0655474999999999e+53 1.0994806e+53 5.147788000000001e+52 9.232823 12.081403 4.118349 109.713419 179.783155 22.340438
0.385 1.0557888e+53 1.0888382999999999e+53 5.130500999999999e+52 9.197203 12.016201 4.099643 109.096577 178.236853 22.230697
0.386 1.0397623e+53 1.0783581999999998e+53 5.048554e+52 9.177682 11.993441 4.080705 108.87781 177.647786 22.059614
0.387 1.0571922e+53 1.1107727e+53 5.128562e+52 9.267966 12.115407 4.133876 110.801079 180.875534 22.54126
0.388 1.0865413e+53 1.1341705e+53 5.208158e+52 9.3375 12.201158 4.175043 112.289566 182.994732 23.00017
0.389 1.0782033e+53 1.111218e+53 5.097495e+52 9.30991 12.208368 4.155444 111.528182 183.189534 22.852785
0.39 1.0573106e+53 1.0877579e+53 5.103015e+52 9.316044 12.223217 4.165557 111.626816 183.597332 22.89839
0.391 1.0472175e+53 1.1009354e+53 5.19125e+52 9.40196 12.356084 4.203811 113.518578 187.350428 23.238289
0.392 1.0587251e+53 1.0906144e+53 5.13065e+52 9.438587 12.42573 4.209529 114.175263 189.217417 23.383061
0.393 1.0495898e+53 1.0786073e+53 5.096453e+52 9.444059 12.442204 4.19267 114.343315 189.575624 23.203757
0.394 1.0574595e+53 1.0975053e+53 5.059802e+52 9.42564 12.422852 4.195277 113.5671 188.830588 23.314613
0.395 1.0457256e+53 1.0767254e+53 4.999248e+52 9.379534 12.360663 4.165439 112.509417 187.144013 22.987957
0.396 1.0534205e+53 1.0960048e+53 5.134195e+52 9.462798 12.446 4.187542 114.511997 189.512932 23.116388
0.397 1.0753399e+53 1.0920351999999999e+53 5.282207e+52 9.486891 12.477953 4.202033 114.902258 190.586833 23.251398
0.398 1.0819186e+53 1.1142512e+53 5.384858999999999e+52 9.50349 12.541557 4.232752 115.404551 192.237667 23.547646
0.399 1.0683968999999999e+53 1.0748702e+53 5.340192e+52 9.467433 12.554535 4.252657 114.442491 193.056095 23.798281
0.4 1.0645335e+53 1.0784997000000001e+53 5.31595e+52 9.435651 12.514419 4.237378 113.822425 192.28091 23.729275
0.401 1.0535411e+53 1.0734074e+53 5.231103e+52 9.447932 12.509918 4.221202 114.75867 192.688091 23.528232
0.402 1.0569707e+53 1.0679282e+53 5.272101e+52 9.443636 12.483604 4.221965 114.406982 192.080138 23.499163
0.403 1.0844217e+53 1.0758772e+53 5.450887e+52 9.465584 12.499967 4.232022 114.873224 192.715784 23.606102
0.404 1.0998502e+53 1.1018339e+53 5.539283e+52 9.483554 12.559137 4.245265 115.380129 194.367447 23.660369
0.405 1.1103292e+53 1.125156e+53 5.59516e+52 9.506805 12.528632 4.286549 115.755799 193.045118 24.129302
0.406 1.0546112000000001e+53 1.0790578e+53 5.368648e+52 9.421037 12.415594 4.241101 114.412109 189.958322 23.738329
0.407 1.0206653e+53 1.0512852e+53 5.244981e+52 9.349807 12.254912 4.191284 113.035441 185.502335 23.210468
0.408 1.0220818e+53 1.0569343999999998e+53 5.268674999999999e+52 9.390684 12.313388 4.219553 114.036182 187.493124 23.493824
0.409 9.990625e+52 1.0300458999999999e+53 5.262164000000001e+52 9.474955 12.420724 4.240051 116.089142 190.564727 23.710278
