####### LIGHTCURVES AND MEAN ENERGIES
####### 3 NEUTRINO SPECIES: NU_E, NUBAR_E AND N_X
####### ALL QUANTITIES ARE MEASURED AT 500 KM FROM THE CENTER
#######
####### FROM MODEL L1-90 (BUGLI ET AL. 2020,2021)
####### B0=1e12 G, l=1, r0=1.00e8 cm
####### UNITS: TIME [s], LUMINOSITY [erg/s], ENERGY [MeV]
# TIME	L_NU_E     	L_NU_BAR   	L_NU_X     	E_NU_E     	E_NU_BAR  	E_NU_X      	E2_NU_E    	E2_NU_BAR 	E2_NU_X
0.001 1.6390629e+53 2.5999999999999996e+47 2.1e+47 11.001821 6.107302 0.855809 138.710004 49.734733 0.907412
0.002 1.3138545e+53 6.69e+48 2.01e+48 11.389209 4.034719 1.298912 147.655378 20.836636 2.470206
0.003 2.2325131e+53 4.93217e+51 5.18888e+51 12.367353 12.677279 3.724087 176.726141 184.615472 16.024178
0.004 7.3976479e+53 5.3392700000000005e+51 1.157477e+52 14.874167 13.309658 5.730329 250.286256 207.200428 45.267578
0.005 5.2064463e+53 5.1489300000000006e+51 8.62343e+51 13.621167 11.920858 6.372043 210.798641 163.786743 62.276576
0.006 4.2699877e+53 7.43576e+51 7.56219e+51 13.080813 11.933673 5.768081 194.738047 163.646361 50.412538
0.007 4.1882194e+53 8.41815e+51 7.85639e+51 12.655941 11.514596 5.021648 182.737506 152.771394 36.026454
0.008 3.8029093e+53 9.595709999999999e+51 1.0371170000000001e+52 12.149169 11.342164 4.70003 168.482484 148.909192 29.306491
0.009 4.0452448e+53 8.88864e+51 1.2350069999999998e+52 12.262298 11.133916 4.560796 172.380797 143.50362 26.878595
0.01 3.8663376e+53 8.88616e+51 1.3635489999999998e+52 12.047243 11.162721 4.413287 167.144857 143.739595 24.890276
0.011 3.7268087000000002e+53 8.937150000000001e+51 1.397743e+52 11.648753 11.214511 4.314249 156.395056 145.395699 23.725125
0.012 3.1938434e+53 8.54927e+51 1.361677e+52 11.209608 11.098703 4.164195 145.303734 142.636842 22.00179
0.013 2.7717075e+53 8.474580000000001e+51 1.349091e+52 11.059759 10.854269 4.124618 141.446687 137.009133 21.290127
0.014 2.0725583e+53 9.38419e+51 1.383676e+52 10.526256 10.794917 4.156279 128.753732 135.376801 21.614077
0.015 1.6233723000000002e+53 1.063361e+52 1.4585749999999998e+52 9.912058 10.763674 4.222117 114.155953 134.76341 22.402687
0.016 1.4544373000000001e+53 1.245128e+52 1.560396e+52 9.768484 10.796446 4.231197 110.531146 135.921904 22.632625
0.017 1.5404782e+53 1.513104e+52 1.752411e+52 9.773313 10.836693 4.239632 110.384422 137.270282 22.712527
0.018 1.6255784999999999e+53 1.745745e+52 1.954933e+52 9.938159 10.809692 4.197975 114.050964 136.734023 22.37768
0.019 1.7083891000000002e+53 2.0878649999999997e+52 2.237261e+52 10.00744 10.840004 4.166776 115.724266 137.967255 22.007475
0.02 1.7038753e+53 2.395451e+52 2.5330810000000003e+52 9.979101 10.868704 4.157436 115.163686 139.065876 21.880407
0.021 1.6693837999999998e+53 2.594228e+52 2.747039e+52 10.013358 10.906502 4.160642 116.36537 140.225344 21.908339
0.022 1.6335431e+53 2.626824e+52 2.929202e+52 10.003153 10.951893 4.183722 116.486265 140.975524 22.115824
0.023 1.6090776e+53 2.58087e+52 3.0185940000000003e+52 9.946447 10.923774 4.20961 115.326507 139.98747 22.387193
0.024 1.5879073e+53 2.568395e+52 3.0351659999999997e+52 9.854516 10.938037 4.239904 113.141439 139.967693 22.726193
0.025 1.4838551e+53 2.664248e+52 3.080118e+52 9.714453 11.015874 4.25307 110.209306 141.488214 22.844352
0.026 1.2946093e+53 2.769663e+52 3.026227e+52 9.591449 11.111164 4.273154 107.621434 144.024463 23.188065
0.027 1.1987888999999999e+53 2.958844e+52 3.007744e+52 9.49223 11.197647 4.251879 105.478627 146.219566 22.987044
0.028 1.1767424999999999e+53 3.1908080000000003e+52 3.0505620000000003e+52 9.46713 11.323219 4.246535 104.859061 149.568989 22.910253
0.029 1.13897e+53 3.476816e+52 3.1131929999999997e+52 9.45008 11.446898 4.234821 104.700109 152.314389 22.772374
0.03 1.144858e+53 3.672714e+52 3.154226e+52 9.438254 11.521482 4.221362 104.449205 154.404004 22.603009
0.031 1.1537188999999999e+53 3.884009e+52 3.2241699999999997e+52 9.513946 11.598393 4.207603 106.051286 156.263596 22.403126
0.032 1.1240355e+53 4.076022e+52 3.2993480000000004e+52 9.466459 11.61758 4.190078 105.597388 156.949685 22.17693
0.033 1.0529125e+53 4.2235360000000003e+52 3.3725320000000003e+52 9.330081 11.611951 4.177518 102.586229 157.081904 22.03721
0.034 1.0378588000000001e+53 4.324682e+52 3.4256049999999997e+52 9.266013 11.683365 4.172599 101.119795 159.09877 21.951652
0.035 9.588885e+52 4.4010109999999994e+52 3.457938e+52 9.179468 11.665853 4.180052 99.759429 158.525513 21.980617
0.036 9.119277999999999e+52 4.361587e+52 3.412279e+52 9.11451 11.625743 4.173641 98.249204 157.38925 21.933384
0.037 8.812806e+52 4.4158809999999994e+52 3.439062e+52 9.053029 11.605387 4.160317 97.100216 156.712419 21.784435
0.038 8.610198e+52 4.541844e+52 3.485126e+52 8.976644 11.664931 4.149781 95.51543 158.193852 21.685939
0.039 8.473039e+52 4.5980930000000005e+52 3.528005e+52 8.89665 11.650865 4.145187 94.103831 157.941547 21.662313
0.04 8.576658e+52 4.6567249999999995e+52 3.559561e+52 8.901997 11.643244 4.134587 94.366677 157.731424 21.582568
0.041 8.480340999999999e+52 4.674065e+52 3.566397e+52 8.941107 11.648232 4.130275 95.245727 158.132115 21.560083
0.042 8.653742e+52 4.815216e+52 3.605946e+52 9.014157 11.715432 4.131265 97.028064 159.878815 21.531461
0.043 8.650471e+52 4.922068e+52 3.630227e+52 9.049493 11.786807 4.14203 97.723572 161.768884 21.655228
0.044 8.850013000000001e+52 5.091691e+52 3.646626e+52 9.074225 11.902442 4.16043 98.285469 164.655996 21.809972
0.045 8.443949999999999e+52 5.266580000000001e+52 3.653155e+52 9.028934 11.953518 4.165374 97.590061 165.961034 21.862498
0.046 8.372621000000001e+52 5.464316e+52 3.6792639999999997e+52 9.087888 12.004038 4.159561 98.738142 167.120206 21.771405
0.047 8.014806e+52 5.556296e+52 3.6686510000000003e+52 9.070264 12.02851 4.147625 98.395944 167.726364 21.653472
0.048 8.039381999999999e+52 5.647588e+52 3.6982309999999997e+52 9.041363 12.077805 4.155658 97.806222 169.062694 21.745001
0.049 8.13701e+52 5.720459e+52 3.712424e+52 9.046171 12.129245 4.158542 97.927827 170.386943 21.7876
0.05 8.119542e+52 5.710346999999999e+52 3.719109e+52 9.040884 12.123163 4.166478 97.837539 170.245642 21.852417
0.051 7.919599999999999e+52 5.779762999999999e+52 3.731866e+52 9.009272 12.139094 4.164444 97.38965 170.66789 21.823205
0.052 7.735477e+52 5.888488e+52 3.7765749999999996e+52 8.974411 12.101235 4.152424 96.755809 169.580221 21.686175
0.053 7.658534000000001e+52 5.905669e+52 3.703602e+52 8.932566 12.08848 4.147572 95.898496 169.485286 21.710618
0.054 7.726352e+52 5.864683000000001e+52 3.741351e+52 8.930801 12.039402 4.138742 95.986514 168.154972 21.591946
0.055 7.494365e+52 5.974022999999999e+52 3.755391e+52 8.838168 12.111723 4.138673 94.118428 170.509514 21.629365
0.056 7.213046e+52 5.88523e+52 3.705582e+52 8.822185 12.093482 4.13268 93.865285 170.402189 21.601539
0.057 6.947765000000001e+52 5.827717e+52 3.667033e+52 8.839893 12.139911 4.1466 94.633352 171.539679 21.770021
0.058 6.317762e+52 5.699102e+52 3.6278030000000004e+52 8.708591 12.103194 4.121509 92.219703 170.510453 21.523614
0.059 6.019148999999999e+52 5.938441e+52 3.693877e+52 8.673648 12.226596 4.127558 91.738106 173.608674 21.553657
0.06 5.699094e+52 5.931368e+52 3.647902e+52 8.595964 12.276101 4.115786 90.434271 174.829838 21.450851
0.061 5.920025e+52 5.863523e+52 3.607404e+52 8.641276 12.248614 4.104324 91.57838 173.867353 21.337834
0.062 5.686735999999999e+52 5.726990999999999e+52 3.571206e+52 8.587621 12.23173 4.101149 90.472813 172.923896 21.287959
0.063 5.747207000000001e+52 5.766852e+52 3.617126e+52 8.611063 12.262722 4.113384 91.775785 174.115236 21.441607
0.064 5.730517e+52 5.657458e+52 3.533518e+52 8.599254 12.261049 4.087401 90.682841 173.833991 21.120503
0.065 5.68151e+52 5.575945e+52 3.499388e+52 8.56865 12.216828 4.075973 90.490879 172.694977 21.033991
0.066 5.8266e+52 5.679396e+52 3.5321560000000003e+52 8.546677 12.296093 4.104062 89.572431 175.221219 21.324964
0.067 5.543002e+52 5.657971e+52 3.494557e+52 8.522165 12.312592 4.093929 89.339851 175.824628 21.198103
0.068 5.531948e+52 5.869036999999999e+52 3.549214e+52 8.557482 12.406617 4.102189 91.326883 178.602241 21.301453
0.069 5.678569e+52 6.002238e+52 3.639394e+52 8.580886 12.450441 4.116225 91.382311 180.087802 21.415344
0.07 5.609164e+52 5.968308999999999e+52 3.598776e+52 8.609501 12.45518 4.117005 92.627816 180.547309 21.471194
0.071 5.766429e+52 6.005009e+52 3.603402e+52 8.683236 12.438365 4.117505 94.061231 179.889669 21.457415
0.072 6.028747e+52 6.181997e+52 3.641453e+52 8.755431 12.464505 4.118607 94.938699 180.567047 21.462003
0.073 6.160814e+52 6.260902e+52 3.684062e+52 8.765914 12.506392 4.143488 95.128666 181.758066 21.694594
0.074 6.278538e+52 6.318959e+52 3.685988e+52 8.819163 12.533118 4.163095 96.110992 182.552807 21.884855
0.075 6.337782e+52 6.487542e+52 3.724332e+52 8.871947 12.543334 4.168638 97.482484 182.819742 21.939138
0.076 6.369891e+52 6.632185e+52 3.76863e+52 8.879108 12.5136 4.168094 97.600204 182.174582 21.967701
0.077 6.224538e+52 6.683099e+52 3.79444e+52 8.910942 12.547359 4.187331 98.483711 183.363233 22.202764
0.078 6.343993e+52 6.808383e+52 3.8414009999999996e+52 8.988947 12.567872 4.203254 102.456268 184.152637 22.376232
0.079 6.3922e+52 6.973098e+52 3.839526e+52 9.057014 12.552657 4.193485 102.087453 183.629505 22.242451
0.08 6.178823000000001e+52 7.028299e+52 3.810922e+52 9.063921 12.51477 4.188273 102.574097 182.644711 22.227583
0.081 6.185194e+52 7.122666e+52 3.8061319999999996e+52 9.079315 12.500131 4.185751 103.372898 182.262256 22.193923
0.082 6.283181e+52 7.244557e+52 3.8116279999999997e+52 9.099824 12.468287 4.181041 102.824904 181.397474 22.114349
0.083 6.415615e+52 7.346808e+52 3.823126e+52 9.156498 12.401441 4.16957 103.973369 179.503563 21.997071
0.084 6.580582e+52 7.479859e+52 3.8446820000000003e+52 9.225919 12.366757 4.156441 105.452978 178.653979 21.869315
0.085 6.844875e+52 7.551185e+52 3.8464629999999997e+52 9.286239 12.401771 4.15912 105.88526 179.693811 21.886944
0.086 7.13782e+52 7.531475999999999e+52 3.877038e+52 9.324927 12.403438 4.157994 106.859701 179.721669 21.846657
0.087 7.273986e+52 7.593144e+52 3.925052e+52 9.360899 12.404701 4.14493 107.904706 179.783621 21.692262
0.088 7.326978999999999e+52 7.685217e+52 3.9527359999999996e+52 9.430848 12.484323 4.151413 109.613896 182.050425 21.78722
0.089 7.407992000000001e+52 7.688453e+52 3.965981e+52 9.454581 12.522068 4.157258 109.863918 183.012102 21.859948
0.09 7.562872999999999e+52 7.71032e+52 4.002517e+52 9.477051 12.521889 4.160474 110.510952 182.952947 21.852382
0.091 7.657384e+52 7.805299999999999e+52 4.0303329999999995e+52 9.476039 12.539997 4.157223 110.663895 183.515543 21.775026
0.092 7.459118e+52 7.806897e+52 3.979278e+52 9.424182 12.51392 4.139846 109.252258 182.700341 21.605213
0.093 7.290578e+52 7.859465e+52 3.931811e+52 9.381048 12.505206 4.129521 108.614515 182.390547 21.514251
0.094 7.257168e+52 7.936691e+52 3.9361890000000003e+52 9.362683 12.517727 4.127671 107.831972 182.708791 21.508372
0.095 7.178192e+52 7.961508e+52 3.9193920000000004e+52 9.395626 12.584109 4.139618 109.178059 184.614418 21.642778
0.096 7.216834999999999e+52 7.990110999999999e+52 3.922547e+52 9.416402 12.643029 4.15644 109.198511 186.298874 21.82319
0.097 7.213617e+52 7.974616e+52 3.921225e+52 9.443565 12.662316 4.162529 110.309412 186.958983 21.898144
0.098 7.173609e+52 7.957818e+52 3.9152369999999996e+52 9.498923 12.681726 4.16627 111.480303 187.731663 21.940791
0.099 7.290333e+52 7.968604e+52 3.939992e+52 9.531996 12.70393 4.170688 112.404508 188.683155 22.007396
0.1 7.642709e+52 8.083818000000001e+52 4.0303690000000004e+52 9.568366 12.745833 4.186169 112.283643 190.178058 22.148189
0.101 7.716815000000001e+52 8.206011999999999e+52 4.116503e+52 9.619046 12.768684 4.208509 113.739568 190.834522 22.362903
0.102 7.720074000000001e+52 8.306865e+52 4.0901420000000004e+52 9.645653 12.752411 4.209151 113.815067 190.115291 22.337619
0.103 7.754417e+52 8.438859e+52 4.047999e+52 9.683213 12.720952 4.204552 114.861388 188.75396 22.246334
0.104 7.892115999999999e+52 8.704710000000001e+52 4.114962e+52 9.728995 12.744682 4.228501 115.606039 189.333337 22.477049
0.105 7.834018e+52 8.722502e+52 4.061154e+52 9.697748 12.707169 4.216991 114.918212 188.223265 22.387803
0.106 7.848916e+52 8.800625e+52 4.094832e+52 9.714013 12.727243 4.232133 115.799286 188.935317 22.59487
0.107 7.890016e+52 8.783741e+52 4.0671540000000006e+52 9.736286 12.746877 4.234878 116.876483 189.663687 22.672547
0.108 8.0238e+52 8.829465000000001e+52 4.0749700000000005e+52 9.782165 12.799172 4.243267 118.442916 191.230419 22.783777
0.109 8.297667000000001e+52 8.976509e+52 4.1018179999999995e+52 9.81791 12.842284 4.252664 117.678257 192.470433 22.878643
0.11 8.555581e+52 9.179835999999999e+52 4.1412190000000004e+52 9.885588 12.838683 4.263527 119.28727 192.368249 22.962584
0.111 8.754948000000001e+52 9.333062e+52 4.158595e+52 9.941483 12.833859 4.273144 120.557687 192.152412 23.021064
0.112 8.982064e+52 9.495542000000001e+52 4.2094440000000005e+52 9.978675 12.852402 4.28743 122.276686 192.622849 23.147467
0.113 9.074857e+52 9.657007999999998e+52 4.283968e+52 9.945549 12.87807 4.29948 120.597627 193.342113 23.283545
0.114 9.196389e+52 9.741248e+52 4.33471e+52 9.934834 12.893983 4.310861 120.384666 193.793994 23.405093
0.115 9.354556e+52 9.786016999999998e+52 4.348927e+52 9.951447 12.88717 4.310788 120.769626 193.646645 23.405865
0.116 9.439731999999999e+52 9.810853e+52 4.354645e+52 9.941994 12.869941 4.302982 120.476706 193.216879 23.312803
0.117 9.363331000000001e+52 9.786428e+52 4.3594799999999997e+52 9.961723 12.827056 4.281395 122.286177 192.174129 23.103694
0.118 9.097638e+52 9.636891e+52 4.346177e+52 9.956249 12.789977 4.265164 121.656146 191.322182 22.991128
0.119 8.833913000000001e+52 9.421833e+52 4.298563e+52 9.959496 12.803772 4.255148 122.177095 191.894459 22.946974
0.12 8.623605e+52 9.257847999999999e+52 4.2382540000000004e+52 9.983684 12.888497 4.263759 121.815604 194.1363 23.055741
0.121 8.579866000000001e+52 9.315617e+52 4.20226e+52 10.080667 13.008959 4.286477 125.034334 197.078951 23.267231
0.122 8.374091e+52 9.37374e+52 4.1323559999999997e+52 10.089427 13.028263 4.290166 124.301662 197.174909 23.280623
0.123 8.336648999999999e+52 9.443978e+52 4.146814e+52 10.104626 13.017837 4.29309 124.412144 196.658646 23.306262
0.124 8.376003000000001e+52 9.386944e+52 4.0923489999999995e+52 10.128006 13.027388 4.286692 125.576601 196.75292 23.255912
0.125 8.662625e+52 9.497318e+52 4.134002e+52 10.12125 13.086371 4.306628 125.273492 198.397686 23.464134
0.126 8.769738e+52 9.452451999999999e+52 4.091073e+52 10.088882 13.083828 4.287833 125.57154 198.391163 23.269849
0.127 8.773006e+52 9.489143999999999e+52 4.119927e+52 10.08686 13.083463 4.284921 123.845109 198.571637 23.26748
0.128 8.730591e+52 9.460036e+52 4.082047e+52 10.080801 13.035578 4.267833 123.456512 197.441161 23.106626
0.129 8.93572e+52 9.633696e+52 4.131545e+52 10.130336 13.051458 4.268593 124.513416 198.199509 23.108265
0.13 9.317084e+52 9.775283999999999e+52 4.136962e+52 10.169849 13.057692 4.257799 125.199896 198.324153 22.996066
0.131 9.5149e+52 9.903552e+52 4.2261550000000005e+52 10.172774 13.110952 4.270997 125.744706 199.882923 23.116698
0.132 9.33123e+52 9.834364e+52 4.2369510000000005e+52 10.083063 13.116852 4.266448 123.880186 200.158066 23.089419
0.133 9.243449999999999e+52 9.685903e+52 4.205336e+52 10.089223 13.15745 4.261046 124.229125 201.535329 23.064438
0.134 9.087351999999999e+52 9.476447e+52 4.12852e+52 10.151923 13.156664 4.246239 127.299887 201.706389 22.935127
0.135 8.866213999999999e+52 9.338325e+52 4.075406e+52 10.162818 13.102501 4.23174 125.387878 200.227879 22.784468
0.136 8.662955e+52 9.259309e+52 4.015455e+52 10.207276 13.046803 4.219628 127.770451 198.739656 22.645284
0.137 8.601024e+52 9.348937e+52 4.0147839999999996e+52 10.24948 13.058913 4.226743 129.335923 199.291822 22.692833
0.138 8.792414e+52 9.537288e+52 4.067314e+52 10.338802 13.130378 4.247886 131.025921 201.481325 22.868852
0.139 8.888477999999999e+52 9.548365e+52 4.010107e+52 10.408854 13.125793 4.244957 131.976669 201.099528 22.829695
0.14 9.013225999999999e+52 9.689114e+52 3.9953310000000004e+52 10.513172 13.121149 4.245953 135.116178 200.48251 22.830593
0.141 9.170368e+52 9.901088e+52 4.028701e+52 10.533502 13.14943 4.249982 134.217133 201.137943 22.846603
0.142 9.379869e+52 1.0021243999999999e+53 4.0966959999999994e+52 10.530539 13.20289 4.256612 134.167341 202.87906 22.932651
0.143 9.462807e+52 1.0026147999999999e+53 4.138427e+52 10.522106 13.250145 4.258103 133.925805 204.330955 22.947094
0.144 9.506211e+52 9.986886e+52 4.1435820000000005e+52 10.554876 13.265532 4.250845 134.472228 204.917923 22.879338
0.145 9.516919e+52 9.957899e+52 4.144883e+52 10.579674 13.270027 4.246041 135.59472 205.128803 22.827812
0.146 9.548456e+52 1.0014352e+53 4.156381e+52 10.567471 13.277717 4.2463 134.513403 205.260712 22.798096
0.147 9.554812999999999e+52 1.0031375e+53 4.1530719999999996e+52 10.538905 13.266128 4.248232 135.209458 204.7716 22.813694
0.148 9.472922000000001e+52 1.0022146e+53 4.14691e+52 10.459742 13.246815 4.25332 131.965541 204.228918 22.873315
0.149 9.437942e+52 9.973366e+52 4.132777e+52 10.430036 13.209606 4.244825 131.422188 203.412789 22.790444
0.15 9.397157999999999e+52 9.92947e+52 4.1354499999999994e+52 10.450674 13.180755 4.235753 132.328772 202.8052 22.693138
0.151 9.390952999999999e+52 9.878773e+52 4.1380410000000005e+52 10.499472 13.203295 4.240212 134.187825 203.605906 22.716671
0.152 9.385792e+52 9.824868000000001e+52 4.1211250000000003e+52 10.555627 13.195062 4.235572 135.794651 203.40818 22.643501
0.153 9.264932e+52 9.699020000000002e+52 4.0609460000000004e+52 10.574886 13.181548 4.228712 135.197774 203.064686 22.60352
0.154 9.161287e+52 9.718422e+52 4.03566e+52 10.627295 13.184053 4.237081 137.142711 203.084133 22.71472
0.155 9.170248000000001e+52 9.781324e+52 4.0054059999999997e+52 10.648348 13.198084 4.249303 137.397024 203.293369 22.84135
0.156 9.26211e+52 9.898206e+52 3.991152e+52 10.663382 13.247156 4.252085 137.89706 204.381316 22.838808
0.157 9.261743e+52 9.914934e+52 3.9942709999999997e+52 10.65169 13.272123 4.252779 136.791442 205.042884 22.821474
0.158 9.410691999999999e+52 9.924348e+52 4.0141140000000004e+52 10.667081 13.290621 4.253225 138.737017 205.920271 22.830468
0.159 9.556046e+52 1.0074488e+53 4.1134760000000006e+52 10.628867 13.34363 4.273989 137.21308 207.661597 23.056736
0.16 9.642884999999999e+52 1.0112147e+53 4.155269e+52 10.592252 13.354842 4.285866 135.690839 208.165461 23.212577
0.161 9.657635e+52 1.0111926e+53 4.194351e+52 10.574447 13.35378 4.296378 135.832979 208.303959 23.355065
0.162 9.648679e+52 1.017703e+53 4.227374e+52 10.550728 13.314423 4.301252 134.983462 207.255326 23.441838
0.163 9.836053e+52 1.0176088e+53 4.226014e+52 10.630369 13.316357 4.311275 139.465229 207.415776 23.563248
0.164 9.803645e+52 1.0151037000000001e+53 4.1958549999999997e+52 10.613545 13.269942 4.317224 137.890527 205.925873 23.624703
0.165 9.820035e+52 1.0219481e+53 4.202566e+52 10.603044 13.285121 4.321321 136.428518 206.245315 23.672256
0.166 9.879172e+52 1.0243769e+53 4.190075e+52 10.664795 13.312421 4.326155 139.433062 206.898146 23.753103
0.167 9.912603e+52 1.0055667e+53 4.174902e+52 10.693012 13.358626 4.334014 139.486832 208.365714 23.880888
0.168 9.771651e+52 9.981564e+52 4.150221e+52 10.716657 13.386146 4.342423 139.210661 208.944494 23.980451
0.169 9.651697e+52 9.976034e+52 4.1125100000000006e+52 10.765934 13.412026 4.345304 140.903251 209.50788 24.02344
0.17 9.467246e+52 9.948598e+52 4.099047e+52 10.801836 13.476915 4.360387 140.506465 211.371231 24.182822
0.171 9.368776e+52 9.819971e+52 4.0598859999999996e+52 10.897177 13.536227 4.382516 145.183563 213.20379 24.408197
0.172 9.196726e+52 9.571858000000001e+52 3.966344e+52 10.898167 13.555805 4.387317 145.270794 213.648179 24.451989
0.173 9.030146e+52 9.486523e+52 3.930171e+52 10.867114 13.532961 4.386566 144.128522 212.914892 24.446403
0.174 9.172862e+52 9.524832e+52 3.939612e+52 10.884058 13.557836 4.389743 144.397363 213.877927 24.481351
0.175 9.356215e+52 9.500306999999999e+52 3.944291e+52 10.873238 13.600631 4.394711 142.505784 215.454446 24.513113
0.176 9.492653000000001e+52 9.589057e+52 3.958231e+52 10.866382 13.642839 4.405676 142.062845 216.643978 24.591759
0.177 9.661099999999998e+52 9.662566e+52 3.9835569999999997e+52 10.873627 13.672313 4.404832 144.570757 217.631934 24.529691
0.178 9.671579e+52 9.650157e+52 3.986746e+52 10.822632 13.710336 4.401413 141.130137 218.971269 24.454483
0.179 9.716383e+52 9.455716e+52 3.969594e+52 10.848897 13.761579 4.392492 142.408307 221.014147 24.339602
0.18 9.690152e+52 9.291901e+52 3.955039e+52 10.825947 13.721418 4.383358 142.628044 220.142337 24.258832
0.181 9.63722e+52 9.248131000000001e+52 3.920062e+52 10.7626 13.647643 4.385236 140.279217 217.952008 24.296335
0.182 9.593205e+52 9.361254e+52 3.965124e+52 10.736809 13.584698 4.386333 140.602568 215.80297 24.32527
0.183 9.770552e+52 9.538726000000001e+52 3.997524e+52 10.765374 13.628547 4.39384 140.871467 217.180671 24.404913
0.184 9.847255e+52 9.691217e+52 4.0380890000000004e+52 10.811901 13.590233 4.394798 144.601273 215.609998 24.389524
0.185 9.933177e+52 9.72893e+52 4.0698049999999996e+52 10.818392 13.549283 4.392558 142.549694 214.738255 24.332241
0.186 9.839003e+52 9.737147e+52 4.025799e+52 10.806122 13.535069 4.378099 141.812958 214.252412 24.185262
0.187 9.640026e+52 9.702242e+52 4.018199e+52 10.805769 13.539476 4.386063 143.615553 214.570436 24.2773
0.188 9.527363e+52 9.573990999999999e+52 3.9987469999999997e+52 10.808195 13.605763 4.394532 143.538006 216.990341 24.416803
0.189 9.253707e+52 9.310307999999999e+52 3.989428e+52 10.791363 13.707765 4.423663 142.000648 220.306993 24.76932
0.19 9.156878000000001e+52 9.203533e+52 3.998209e+52 10.805523 13.744442 4.451329 143.733517 221.60354 25.090934
0.191 9.300315e+52 9.361211000000001e+52 4.0099539999999994e+52 10.774222 13.693245 4.449035 141.361189 220.099601 25.06854
0.192 9.625168e+52 9.796245e+52 4.0184329999999997e+52 10.799486 13.631952 4.436985 141.481511 218.005343 24.910592
0.193 9.951602e+52 1.020323e+53 4.0211110000000006e+52 10.89009 13.611399 4.426003 143.733834 217.283888 24.756635
0.194 9.816008e+52 1.0234207e+53 3.986307e+52 10.985383 13.581292 4.40907 148.09623 216.314076 24.574014
0.195 9.401724e+52 1.0026721e+53 3.920792e+52 10.989069 13.572645 4.392613 146.648637 215.993788 24.392018
0.196 9.050480000000001e+52 9.691363e+52 3.835118e+52 10.994211 13.589111 4.385559 146.8461 216.325801 24.283249
0.197 8.978355000000001e+52 9.413004000000001e+52 3.796798e+52 10.96212 13.584682 4.368072 148.385789 216.043482 24.078313
0.198 8.966625999999999e+52 9.150484e+52 3.826624e+52 10.876317 13.637308 4.357481 144.223828 217.680131 23.947522
0.199 8.857369e+52 8.820962e+52 3.8083200000000004e+52 10.798347 13.690549 4.352338 142.324197 219.545784 23.900736
0.2 8.766636e+52 8.567822e+52 3.7578049999999996e+52 10.778443 13.743525 4.351554 141.570545 221.175205 23.937869
0.201 8.733641e+52 8.516386000000001e+52 3.749478e+52 10.7779 13.75528 4.354667 142.04389 221.503649 24.02186
0.202 8.488949e+52 8.247301999999999e+52 3.71806e+52 10.76231 13.773936 4.37236 141.083342 222.433776 24.282503
0.203 8.385624e+52 8.133727e+52 3.729486e+52 10.760163 13.819465 4.394919 141.556074 224.417733 24.57045
0.204 8.728027000000001e+52 8.343309e+52 3.767897e+52 10.821116 13.916839 4.427824 144.320413 227.813592 24.923437
0.205 9.059812000000001e+52 8.832057000000001e+52 3.8239890000000003e+52 10.870245 13.9003 4.445774 145.083913 227.065341 25.094984
0.206 9.337133e+52 9.543359e+52 3.91562e+52 10.889707 13.812313 4.445829 144.149714 223.717208 25.057772
0.207 9.784213e+52 1.0054423999999998e+53 4.001283e+52 10.929276 13.712038 4.430829 146.092541 220.99057 24.89291
0.208 9.872500000000001e+52 1.0455185999999999e+53 4.1345020000000006e+52 10.940983 13.591008 4.401924 147.308896 217.789617 24.628644
0.209 9.803019e+52 1.0380853e+53 4.0955250000000003e+52 10.967371 13.557447 4.386776 149.948875 216.701423 24.512664
0.21 9.571517999999999e+52 1.0138854e+53 4.108222e+52 10.928227 13.633573 4.40965 146.269555 218.582627 24.706995
0.211 9.442724999999999e+52 1.0025594999999999e+53 4.0885860000000005e+52 10.978924 13.63498 4.421439 150.225945 218.625805 24.824465
0.212 9.423572999999999e+52 9.773301e+52 4.0147799999999997e+52 11.057762 13.622683 4.419955 154.27354 218.267492 24.801582
0.213 9.270736e+52 9.809262000000001e+52 3.9699279999999997e+52 11.01269 13.536161 4.414533 151.16609 215.400767 24.763531
0.214 9.175629000000001e+52 9.932034e+52 3.926956e+52 10.939825 13.479915 4.41161 145.786725 213.537371 24.752851
0.215 9.310386e+52 1.0035557000000002e+53 3.973232e+52 10.951729 13.519607 4.416692 146.150848 214.690323 24.818476
0.216 9.352917e+52 9.879578000000001e+52 3.9304839999999997e+52 10.954989 13.530239 4.412635 147.496858 215.194954 24.821403
0.217 9.000830999999999e+52 9.637954e+52 3.931016e+52 10.869132 13.543867 4.40197 142.955948 215.502391 24.686844
0.218 9.000289000000001e+52 9.518775e+52 3.903235e+52 10.957109 13.711196 4.419024 145.206778 220.718298 24.850091
0.219 9.037114e+52 9.272411e+52 3.839689e+52 10.991737 13.769572 4.425542 145.804917 222.354092 24.953893
0.22 9.060746e+52 9.221598e+52 3.90113e+52 11.027386 13.823239 4.42868 146.938429 224.246016 24.962352
0.221 9.26356e+52 9.368639999999999e+52 3.917998e+52 11.07306 13.887572 4.428142 147.694032 226.294429 24.96686
0.222 9.294072999999999e+52 9.137797000000001e+52 3.902838e+52 11.085466 13.877081 4.418573 149.105235 226.553584 24.893451
0.223 9.307408000000001e+52 9.132984999999999e+52 3.916911e+52 11.078222 13.907073 4.419965 150.808463 227.753221 24.918469
0.224 9.248256e+52 9.084311e+52 3.9192819999999997e+52 11.005521 13.946092 4.426133 147.290914 228.929566 24.976208
0.225 9.095022999999999e+52 8.935121e+52 3.912728e+52 10.9367 13.948064 4.432156 147.146449 229.074101 25.042733
0.226 8.957712e+52 8.758953999999999e+52 3.906721e+52 10.863548 13.943937 4.443071 146.45269 229.296502 25.19067
0.227 8.80006e+52 8.750793e+52 3.9512529999999997e+52 10.79368 13.896329 4.460572 143.882739 228.083682 25.396667
0.228 8.695884e+52 8.697931999999999e+52 4.0045520000000006e+52 10.719229 13.836335 4.471654 141.430572 226.375249 25.497858
0.229 8.714935e+52 8.584091e+52 4.001801e+52 10.694519 13.762609 4.455386 140.725925 224.13258 25.320894
0.23 8.66948e+52 8.539877000000001e+52 3.976141e+52 10.692581 13.732631 4.459439 139.944739 223.060682 25.366442
0.231 8.538766000000001e+52 8.546193000000001e+52 3.946499e+52 10.712047 13.776784 4.476519 140.46386 224.394973 25.55415
0.232 8.535386000000001e+52 8.554335e+52 3.890592e+52 10.827312 13.904858 4.497713 143.690284 228.472594 25.827029
0.233 8.646530999999999e+52 8.722670000000001e+52 3.885256e+52 11.009814 13.900374 4.479881 152.833898 227.967573 25.607072
0.234 8.599596999999999e+52 8.863998999999999e+52 3.835265e+52 10.997445 13.790062 4.445413 147.380133 224.472319 25.297037
0.235 8.642794999999999e+52 8.926100999999999e+52 3.760078e+52 11.025392 13.698803 4.425489 147.893999 221.562114 25.137526
0.236 8.734886e+52 8.985946e+52 3.701408e+52 11.005357 13.660887 4.413252 146.994862 220.602563 25.036161
0.237 9.068148999999999e+52 9.252923e+52 3.7279149999999996e+52 11.028225 13.725718 4.431602 147.644215 222.698685 25.236942
0.238 9.561104e+52 9.60176e+52 3.805361e+52 11.109953 13.801789 4.452615 154.837273 224.883016 25.426465
0.239 9.754858e+52 9.804942e+52 3.831079e+52 11.077505 13.856008 4.476407 150.813501 226.505915 25.675604
0.24 9.50381e+52 9.735566e+52 3.8091210000000004e+52 11.082547 13.95779 4.503546 150.477918 229.306851 25.897842
0.241 8.898849999999999e+52 9.251620000000001e+52 3.749159e+52 11.012585 14.127817 4.546827 149.141335 234.002085 26.215909
0.242 8.559511000000001e+52 8.792123999999999e+52 3.702614e+52 10.973497 14.307262 4.576116 148.464089 239.611366 26.42617
0.243 8.520569e+52 8.637166999999999e+52 3.695586e+52 10.957118 14.41234 4.584669 148.103578 242.261445 26.427005
0.244 8.816052e+52 8.830009e+52 3.782223e+52 10.923671 14.408019 4.561076 148.77254 241.58972 26.114628
0.245 9.068159e+52 9.098423e+52 3.886448e+52 10.871542 14.387777 4.544877 147.124644 240.683555 25.910584
0.246 9.220031e+52 9.189005e+52 3.950789e+52 10.834185 14.392366 4.524719 145.479978 240.458085 25.697262
0.247 9.293449e+52 9.170689e+52 3.975138e+52 10.881757 14.372986 4.509247 148.196112 239.783531 25.559014
0.248 8.953669e+52 8.984077e+52 3.920159e+52 10.870256 14.275609 4.477409 145.690896 236.866512 25.311984
0.249 8.449572e+52 8.583546999999999e+52 3.779021e+52 10.884129 14.183748 4.450655 145.831723 234.39784 25.103572
0.25 7.988543e+52 8.221812999999999e+52 3.632199e+52 10.953556 14.1202 4.439509 147.106092 232.739955 25.02369
0.251 7.603355e+52 8.0411e+52 3.5177839999999996e+52 11.099355 14.072679 4.433785 150.988815 231.521468 24.992661
0.252 7.471728999999999e+52 8.046514e+52 3.443851e+52 11.266692 14.073827 4.435706 155.493082 231.780681 25.063061
0.253 7.329360999999999e+52 8.052299e+52 3.386983e+52 11.424853 14.08798 4.453958 158.127698 232.469167 25.285488
0.254 7.311484e+52 8.071419e+52 3.37311e+52 11.545153 14.079096 4.48211 160.365008 232.400902 25.634313
0.255 7.681307999999999e+52 8.390974e+52 3.426038e+52 11.640931 13.994207 4.501211 165.488051 229.975536 25.847531
0.256 8.176028e+52 8.89903e+52 3.5086279999999997e+52 11.638616 13.915908 4.522083 162.064963 227.758822 26.048602
0.257 8.537356000000001e+52 9.25878e+52 3.555041e+52 11.70605 13.886355 4.526877 165.318778 226.967952 26.125173
0.258 8.784935000000001e+52 9.661424e+52 3.615799e+52 11.708975 13.879146 4.539638 164.200045 226.877835 26.274797
0.259 9.114179999999999e+52 1.0020099e+53 3.7069999999999996e+52 11.726442 13.903635 4.55225 165.697596 227.747473 26.394486
0.26 9.337835e+52 1.0245310999999999e+53 3.807725e+52 11.781179 13.937982 4.561942 171.795821 229.171735 26.473509
0.261 9.447712e+52 1.0342259e+53 3.896975e+52 11.666274 13.896887 4.552295 163.909861 228.066637 26.315405
0.262 9.485250000000001e+52 9.983089e+52 3.843036e+52 11.634921 13.995269 4.589578 163.997216 231.12381 26.634387
0.263 9.383342000000001e+52 9.697782e+52 3.818506e+52 11.591971 14.098396 4.622035 164.68145 233.994125 26.918261
0.264 9.271272e+52 9.538472999999999e+52 3.808691e+52 11.47544 14.07933 4.596748 159.17815 233.790373 26.694001
0.265 9.262359e+52 9.362231e+52 3.789596e+52 11.462458 14.062563 4.583036 166.235706 233.479575 26.562026
0.266 9.170450000000001e+52 9.324288e+52 3.807807e+52 11.264515 14.111678 4.584551 154.971406 234.859198 26.579069
0.267 9.307318e+52 9.341284999999999e+52 3.821856e+52 11.186364 14.137961 4.580958 153.109354 235.427234 26.514016
0.268 9.240842000000001e+52 9.121943e+52 3.833892e+52 11.108024 14.131933 4.573376 152.326255 235.299971 26.429046
0.269 9.130217e+52 8.991930999999999e+52 3.842706e+52 11.028646 14.093776 4.557299 150.361149 234.536747 26.296518
0.27 8.936634e+52 8.782825e+52 3.78405e+52 10.947205 13.966279 4.515419 148.886336 230.648991 25.890012
0.271 8.914009e+52 8.713198e+52 3.736182e+52 10.878944 13.853223 4.47069 146.222819 227.528649 25.442391
0.272 8.789737e+52 8.822762e+52 3.664323e+52 10.86442 13.718502 4.426311 146.288432 223.552882 25.034786
0.273 8.333771e+52 8.686664999999999e+52 3.541383e+52 10.851986 13.538 4.360251 146.125795 218.322985 24.449265
0.274 7.985180999999999e+52 8.499022e+52 3.414212e+52 10.87344 13.447714 4.305437 147.750348 215.935091 23.967885
0.275 7.845997e+52 8.410632e+52 3.351096e+52 10.873428 13.440583 4.276991 146.524577 215.996291 23.71706
0.276 7.882953e+52 8.305486e+52 3.334971e+52 10.872261 13.445599 4.262157 146.369167 216.497448 23.560572
0.277 7.774618e+52 8.121148e+52 3.301857e+52 10.832648 13.392605 4.24893 145.206554 214.970823 23.42658
0.278 7.664962e+52 8.008834e+52 3.264936e+52 10.762025 13.287338 4.233388 143.650344 211.815906 23.274543
0.279 7.750414e+52 8.001163e+52 3.24106e+52 10.708224 13.228439 4.224663 144.297639 209.906145 23.195002
0.28 7.766476e+52 8.021588e+52 3.243332e+52 10.726184 13.287633 4.235652 145.081888 211.428938 23.321368
0.281 7.733267e+52 7.979823999999999e+52 3.266009e+52 10.747342 13.413866 4.253943 144.362023 215.075719 23.492809
0.282 7.576107e+52 7.852839999999999e+52 3.2905769999999997e+52 10.754449 13.507675 4.267551 145.024849 217.655088 23.598195
0.283 7.516983e+52 7.760484e+52 3.336414e+52 10.764775 13.620266 4.285524 144.277833 220.792304 23.732219
0.284 7.610210000000001e+52 7.804153e+52 3.402975e+52 10.806677 13.693863 4.292829 144.790532 222.64852 23.733153
0.285 7.716933e+52 7.850618e+52 3.46572e+52 10.913368 13.75689 4.293987 149.492629 224.438875 23.673622
0.286 7.784711e+52 7.856556000000001e+52 3.537389e+52 10.881268 13.796254 4.280769 145.996808 225.656355 23.467092
0.287 7.767098e+52 7.78064e+52 3.59618e+52 10.810937 13.75095 4.261101 144.44285 224.583831 23.199207
0.288 7.86156e+52 7.876401999999999e+52 3.665868e+52 10.737504 13.712784 4.25616 143.73936 223.761886 23.128826
0.289 8.006782e+52 7.949994e+52 3.719407e+52 10.704143 13.75933 4.256172 142.392418 225.432134 23.114858
0.29 8.147791e+52 7.998968e+52 3.76445e+52 10.690271 13.768729 4.257536 142.212027 225.651542 23.091293
0.291 8.331248e+52 8.122363e+52 3.840125e+52 10.669684 13.788206 4.264158 141.76386 226.221738 23.120618
0.292 8.392338e+52 8.157007e+52 3.8766880000000003e+52 10.626606 13.769599 4.264911 140.678702 225.649371 23.125997
0.293 8.329243999999999e+52 8.163584e+52 3.889983e+52 10.607805 13.752188 4.270769 140.223896 225.105379 23.205166
0.294 8.337817e+52 8.187944999999999e+52 3.887548e+52 10.62079 13.741682 4.281767 140.590527 224.770757 23.338968
0.295 8.393024e+52 8.233421999999999e+52 3.9315259999999997e+52 10.62715 13.728781 4.288954 140.840402 224.512696 23.435539
0.296 8.418644e+52 8.218785000000001e+52 3.921629e+52 10.613496 13.696043 4.290189 140.769719 223.740946 23.465716
0.297 8.338516999999999e+52 8.255326999999999e+52 3.93793e+52 10.595239 13.701874 4.295716 140.41323 224.001932 23.544493
0.298 8.256895e+52 8.207713999999999e+52 3.907152e+52 10.58462 13.692305 4.29466 140.33291 223.917457 23.553032
0.299 8.069226999999999e+52 7.971278e+52 3.869541e+52 10.543703 13.660062 4.285744 139.317998 223.244036 23.467283
0.3 8.052049000000001e+52 7.917908e+52 3.845314e+52 10.536007 13.640882 4.272774 138.909257 222.743862 23.326627
0.301 7.985425e+52 7.788371e+52 3.840691e+52 10.52973 13.634543 4.264582 138.425604 222.722804 23.226665
0.302 7.927436e+52 7.735051e+52 3.854803e+52 10.530051 13.633891 4.26381 138.339176 222.847326 23.202818
0.303 7.940477e+52 7.707624e+52 3.860589e+52 10.525455 13.625705 4.26191 138.208389 222.610864 23.182973
0.304 8.129196999999999e+52 7.84345e+52 3.893792e+52 10.542977 13.612904 4.26244 138.59795 222.106967 23.193752
0.305 8.286625e+52 8.022424000000001e+52 3.916213e+52 10.563571 13.594415 4.273538 139.131172 221.370092 23.300925
0.306 8.358665e+52 8.097080999999999e+52 3.94106e+52 10.54815 13.58127 4.275684 138.873951 220.876429 23.331222
0.307 8.336463e+52 8.057018e+52 3.9709989999999997e+52 10.520856 13.582297 4.275534 138.381148 220.983758 23.333425
0.308 8.163418999999999e+52 7.887899e+52 3.953516e+52 10.506497 13.537806 4.263106 138.127293 219.688007 23.220965
0.309 8.079157999999999e+52 7.709904e+52 3.922068e+52 10.458297 13.470489 4.252043 136.881499 217.750365 23.125932
0.31 8.073152e+52 7.701454e+52 3.923726e+52 10.431565 13.444673 4.248137 136.241024 217.096278 23.115359
0.311 8.147435e+52 7.76107e+52 3.925526e+52 10.451156 13.462971 4.253523 136.785108 217.815899 23.201706
0.312 8.348855000000001e+52 7.979626e+52 3.938866e+52 10.485265 13.489635 4.259746 137.711052 218.494507 23.300686
0.313 8.492145e+52 8.207031000000001e+52 3.962894e+52 10.516182 13.513314 4.266252 138.527351 219.140724 23.383704
0.314 8.650916000000001e+52 8.326691999999999e+52 3.988006e+52 10.513254 13.502352 4.266873 138.623083 219.005275 23.38841
0.315 8.733754e+52 8.388405e+52 4.013819e+52 10.508396 13.496392 4.267596 138.785651 218.99849 23.404065
0.316 8.598796e+52 8.329485999999999e+52 4.0111439999999996e+52 10.482408 13.468656 4.263597 138.544085 218.368323 23.370953
0.317 8.522144000000001e+52 8.339202999999999e+52 4.020943e+52 10.485639 13.460548 4.261517 138.817277 218.215956 23.349422
0.318 8.598874000000001e+52 8.434222999999999e+52 4.0324109999999995e+52 10.49633 13.430958 4.262147 138.92143 217.034704 23.3444
0.319 8.472291999999999e+52 8.318053000000001e+52 4.0105190000000003e+52 10.468758 13.37823 4.255521 138.223823 215.486564 23.285109
0.32 8.259264e+52 8.037464999999999e+52 3.964027e+52 10.413972 13.293513 4.23383 136.918561 213.253716 23.069619
0.321 8.083463999999999e+52 7.794645e+52 3.887076e+52 10.352328 13.202993 4.217225 135.400516 210.71959 22.913312
0.322 8.059725e+52 7.740231e+52 3.851614e+52 10.282997 13.149567 4.207391 133.675694 209.255621 22.852108
0.323 7.981959e+52 7.710922e+52 3.843632e+52 10.259799 13.14657 4.193958 133.263948 209.33076 22.756534
0.324 8.055112e+52 7.790318e+52 3.879691e+52 10.281691 13.173033 4.18898 133.923135 210.267786 22.709523
0.325 8.071773000000001e+52 7.67159e+52 3.8791699999999995e+52 10.211169 13.0875 4.181216 132.110629 207.947301 22.618347
0.326 7.988895e+52 7.639783000000001e+52 3.869747e+52 10.164226 13.084837 4.175751 131.203676 208.109254 22.559895
0.327 8.063255e+52 7.719207e+52 3.862323e+52 10.180993 13.082412 4.161499 131.606298 207.985821 22.440036
0.328 8.080799000000001e+52 7.700275999999999e+52 3.848774e+52 10.142227 13.058772 4.147252 130.828435 207.323946 22.30698
0.329 8.129317e+52 7.713597e+52 3.835069e+52 10.133198 13.019072 4.140645 130.654351 206.183774 22.256497
0.33 8.053464999999999e+52 7.677681e+52 3.804487e+52 10.115957 12.952077 4.133135 130.282999 204.317488 22.189612
0.331 7.98682e+52 7.646847000000001e+52 3.759156e+52 10.124109 12.912367 4.118921 130.416214 203.106831 22.071168
0.332 7.855092e+52 7.58899e+52 3.736275e+52 10.112538 12.868899 4.101873 130.169723 201.879493 21.940887
0.333 7.84909e+52 7.698629999999999e+52 3.772908e+52 10.150315 12.890668 4.108843 131.184145 202.470076 22.032207
0.334 7.85438e+52 7.673496e+52 3.7798690000000003e+52 10.150795 12.850693 4.106858 131.127554 201.294127 22.003995
0.335 7.924806e+52 7.662268e+52 3.795307e+52 10.17434 12.878107 4.116348 131.521102 201.940071 22.08035
0.336 7.923017e+52 7.605219e+52 3.799012e+52 10.147064 12.837967 4.096054 131.003017 200.810234 21.872874
0.337 7.870657e+52 7.533998999999999e+52 3.80093e+52 10.088824 12.778224 4.080764 129.764223 199.217329 21.74217
0.338 7.738908e+52 7.449385999999999e+52 3.7897530000000003e+52 10.046138 12.746154 4.080914 128.805988 198.21729 21.745697
0.339 7.725688e+52 7.406471999999999e+52 3.741055e+52 10.022043 12.705713 4.082672 128.071012 196.858728 21.798297
0.34 7.649072999999999e+52 7.405909e+52 3.691743e+52 9.947044 12.629491 4.067798 126.394065 194.610786 21.720616
0.341 7.540237e+52 7.194256000000001e+52 3.6202299999999995e+52 9.89614 12.559093 4.050545 125.174733 192.74443 21.594678
0.342 7.425014e+52 7.052832e+52 3.5825390000000004e+52 9.893073 12.571605 4.050255 125.172645 193.226862 21.629558
0.343 7.379712999999999e+52 6.96709e+52 3.549867e+52 9.86441 12.53121 4.037107 124.694331 192.169184 21.528063
0.344 7.568181e+52 7.084783e+52 3.615405e+52 9.862086 12.520725 4.027222 124.727587 192.070522 21.450537
0.345 7.793544e+52 7.27439e+52 3.698742e+52 9.893897 12.512882 4.03829 125.409586 191.919451 21.529769
0.346 7.985259e+52 7.401499e+52 3.7601589999999996e+52 9.932781 12.541034 4.051317 126.250038 192.821243 21.639204
0.347 8.133278000000001e+52 7.516839e+52 3.809226e+52 9.913333 12.558321 4.05648 125.830867 193.392384 21.695309
0.348 8.234206e+52 7.590043e+52 3.869825e+52 9.902277 12.57139 4.065923 125.76622 193.985048 21.796523
0.349 8.459289e+52 7.765964e+52 3.943797e+52 9.948555 12.620114 4.097544 126.852653 195.379212 22.076802
0.35 8.602728e+52 7.861766e+52 4.0240159999999995e+52 9.942491 12.641552 4.118912 126.577216 196.036811 22.29349
0.351 8.42355e+52 7.657604e+52 3.988501e+52 9.899334 12.593514 4.111642 125.320574 194.60712 22.245477
0.352 8.368763e+52 7.79509e+52 4.062964e+52 9.960484 12.653171 4.134029 126.910279 196.12833 22.464213
0.353 8.431283999999999e+52 7.952047e+52 4.0785530000000005e+52 10.030791 12.694997 4.136042 128.653879 197.27888 22.483184
0.354 8.397516e+52 7.933253999999999e+52 4.046984e+52 10.010327 12.662907 4.114359 128.422958 196.411824 22.288307
0.355 8.474489999999999e+52 7.91514e+52 4.082581e+52 10.094071 12.735603 4.128011 130.548657 198.554329 22.405843
0.356 8.490738999999999e+52 7.803203e+52 4.0579039999999995e+52 10.161548 12.774559 4.139688 132.195151 199.732654 22.506482
0.357 8.208499e+52 7.502551999999999e+52 3.969316e+52 10.124278 12.717092 4.128555 131.217132 197.852053 22.413217
0.358 7.776471e+52 7.177601e+52 3.8597619999999997e+52 10.05805 12.661959 4.124875 129.532556 196.101695 22.397229
0.359 7.619258e+52 7.121857999999999e+52 3.8138390000000003e+52 10.057065 12.643664 4.124136 129.515327 195.490085 22.438054
0.36 7.398964e+52 7.036254999999999e+52 3.723275e+52 10.076448 12.638932 4.11359 130.109838 195.385744 22.344465
0.361 7.344443e+52 7.028299e+52 3.6903709999999997e+52 10.118331 12.697891 4.111393 130.910408 196.82823 22.356275
0.362 7.405091e+52 7.162483e+52 3.672752e+52 10.15475 12.729245 4.118534 131.431412 197.243858 22.446546
0.363 7.313399000000001e+52 7.143327e+52 3.653898e+52 10.128992 12.718348 4.136074 130.582625 196.646984 22.661321
0.364 7.107693e+52 6.908781000000001e+52 3.621197e+52 10.112653 12.706402 4.133347 130.226364 196.548541 22.667293
0.365 6.826488e+52 6.615422e+52 3.573403e+52 10.002756 12.585011 4.102748 127.650477 193.165045 22.345121
0.366 6.569966e+52 6.390926e+52 3.536305e+52 9.921009 12.51897 4.094794 125.577179 191.308602 22.283612
0.367 6.320499e+52 6.182854e+52 3.442108e+52 9.830061 12.406135 4.055135 123.566353 188.345795 21.91334
0.368 6.154065e+52 6.062991000000001e+52 3.371649e+52 9.758607 12.3229 4.017383 122.043119 186.075663 21.532754
0.369 6.139716e+52 6.043072999999999e+52 3.3732039999999997e+52 9.725973 12.293038 4.007717 121.313202 185.54157 21.445487
0.37 6.197007e+52 6.060302e+52 3.384249e+52 9.679752 12.260635 3.992414 120.360624 184.73586 21.266035
0.371 6.423746e+52 6.186405e+52 3.477188e+52 9.683554 12.276121 3.990651 120.608768 185.469367 21.175954
0.372 6.598538e+52 6.339378e+52 3.577559e+52 9.646202 12.258391 4.000348 120.035652 185.180511 21.241999
0.373 6.780554999999999e+52 6.517721e+52 3.712199e+52 9.618183 12.252407 4.020352 119.687793 185.047101 21.433422
0.374 6.944283e+52 6.655114e+52 3.848043e+52 9.638072 12.266934 4.043895 120.365561 185.661004 21.687949
0.375 7.006394e+52 6.711053e+52 3.9404400000000004e+52 9.645326 12.269097 4.059414 120.759873 185.978954 21.832595
0.376 7.233273e+52 6.939217e+52 4.025461e+52 9.696962 12.331046 4.09371 122.107016 187.843284 22.154444
0.377 7.444449e+52 7.208965000000001e+52 4.131178e+52 9.757563 12.424686 4.138049 123.73956 190.741192 22.602569
0.378 7.614849000000001e+52 7.359015e+52 4.2293200000000004e+52 9.804713 12.426005 4.172728 124.933933 191.017651 22.991637
0.379 7.692501e+52 7.401871999999999e+52 4.3405009999999997e+52 9.839396 12.430175 4.194975 125.785469 191.482588 23.274154
0.38 7.751493e+52 7.488965999999999e+52 4.4356869999999995e+52 9.838929 12.407466 4.233285 126.072551 190.79794 23.730669
0.381 7.602885e+52 7.459118e+52 4.452342e+52 9.785917 12.354215 4.26115 124.362201 189.038853 24.13012
0.382 7.481212e+52 7.363855e+52 4.495922e+52 9.742637 12.321713 4.28701 123.437493 188.538297 24.558405
0.383 7.332713e+52 7.232474e+52 4.398238e+52 9.701164 12.282336 4.27638 122.207296 187.130608 24.537876
0.384 7.312353e+52 7.203840999999999e+52 4.3180589999999997e+52 9.669299 12.216903 4.254887 121.319098 185.0583 24.327605
0.385 7.230677e+52 7.129092e+52 4.3270840000000003e+52 9.642624 12.199266 4.254898 120.841097 184.806969 24.324085
0.386 7.202514e+52 7.084956e+52 4.322751e+52 9.606639 12.177868 4.253145 119.976501 184.247073 24.351299
0.387 7.066122e+52 6.8118e+52 4.292665e+52 9.548838 12.100612 4.242733 118.648666 182.108517 24.26674
0.388 6.975781999999999e+52 6.672710999999999e+52 4.26087e+52 9.529661 12.10507 4.244452 118.403242 182.437934 24.261904
0.389 6.931498000000001e+52 6.634898999999999e+52 4.2156440000000004e+52 9.526971 12.079165 4.235499 118.351932 181.626111 24.197794
0.39 6.835835000000001e+52 6.568053e+52 4.2456509999999993e+52 9.523274 12.030734 4.244373 118.283868 180.502124 24.345077
0.391 6.840174e+52 6.600374999999999e+52 4.37921e+52 9.552057 12.065293 4.291349 119.361312 181.852121 25.009982
0.392 6.698924e+52 6.44835e+52 4.3409389999999995e+52 9.509712 12.022736 4.296202 118.246506 180.467004 25.165206
0.393 6.651463e+52 6.389484000000001e+52 4.315227e+52 9.491676 11.997984 4.287216 117.7836 179.792656 25.089247
0.394 6.57589e+52 6.345541e+52 4.303986e+52 9.440075 11.962604 4.307803 116.794952 178.613826 25.334437
0.395 6.630807e+52 6.447332000000001e+52 4.3254330000000004e+52 9.46325 11.984531 4.319922 117.14434 179.188199 25.499755
0.396 6.657805999999999e+52 6.479823e+52 4.346735e+52 9.524704 12.049579 4.330644 118.95593 181.391339 25.583368
0.397 6.493325e+52 6.398191e+52 4.28878e+52 9.491018 12.054448 4.31873 118.201449 181.437782 25.460063
0.398 6.366013e+52 6.372283999999999e+52 4.2297010000000003e+52 9.424411 12.021287 4.304921 116.401279 179.961855 25.324594
0.399 6.377678e+52 6.391611e+52 4.189813e+52 9.445084 12.02412 4.292581 116.939572 180.125297 25.222574
0.4 6.36469e+52 6.392699000000001e+52 4.1684640000000003e+52 9.471856 12.050853 4.288305 117.69651 180.792044 25.20351
0.401 6.400376e+52 6.431267e+52 4.1740380000000006e+52 9.518399 12.088785 4.317859 119.990989 182.010115 25.495698
0.402 6.380199e+52 6.378134e+52 4.1778519999999996e+52 9.502239 12.079498 4.308686 118.294135 181.918111 25.369268
0.403 6.355234e+52 6.354631999999999e+52 4.187588e+52 9.490499 12.065745 4.311433 118.017399 181.516035 25.385229
0.404 6.147131e+52 6.178677e+52 4.1420240000000003e+52 9.463986 12.007758 4.3106 117.319584 180.130066 25.378897
0.405 6.047677000000001e+52 6.057105e+52 4.1272399999999997e+52 9.416968 11.984798 4.30459 116.43536 179.059505 25.225522
0.406 6.06694e+52 6.038623000000001e+52 4.125966e+52 9.462447 12.011753 4.29697 117.052574 179.983629 25.100906
0.407 6.006979e+52 5.951401e+52 4.1042240000000003e+52 9.395649 11.964558 4.270783 116.107279 178.875303 24.81888
0.408 5.946267e+52 5.906696e+52 4.101794e+52 9.435961 11.988904 4.283465 116.102763 179.210646 24.841564
0.409 5.823541e+52 5.803545e+52 4.084655e+52 9.367777 11.975439 4.292252 114.864267 178.774196 25.05167
0.41 5.81139e+52 5.740456e+52 4.057533e+52 9.404127 11.980192 4.30375 115.442858 178.953197 25.146888
0.411 5.7992e+52 5.737093e+52 4.0628539999999997e+52 9.418605 11.985583 4.302284 115.691019 179.2075 25.116542
0.412 5.808996999999999e+52 5.767019999999999e+52 4.074417e+52 9.45153 12.018413 4.313166 116.612617 180.314795 25.273084
0.413 5.789922e+52 5.69945e+52 4.0676430000000004e+52 9.472084 12.023687 4.322008 117.108771 180.487937 25.398924
0.414 5.845998999999999e+52 5.741912e+52 4.1076480000000004e+52 9.518219 12.069573 4.344791 118.358236 181.797228 25.655988
0.415 5.958431e+52 5.884564e+52 4.1801259999999997e+52 9.604535 12.189646 4.377903 120.451979 185.302498 26.004904
0.416 6.120867e+52 6.00427e+52 4.268246e+52 9.699661 12.286587 4.415575 122.702986 188.212761 26.404043
0.417 6.220686e+52 6.120419e+52 4.3099740000000003e+52 9.748598 12.320693 4.42619 123.688435 188.779413 26.554156
0.418 6.201526999999999e+52 6.087281e+52 4.3352009999999997e+52 9.722257 12.321068 4.433946 123.060738 188.811042 26.687107
0.419 6.150887e+52 6.0053e+52 4.328518e+52 9.714515 12.318626 4.432231 122.984998 188.904531 26.666308
0.42 5.921446e+52 5.822655e+52 4.238982e+52 9.640917 12.245897 4.400599 121.045697 186.639677 26.278087
0.421 5.820256e+52 5.72983e+52 4.187933e+52 9.618552 12.237996 4.389103 120.735476 186.622305 26.184162
0.422 5.717227000000001e+52 5.506798e+52 4.1559039999999996e+52 9.549108 12.148026 4.388751 118.811576 183.940308 26.189341
0.423 5.670564e+52 5.437598e+52 4.132871e+52 9.536872 12.123121 4.386318 118.159075 182.716683 26.139355
0.424 5.510013e+52 5.279557999999999e+52 4.1109629999999997e+52 9.524484 12.085235 4.408838 117.80012 181.783018 26.408768
0.425 5.304659e+52 5.088759e+52 4.0686619999999995e+52 9.484411 12.090927 4.407571 116.931453 181.955288 26.391727
0.426 5.262846e+52 5.057673999999999e+52 4.028525e+52 9.515315 12.1159 4.385239 117.79542 182.859609 26.112013
0.427 5.146126e+52 4.914489e+52 3.9770789999999996e+52 9.507429 12.106526 4.367944 117.950298 182.641612 25.922385
0.428 4.950539e+52 4.725812e+52 3.9087e+52 9.433681 12.023868 4.354524 115.873798 180.002502 25.780382
0.429 4.952518e+52 4.7592100000000004e+52 3.8817319999999997e+52 9.511755 12.124814 4.354086 118.241841 183.430224 25.783428
0.43 5.016401e+52 4.804455e+52 3.841957e+52 9.559538 12.150673 4.366998 119.288069 184.425788 26.02729
0.431 4.973447e+52 4.6701249999999996e+52 3.854997e+52 9.54221 12.08357 4.399118 118.381063 181.784355 26.379427
0.432 5.219234e+52 4.932762999999999e+52 3.913495e+52 9.700274 12.268787 4.439168 122.283056 187.160327 26.844808
0.433 5.000216e+52 4.763847e+52 3.921887e+52 9.728424 12.321594 4.451377 123.113852 188.965395 27.016577
0.434 5.14686e+52 4.92096e+52 3.945086e+52 9.708087 12.298312 4.447239 122.093347 187.783892 26.901898
0.435 5.248659e+52 5.012949e+52 3.925629e+52 9.778752 12.350612 4.43132 123.828936 189.194921 26.718776
0.436 5.08198e+52 4.899256e+52 3.91508e+52 9.763605 12.342749 4.430164 123.33427 188.860856 26.653221
0.437 5.082839e+52 4.990937e+52 3.9068949999999997e+52 9.828822 12.452634 4.428285 125.35091 192.623037 26.577234
0.438 4.835219999999999e+52 4.844979e+52 3.832932e+52 9.774985 12.415422 4.414012 123.842501 191.315399 26.474471
0.439 4.811246e+52 4.815394e+52 3.806578e+52 9.76506 12.410683 4.432892 123.584921 191.339397 26.707657
0.44 4.877835e+52 4.9346e+52 3.793635e+52 9.81185 12.461804 4.438235 124.892652 192.813695 26.742075
0.441 4.7595179999999997e+52 4.9149e+52 3.7941850000000003e+52 9.732373 12.395136 4.428213 122.897552 190.462435 26.667604
0.442 4.7762739999999996e+52 4.972098e+52 3.8314430000000003e+52 9.758494 12.436418 4.442514 123.383941 191.69531 26.806077
0.443 4.815299000000001e+52 5.035199e+52 3.8416790000000003e+52 9.78112 12.466992 4.470646 124.052259 192.779303 27.122
0.444 4.951273e+52 5.181879000000001e+52 3.870827e+52 9.88831 12.579259 4.470731 126.881161 196.185486 27.131759
0.445 4.852447e+52 5.093886999999999e+52 3.853795e+52 9.884865 12.571381 4.442882 126.571033 195.96675 26.829649
0.446 4.856950000000001e+52 5.050367e+52 3.841533e+52 9.864269 12.532522 4.435917 126.098935 194.823329 26.762693
0.447 4.885621999999999e+52 5.018249e+52 3.88333e+52 9.853741 12.510066 4.459536 125.669173 193.914867 26.984035
0.448 4.867119e+52 5.047959e+52 3.96089e+52 9.866137 12.569743 4.487002 125.947553 195.706729 27.299428
0.449 4.856387e+52 5.052506e+52 4.017277e+52 9.847311 12.603263 4.505943 125.515912 196.697677 27.507769
0.45 4.843007e+52 5.03209e+52 4.0058990000000005e+52 9.802611 12.556495 4.503189 124.162581 195.197706 27.530407
0.451 4.790109000000001e+52 4.94681e+52 3.953526e+52 9.790933 12.510735 4.4926 124.26009 194.146371 27.482352
0.452 4.7290109999999996e+52 4.91664e+52 3.915523e+52 9.771757 12.507424 4.493574 123.57461 193.752314 27.45431
0.453 4.59858e+52 4.825082e+52 3.891146e+52 9.697888 12.471242 4.50904 121.97109 192.948505 27.647524
0.454 4.595504e+52 4.846871e+52 3.870475e+52 9.761865 12.538906 4.508332 123.555351 195.01537 27.661264
0.455 4.6077310000000003e+52 4.855029e+52 3.8856600000000003e+52 9.758169 12.519893 4.493744 123.506107 194.529393 27.465388
0.456 4.5488730000000004e+52 4.809013e+52 3.8645770000000003e+52 9.699906 12.4873 4.482866 122.106092 193.497746 27.350099
0.457 4.569022e+52 4.794021999999999e+52 3.841815e+52 9.756806 12.533329 4.499117 123.094743 194.612572 27.505697
0.458 4.516233e+52 4.785446e+52 3.8445969999999997e+52 9.745509 12.546862 4.521178 122.345821 194.645203 27.803219
0.459 4.4516049999999996e+52 4.6961000000000005e+52 3.8414359999999996e+52 9.728414 12.543743 4.513856 122.359708 195.205854 27.75158
0.46 4.4131109999999996e+52 4.6750790000000003e+52 3.8234319999999997e+52 9.732077 12.555403 4.509032 122.27149 195.59742 27.690436
0.461 4.2549330000000004e+52 4.5699120000000003e+52 3.8005490000000003e+52 9.660546 12.526095 4.506436 120.672547 194.712598 27.679228
0.462 4.347259e+52 4.5372199999999995e+52 3.8261370000000003e+52 9.748247 12.578392 4.510589 122.989488 196.695798 27.749293
0.463 4.3956e+52 4.593126e+52 3.845415e+52 9.819632 12.660238 4.531045 125.177188 199.322128 27.96039
0.464 4.398323e+52 4.628641e+52 3.8701780000000003e+52 9.863874 12.705005 4.527604 125.718305 200.468198 27.898875
0.465 4.465349e+52 4.7682070000000004e+52 3.8985280000000003e+52 9.874703 12.731502 4.5286 126.068745 201.231246 27.912026
0.466 4.532171e+52 4.864295e+52 3.899618e+52 9.871596 12.706973 4.524518 126.033022 200.217747 27.878361
0.467 4.524994e+52 4.88878e+52 3.866448e+52 9.84235 12.702128 4.532424 125.17615 199.988576 27.999414
0.468 4.521688e+52 4.804859000000001e+52 3.8459020000000003e+52 9.828218 12.66362 4.535731 124.700992 198.764515 28.040869
0.469 4.416651e+52 4.68607e+52 3.855352e+52 9.756457 12.614395 4.530616 123.344619 197.754868 27.911219
0.47 4.369175e+52 4.674968e+52 3.887928e+52 9.751872 12.635616 4.551703 123.572382 198.573409 28.121357
0.471 4.4653650000000004e+52 4.7640019999999995e+52 3.882066e+52 9.836218 12.689653 4.571873 125.22363 199.641383 28.366077
0.472 4.629047e+52 4.951688e+52 3.924001e+52 9.915782 12.779713 4.591843 126.344506 201.550414 28.613837
0.473 4.616558e+52 4.911295e+52 3.9490989999999997e+52 9.93619 12.79283 4.598894 126.548807 201.667375 28.71326
0.474 4.540119e+52 4.812909e+52 3.9554629999999997e+52 9.878473 12.774882 4.588533 125.740503 201.866919 28.545185
0.475 4.4891449999999997e+52 4.7508039999999995e+52 3.935889e+52 9.823115 12.718824 4.580568 124.572944 200.338866 28.412192
0.476 4.3305680000000005e+52 4.567044e+52 3.82392e+52 9.800331 12.691315 4.564597 124.604323 200.156261 28.305135
0.477 4.3076679999999997e+52 4.530863e+52 3.773915e+52 9.848097 12.734448 4.562651 125.68152 201.269219 28.257294
0.478 4.236275e+52 4.483866e+52 3.796461e+52 9.80884 12.719703 4.574593 124.598562 200.535988 28.347819
0.479 4.195474e+52 4.398667e+52 3.8274339999999995e+52 9.779522 12.672409 4.574119 124.375883 199.443341 28.361381
0.48 4.1761499999999997e+52 4.3780739999999995e+52 3.828137e+52 9.80405 12.685316 4.559619 124.932379 200.080116 28.18185
0.481 4.143813e+52 4.320266e+52 3.758065e+52 9.819865 12.706468 4.538355 125.434191 201.038426 27.936234
0.482 4.109381e+52 4.264225e+52 3.694352e+52 9.768833 12.649991 4.525496 123.837511 199.136654 27.800663
0.483 4.090137e+52 4.175137e+52 3.6771069999999997e+52 9.755839 12.619558 4.522898 123.70854 198.160687 27.79042
0.484 4.0504579999999997e+52 4.131438e+52 3.673703e+52 9.7314 12.607048 4.531072 123.099173 197.818992 27.919535
0.485 4.048762e+52 4.138852e+52 3.674171e+52 9.688723 12.557879 4.538455 122.032477 196.079263 28.003706
0.486 4.0050829999999997e+52 4.0928839999999996e+52 3.628222e+52 9.707365 12.55498 4.523822 122.549735 196.115901 27.830628
0.487 3.977431e+52 4.0307199999999994e+52 3.606443e+52 9.675381 12.523961 4.492766 121.47264 195.095298 27.422301
0.488 3.9614029999999997e+52 3.991516e+52 3.618015e+52 9.62345 12.474197 4.470624 120.421604 193.755328 27.105629
0.489 3.996165e+52 4.0490259999999997e+52 3.70345e+52 9.617017 12.480422 4.496406 120.16454 193.861865 27.416812
0.49 3.9979010000000003e+52 4.070106e+52 3.753554e+52 9.604055 12.496863 4.516587 119.782805 194.501044 27.70698
0.491 3.9669590000000004e+52 4.049034e+52 3.7599459999999997e+52 9.610839 12.516083 4.526475 119.774513 194.580704 27.888057
0.492 3.935278e+52 4.002943e+52 3.711071e+52 9.636202 12.520842 4.53016 120.600477 194.865836 27.934161
0.493 3.8744990000000003e+52 3.89715e+52 3.660647e+52 9.617716 12.495765 4.518697 120.278924 194.635434 27.794781
0.494 3.840806e+52 3.847694e+52 3.633621e+52 9.591737 12.478922 4.503763 119.716955 194.307223 27.64484
0.495 3.840715e+52 3.814268e+52 3.652857e+52 9.60811 12.50246 4.530112 120.016902 195.036977 27.885526
0.496 3.845505e+52 3.82128e+52 3.664748e+52 9.64464 12.523201 4.55223 120.911174 195.548213 28.14174
0.497 3.751033e+52 3.76025e+52 3.644765e+52 9.588347 12.475007 4.547939 119.851152 194.219093 28.094581
0.498 3.6917399999999996e+52 3.745189e+52 3.667557e+52 9.586725 12.509973 4.565885 119.689496 195.297308 28.325419
0.499 3.671682e+52 3.726688e+52 3.669132e+52 9.599237 12.525731 4.570929 119.880442 195.767498 28.355715
0.5 3.635857e+52 3.682087e+52 3.640326e+52 9.557624 12.456945 4.561378 119.020274 193.748647 28.251697
0.501 3.563879e+52 3.670613e+52 3.597584e+52 9.491935 12.380633 4.554228 117.444691 191.225172 28.193552
0.502 3.511951e+52 3.6639560000000003e+52 3.55089e+52 9.451911 12.337103 4.555194 116.357047 189.695811 28.234568
0.503 3.523315e+52 3.648568e+52 3.529118e+52 9.467206 12.330601 4.552842 116.703365 189.552163 28.208598
0.504 3.521652e+52 3.64024e+52 3.538954e+52 9.456306 12.329477 4.554362 116.399161 189.687201 28.223748
0.505 3.5152809999999997e+52 3.661915e+52 3.5856539999999997e+52 9.469527 12.359234 4.585087 116.644435 190.454572 28.573293
0.506 3.532204e+52 3.6971729999999996e+52 3.616194e+52 9.521762 12.420176 4.607822 117.803489 191.943406 28.841704
0.507 3.577274e+52 3.756377e+52 3.6484390000000004e+52 9.575178 12.481792 4.619401 118.971948 193.717541 28.975689
0.508 3.6129299999999997e+52 3.794634e+52 3.657967e+52 9.624264 12.533483 4.635797 120.086769 195.307426 29.150163
0.509 3.616841e+52 3.776472e+52 3.641413e+52 9.620538 12.537928 4.626305 119.869332 195.29491 29.032694
0.51 3.596147e+52 3.751166e+52 3.621181e+52 9.607535 12.515087 4.605941 119.680894 194.825643 28.775128
0.511 3.5945900000000004e+52 3.772801e+52 3.629663e+52 9.589445 12.480288 4.601133 119.217582 193.636708 28.759764
0.512 3.596526e+52 3.781289e+52 3.6784560000000003e+52 9.558931 12.476839 4.618643 118.568816 193.394561 29.020513
0.513 3.632243e+52 3.8367490000000004e+52 3.7104279999999996e+52 9.569782 12.473149 4.619745 118.677835 193.108294 29.072648
0.514 3.630276e+52 3.831277e+52 3.6880109999999997e+52 9.556618 12.442682 4.619889 118.387202 192.363623 29.078794
0.515 3.557293e+52 3.781517e+52 3.607802e+52 9.474488 12.367076 4.566291 116.73302 190.391353 28.470477
0.516 3.468201e+52 3.712153e+52 3.530799e+52 9.382332 12.289405 4.534625 114.727103 188.29556 28.116102
0.517 3.4536220000000003e+52 3.676518e+52 3.5143529999999996e+52 9.417903 12.291304 4.532829 115.56016 188.60015 28.062386
0.518 3.463577e+52 3.6486960000000003e+52 3.514996e+52 9.444704 12.313011 4.531594 115.95685 189.135699 28.15113
0.519 3.447603e+52 3.624817e+52 3.501169e+52 9.430933 12.32032 4.557312 115.7685 189.256766 28.422146
0.52 3.418718e+52 3.612027e+52 3.4965489999999996e+52 9.428174 12.342618 4.557506 115.73113 189.862382 28.479223
0.521 3.4030900000000003e+52 3.599304e+52 3.4526279999999997e+52 9.448972 12.341583 4.539474 115.875004 189.737518 28.184639
0.522 3.354945e+52 3.5474519999999996e+52 3.396009e+52 9.386691 12.275654 4.513392 114.592132 187.792629 27.924553
0.523 3.293816e+52 3.488099e+52 3.382203e+52 9.334154 12.23574 4.507737 113.742532 186.825021 27.89338
0.524 3.302296e+52 3.4723739999999997e+52 3.3611749999999997e+52 9.371112 12.26493 4.506361 114.741036 187.915487 27.904733
0.525 3.295612e+52 3.4682520000000003e+52 3.353516e+52 9.382038 12.249046 4.518697 114.575503 187.477262 27.972447
0.526 3.305266e+52 3.4824039999999996e+52 3.3613119999999996e+52 9.417079 12.291672 4.51825 115.272444 188.755242 27.991532
0.527 3.313235e+52 3.496839e+52 3.370517e+52 9.413379 12.295389 4.516014 115.171859 188.680385 28.004724
0.528 3.306197e+52 3.493872e+52 3.377234e+52 9.396412 12.263746 4.507586 114.816139 187.961412 27.925903
0.529 3.236089e+52 3.454302e+52 3.326287e+52 9.329602 12.197359 4.498312 113.824411 186.11672 27.861707
0.53 3.198817e+52 3.382807e+52 3.262308e+52 9.321085 12.136398 4.481836 113.728818 185.117441 27.707617
0.531 3.158139e+52 3.346747e+52 3.231561e+52 9.28065 12.117559 4.470036 112.902565 184.443047 27.601408
0.532 3.1498650000000003e+52 3.338295e+52 3.241117e+52 9.261928 12.108717 4.476819 112.488843 184.122602 27.819467
0.533 3.154459e+52 3.346542e+52 3.197443e+52 9.227704 12.042627 4.438863 111.61801 182.464878 27.414403
0.534 3.191889e+52 3.371548e+52 3.196192e+52 9.233491 12.029968 4.475645 111.209926 181.683903 27.696579
0.535 3.184406e+52 3.38891e+52 3.1717840000000003e+52 9.229289 12.024673 4.435504 111.002333 181.194706 27.218492
0.536 3.232811e+52 3.430824e+52 3.170886e+52 9.268993 12.065766 4.440523 111.811429 182.182165 27.244541
0.537 3.264613e+52 3.462308e+52 3.162018e+52 9.28413 12.098331 4.410362 112.223684 182.719561 26.820665
0.538 3.261601e+52 3.420531e+52 3.181735e+52 9.334539 12.10825 4.422795 113.222042 183.389191 26.872076
0.539 3.2166070000000004e+52 3.3953030000000003e+52 3.135541e+52 9.320295 12.112506 4.433309 113.004765 183.538143 26.977922
0.54 3.265569e+52 3.4325939999999996e+52 3.156978e+52 9.326964 12.127809 4.43213 113.639719 183.737464 27.024814
0.541 3.265298e+52 3.4186160000000003e+52 3.143883e+52 9.334785 12.133474 4.427938 113.621296 183.968248 26.996055
0.542 3.210584e+52 3.337815e+52 3.0978539999999997e+52 9.299858 12.096856 4.419988 112.86868 183.107907 26.886989
0.543 3.184705e+52 3.309643e+52 3.0683090000000003e+52 9.346932 12.069824 4.399523 113.61737 182.644749 26.646064
0.544 3.19979e+52 3.351147e+52 3.100108e+52 9.295798 12.12691 4.408862 113.094588 184.201992 26.806807
0.545 3.199997e+52 3.330267e+52 3.131404e+52 9.329324 12.19229 4.442167 113.878357 185.838392 27.162873
0.546 3.246029e+52 3.336163e+52 3.1629800000000004e+52 9.342066 12.190879 4.451644 113.925882 185.978082 27.264942
0.547 3.256872e+52 3.339354e+52 3.16323e+52 9.310583 12.153555 4.432317 113.351059 185.338865 26.924875
0.548 3.255309e+52 3.369144e+52 3.1432129999999997e+52 9.29822 12.118624 4.400149 113.183615 184.502249 26.593023
0.549 3.269467e+52 3.423794e+52 3.163441e+52 9.335918 12.18354 4.398529 114.239051 186.657825 26.563984
0.55 3.3470330000000003e+52 3.5129869999999997e+52 3.239349e+52 9.361777 12.190136 4.410152 114.650434 186.626126 26.71266
0.551 3.37076e+52 3.5182869999999997e+52 3.249866e+52 9.333757 12.186598 4.4079 114.598402 186.749484 26.755
0.552 3.3742209999999997e+52 3.526361e+52 3.257065e+52 9.366785 12.236132 4.425721 114.997566 187.726595 26.933124
0.553 3.288706e+52 3.446556e+52 3.196141e+52 9.340822 12.204663 4.42042 114.717542 186.955915 26.857942
0.554 3.252998e+52 3.438808e+52 3.2029519999999995e+52 9.30171 12.162708 4.411669 113.441144 185.879042 26.816564
0.555 3.260462e+52 3.399434e+52 3.174395e+52 9.229196 12.111016 4.397049 111.741316 184.661103 26.742702
0.556 3.329489e+52 3.391555e+52 3.155681e+52 9.293275 12.136799 4.388716 113.276076 186.019441 26.690719
0.557 3.382486e+52 3.412433e+52 3.166845e+52 9.308984 12.143556 4.396344 113.470996 185.956134 26.750127
0.558 3.386656e+52 3.394443e+52 3.176168e+52 9.31591 12.20757 4.406379 113.703933 187.912955 26.775993
0.559 3.499585e+52 3.431766e+52 3.2715689999999997e+52 9.350726 12.209972 4.417243 114.464649 188.221558 26.9488
0.56 3.55899e+52 3.399116e+52 3.317698e+52 9.358505 12.160298 4.427711 114.238329 186.164909 27.078441
0.561 3.6143269999999997e+52 3.4722819999999997e+52 3.367319e+52 9.372406 12.120195 4.3863 114.961284 184.999947 26.578996
0.562 3.703263e+52 3.58161e+52 3.472986e+52 9.408859 12.161585 4.364067 116.110568 186.367215 26.315876
0.563 3.786907e+52 3.6773539999999997e+52 3.5219740000000003e+52 9.449708 12.200135 4.375137 116.817796 187.349105 26.360689
0.564 3.7927940000000003e+52 3.677748e+52 3.5543510000000003e+52 9.507682 12.309983 4.434819 117.977562 190.458831 27.027335
0.565 3.698691e+52 3.636134e+52 3.5010919999999996e+52 9.504237 12.318964 4.431214 118.152462 190.818295 26.921194
0.566 3.6214019999999996e+52 3.656605e+52 3.4780829999999996e+52 9.480257 12.281255 4.425814 117.916123 189.681288 26.861776
0.567 3.628958e+52 3.681987e+52 3.475734e+52 9.494543 12.293609 4.439648 118.215548 189.982442 27.091234
0.568 3.646867e+52 3.568175e+52 3.4572780000000003e+52 9.47505 12.232321 4.437487 117.70817 188.243367 27.023958
0.569 3.7210390000000004e+52 3.490298e+52 3.4517859999999996e+52 9.509811 12.207398 4.445339 118.125538 187.312887 27.080352
0.57 3.624034e+52 3.481517e+52 3.390604e+52 9.465228 12.200996 4.435986 117.267959 186.578033 27.008785
0.571 3.549478e+52 3.485615e+52 3.324126e+52 9.509271 12.249611 4.444885 118.620794 188.083434 27.088363
0.572 3.4706959999999995e+52 3.386927e+52 3.263683e+52 9.509262 12.247034 4.45396 118.485452 188.606041 27.233564
0.573 3.410125e+52 3.291167e+52 3.180058e+52 9.557974 12.292134 4.460811 119.487931 189.981097 27.213733
0.574 3.280948e+52 3.2201270000000004e+52 3.085393e+52 9.508118 12.237298 4.445863 118.179797 188.091696 26.992692
0.575 3.1516899999999997e+52 3.1640739999999997e+52 3.044275e+52 9.42485 12.14999 4.448288 116.547837 185.405027 27.046973
0.576 3.063299e+52 3.117867e+52 3.028153e+52 9.353711 12.091697 4.442171 114.944723 183.94782 27.039788
0.577 3.0080619999999995e+52 3.085003e+52 3.00518e+52 9.326536 12.07868 4.433387 114.605452 183.915524 27.026539
0.578 3.022198e+52 3.114347e+52 3.000514e+52 9.336794 12.108919 4.433837 114.587966 184.683076 26.988359
0.579 3.036756e+52 3.159358e+52 2.991802e+52 9.32513 12.107267 4.423791 114.10709 184.382044 26.83437
0.58 3.0438779999999997e+52 3.208537e+52 2.997533e+52 9.323035 12.106161 4.425077 113.982416 184.213803 26.839872
0.581 2.996645e+52 3.195369e+52 2.985623e+52 9.333277 12.146433 4.44394 114.096345 185.284603 27.032138
0.582 2.958467e+52 3.178774e+52 2.967546e+52 9.285571 12.112462 4.454804 112.964304 183.876204 27.170533
0.583 2.908038e+52 3.1493869999999997e+52 2.958667e+52 9.31625 12.14483 4.468372 113.805813 185.045898 27.339981
0.584 2.992949e+52 3.2396950000000004e+52 3.0200809999999996e+52 9.440053 12.29847 4.536444 116.668126 189.568734 28.074528
0.585 3.010718e+52 3.26552e+52 3.056015e+52 9.385372 12.281905 4.537594 114.931219 188.713184 28.071618
0.586 2.967318e+52 3.251103e+52 3.005614e+52 9.342868 12.251819 4.536143 113.931577 187.644603 28.032575
0.587 2.908227e+52 3.212323e+52 2.926746e+52 9.35687 12.25251 4.530822 114.192214 187.619244 27.973733
0.588 2.881353e+52 3.1894779999999996e+52 2.8997350000000003e+52 9.334549 12.238402 4.513143 113.731837 187.279223 27.753549
0.589 2.853818e+52 3.171445e+52 2.922633e+52 9.294019 12.223948 4.537448 112.695532 186.673282 28.041341
0.59 2.805567e+52 3.139346e+52 2.934572e+52 9.220995 12.155747 4.535478 110.95672 184.611499 28.037012
0.591 2.776202e+52 3.0881340000000003e+52 2.907772e+52 9.214047 12.12497 4.536241 110.969437 183.962122 28.120369
0.592 2.7908520000000003e+52 3.076596e+52 2.905386e+52 9.226264 12.113511 4.5173 111.525298 184.18335 27.890352
0.593 2.789419e+52 3.044029e+52 2.90991e+52 9.273809 12.135912 4.50262 112.913812 185.259612 27.776581
0.594 2.813152e+52 3.087341e+52 2.9193359999999997e+52 9.275002 12.151134 4.496348 113.024125 185.643114 27.702358
0.595 2.791188e+52 3.079091e+52 2.893517e+52 9.258909 12.111668 4.498034 112.654346 184.329128 27.697775
0.596 2.793362e+52 3.079928e+52 2.902822e+52 9.233415 12.125834 4.47319 112.049443 184.748894 27.40909
0.597 2.791677e+52 3.06794e+52 2.9140160000000004e+52 9.243712 12.106579 4.460365 112.077539 184.257386 27.269359
0.598 2.820892e+52 3.104946e+52 2.898105e+52 9.163369 12.025007 4.426649 110.380832 181.998776 26.843089
0.599 2.8080630000000004e+52 3.060762e+52 2.834952e+52 9.115035 11.927888 4.38573 109.199617 179.244948 26.407831
