####### LIGHTCURVES AND MEAN ENERGIES
####### 3 NEUTRINO SPECIES: NU_E, NUBAR_E AND N_X
####### ALL QUANTITIES ARE MEASURED AT 500 KM FROM THE CENTER
#######
####### FROM MODEL L2-0A (BUGLI ET AL. 2020,2021)
####### B0=1e12 G, l=2, r0=1.00e8 cm
####### UNITS: TIME [ms], LUMINOSITY [1e52 erg/s], ENERGY [MeV]


# TIME	L_NU_E     	L_NU_BAR   	L_NU_X     	E_NU_E     	E_NU_BAR  	E_NU_X      	E2_NU_E    	E2_NU_BAR 	E2_NU_X     
1	15.212274	0.000040	0.000024	11.202898	6.116329	0.889395	143.413520	49.988089	1.027263	
2	11.279959	0.129802	0.087713	11.209318	10.209108	2.763996	144.346293	121.043191	9.140815	
3	60.063496	0.703776	1.066563	14.639367	13.795381	4.718548	243.625662	221.018110	28.448555	
4	66.975247	0.488538	1.021325	14.268471	12.471397	6.266148	229.980959	181.673623	58.048118	
5	41.076124	0.630655	0.777232	12.875185	12.135477	6.319040	189.441334	168.540900	60.486015	
6	38.795859	0.739313	0.683292	13.034119	11.893081	5.587927	194.043472	162.312981	46.197982	
7	36.541538	0.824735	0.814736	12.186976	11.630922	4.900849	170.116790	155.940832	33.066320	
8	40.151513	0.891380	1.107063	12.496604	11.877178	4.809054	177.776609	163.064183	29.890035	
9	37.908066	0.759695	1.193221	12.244132	11.680931	4.667382	172.891047	157.904647	27.606066	
10	32.765257	0.590190	1.051850	12.248903	11.415682	4.477958	172.576977	151.979646	25.803651	
11	22.463754	0.578094	1.019046	11.207928	11.306542	4.431122	147.867100	148.682768	25.012363	
12	18.909347	0.593591	0.868561	10.718110	10.763087	4.259446	136.581945	135.240693	23.346810	
13	16.538206	0.725090	0.901875	9.934367	10.615455	4.072977	116.662619	130.046401	21.192285	
14	11.176161	0.923977	1.109631	9.604611	10.643951	4.146875	108.660542	132.161039	21.639798	
15	12.403365	1.034798	1.224371	9.612168	10.749345	4.127431	107.654174	133.951628	21.439548	
16	9.951957	1.003501	1.295945	9.414112	10.926809	4.176288	104.738862	137.953970	21.853774	
17	8.105341	1.101310	1.396656	10.151391	11.018602	4.203243	117.463173	141.509268	22.124455	
18	6.180070	1.417410	1.511007	10.024864	11.167767	4.163631	116.662512	144.572358	22.017086	
19	6.459579	1.640747	1.596504	10.006172	11.202032	4.124886	116.442537	146.490607	21.857532	
20	7.426677	1.882569	1.725298	9.919066	11.244030	4.046271	114.533171	147.327483	20.924728	
21	6.811755	2.039612	1.797171	9.567733	11.184702	3.998283	107.887438	145.615420	20.473321	
22	6.983973	2.060957	1.812341	9.608204	11.133776	3.954617	108.581459	144.039871	20.075231	
23	5.956579	1.976083	1.720280	9.124794	11.140128	3.889871	98.758697	143.992910	19.394902	
24	6.115019	1.926846	1.723600	9.038663	11.194959	3.905309	96.695916	144.438391	19.453085	
25	5.592249	1.911108	1.733267	8.509650	11.212772	3.873743	86.704825	144.403749	19.155543	
26	6.143883	1.888910	1.788061	8.565823	11.366161	3.893255	87.450655	148.285731	19.301426	
27	6.868532	2.063850	2.006475	8.538059	11.518624	3.911983	86.714714	152.456990	19.333504	
28	7.490524	2.039732	2.134870	8.510548	11.341219	3.946582	85.719592	148.042945	19.587538	
29	7.877084	2.088302	2.321823	8.481965	11.151901	3.976897	85.506884	143.013653	19.857470	
30	8.216632	2.324581	2.508701	8.472918	11.067342	3.989010	85.285387	140.365562	19.975196	
31	8.794459	2.560358	2.642520	8.541431	11.001816	3.997206	86.739734	138.597407	20.213712	
32	9.345456	3.029098	2.835395	8.708091	11.218827	4.032693	90.108380	144.449141	20.650895	
33	9.943132	3.482764	2.960867	8.777056	11.425641	4.053273	90.951630	149.755807	20.902691	
34	9.741971	3.718830	3.025248	8.811913	11.520342	4.084133	91.410429	152.167076	21.142647	
35	8.788246	3.652808	2.974004	8.805843	11.443008	4.054875	91.415746	150.214160	20.783975	
36	7.686254	3.605986	2.912140	8.763939	11.481046	4.011351	90.797159	151.207914	20.303759	
37	7.015692	3.369445	2.870064	8.711702	11.663073	4.015273	90.175666	156.336935	20.215026	
38	6.819766	3.451866	2.832106	8.832198	11.759814	3.977899	92.195639	158.746124	19.800173	
39	6.777264	3.526068	2.744724	8.782645	11.730585	3.926584	91.353741	157.743972	19.312746	
40	6.772927	3.677620	2.806147	8.536000	11.609880	3.897527	87.134879	154.611066	19.019920	
41	6.951854	3.981285	2.944894	8.232318	11.588471	3.898226	81.392671	154.419633	18.937364	
42	7.503567	4.371966	3.114459	8.153562	11.701433	3.938509	79.527401	157.190024	19.210524	
43	8.003462	4.657795	3.225703	8.117791	11.711002	3.948147	78.856085	157.316921	19.272383	
44	8.548841	4.942790	3.354935	8.084648	11.787985	3.972011	78.554506	159.419554	19.508389	
45	8.921260	5.018123	3.384585	8.095619	11.836225	3.989778	78.627198	160.595024	19.690995	
46	8.535622	5.030839	3.361126	8.190671	11.876698	3.980394	79.516871	161.631814	19.593833	
47	7.687246	4.875851	3.321019	8.224959	11.877612	3.979259	79.959810	161.842015	19.587871	
48	6.944594	4.721736	3.282998	8.249296	11.872398	3.979695	80.482384	161.840930	19.595623	
49	6.734313	4.715740	3.294096	8.309340	11.930991	4.003585	81.509008	163.655697	19.848944	
50	6.280142	4.732555	3.274919	8.225142	11.912038	3.996679	80.401522	163.312692	19.822081	
51	6.122219	4.895110	3.332845	8.188814	11.935803	3.996828	80.073427	164.031134	19.832098	
52	6.374891	5.015331	3.388016	8.280490	11.974944	4.017900	81.695551	165.365124	20.071584	
53	6.400415	5.107528	3.434176	8.359297	11.981966	4.027102	83.323358	165.631372	20.195000	
54	6.311924	5.156407	3.440735	8.429306	11.979531	4.014125	84.687198	165.562119	20.106585	
55	6.083422	5.158474	3.445924	8.443245	11.977290	4.008911	85.109132	165.579359	20.090169	
56	5.863542	5.230407	3.495607	8.378771	11.987358	4.020238	84.330350	165.687482	20.230563	
57	5.839762	5.253672	3.489882	8.333968	11.997632	4.033330	83.705910	166.052680	20.411205	
58	5.767893	5.283373	3.483689	8.324225	11.984091	4.036764	83.693134	165.787087	20.466409	
59	5.878882	5.387163	3.474420	8.298267	12.076013	4.051057	83.268152	168.410985	20.590905	
60	5.940024	5.518403	3.500134	8.284726	12.132592	4.027353	83.139906	169.828827	20.298636	
61	6.083965	5.748020	3.571944	8.316472	12.205634	4.001487	83.814303	171.850262	20.006790	
62	6.152801	5.764355	3.640471	8.395538	12.207189	4.022776	85.385256	172.023771	20.252091	
63	6.239318	5.569901	3.612437	8.408965	12.211726	4.068579	85.549726	172.465976	20.758474	
64	6.369283	5.572034	3.602309	8.320847	12.239063	4.071319	84.007504	173.302082	20.754851	
65	6.318874	5.625693	3.594586	8.275778	12.263632	4.058585	83.221186	173.749932	20.589559	
66	6.159478	5.660986	3.563926	8.227409	12.252530	4.025325	82.258246	173.271032	20.246645	
67	6.086137	5.781466	3.593929	8.219024	12.242261	4.014807	82.133414	172.819888	20.149424	
68	6.080472	5.747989	3.560331	8.236082	12.209162	4.014533	82.546941	172.139822	20.194479	
69	6.088276	5.859710	3.580840	8.274496	12.232421	4.014738	83.397489	172.829408	20.232845	
70	5.991244	5.863800	3.576716	8.304338	12.255606	4.022980	84.201716	173.700739	20.359319	
71	5.977290	5.938018	3.626677	8.356518	12.285780	4.046682	85.489257	174.849947	20.647686	
72	6.070795	5.976609	3.661017	8.399151	12.304688	4.061926	86.153426	175.553875	20.808537	
73	6.363808	6.033560	3.713116	8.436103	12.353344	4.071252	86.902336	177.093404	20.845441	
74	6.613054	6.047991	3.739903	8.440690	12.391475	4.063808	86.728309	178.122321	20.688796	
75	6.927207	6.126137	3.789846	8.467545	12.459030	4.070134	87.059044	179.694285	20.689266	
76	7.011151	6.207559	3.790812	8.479990	12.486914	4.072567	87.155089	180.085872	20.685726	
77	6.830043	6.218583	3.726985	8.476901	12.469809	4.062549	86.974879	179.304311	20.598726	
78	6.790127	6.175549	3.665988	8.496105	12.481821	4.058406	87.269730	179.723812	20.594496	
79	6.799017	6.164190	3.634273	8.505354	12.496841	4.061417	87.838241	180.219982	20.625758	
80	6.875030	6.227311	3.638055	8.467852	12.507091	4.055339	86.973136	180.413520	20.535261	
81	6.873485	6.342588	3.676940	8.455210	12.468202	4.043836	87.518956	179.115030	20.413411	
82	6.854482	6.319692	3.686794	8.449457	12.387314	4.028263	86.466306	177.036564	20.291166	
83	6.813492	6.230664	3.655424	8.460275	12.348469	4.014923	87.705636	176.209091	20.180856	
84	6.607605	6.087421	3.603664	8.430141	12.347273	4.006122	86.208103	176.515382	20.117598	
85	6.467239	5.995626	3.577453	8.431369	12.380139	4.007031	86.968645	177.735691	20.167887	
86	6.320535	5.958220	3.576495	8.415371	12.408695	4.011342	86.420618	178.796430	20.251813	
87	6.141684	5.997739	3.589779	8.399671	12.441192	4.016991	86.219186	179.726936	20.354070	
88	6.125086	6.165176	3.637689	8.413147	12.504008	4.028895	87.215001	181.324056	20.477331	
89	6.193779	6.415474	3.724967	8.439571	12.571294	4.053503	87.533909	182.950769	20.672235	
90	6.266237	6.626155	3.813863	8.460797	12.585617	4.076358	87.681461	183.153295	20.860316	
91	6.376883	6.813223	3.906776	8.483959	12.592881	4.094647	88.456202	183.337142	21.021783	
92	6.532722	6.935802	3.974636	8.517593	12.588775	4.100745	89.383497	183.359834	21.060543	
93	6.522880	6.960518	3.978367	8.517582	12.576359	4.098413	89.060090	183.171161	21.038842	
94	6.558635	7.015069	3.990477	8.545091	12.593908	4.104467	90.059508	183.737815	21.108700	
95	6.603354	6.981522	3.987508	8.549298	12.626074	4.114716	89.754410	184.731193	21.197565	
96	6.663533	6.942892	3.975365	8.549746	12.640592	4.117539	89.733948	185.208189	21.214001	
97	6.764159	6.925898	3.973163	8.538316	12.643215	4.110866	89.426807	185.307896	21.139573	
98	6.863448	6.906438	3.972177	8.524032	12.643773	4.103919	90.103414	185.317021	21.060793	
99	7.095465	6.908278	3.984773	8.509660	12.659641	4.099968	89.682629	185.890642	21.014481	
100	7.307414	6.965061	4.003372	8.509860	12.702900	4.099178	89.647572	187.193046	20.996669	
101	7.358039	6.970413	4.006263	8.518003	12.741222	4.100366	89.269965	188.253192	20.993313	
102	7.274636	6.922252	3.986214	8.534125	12.719800	4.093866	89.385054	187.649373	20.952697	
103	7.100272	6.864404	3.974902	8.546639	12.707315	4.092635	89.747495	187.330186	20.975553	
104	6.850347	6.762728	3.938042	8.567076	12.728714	4.096546	90.552855	187.961038	21.050780	
105	6.619086	6.664129	3.905714	8.594657	12.745612	4.100762	91.113273	188.544188	21.128701	
106	6.418188	6.609821	3.873378	8.626175	12.780576	4.111199	91.810774	189.721188	21.277877	
107	6.323156	6.608410	3.862289	8.639228	12.841632	4.127193	92.605986	191.531248	21.435442	
108	6.342206	6.696145	3.873606	8.649486	12.895275	4.143309	93.068637	193.024702	21.558800	
109	6.500591	6.814612	3.885343	8.664746	12.922539	4.155496	92.586182	193.705047	21.632767	
110	6.735500	6.923435	3.909614	8.702299	12.931908	4.160526	93.641233	193.887132	21.639119	
111	6.850302	6.908924	3.899697	8.688886	12.914228	4.155154	93.047640	193.338241	21.551033	
112	6.903937	6.911513	3.912324	8.687178	12.920972	4.156632	92.982460	193.597332	21.553162	
113	6.874219	6.943310	3.888343	8.705640	12.936409	4.170829	93.359085	194.054617	21.687623	
114	6.759275	6.849153	3.854382	8.722845	12.848880	4.143789	93.772249	191.544854	21.432957	
115	6.670299	6.910309	3.815155	8.732586	12.913170	4.162598	93.740124	193.444226	21.678139	
116	6.635996	6.917333	3.798290	8.767721	12.910608	4.155943	94.444859	193.337343	21.624980	
117	6.720321	6.927947	3.783663	8.807023	12.952484	4.154538	95.136873	194.554239	21.625045	
118	6.791816	6.890633	3.752529	8.841163	12.944467	4.154611	95.761243	194.414561	21.658413	
119	6.713005	6.852465	3.742496	8.817513	12.915920	4.146477	95.478590	193.677742	21.598281	
120	6.558400	6.841389	3.714942	8.807323	12.906863	4.148088	95.591195	193.443470	21.674097	
121	6.451069	6.848348	3.703763	8.861362	12.933152	4.154521	96.643826	194.215355	21.765130	
122	6.375753	6.856857	3.674036	8.896869	12.961345	4.163563	97.398576	194.906967	21.861869	
123	6.368343	6.911044	3.662429	8.954886	12.978692	4.173872	98.491070	195.159077	21.965223	
124	6.382114	6.937171	3.610105	8.957365	12.934187	4.159598	98.668066	193.863320	21.850894	
125	6.521533	6.990810	3.620595	8.978949	12.926190	4.161085	99.123253	193.906848	21.889458	
126	6.676072	7.023263	3.644461	9.004433	12.966311	4.167899	99.714959	195.304691	21.974004	
127	6.745540	6.966014	3.628186	8.964598	12.953299	4.151027	99.104142	195.205767	21.814447	
128	6.856873	6.939013	3.565772	8.910789	12.875897	4.121301	98.019025	193.269323	21.570850	
129	7.046361	6.925705	3.564714	8.862597	12.790988	4.090138	96.969326	191.178360	21.276532	
130	6.975162	6.878153	3.570867	8.822290	12.689241	4.058395	96.207799	188.590913	20.964375	
131	6.908295	6.888053	3.603003	8.795281	12.642109	4.045638	95.570871	187.337745	20.827222	
132	6.851632	6.732940	3.528133	8.780614	12.572369	4.025371	95.308332	185.483409	20.642119	
133	6.708608	6.710230	3.555658	8.703241	12.515073	4.004185	93.833602	183.583220	20.422439	
134	6.336698	6.376293	3.364569	8.531021	12.340290	3.941650	90.597734	178.991223	19.860845	
135	6.138409	6.158073	3.255403	8.465548	12.229043	3.899447	89.494547	176.273177	19.530384	
136	6.000083	6.093271	3.194699	8.413496	12.141491	3.882527	88.343305	173.762237	19.390863	
137	5.910235	6.071700	3.155219	8.370613	12.079767	3.862345	87.461234	172.142722	19.209825	
138	5.846437	6.085028	3.138422	8.341866	12.059035	3.854249	86.991408	171.728255	19.135658	
139	5.758056	6.109338	3.136528	8.347170	12.067633	3.848821	87.166822	172.089089	19.082182	
140	5.648347	6.095682	3.124926	8.365577	12.086403	3.844638	87.478088	172.715858	19.046114	
141	5.506521	6.057338	3.100010	8.402649	12.109784	3.844876	88.250957	173.480984	19.059703	
142	5.284470	6.009028	3.053822	8.446530	12.099660	3.846183	89.334589	173.321256	19.108242	
143	5.082373	6.006059	2.998815	8.486644	12.053532	3.845362	90.429761	172.134781	19.143907	
144	5.016842	6.112582	2.967570	8.527880	11.987084	3.842152	91.649036	170.343777	19.136110	
145	5.144488	6.329943	2.987479	8.568462	11.942802	3.841494	92.515937	169.080446	19.112394	
146	5.474281	6.585825	3.027911	8.627012	11.937837	3.859067	93.485190	168.995332	19.245329	
147	5.847638	6.892351	3.123328	8.696966	11.942991	3.881734	94.487576	168.762852	19.389985	
148	6.213917	7.397767	3.324899	8.825883	12.083369	3.945491	96.816232	171.996353	19.902118	
149	6.218587	7.491346	3.361167	8.865102	12.104574	3.959704	97.467279	172.498593	20.023373	
150	6.068412	7.368787	3.313968	8.854464	12.076614	3.947956	97.313232	171.869826	19.930304	
151	5.998774	7.223601	3.261692	8.838983	12.076442	3.924143	97.032839	171.859495	19.702948	
152	6.029768	7.002408	3.136211	8.829186	12.072234	3.902175	96.899310	171.987160	19.522464	
153	5.921593	6.854347	3.106873	8.751703	11.983162	3.864805	95.421788	169.467008	19.157226	
154	5.928596	6.855744	3.113925	8.718986	11.998042	3.857810	94.716434	170.000823	19.067499	
155	5.905446	6.829021	3.099503	8.729479	12.017827	3.856315	94.995813	170.482939	19.033532	
156	5.867705	6.807025	3.116406	8.748482	12.014723	3.860878	95.442044	170.477624	19.068539	
157	5.846658	6.801727	3.064685	8.790443	12.024145	3.874219	96.431472	170.839118	19.228999	
158	5.764609	6.704353	3.036721	8.822048	11.972250	3.878725	97.100235	169.494431	19.313892	
159	5.590963	6.699927	3.071029	8.812735	11.937663	3.875707	97.049068	168.740023	19.340932	
160	5.577645	6.766878	3.097547	8.845408	11.936678	3.870852	97.663055	169.076686	19.351111	
161	5.555939	6.699047	3.103652	8.857015	11.901216	3.870494	97.946949	168.465328	19.392509	
162	5.465622	6.614329	3.087761	8.860799	11.921438	3.874435	98.040525	169.007588	19.451797	
163	5.361202	6.529670	3.055498	8.880351	11.968861	3.877692	98.475480	170.233899	19.482583	
164	5.343740	6.466439	3.003099	8.907355	12.031915	3.888158	99.117136	172.000323	19.590702	
165	5.424092	6.583664	3.028860	8.920867	12.056328	3.890632	99.505241	172.475120	19.608982	
166	5.739996	6.807707	3.107809	9.002166	12.150671	3.906717	101.170755	175.003451	19.739684	
167	6.056354	6.939980	3.142294	9.064465	12.185950	3.910344	102.349462	175.838454	19.762853	
168	6.274487	7.052409	3.165966	9.064079	12.194568	3.923320	102.208859	176.008771	19.873683	
169	6.391390	7.166554	3.170589	9.055814	12.216908	3.932436	101.927982	176.522878	19.948425	
170	6.425728	7.268999	3.183923	9.045731	12.237968	3.931321	101.772696	176.991451	19.927431	
171	6.423787	7.245256	3.182465	9.025521	12.240800	3.921580	101.478196	177.082280	19.832598	
172	6.396868	7.084405	3.160059	9.015884	12.278267	3.917083	101.485623	178.276412	19.786295	
173	6.338431	6.893653	3.134151	9.028237	12.349157	3.920842	101.767939	180.387349	19.822064	
174	6.296188	6.773945	3.124297	9.060201	12.428931	3.931499	102.478319	182.690281	19.925597	
175	6.231921	6.670096	3.123642	9.051202	12.471611	3.939991	102.290237	184.019794	20.009774	
176	6.239549	6.650691	3.151584	9.008894	12.482835	3.945597	101.409855	184.467273	20.049230	
177	6.300754	6.724015	3.193301	8.988406	12.510936	3.962191	101.091595	185.271415	20.167921	
178	6.408368	6.833657	3.223168	8.988635	12.546944	3.981969	101.189133	186.277000	20.322284	
179	6.604995	7.014173	3.267354	9.003577	12.569636	3.992817	101.711125	186.940252	20.409905	
180	6.827929	7.287864	3.345296	9.083008	12.633587	4.017386	103.270577	188.661804	20.627760	
181	7.069919	7.534185	3.422406	9.198791	12.692259	4.046894	105.651808	190.201238	20.908289	
182	7.226197	7.666332	3.464760	9.284068	12.689660	4.058752	107.351410	190.067527	21.028852	
183	7.326313	7.710849	3.477654	9.299395	12.652629	4.048141	107.574961	189.110200	20.946905	
184	7.344579	7.679956	3.466787	9.263280	12.620136	4.030552	106.743699	188.385132	20.788764	
185	7.377712	7.651431	3.463633	9.227943	12.600700	4.014837	106.012821	187.968422	20.631537	
186	7.384911	7.538782	3.452531	9.164095	12.572621	3.996872	104.777549	187.306841	20.449392	
187	7.345866	7.435578	3.423481	9.095814	12.548087	3.981554	103.312520	186.669592	20.295150	
188	7.327828	7.355042	3.402546	9.048585	12.522027	3.968241	102.405025	186.087020	20.154706	
189	7.245549	7.199596	3.385050	8.994581	12.477451	3.950431	101.520243	185.179800	19.987212	
190	7.120401	6.991051	3.354239	8.950429	12.425203	3.942689	100.853479	184.098230	19.943296	
191	7.022458	6.826865	3.333863	8.902346	12.383438	3.948210	99.819444	183.133590	20.014516	
192	6.983245	6.786396	3.314984	8.862241	12.319202	3.950870	99.107887	181.243093	20.038083	
193	7.044317	6.821041	3.314880	8.872345	12.267464	3.950758	99.348104	179.776945	20.026608	
194	7.065848	6.863775	3.295314	8.912622	12.225888	3.949537	100.035329	178.583398	20.012074	
195	6.988107	6.947519	3.267550	8.978353	12.182834	3.950492	101.479359	177.344312	20.027315	
196	6.913986	7.051852	3.261130	9.073411	12.184249	3.960271	103.212358	177.374736	20.138240	
197	6.833385	7.095013	3.244741	9.171385	12.188389	3.969650	104.956897	177.525974	20.264539	
198	6.684013	7.064780	3.220690	9.241677	12.161749	3.976388	106.246382	176.865214	20.372240	
199	6.452446	6.959783	3.180419	9.306987	12.148444	3.984144	107.550135	176.612690	20.479682	
200	6.233027	6.837242	3.140539	9.348358	12.128987	3.985265	108.359895	176.203712	20.522841	
201	6.083925	6.789687	3.104839	9.378565	12.116908	3.983317	108.973588	175.933758	20.535266	
202	6.066820	6.897798	3.087994	9.437325	12.124593	3.984079	110.125783	176.005715	20.551139	
203	6.172801	7.094685	3.105144	9.481635	12.128270	3.972085	110.942465	176.072347	20.425353	
204	6.355479	7.258229	3.116533	9.512221	12.133609	3.954716	111.515686	176.221056	20.233651	
205	6.547780	7.367826	3.128956	9.491836	12.117548	3.933331	111.057541	175.687597	20.002253	
206	6.734304	7.416856	3.157329	9.466675	12.131904	3.927228	110.486123	175.950585	19.911266	
207	6.867796	7.418822	3.190740	9.442164	12.168420	3.941075	109.912334	176.768192	19.988437	
208	7.035164	7.377690	3.246336	9.436007	12.232338	3.958410	109.882449	178.492507	20.111501	
209	7.148898	7.327365	3.303072	9.441133	12.355220	3.997699	110.276044	181.913504	20.463798	
210	7.158034	7.244673	3.342162	9.437894	12.471420	4.033613	110.404931	185.362538	20.829253	
211	7.077283	7.075461	3.325760	9.419871	12.498996	4.043867	110.491749	186.431216	20.990984	
212	7.046187	6.957958	3.332685	9.431437	12.528939	4.057282	111.113550	187.604986	21.181269	
213	6.834210	6.773489	3.275338	9.401391	12.492040	4.042435	110.695473	186.941934	21.125403	
214	6.594152	6.642561	3.219364	9.413551	12.446296	4.024797	110.963645	185.892677	21.030094	
215	6.382165	6.687848	3.143711	9.486838	12.412257	4.011536	112.477144	184.654458	20.961310	
216	6.148570	6.825830	3.036282	9.602478	12.354674	3.999701	114.928288	182.653754	20.896250	
217	5.894611	6.864035	2.941049	9.713723	12.260215	3.977446	117.451154	180.085177	20.713784	
218	5.694608	6.872201	2.887732	9.757088	12.222299	3.960470	118.177789	179.211171	20.553394	
219	5.537507	6.855599	2.872498	9.745822	12.285913	3.962096	117.973418	180.886913	20.542083	
220	5.535500	6.912321	2.894448	9.726492	12.402482	3.980060	117.652191	183.862245	20.667351	
221	5.731593	6.948270	2.918370	9.751574	12.472461	4.004811	118.319303	185.842762	20.885162	
222	5.897169	6.914035	2.910412	9.754189	12.507944	4.012727	118.097720	187.034626	20.974505	
223	5.976170	6.928609	2.909768	9.706313	12.475427	4.010862	117.008338	186.068393	20.942839	
224	6.041154	6.923322	2.909628	9.693153	12.502715	3.999888	116.882967	186.686025	20.842059	
225	6.038053	6.895170	2.895409	9.695853	12.509163	3.996061	116.690291	186.972702	20.786463	
226	6.115252	6.967230	2.898729	9.703483	12.503094	3.988242	116.757223	186.802191	20.696854	
227	6.204080	7.029135	2.926498	9.733877	12.505179	3.997204	117.417606	186.816999	20.755267	
228	6.254505	7.017713	2.955032	9.736359	12.521822	4.007012	117.172316	187.297604	20.844463	
229	6.272819	7.003443	2.986362	9.724054	12.526819	4.011472	116.851654	187.642376	20.874124	
230	6.390600	7.134580	3.042276	9.766609	12.556786	4.029570	117.700590	188.424818	21.022074	
231	6.465469	7.175296	3.059847	9.784692	12.525657	4.040565	117.996607	187.640252	21.116704	
232	6.447779	7.162549	3.085303	9.755220	12.485338	4.048037	117.343263	186.722952	21.194889	
233	6.403083	7.181274	3.103481	9.749255	12.456979	4.055258	117.231223	186.073488	21.269518	
234	6.358682	7.190932	3.110773	9.743125	12.433617	4.054601	117.170203	185.567073	21.265320	
235	6.350148	7.178790	3.107265	9.715635	12.381458	4.049701	116.710774	184.253473	21.217490	
236	6.371674	7.225844	3.116640	9.700266	12.343592	4.043158	116.509488	183.162377	21.158835	
237	6.410497	7.286262	3.142708	9.725644	12.353005	4.053904	117.112087	183.307938	21.259263	
238	6.472966	7.306207	3.160899	9.755424	12.368185	4.066213	117.672295	183.641360	21.374272	
239	6.569070	7.294060	3.161847	9.789705	12.390516	4.074665	118.302716	184.179102	21.451943	
240	6.642657	7.324261	3.164651	9.809946	12.396224	4.079618	118.656064	184.164239	21.502328	
241	6.795757	7.422961	3.181702	9.827503	12.393925	4.074699	118.954401	184.081165	21.467690	
242	6.886530	7.477014	3.178119	9.820291	12.352743	4.061204	118.744181	182.876100	21.356012	
243	6.848397	7.441712	3.156702	9.773485	12.284501	4.031763	117.725471	181.098158	21.092795	
244	6.855618	7.339971	3.136674	9.740670	12.274829	4.015140	117.089623	181.150251	20.945158	
245	6.818474	7.330846	3.168989	9.707469	12.252651	3.996638	116.378971	180.532075	20.761752	
246	6.948311	7.327191	3.199497	9.718032	12.258635	3.994559	116.616475	180.840172	20.720852	
247	7.068539	7.463286	3.248724	9.716074	12.263906	3.997972	116.549145	180.717988	20.741265	
248	7.250935	7.582258	3.325765	9.729777	12.299679	4.013306	116.914708	181.716936	20.855088	
249	7.260188	7.607469	3.369947	9.744621	12.315799	4.024168	117.440005	182.209551	20.924304	
250	7.232926	7.560940	3.413264	9.773349	12.331544	4.040070	118.138664	182.718815	21.036497	
251	7.212417	7.572055	3.463651	9.808827	12.361036	4.050686	118.969746	183.674754	21.105991	
252	7.265710	7.705821	3.501123	9.857231	12.379227	4.061185	120.041361	184.075415	21.183158	
253	7.386470	7.766430	3.551226	9.886587	12.388277	4.062851	120.554764	184.446951	21.174946	
254	7.521870	7.885615	3.600078	9.896181	12.415114	4.061935	120.782582	185.181560	21.160925	
255	7.739838	8.030604	3.658355	9.911190	12.446795	4.066907	121.130304	186.075082	21.197340	
256	7.973979	8.043180	3.724111	9.891250	12.490389	4.068636	120.816539	187.413989	21.198611	
257	8.251455	8.115211	3.804664	9.867819	12.534898	4.068107	120.481008	188.823946	21.169896	
258	8.581445	8.286284	3.901402	9.846440	12.573266	4.072961	120.234146	190.023559	21.194018	
259	8.888792	8.455221	3.995045	9.833099	12.618810	4.079378	120.115194	191.322203	21.239355	
260	9.004053	8.491520	4.042334	9.795689	12.657141	4.083223	119.547193	192.454163	21.269666	
261	9.113618	8.627540	4.101203	9.810451	12.711041	4.080316	120.071479	193.897274	21.229361	
262	9.304595	8.824794	4.159125	9.820412	12.755628	4.074267	120.433535	195.160729	21.130659	
263	9.788628	9.224031	4.289032	9.837676	12.842238	4.083886	121.094112	197.723114	21.161907	
264	10.337118	9.609160	4.458744	9.856181	12.947933	4.122928	121.870765	201.106277	21.479295	
265	10.854640	10.015926	4.661554	9.871998	13.080205	4.181472	122.785245	205.436740	22.037106	
266	11.193777	10.242932	4.806470	9.842094	13.162527	4.237769	122.810643	208.221539	22.643908	
267	11.540543	10.359282	4.911401	9.765640	13.208042	4.285324	121.522106	209.742461	23.199118	
268	11.771632	10.456989	5.009300	9.708404	13.233028	4.318942	120.471321	210.559863	23.638409	
269	11.925263	10.421978	5.030483	9.758698	13.271433	4.339225	121.511361	211.784639	23.942668	
270	12.004784	10.489300	5.052520	9.902740	13.395640	4.350012	124.499486	215.449684	24.104335	
271	12.028187	10.580560	5.023777	9.985056	13.452360	4.358899	126.328176	217.463317	24.223246	
272	12.099405	10.598216	4.906083	10.011310	13.462634	4.347763	127.029809	217.931152	24.127573	
273	11.693153	10.293251	4.770318	9.913261	13.369703	4.320205	125.325294	215.593372	23.915325	
274	10.659694	9.785629	4.517398	9.716048	13.096390	4.255388	121.561613	207.556442	23.398952	
275	10.212684	9.718312	4.326144	9.686933	12.925421	4.197179	121.032053	202.206110	22.902052	
276	10.181354	9.657339	4.165487	9.698989	12.763083	4.142813	120.993972	197.419951	22.379528	
277	10.564791	9.740647	4.161516	9.637677	12.609941	4.096312	119.368750	193.195653	21.869573	
278	11.156727	10.069800	4.285878	9.581488	12.535959	4.070881	117.719291	191.058074	21.523829	
279	11.508897	10.329463	4.413794	9.554262	12.537601	4.075375	116.975969	190.990790	21.510644	
280	11.656046	10.520188	4.514079	9.467642	12.449733	4.045245	115.013936	188.400754	21.167696	
281	12.037485	10.807222	4.637392	9.533817	12.501961	4.060900	116.359961	189.766984	21.235442	
282	12.135370	10.877068	4.751202	9.502913	12.524474	4.069740	115.763121	190.573569	21.301911	
283	11.840022	10.575858	4.720630	9.477860	12.519893	4.076511	115.428322	190.700936	21.359651	
284	11.795528	10.627029	4.769635	9.441696	12.452061	4.066694	114.744445	188.992751	21.248808	
285	12.106074	10.869264	4.922165	9.410254	12.380763	4.062427	113.956341	187.200342	21.182460	
286	12.246447	11.094824	5.013522	9.398439	12.345382	4.055565	113.815543	186.385465	21.117796	
287	12.131733	10.975053	5.002688	9.376790	12.319325	4.040970	113.584330	185.843786	20.963424	
288	11.869454	10.685007	4.982839	9.352536	12.347892	4.025233	113.243852	187.133893	20.808967	
289	11.242522	10.088078	4.818352	9.337070	12.369336	4.016315	113.109046	188.010096	20.741986	
290	10.763545	9.648247	4.704097	9.317398	12.373781	4.005159	112.957211	188.190129	20.672490	
291	10.460306	9.389187	4.607094	9.298989	12.287633	3.967341	112.375722	185.648044	20.368155	
292	10.562571	9.382938	4.604135	9.315432	12.212713	3.931537	113.101602	183.293839	20.071874	
293	10.612271	9.456062	4.535800	9.280263	12.096395	3.909697	111.292213	179.682662	19.863286	
294	10.289626	9.270766	4.425565	9.204733	12.060916	3.911229	110.454553	178.282123	19.908116	
295	9.802231	8.930301	4.296778	9.180644	12.039959	3.919150	109.212562	177.215198	20.013189	
296	9.420029	8.657705	4.183645	9.202683	12.037600	3.927107	109.757066	176.901691	20.119397	
297	8.972441	8.301618	4.000627	9.168340	12.040349	3.935287	109.683414	177.092826	20.297794	
298	8.825987	8.132712	3.906269	9.251165	12.101514	3.944625	113.767845	179.108457	20.430542	
299	8.666319	8.082620	3.832699	9.234141	12.040666	3.916539	110.382955	176.938794	20.158142	
300	8.409889	7.896271	3.720051	9.180735	11.906971	3.890508	109.279144	173.266254	19.948307	
301	8.138494	7.564093	3.543618	9.143873	11.813009	3.887761	109.780284	170.674573	19.967344	
302	7.862624	7.415994	3.384053	9.137869	11.815539	3.884633	112.596658	170.335232	19.986678	
303	7.773548	7.329660	3.292249	9.189806	11.842006	3.885765	110.043800	171.021732	19.955605	
304	7.781219	7.317214	3.255308	9.227168	11.863676	3.896992	108.773421	171.416369	20.089679	
305	7.721573	7.369787	3.222583	9.280585	11.887923	3.914891	111.371532	171.909085	20.282725	
306	7.658234	7.353952	3.165751	9.393475	11.902678	3.923809	114.300913	172.290080	20.414703	
307	7.599616	7.416461	3.126619	9.493173	11.928240	3.923294	118.790215	173.015425	20.445693	
308	7.539438	7.405692	3.126514	9.536571	11.925424	3.929036	118.969076	172.932170	20.496228	
309	7.491258	7.299158	3.114430	9.523694	11.913555	3.938490	114.457066	172.606798	20.550004	
310	7.436678	7.246293	3.165415	9.539877	11.925822	3.933348	115.556025	173.075773	20.448188	
311	7.425975	7.286061	3.154971	9.571341	11.907980	3.930483	115.447107	172.302662	20.401755	
312	7.747170	7.428174	3.184839	9.659717	11.917734	3.941721	123.038849	172.855528	20.475660	
313	7.889198	7.670544	3.204936	9.698787	11.970377	3.964975	124.764565	174.460984	20.652548	
314	8.017261	7.800420	3.245479	9.624364	11.979783	3.994376	118.366313	174.932414	20.915661	
315	8.068237	7.866872	3.288037	9.623929	12.045430	4.015442	119.123556	176.547563	21.109564	
316	8.028079	7.883683	3.315397	9.654801	12.130284	4.046457	117.261422	178.877801	21.372571	
317	8.199746	8.021930	3.393564	9.720090	12.224056	4.061507	122.349541	181.365264	21.516501	
318	8.298284	8.128937	3.453083	9.747276	12.337423	4.091866	123.015003	184.653556	21.738619	
319	8.314134	8.325691	3.491957	9.790671	12.479831	4.110508	121.504376	188.994079	21.900867	
320	8.409280	8.364047	3.520108	9.873516	12.554439	4.119711	124.441588	191.382129	22.000557	
321	8.330932	8.133574	3.542119	9.920970	12.569605	4.116298	127.153529	192.006125	21.967050	
322	8.441816	8.206480	3.635037	9.902402	12.606480	4.109261	124.695029	193.083477	21.911341	
323	8.189038	7.880625	3.628523	9.800890	12.539810	4.095513	121.520736	191.011174	21.792605	
324	8.089164	7.833766	3.652079	9.836602	12.560570	4.090105	122.586938	191.613269	21.717009	
325	8.235610	7.857431	3.677809	9.863660	12.618710	4.090756	123.147038	193.175520	21.741592	
326	8.298648	7.927159	3.714644	9.936017	12.592786	4.100829	125.046574	192.538964	21.820724	
327	8.464688	8.086101	3.726910	10.001794	12.647820	4.112617	126.114404	193.831116	21.923489	
328	8.546692	8.215629	3.689923	10.106093	12.756653	4.138175	128.871739	196.923574	22.175551	
329	8.498752	8.112488	3.660597	10.184697	12.861470	4.159668	130.638885	200.242792	22.420307	
330	8.094726	7.895420	3.562934	10.241640	12.893946	4.180474	131.898820	200.893337	22.639159	
331	7.835744	7.645155	3.483816	10.280653	12.890489	4.184582	132.946795	200.799616	22.678986	
332	7.656440	7.508199	3.406617	10.287553	12.833149	4.181234	132.853716	199.072567	22.671297	
333	7.348166	7.230627	3.316734	10.264266	12.738756	4.172640	132.062139	196.546171	22.612571	
334	7.133575	7.048484	3.220449	10.283426	12.695774	4.162863	132.485259	195.387005	22.572005	
335	6.879837	6.967589	3.113689	10.364829	12.683644	4.148258	134.133941	195.004741	22.480595	
336	6.629623	6.765830	2.988503	10.439140	12.665458	4.137786	135.484928	194.459248	22.427546	
337	6.433374	6.627831	2.874337	10.478462	12.625200	4.132866	136.205301	193.274002	22.426492	
338	6.168216	6.388048	2.769628	10.484580	12.569460	4.121075	136.151706	191.755812	22.353169	
339	5.985444	6.250878	2.668202	10.472451	12.537458	4.122048	135.830396	190.689032	22.390975	
340	5.831558	6.097218	2.590478	10.416763	12.530823	4.116053	134.656904	190.406458	22.365411	
341	5.751592	6.044599	2.540312	10.393897	12.556970	4.117954	134.408450	191.053797	22.400068	
342	5.706694	5.916943	2.508363	10.367910	12.577563	4.116535	133.865082	191.614731	22.392417	
343	5.623379	5.746953	2.489838	10.310927	12.580867	4.110989	132.599949	191.790551	22.329503	
344	5.639257	5.670564	2.483906	10.300890	12.606436	4.111435	132.305991	192.518964	22.309587	
345	5.679872	5.610719	2.491760	10.300664	12.650341	4.126402	132.277379	193.805901	22.429303	
346	5.717749	5.599661	2.515167	10.340495	12.706085	4.150374	133.284895	195.374880	22.654018	
347	5.732506	5.541180	2.543343	10.349804	12.768266	4.175953	133.612498	197.125217	22.895403	
348	5.748207	5.497122	2.566800	10.343719	12.792489	4.185025	133.597632	197.925229	22.982122	
349	5.833662	5.561776	2.596608	10.375609	12.827384	4.195791	134.237297	198.860044	23.090521	
350	5.968684	5.614345	2.630519	10.410834	12.882434	4.208365	135.072813	200.469337	23.222942	
351	5.973570	5.589901	2.655857	10.457753	12.930568	4.227269	136.147392	201.933898	23.413999	
352	5.940935	5.594266	2.682184	10.518306	12.970809	4.237633	139.422011	203.122643	23.516760	
353	5.996732	5.725878	2.709644	10.561587	13.021561	4.249583	138.684718	204.346057	23.609023	
354	6.036872	5.779045	2.744026	10.590481	13.055777	4.260932	139.513333	205.354743	23.698408	
355	6.023305	5.764684	2.782686	10.601417	13.078102	4.269514	139.865034	206.211977	23.758453	
356	5.950833	5.692672	2.802107	10.565135	13.072895	4.263838	139.255074	206.308878	23.683114	
357	6.025617	5.757118	2.809224	10.571515	13.096217	4.264534	139.467131	207.156607	23.666227	
358	6.168636	5.872521	2.797621	10.642372	13.151500	4.266625	141.108900	208.658697	23.674036	
359	6.196568	5.895002	2.756927	10.753497	13.247856	4.266130	143.733583	211.138237	23.642039	
360	6.095884	5.816768	2.728033	10.809318	13.353046	4.279709	145.196770	213.984479	23.703042	
361	6.008725	5.712842	2.723209	10.822158	13.426735	4.278276	145.629968	215.921703	23.651805	
362	5.953826	5.645865	2.742780	10.831824	13.507912	4.278766	146.060949	218.178998	23.638286	
363	5.982931	5.628256	2.787542	10.756122	13.489123	4.263279	144.433469	217.876725	23.466796	
364	6.027711	5.637867	2.857954	10.656020	13.369718	4.241923	141.807305	214.403367	23.235740	
365	6.192240	5.800485	2.915721	10.601555	13.247847	4.239408	140.319932	210.916166	23.245262	
366	6.267145	5.896310	2.925340	10.585546	13.163685	4.243925	139.957329	208.644741	23.361365	
367	6.154824	5.831462	2.893419	10.605579	13.096758	4.239828	140.215909	206.861489	23.391625	
368	6.052539	5.855502	2.826107	10.664317	13.048883	4.222775	141.315875	205.433430	23.312802	
369	5.941402	5.835463	2.752807	10.700410	12.949952	4.197143	141.875808	202.502202	23.150864	
370	5.791251	5.801279	2.684902	10.691658	12.855394	4.185191	141.572465	199.721418	23.102157	
371	5.609824	5.658949	2.607799	10.695776	12.813406	4.189914	141.627132	198.445582	23.223871	
372	5.484979	5.616299	2.547971	10.800539	12.903382	4.206245	144.333120	200.925003	23.436336	
373	5.491461	5.625909	2.529164	10.926610	13.082794	4.249309	147.626647	206.314602	23.832210	
374	5.289921	5.463488	2.523651	10.851871	13.060292	4.227916	146.002062	205.997652	23.570345	
375	5.431805	5.500763	2.546890	10.705298	12.886054	4.179795	142.165014	200.844807	23.065367	
376	5.543625	5.593229	2.565517	10.676915	12.865640	4.181350	141.223731	199.937062	23.064003	
377	5.497425	5.567667	2.563125	10.686263	12.954245	4.215961	141.467416	202.442515	23.410212	
378	5.355820	5.457172	2.556608	10.706544	13.070396	4.267529	142.160340	205.790808	23.944808	
379	5.237509	5.345453	2.565185	10.697742	13.129781	4.292319	141.869627	207.505046	24.207626	
380	5.201936	5.332651	2.605391	10.652710	13.160850	4.302571	140.718739	208.302828	24.282085	
381	5.200444	5.343666	2.657553	10.610415	13.151648	4.304795	139.714579	208.012287	24.294364	
382	5.108369	5.272300	2.681130	10.538770	13.108297	4.312318	137.896735	206.762476	24.393409	
383	5.016678	5.183538	2.690330	10.484259	13.095271	4.312323	136.440432	206.421046	24.406896	
384	4.961801	5.127234	2.713145	10.492082	13.104048	4.325547	136.577043	206.747044	24.549567	
385	4.995967	5.195333	2.751911	10.537080	13.172183	4.357647	137.674499	208.590754	24.842373	
386	5.013329	5.236120	2.789396	10.522130	13.190225	4.355170	137.500185	209.478997	24.779636	
387	4.925504	5.164448	2.801015	10.466918	13.135418	4.349309	136.396078	207.997908	24.730162	
388	4.853185	5.057494	2.816344	10.375274	13.035647	4.329220	134.129506	204.989546	24.557570	
389	4.779010	4.975603	2.821724	10.316329	12.965993	4.317155	132.741983	202.977035	24.426893	
390	4.670975	4.905138	2.812660	10.241349	12.889702	4.303917	130.990523	200.712255	24.314555	
391	4.547673	4.778183	2.799221	10.199979	12.866710	4.306511	129.915934	200.026398	24.343251	
392	4.444870	4.660402	2.774527	10.185830	12.874406	4.311161	129.571894	200.369884	24.391099	
393	4.319295	4.545202	2.739254	10.177505	12.869065	4.307791	129.606427	200.453921	24.357797	
394	4.256908	4.500697	2.695070	10.194127	12.865418	4.298924	129.868307	200.068134	24.258954	
395	4.231662	4.439352	2.673661	10.205003	12.862607	4.284447	130.128753	199.849897	24.140341	
396	4.254390	4.423175	2.680839	10.239659	12.872848	4.271895	131.080717	200.229375	24.053032	
397	4.233468	4.356276	2.680232	10.246581	12.868653	4.271594	131.165659	200.050358	24.055336	
398	4.234689	4.380611	2.692048	10.239088	12.875738	4.265206	130.922493	200.132165	23.987145	
399	4.293905	4.428825	2.715894	10.253331	12.880497	4.260375	130.919088	199.988728	23.929124	
400	4.356038	4.473084	2.745100	10.215457	12.839759	4.248539	129.755702	198.606740	23.781576	
401	4.405243	4.510758	2.780693	10.212858	12.837742	4.244175	129.546540	198.435689	23.718184	
402	4.385080	4.491590	2.801334	10.200115	12.836900	4.236112	129.098313	198.270167	23.618472	
403	4.387537	4.562940	2.816382	10.170221	12.833897	4.230388	128.349675	197.958999	23.523145	
404	4.395151	4.594855	2.839802	10.142264	12.831154	4.232014	127.602771	197.798918	23.510317	
405	4.362120	4.611930	2.866001	10.087847	12.808988	4.226754	126.192053	197.056963	23.414545	
406	4.334693	4.546963	2.877624	10.047912	12.798703	4.219574	125.077003	196.755726	23.329881	
407	4.257974	4.403725	2.898138	10.026765	12.788493	4.210124	124.638149	196.670181	23.214573	
408	4.287592	4.377634	2.928537	9.985896	12.755880	4.203236	123.808048	195.885141	23.125438	
409	4.353453	4.424011	2.956165	9.949194	12.740418	4.195886	122.930868	195.249506	23.002600	
410	4.480698	4.483828	3.016504	9.921247	12.721328	4.184691	122.422983	194.746881	22.833000	
411	4.584956	4.544739	3.086636	9.880659	12.698105	4.182880	121.788689	194.351033	22.801031	
412	4.689758	4.647726	3.167579	9.873845	12.706260	4.189769	122.065838	194.874957	22.875401	
413	4.823838	4.767809	3.243080	9.861884	12.707097	4.206753	122.114382	195.105735	23.079333	
414	4.908559	4.833899	3.324520	9.851135	12.691066	4.225318	122.023453	194.825255	23.264029	
415	5.005273	4.926721	3.407616	9.839475	12.706347	4.251416	122.002381	195.437800	23.539298	
416	5.058037	5.013650	3.497679	9.829598	12.692926	4.261373	122.003097	195.373341	23.705903	
417	5.160250	5.124382	3.635737	9.794410	12.646037	4.288028	121.569713	194.685473	24.121121	
418	5.259110	5.225987	3.777293	9.742545	12.584265	4.318252	120.814532	193.591052	24.525485	
419	5.341043	5.348080	3.833398	9.691205	12.581583	4.325197	119.750163	193.440557	24.614619	
420	5.219793	5.261302	3.794621	9.637989	12.490283	4.338583	118.399024	190.914073	24.814028	
421	5.183135	5.189463	3.773321	9.563055	12.421556	4.342938	116.754301	189.069056	24.942231	
422	5.091654	5.143941	3.776368	9.465034	12.329551	4.332980	114.745219	186.930202	25.016086	
423	5.007085	5.189329	3.672877	9.458044	12.296052	4.312256	114.704001	185.790761	24.918049	
424	5.115956	5.355737	3.834898	9.607573	12.415892	4.369862	118.433778	189.329768	25.566168	
425	5.171263	5.365780	3.890349	9.622563	12.450167	4.386077	119.266853	191.016833	25.722459	
426	5.077114	5.260866	4.026300	9.496001	12.372020	4.368227	116.160981	188.819829	25.610289	
427	5.406862	5.504845	4.266780	9.541448	12.399508	4.402439	117.269900	189.782017	26.011857	
428	5.545963	5.640498	4.464332	9.546149	12.441508	4.468096	117.253562	191.054856	26.810399	
429	5.526870	5.627905	4.520768	9.481888	12.400207	4.475462	115.820301	189.870328	26.938333	
430	5.203776	5.237539	4.446778	9.336383	12.278261	4.464431	113.070334	187.198968	27.008478	
431	5.041830	5.098562	4.355840	9.311193	12.221496	4.496507	112.996072	186.356492	27.584003	
432	5.229483	5.353953	4.492032	9.421886	12.341988	4.551932	115.529691	189.771115	28.168385	
433	5.476333	5.656685	4.621524	9.573949	12.509385	4.605243	117.927830	192.783788	28.684310	
434	5.835158	6.062032	4.714467	9.624192	12.521712	4.619102	119.168018	192.984567	28.786042	
435	5.775193	6.014279	4.631506	9.645764	12.515011	4.649570	119.680041	192.759144	29.100398	
436	5.520965	5.748385	4.548454	9.551401	12.359764	4.585487	117.699878	188.645813	28.412472	
437	5.392513	5.694722	4.535124	9.546183	12.348403	4.576982	117.897117	188.773487	28.357810	
438	5.463794	5.742418	4.585834	9.585150	12.375549	4.577443	118.873318	189.647805	28.387276	
439	5.569597	5.818552	4.639968	9.579140	12.380605	4.581100	118.688510	189.692364	28.425423	
440	5.408142	5.698910	4.543273	9.592334	12.439824	4.593456	119.264505	191.565540	28.544893	
441	5.307745	5.589167	4.513035	9.625485	12.476037	4.630733	119.865650	192.624177	29.046584	
442	5.457606	5.647583	4.627567	9.698443	12.508794	4.669909	121.697908	193.597942	29.515656	
443	5.479856	5.593250	4.646402	9.742391	12.571850	4.669297	122.904563	196.034515	29.527460	
444	5.398327	5.478689	4.598482	9.757116	12.630085	4.633472	123.418735	197.768432	29.086925	
445	5.328324	5.345329	4.608263	9.639941	12.469287	4.640698	120.967525	192.930009	29.259298	
446	5.326037	5.400867	4.564191	9.584993	12.403491	4.611885	119.577120	190.817970	28.926924	
447	5.143482	5.183450	4.512863	9.546857	12.342746	4.571926	118.655815	189.496820	28.442119	
448	4.969537	5.083192	4.416077	9.450661	12.242849	4.548404	116.836610	187.028721	28.222941	
449	4.778571	4.916397	4.316424	9.421112	12.203065	4.548207	116.310752	185.687745	28.285231	
450	4.817557	5.002717	4.324061	9.395138	12.174980	4.528498	116.080704	184.882439	28.095209	
451	4.956397	5.151301	4.350863	9.400477	12.189140	4.528729	115.838753	185.379422	28.096607	
452	5.018595	5.237534	4.388777	9.339765	12.137882	4.512380	114.137569	183.567833	27.928671	
453	4.911082	5.090113	4.344191	9.315115	12.141654	4.525510	112.979121	183.429421	28.058088	
454	4.818502	4.964909	4.237324	9.261485	12.079368	4.481058	112.248538	181.893742	27.527497	
455	4.708437	4.746040	4.099467	9.226372	12.006737	4.410353	112.818024	180.245771	26.631960	
456	4.537837	4.522493	4.017550	9.114406	11.824425	4.341181	110.561272	176.120264	25.919059	
457	4.471627	4.535608	4.001015	9.105917	11.821343	4.349495	110.946007	176.061151	26.004972	
458	4.553304	4.639774	4.003513	9.202404	11.937387	4.352436	113.578341	179.666062	26.040609	
459	4.730162	4.756790	4.067137	9.272101	11.968616	4.363523	115.660613	180.676908	26.186961	
460	4.768498	4.839718	4.084002	9.322471	12.008737	4.364448	116.428323	181.726499	26.200901	
461	4.630676	4.729549	4.023274	9.238781	11.909387	4.339176	114.290758	178.632931	25.902263	
462	4.585938	4.740297	4.020179	9.183031	11.890832	4.333736	112.341548	177.626067	25.816130	
463	4.525102	4.693701	3.983607	9.153738	11.889331	4.334814	111.065402	177.359631	25.806975	
464	4.551101	4.720240	4.022265	9.283627	12.048311	4.362437	114.189250	182.242263	26.008909	
465	4.590019	4.778657	4.049619	9.295462	12.070740	4.366194	114.291197	183.157102	26.047878	
466	4.780258	4.939207	4.158228	9.371077	12.152144	4.381181	116.028157	185.282433	26.175674	
467	4.842290	4.981617	4.233754	9.353752	12.123753	4.386472	114.771960	183.751623	26.236304	
468	4.786948	4.983181	4.307716	9.289665	12.072045	4.400079	114.052617	181.954285	26.408925	
469	4.779638	4.957429	4.343639	9.391599	12.161992	4.434243	116.901107	184.931039	26.752086	
470	4.754911	4.898824	4.379977	9.412807	12.184278	4.427519	116.996981	186.046001	26.681439	
471	4.761902	4.928297	4.403860	9.368996	12.142346	4.418329	115.735522	184.505289	26.601086	
472	4.620594	4.857895	4.272832	9.300599	12.105962	4.416237	113.522058	183.202838	26.634166	
473	4.533351	4.759971	4.144910	9.291122	12.105642	4.438575	113.043105	182.978698	26.857268	
474	4.448267	4.760711	4.153649	9.294623	12.128425	4.463821	113.333574	183.894081	27.132320	
475	4.586097	4.917101	4.257825	9.328916	12.161268	4.451529	113.922716	184.944816	26.973060	
476	4.718583	5.032514	4.359451	9.323104	12.151943	4.441650	113.600547	184.453504	26.822747	
477	4.667969	4.857842	4.267585	9.253425	12.052292	4.390916	112.281738	181.824626	26.247093	
478	4.609922	4.802373	4.192512	9.278258	12.079525	4.370372	113.262568	183.159393	26.053357	
479	4.402169	4.633854	4.098459	9.289111	12.115712	4.395598	113.846865	184.761533	26.414071	
480	4.293787	4.505213	3.976011	9.253812	12.027779	4.381633	112.810615	182.113514	26.305659	
481	4.331131	4.674091	3.956601	9.274521	12.049476	4.389100	112.985785	182.234752	26.360672	
482	4.419725	4.681200	4.063098	9.399793	12.208090	4.424347	115.894273	186.932816	26.768106	
483	4.461076	4.698980	4.161235	9.291732	12.117008	4.449592	112.654035	183.371571	26.941515	
484	4.507287	4.849095	4.197307	9.329828	12.167005	4.472740	114.136751	185.196675	27.299893	
485	4.333426	4.653144	4.135819	9.351776	12.189066	4.473808	114.787548	185.919529	27.428064	
486	4.410685	4.739633	4.150395	9.282424	12.111589	4.476956	112.514619	183.074166	27.392875	
487	4.394499	4.794297	4.134649	9.243900	12.060902	4.482403	111.670027	181.445785	27.453922	
488	4.390279	4.766555	4.191171	9.179709	11.971139	4.476845	110.480502	179.316554	27.457301	
489	4.293352	4.623671	4.144667	9.059918	11.838473	4.479749	108.322276	176.206908	27.611401	
490	4.315572	4.600716	4.155007	9.124976	11.914873	4.438587	110.031044	179.398779	27.134402	
491	4.361259	4.617908	4.225674	9.203371	12.019275	4.432503	111.691135	182.305397	27.069452	
492	4.455883	4.694453	4.252498	9.180287	12.017298	4.412363	110.891813	181.835892	26.736060	
493	4.513101	4.673302	4.213232	9.153873	11.988726	4.382977	110.012706	180.183136	26.405829	
494	4.476043	4.622232	4.200392	9.090878	11.911171	4.369329	108.600547	178.029842	26.211316	
495	4.460754	4.560242	4.200237	9.087766	11.926702	4.396369	108.649630	178.631033	26.551254	
