####### LIGHTCURVES AND MEAN ENERGIES
####### 3 NEUTRINO SPECIES: NU_E, NUBAR_E AND N_X
####### ALL QUANTITIES ARE MEASURED AT 500 KM FROM THE CENTER
#######
####### FROM MODEL L2-0B (BUGLI ET AL. 2020,2021)
####### B0=1e12 G, l=2, r0=1.00e8 cm
####### UNITS: TIME [ms], LUMINOSITY [1e52 erg/s], ENERGY [MeV]


# TIME	L_NU_E     	L_NU_BAR   	L_NU_X     	E_NU_E     	E_NU_BAR  	E_NU_X      	E2_NU_E    	E2_NU_BAR 	E2_NU_X     
1	12.500489	0.000033	0.000022	11.042724	5.974809	0.866013	140.212980	47.603272	0.938243	
2	8.839847	0.053703	0.027556	11.249337	8.869248	2.072816	145.870421	91.851423	4.898369	
3	38.907346	0.515300	0.740796	14.112619	14.126006	4.496162	228.869635	231.148639	24.432314	
4	43.690271	0.328763	0.848299	13.960487	12.527335	6.852583	226.453177	190.287685	67.929498	
5	29.978270	0.476018	0.650899	12.434411	11.912190	6.905605	179.427037	164.831255	73.605195	
6	29.663479	0.606855	0.565326	12.502525	11.953853	5.984174	179.635726	165.318975	54.948015	
7	25.039580	0.711513	0.653762	12.056204	11.876697	5.133088	167.708246	163.279649	37.763390	
8	27.152427	0.705263	0.850879	12.242797	11.841744	4.855759	172.008783	162.952639	31.411223	
9	23.366019	0.621754	0.967704	11.973697	11.745125	4.776729	167.125702	160.913111	29.642148	
10	21.506688	0.523653	0.977267	11.649750	11.250504	4.558832	160.209158	148.824794	27.208138	
11	21.710756	0.497535	0.950586	11.169050	10.742322	4.292967	146.702958	135.749263	24.150473	
12	17.480917	0.533116	0.959657	10.421832	10.501205	4.191939	128.399353	129.026207	22.542111	
13	15.249575	0.595532	0.995257	9.912526	10.196829	4.169629	115.683193	121.584648	22.098709	
14	12.854951	0.734927	1.092398	9.395643	10.237982	4.126634	104.041656	122.487101	21.620109	
15	12.270831	0.926961	1.260306	9.292680	10.384735	4.107743	101.068785	126.087579	21.356628	
16	12.129088	1.104241	1.426191	9.303385	10.505140	4.140306	100.788225	129.316934	21.648932	
17	12.390293	1.296210	1.573763	9.492408	10.660524	4.209781	104.837974	133.407680	22.393769	
18	12.186392	1.445025	1.686456	9.625791	10.772356	4.252782	107.560894	136.339214	22.932170	
19	11.185508	1.533049	1.752515	9.611565	10.776530	4.260664	107.249032	136.326636	23.123555	
20	10.148056	1.672712	1.849952	9.363585	10.722261	4.220044	102.338865	134.966108	22.787141	
21	9.129735	1.852647	1.968848	9.193269	10.841946	4.211992	98.756479	137.631651	22.699902	
22	9.042559	1.970349	2.048596	9.108410	10.896489	4.204481	97.083475	138.739264	22.592794	
23	9.033432	2.185714	2.132842	9.039034	11.082744	4.208029	95.877268	143.010752	22.541298	
24	8.867760	2.365674	2.144237	8.957245	11.234108	4.223743	93.856936	146.248693	22.667873	
25	7.853827	2.480834	2.144317	8.746573	11.245707	4.200845	90.209892	146.058913	22.420063	
26	8.028714	2.653623	2.190872	8.749912	11.340076	4.206228	89.931121	148.328382	22.453986	
27	7.511289	2.760750	2.228382	8.672929	11.353103	4.204279	88.511087	148.657757	22.447188	
28	7.587798	2.798691	2.266189	8.661175	11.272618	4.192745	88.333639	147.030734	22.355277	
29	7.553234	2.780844	2.268601	8.674756	11.198209	4.173534	88.689170	145.493135	22.180861	
30	7.490391	2.894706	2.323927	8.630285	11.262363	4.176429	88.021862	147.103915	22.166130	
31	7.578765	2.912838	2.338741	8.672320	11.369760	4.201859	88.751858	150.092172	22.428665	
32	7.640485	2.931522	2.363652	8.733249	11.399353	4.186875	90.139965	150.659469	22.245109	
33	7.401638	2.890356	2.384933	8.737334	11.415364	4.209391	90.428959	151.218243	22.391837	
34	7.032790	2.801885	2.360854	8.689617	11.400069	4.196215	89.733020	150.870521	22.246178	
35	6.540470	2.853373	2.387971	8.580905	11.480561	4.182181	87.848786	152.761769	22.046932	
36	6.210281	2.807622	2.377395	8.497680	11.438898	4.161967	86.145952	151.129819	21.825596	
37	6.044606	2.863706	2.382870	8.438355	11.380095	4.127204	84.973797	149.319794	21.496298	
38	5.812039	2.997284	2.404534	8.355406	11.308831	4.088948	83.460351	147.697348	21.138089	
39	5.672536	3.138333	2.422231	8.321603	11.320253	4.077850	82.871354	147.829173	21.021904	
40	5.856708	3.269608	2.483507	8.322810	11.312610	4.058660	82.789574	147.889508	20.851599	
41	5.889317	3.384278	2.512161	8.332939	11.375573	4.062892	82.852652	149.304331	20.850230	
42	5.945374	3.511480	2.551892	8.339382	11.424917	4.053751	82.914666	150.587943	20.772689	
43	6.103115	3.636576	2.614044	8.347688	11.502039	4.057268	83.028664	152.569313	20.800594	
44	6.128204	3.711661	2.669270	8.345682	11.555175	4.060612	83.010065	154.074639	20.825425	
45	6.051484	3.738432	2.717023	8.273924	11.584776	4.073288	81.653938	155.170386	20.958832	
46	5.771677	3.728706	2.696246	8.138592	11.613725	4.078686	79.325584	156.068446	21.030404	
47	5.282110	3.750694	2.658922	7.956923	11.586814	4.059042	76.396589	155.400576	20.864387	
48	5.205338	3.794105	2.673693	7.902973	11.610722	4.059867	75.537928	156.224336	20.930993	
49	5.121163	3.836808	2.702979	7.877983	11.609412	4.046434	75.278578	156.363997	20.838563	
50	5.182200	3.867050	2.752025	7.885332	11.694952	4.076150	75.475627	158.582555	21.054660	
51	5.127578	3.828507	2.770047	7.872148	11.659948	4.081021	75.278302	157.632938	21.086164	
52	4.874870	3.802897	2.754087	7.794161	11.618464	4.071868	74.061040	156.572173	21.027845	
53	4.638906	3.841887	2.736644	7.717133	11.636001	4.068134	72.816054	156.810257	21.009495	
54	4.413918	3.907997	2.721481	7.679349	11.682114	4.065532	72.272013	157.823586	20.934188	
55	4.334824	4.014238	2.711126	7.633802	11.739497	4.053281	71.549876	159.174202	20.771889	
56	4.327603	4.183047	2.725081	7.647496	11.796590	4.044774	71.729655	160.514754	20.635171	
57	4.501797	4.373426	2.762103	7.725761	11.882731	4.063563	73.105992	162.823707	20.796878	
58	4.674640	4.649605	2.828989	7.740883	11.926397	4.056660	73.492149	163.785381	20.711801	
59	4.895828	4.799170	2.893706	7.831492	11.915858	4.059908	75.167606	163.368803	20.724989	
60	5.029739	4.818798	2.926112	7.917628	11.902554	4.072433	76.745908	163.231702	20.845889	
61	4.856876	4.692777	2.920331	7.948598	11.873341	4.083740	77.376820	162.874434	20.985447	
62	4.796536	4.478857	2.866096	7.991748	11.801931	4.084064	78.142823	161.108727	21.070756	
63	4.979189	4.368546	2.876707	7.981999	11.825425	4.106173	77.971745	161.612941	21.326320	
64	4.751049	4.291541	2.847283	7.927826	11.854545	4.115514	77.091021	162.304061	21.458998	
65	4.621642	4.330014	2.877921	7.917347	11.864292	4.127239	76.894855	162.691957	21.615112	
66	4.723270	4.462198	2.937824	7.888394	11.905908	4.140373	77.082679	163.935506	21.789711	
67	4.502420	4.596217	2.974130	7.827197	11.951905	4.146969	76.569340	165.324808	21.891116	
68	4.373735	4.725994	3.002071	7.822113	12.006573	4.154279	76.523699	167.036983	21.987307	
69	4.228553	4.840463	2.999453	7.784522	12.035534	4.135804	76.582530	167.734191	21.715688	
70	4.043535	4.835244	2.920083	7.767462	12.056074	4.123993	75.005264	168.243217	21.564711	
71	3.843343	4.864153	2.864870	7.780573	12.053212	4.116527	74.848968	168.026119	21.448416	
72	3.784746	4.907503	2.821766	7.869203	12.030548	4.104952	76.462696	167.402412	21.301368	
73	3.828602	4.964152	2.788589	7.905222	11.981233	4.076458	76.871342	166.108544	21.007540	
74	3.714291	4.934854	2.718284	7.873493	11.924967	4.040911	76.455582	164.798319	20.726514	
75	3.730628	4.940295	2.669864	7.892299	11.940165	4.036286	76.756389	165.049071	20.667109	
76	3.704147	4.895428	2.607630	7.895245	11.898797	4.009509	76.656170	163.968663	20.432201	
77	3.749405	4.953317	2.615504	7.909407	11.919398	4.003628	76.823248	164.546275	20.359232	
78	3.902238	5.028022	2.668231	7.878546	11.968705	4.012077	76.138294	165.569713	20.364028	
79	3.924078	5.114770	2.726605	7.814494	11.985646	4.021068	75.072824	165.837978	20.404281	
80	4.017831	5.198460	2.754293	7.785492	11.976545	4.013732	74.608020	165.661638	20.324515	
81	4.218386	5.221428	2.786866	7.806542	11.983031	4.021897	74.918630	166.045958	20.415211	
82	4.268930	5.133909	2.768736	7.801459	11.955489	4.014679	74.723353	165.389886	20.364552	
83	4.136665	5.124953	2.755735	7.744184	11.956076	4.017412	73.801911	165.477625	20.429790	
84	4.099418	5.197296	2.752734	7.717011	11.987862	4.020585	73.288829	166.318190	20.496498	
85	4.165349	5.318211	2.789572	7.712796	12.038544	4.023822	73.110793	167.693466	20.534381	
86	4.299159	5.373332	2.819118	7.703813	12.104181	4.034118	72.923696	169.420682	20.652331	
87	4.450035	5.320860	2.803622	7.712972	12.139317	4.046459	73.025188	170.359354	20.766957	
88	4.499734	5.308310	2.802214	7.708625	12.163297	4.054444	72.910184	170.939370	20.828609	
89	4.474201	5.233701	2.791810	7.687577	12.177627	4.059378	72.673537	171.344998	20.884965	
90	4.384001	5.081582	2.763363	7.680600	12.201835	4.067361	72.673198	172.131410	20.993716	
91	4.216892	4.929177	2.723935	7.684142	12.213321	4.080055	72.797947	172.717650	21.196069	
92	4.090051	4.852055	2.682196	7.655588	12.237100	4.077370	72.380082	173.486715	21.234421	
93	4.016572	4.871838	2.657061	7.658383	12.258507	4.067837	72.507498	174.188925	21.191417	
94	4.074497	4.907959	2.643425	7.679949	12.263315	4.059421	72.878394	174.436646	21.139569	
95	4.278484	4.947024	2.634940	7.706159	12.257254	4.049878	73.357850	174.180434	21.022298	
96	4.692829	5.034625	2.687504	7.735567	12.264855	4.054607	73.763537	174.124944	21.038149	
97	5.000366	5.038964	2.714180	7.744403	12.334655	4.075173	73.841230	175.889789	21.194004	
98	5.150207	5.007751	2.744393	7.700412	12.312374	4.071156	73.040795	175.232969	21.149321	
99	4.966161	4.950613	2.724238	7.610913	12.288667	4.072738	71.916216	174.731844	21.202257	
100	4.797458	4.926061	2.731642	7.570334	12.246527	4.077484	71.513893	173.799053	21.263119	
101	4.722853	4.927320	2.733707	7.626089	12.195395	4.073756	72.330172	172.662572	21.233024	
102	4.704910	4.953380	2.753480	7.702078	12.181648	4.084740	73.442894	172.461646	21.353775	
103	4.684829	4.985889	2.762631	7.743406	12.213579	4.088885	74.170940	173.407317	21.394684	
104	4.594287	4.967878	2.735915	7.772554	12.234563	4.105062	74.769264	174.104643	21.544339	
105	4.397495	4.941588	2.678590	7.809014	12.218961	4.095389	75.452674	173.674466	21.476637	
106	4.315656	5.016725	2.675498	7.904253	12.306220	4.105772	77.137560	175.861812	21.603356	
107	4.310739	5.077721	2.656201	7.924494	12.331029	4.089539	77.476235	176.288769	21.413232	
108	4.403173	5.184220	2.653093	7.958158	12.354790	4.091071	78.036922	176.758261	21.392123	
109	4.407400	5.249020	2.644286	7.962109	12.352024	4.082856	78.160001	176.720706	21.323996	
110	4.407718	5.267933	2.637131	7.974450	12.410646	4.093677	78.532569	178.378218	21.424654	
111	4.378547	5.253994	2.629216	7.962975	12.456900	4.101947	78.473526	179.555185	21.488106	
112	4.390633	5.262590	2.624732	7.926280	12.454130	4.083300	77.875325	179.397582	21.287803	
113	4.431560	5.305804	2.629713	7.898701	12.441036	4.070572	77.482371	179.025690	21.151127	
114	4.458420	5.344855	2.644327	7.890592	12.436856	4.062563	77.375490	178.807392	21.054483	
115	4.420172	5.292495	2.630566	7.878858	12.377158	4.057398	77.156210	177.227206	21.017825	
116	4.360912	5.234056	2.607415	7.867556	12.349688	4.060829	76.933607	176.459459	21.052322	
117	4.282727	5.162832	2.584044	7.857489	12.306839	4.054354	76.767503	175.297010	21.019857	
118	4.203787	5.104348	2.570957	7.854192	12.280929	4.047839	76.731451	174.626780	20.976942	
119	4.217728	5.102164	2.590697	7.851780	12.283744	4.038256	76.690331	174.761183	20.900463	
120	4.292223	5.085442	2.617478	7.857147	12.279575	4.029789	76.706025	174.745614	20.812524	
121	4.377494	5.028418	2.613677	7.877549	12.295749	4.024180	77.041635	175.125781	20.767311	
122	4.380295	4.964252	2.592659	7.870492	12.295944	4.019705	77.018758	175.182669	20.728263	
123	4.345758	4.915629	2.566522	7.866735	12.340866	4.032558	77.103017	176.357395	20.840960	
124	4.380692	4.949366	2.566955	7.876820	12.381403	4.046341	77.569200	177.467674	20.966299	
125	4.439439	5.089381	2.606902	7.871435	12.422603	4.065662	77.707811	178.549253	21.146485	
126	4.627086	5.276335	2.635755	7.957676	12.478189	4.085140	79.071352	180.035951	21.352589	
127	4.899149	5.550538	2.676729	8.085815	12.506153	4.097689	81.137630	180.788611	21.444413	
128	4.880087	5.605843	2.705205	8.150308	12.531143	4.107556	82.516748	181.806936	21.512213	
129	4.834259	5.590352	2.675524	8.286757	12.596955	4.117080	84.950832	183.759442	21.628693	
130	4.916549	5.627956	2.689532	8.340889	12.655136	4.121151	85.841405	185.362977	21.680445	
131	4.993436	5.738996	2.735018	8.389168	12.716499	4.129888	86.744974	186.910990	21.738647	
132	4.963350	5.891044	2.780615	8.442887	12.672336	4.134369	87.757080	185.606204	21.791121	
133	4.933527	6.045752	2.800489	8.490018	12.653986	4.137832	88.587051	184.993886	21.841419	
134	4.928673	6.219302	2.819922	8.520135	12.671741	4.141018	89.193235	185.475703	21.899956	
135	4.876400	6.326292	2.812432	8.563842	12.698491	4.149945	90.251143	186.475442	22.015263	
136	4.995214	6.565276	2.860045	8.645908	12.734193	4.167505	92.029898	187.622878	22.173576	
137	5.197339	6.802019	2.924366	8.690168	12.721437	4.175827	92.875025	187.415392	22.239817	
138	5.383681	6.950311	2.958750	8.714102	12.692612	4.172735	93.125898	186.541300	22.170424	
139	5.280163	6.955394	2.924583	8.725777	12.631498	4.158877	93.203293	184.570462	21.983381	
140	5.002649	6.891083	2.867791	8.722991	12.558547	4.145938	93.188192	182.505065	21.829240	
141	4.843193	6.862557	2.866255	8.768940	12.581026	4.160925	94.103354	183.167742	21.982431	
142	4.771492	6.875799	2.886485	8.805058	12.632926	4.178939	94.941797	184.789760	22.209349	
143	4.754518	6.860034	2.879987	8.819870	12.717795	4.197672	95.228342	187.080438	22.405892	
144	4.877599	6.812116	2.893788	8.812126	12.791116	4.200561	95.033114	189.097429	22.443347	
145	5.056277	6.819215	2.943112	8.827123	12.831392	4.198332	95.275537	190.478409	22.442431	
146	5.212443	6.839864	2.968798	8.810430	12.838331	4.210370	94.918700	190.793587	22.565623	
147	5.280688	6.776191	2.984920	8.792341	12.800327	4.225638	94.482401	190.095046	22.745939	
148	5.270117	6.736331	2.992932	8.772884	12.809613	4.256159	94.273702	190.656426	23.084329	
149	5.258271	6.671714	2.954066	8.746837	12.817210	4.269442	93.908042	191.076746	23.249893	
150	5.136702	6.605487	2.898766	8.731792	12.831275	4.267013	93.765444	191.416928	23.257270	
151	5.038578	6.583199	2.869265	8.730477	12.896125	4.270093	93.930416	193.123089	23.308454	
152	4.917821	6.572798	2.832780	8.738138	12.922534	4.260721	94.334319	193.775221	23.235550	
153	4.809528	6.492898	2.790245	8.768880	12.928195	4.245250	95.047817	194.066923	23.092212	
154	4.731896	6.392967	2.764012	8.834487	12.977125	4.238156	96.117922	195.457682	22.992989	
155	4.715081	6.184855	2.676467	8.903416	13.011746	4.217770	97.118377	196.414408	22.804928	
156	4.750048	6.072160	2.636565	8.892794	12.972102	4.195421	96.592052	194.876381	22.574289	
157	4.781479	5.967050	2.605903	8.811193	12.946188	4.178679	94.901244	193.963803	22.395349	
158	4.750913	5.862048	2.592336	8.690218	12.921908	4.176280	92.856855	193.160218	22.362669	
159	4.715167	5.726733	2.572463	8.559984	12.885309	4.172351	90.693780	192.111494	22.327196	
160	4.669046	5.675290	2.572033	8.446223	12.866795	4.167759	88.737452	191.649202	22.282854	
161	4.721433	5.735480	2.597176	8.392204	12.875178	4.164984	87.647700	191.915682	22.254191	
162	4.747715	5.755330	2.587686	8.371759	12.928563	4.169792	87.187800	193.460758	22.310596	
163	4.734141	5.685490	2.567163	8.389856	13.021030	4.185434	87.554134	196.231357	22.491544	
164	4.712180	5.587970	2.534610	8.393477	13.017017	4.189856	87.846857	196.291287	22.559088	
165	4.679340	5.533701	2.514461	8.385051	12.976412	4.187135	87.560473	195.313818	22.574303	
166	4.676918	5.549857	2.523691	8.382679	12.918322	4.191412	87.514684	193.919141	22.639158	
167	4.680091	5.568512	2.519603	8.347439	12.823653	4.183277	86.809577	191.491314	22.570454	
168	4.634093	5.566489	2.473886	8.276749	12.655504	4.147034	85.623176	187.116555	22.253562	
169	4.599873	5.561159	2.432810	8.221226	12.479679	4.102166	84.628086	182.393015	21.834956	
170	4.644543	5.583579	2.420091	8.199797	12.343827	4.056347	84.389222	178.660057	21.387246	
171	4.757839	5.631513	2.433361	8.212912	12.312868	4.049736	84.331625	177.897711	21.294598	
172	4.835037	5.631793	2.423050	8.243639	12.276178	4.038583	85.161553	177.045105	21.193501	
173	4.815455	5.683321	2.442810	8.261428	12.283462	4.039368	85.195597	177.330949	21.206527	
174	4.744322	5.637636	2.411905	8.300634	12.279856	4.037347	86.059936	177.535856	21.199111	
175	4.456574	5.365898	2.280547	8.227715	12.102961	3.985009	84.874084	173.043813	20.725745	
176	4.313278	5.242303	2.189821	8.197572	11.995233	3.949343	84.369941	170.387331	20.445711	
177	4.236408	5.224806	2.147238	8.180694	11.931168	3.933773	84.091698	168.943966	20.322130	
178	4.225947	5.256613	2.130371	8.199669	11.916763	3.930648	84.392991	168.701775	20.285343	
179	4.205713	5.265794	2.111069	8.229722	11.892695	3.935483	84.985308	168.198032	20.341826	
180	4.126014	5.147374	2.082328	8.271788	11.913095	3.952158	85.746450	168.742838	20.508178	
181	3.999077	5.029030	2.061414	8.275583	11.927615	3.955319	85.880157	169.193214	20.564063	
182	3.889616	4.886901	2.043894	8.288862	11.973389	3.953543	86.205143	170.633367	20.566484	
183	3.835524	4.828373	2.034028	8.319562	11.992369	3.957270	86.778172	171.073363	20.593401	
184	3.884649	4.900524	2.046173	8.346062	12.018026	3.964236	87.194461	171.616491	20.636936	
185	3.992582	5.000866	2.071874	8.358915	12.068791	3.969102	87.385626	172.902121	20.632608	
186	4.089950	5.037101	2.118156	8.410217	12.163194	4.000645	88.240821	175.138861	20.825252	
187	4.123588	4.931918	2.108019	8.443069	12.215515	4.009926	88.840550	176.516434	20.923390	
188	4.094958	4.894879	2.084654	8.393184	12.210130	3.993512	87.952603	176.251275	20.801704	
189	4.076748	4.893621	2.075389	8.325565	12.129698	3.981190	86.722475	174.024587	20.702922	
190	4.042282	4.891578	2.065834	8.296790	12.080453	3.978945	86.114807	172.670155	20.689676	
191	4.045703	4.949674	2.058972	8.281736	12.088815	3.976170	85.781210	172.762142	20.652033	
192	4.126955	5.105097	2.060959	8.278242	12.072387	3.972806	85.807451	172.238787	20.594498	
193	4.185609	5.186557	2.066662	8.268039	12.070850	3.974106	85.818303	172.475483	20.616162	
194	4.095163	5.094719	2.034567	8.273070	12.092915	3.980168	86.076453	173.282330	20.715027	
195	3.937692	5.008725	1.997224	8.311083	12.073541	3.974172	86.760034	172.867754	20.705757	
196	3.810836	5.003874	1.971357	8.371776	12.023398	3.963408	87.963944	171.651812	20.646188	
197	3.698574	4.940975	1.948800	8.441087	11.939870	3.954051	89.226270	169.727587	20.567649	
198	3.667053	4.932878	1.939756	8.459581	11.891818	3.943970	89.492539	168.735142	20.473546	
199	3.732093	5.028892	1.956604	8.471436	11.876786	3.941364	89.652962	168.533546	20.433560	
200	3.810395	5.151697	1.993221	8.506472	11.956838	3.955886	90.369960	170.878927	20.515263	
201	4.001328	5.327203	2.068231	8.570611	12.101810	3.992290	91.527138	174.665810	20.836236	
202	4.186697	5.424664	2.119435	8.586006	12.177133	4.012809	91.736071	176.401870	21.032775	
203	4.291368	5.469710	2.140452	8.560334	12.171779	4.024641	91.245615	175.983934	21.157747	
204	4.330217	5.471965	2.142554	8.548936	12.171964	4.034964	91.073172	175.872084	21.286118	
205	4.335546	5.464176	2.132345	8.557675	12.221578	4.048927	91.307770	177.237587	21.437211	
206	4.341519	5.502022	2.117465	8.581060	12.275031	4.054480	91.789428	178.648055	21.492958	
207	4.404930	5.559491	2.131421	8.633173	12.320681	4.061887	92.805560	179.960437	21.542430	
208	4.384698	5.586078	2.139467	8.696697	12.280606	4.065404	94.061558	178.970174	21.590203	
209	4.308145	5.604531	2.133858	8.741081	12.191537	4.057409	94.874645	176.494556	21.550136	
210	4.303154	5.616661	2.128506	8.737830	12.129139	4.040197	94.990207	174.801175	21.424072	
211	4.287617	5.602002	2.115606	8.733651	12.129726	4.049029	95.144280	174.537457	21.509726	
212	4.250437	5.452586	2.093644	8.737605	12.175923	4.060955	95.349699	175.542315	21.643983	
213	4.130833	5.213573	2.081941	8.706884	12.204151	4.067553	94.972774	176.284816	21.715888	
214	4.042375	5.090498	2.078656	8.651180	12.165683	4.082470	93.962337	175.055870	21.832635	
215	3.977305	4.975055	2.076901	8.586687	12.141390	4.087157	92.764029	174.504371	21.848839	
216	4.006923	4.962727	2.092091	8.549360	12.133188	4.098124	91.809172	174.452435	21.914123	
217	3.956719	4.833882	2.056720	8.484579	12.077865	4.087986	90.436032	173.004694	21.801883	
218	3.884169	4.615644	1.991103	8.413955	12.034587	4.068294	88.982947	171.856643	21.601017	
219	3.874324	4.447925	1.918399	8.383607	12.074021	4.044215	88.106679	172.779883	21.355983	
220	3.842573	4.377112	1.867880	8.370088	12.118727	4.018836	87.747850	173.635528	21.086977	
221	3.824465	4.325933	1.855491	8.403634	12.173606	4.005642	88.185673	174.801825	20.947782	
222	3.767880	4.290956	1.840891	8.434479	12.230600	4.006490	88.750244	176.266613	20.967746	
223	3.725629	4.330746	1.847602	8.455288	12.285277	4.008999	89.090082	177.908030	20.978492	
224	3.846785	4.446590	1.872943	8.500020	12.344028	4.006538	89.813197	179.778539	20.960107	
225	3.946050	4.588845	1.899825	8.533163	12.409649	4.001058	90.440687	181.613390	20.904641	
226	3.989020	4.586644	1.894917	8.536138	12.463543	3.997547	90.592959	183.080360	20.920378	
227	3.959712	4.585134	1.887746	8.471281	12.470451	3.999105	89.648535	183.149118	20.992370	
228	3.942809	4.599698	1.864808	8.417902	12.466713	3.997078	88.989487	182.885383	21.024991	
229	3.926861	4.553840	1.831982	8.453553	12.479408	3.988625	89.763884	183.195676	20.956822	
230	3.845318	4.473854	1.789866	8.533002	12.451979	3.965664	91.157263	182.411060	20.692024	
231	3.782149	4.488880	1.764566	8.628434	12.418001	3.948394	92.582017	181.300078	20.487188	
232	3.745200	4.533139	1.751656	8.702603	12.367248	3.934336	93.722884	179.983824	20.342673	
233	3.686193	4.490870	1.744317	8.744321	12.315757	3.931817	94.401864	178.799259	20.339501	
234	3.653267	4.440910	1.739563	8.769113	12.254440	3.945801	94.855326	177.463399	20.480807	
235	3.658228	4.451443	1.760192	8.761788	12.175860	3.943036	94.718190	175.563870	20.469070	
236	3.742607	4.574323	1.808044	8.724518	12.212161	3.975989	94.079878	176.859821	20.790426	
237	3.814807	4.620067	1.817033	8.699993	12.214212	3.986238	93.851180	177.046713	20.866552	
238	3.876722	4.665965	1.834522	8.675069	12.270436	3.994057	93.683086	178.574390	20.912914	
239	3.867126	4.564398	1.802656	8.656458	12.287196	4.000763	93.705050	179.101360	20.990687	
240	3.723326	4.302135	1.739018	8.593791	12.259895	3.993892	92.906357	178.464167	20.959923	
241	3.592493	4.227701	1.701510	8.564741	12.281279	3.986763	92.497133	178.875251	20.908854	
242	3.619099	4.257108	1.707545	8.545050	12.313212	3.970680	91.906940	179.528933	20.717245	
243	3.649520	4.257147	1.724833	8.539404	12.438462	3.973681	91.820882	182.875032	20.701587	
244	3.652648	4.248869	1.731916	8.576561	12.529152	3.975045	92.488997	185.410306	20.720679	
245	3.775531	4.480398	1.753218	8.668077	12.582742	3.956755	93.983650	186.509679	20.550579	
246	4.014553	4.682981	1.779385	8.739557	12.575397	3.952101	95.027205	186.282019	20.440873	
247	4.048950	4.512402	1.773848	8.715348	12.506883	3.975883	94.550184	184.489408	20.588849	
248	3.948280	4.410205	1.771100	8.622456	12.424307	4.008379	92.768496	181.969293	20.874463	
249	3.987501	4.543510	1.768547	8.611283	12.393845	4.038648	92.563267	180.984885	21.201989	
250	3.958313	4.619153	1.756926	8.606254	12.347628	4.054655	92.381471	179.638006	21.398623	
251	3.903609	4.745151	1.762210	8.634199	12.356952	4.053515	92.892938	179.934574	21.430424	
252	3.995140	4.890865	1.786507	8.698429	12.393282	4.038388	94.026254	181.319131	21.332802	
253	3.973549	4.875630	1.766433	8.742540	12.412428	4.043225	94.923440	181.904603	21.378994	
254	3.858992	4.688892	1.721967	8.727152	12.358429	4.035117	94.799750	180.291628	21.311077	
255	3.707819	4.380814	1.659946	8.654473	12.265275	4.044263	93.269581	177.653236	21.417295	
256	3.536786	4.148117	1.598124	8.571777	12.137841	4.012397	91.619684	174.013564	21.126992	
257	3.453213	4.061967	1.597987	8.504655	12.135743	4.028658	90.204850	174.107802	21.251547	
258	3.343432	3.885413	1.534638	8.431459	11.943156	3.975299	88.758902	169.022534	20.774504	
259	3.257267	3.854469	1.525131	8.329488	11.923919	3.994237	86.918447	168.735090	20.920199	
260	3.221266	3.841996	1.494520	8.283265	11.875835	3.944294	86.132239	167.371977	20.434399	
261	3.332249	4.084801	1.543039	8.287955	12.039745	3.946948	86.256350	171.899933	20.431281	
262	3.474990	4.200981	1.567742	8.366031	12.016956	3.904611	87.941897	171.459755	19.985323	
263	3.604010	4.331955	1.626752	8.459880	12.216775	3.944824	90.006230	177.431420	20.376781	
264	3.617032	4.271642	1.615313	8.580367	12.249633	3.954678	92.491996	178.263188	20.515134	
265	3.574212	4.229891	1.604941	8.613762	12.238148	3.973433	93.228708	177.989779	20.775055	
266	3.529005	4.241813	1.589943	8.620819	12.268208	3.972134	93.660317	178.898876	20.841744	
267	3.513640	4.314295	1.578522	8.694240	12.264537	3.994141	95.138921	178.860234	21.117297	
268	3.585770	4.453435	1.584980	8.788782	12.213567	3.987239	96.887669	177.263208	21.096822	
269	3.675380	4.493139	1.598701	8.918060	12.267266	4.033524	99.536556	178.941494	21.552679	
270	3.706911	4.538839	1.654925	9.042019	12.357222	4.064751	102.056936	181.579299	21.778457	
271	3.855953	4.624470	1.646742	9.146063	12.321277	4.048378	103.815926	180.767467	21.655971	
272	3.924769	4.730232	1.701499	9.168806	12.254071	4.041687	104.178467	178.734059	21.591305	
273	3.829338	4.638687	1.681355	9.220650	12.191165	4.033596	105.160320	177.323663	21.618356	
274	3.697726	4.633872	1.703186	9.289931	12.158985	4.058960	106.775029	176.544182	21.914527	
275	3.582764	4.415348	1.671426	9.386450	12.249710	4.086867	109.161458	179.480020	22.234842	
276	3.378699	4.273501	1.706247	9.357851	12.367911	4.160160	109.204933	182.979297	22.974294	
277	3.306756	3.988225	1.654592	9.191211	12.325412	4.171354	106.189722	182.909320	23.133992	
278	3.373138	4.004939	1.662245	9.029499	12.426323	4.188051	102.662677	185.838974	23.256233	
279	3.247188	4.187357	1.656237	9.050115	12.354269	4.123262	102.750596	182.356788	22.523540	
280	3.553237	4.556934	1.696479	9.175108	12.263009	4.106321	104.222572	179.314353	22.338551	
281	3.695950	4.673510	1.727647	9.221011	12.134427	4.094220	104.976542	175.788140	22.146421	
282	3.761657	4.534821	1.676062	9.175129	12.250997	4.109252	104.061486	179.456061	22.355883	
283	3.961438	4.744543	1.712902	9.278482	12.333268	4.110773	105.816722	180.544511	22.303548	
284	4.187743	4.655249	1.705866	9.246248	12.457175	4.090975	104.782377	183.394164	22.077196	
285	4.244591	4.509753	1.712875	9.088698	12.621547	4.090780	101.567046	187.849514	22.013466	
286	4.263532	4.427252	1.707709	8.998100	12.581827	4.061462	100.157023	187.080748	21.655813	
287	4.383566	4.395847	1.740363	8.944595	12.527609	4.064932	99.258983	185.749407	21.575213	
288	4.370827	4.348938	1.728040	8.911603	12.492851	4.075815	98.566545	184.615233	21.614639	
289	4.267875	4.314207	1.720742	8.824197	12.488106	4.091627	96.702220	184.638394	21.776071	
290	4.158476	4.237445	1.691882	8.779803	12.378391	4.071790	95.789339	181.740661	21.609854	
291	3.971422	4.116997	1.674015	8.726586	12.289779	4.071492	94.977399	179.431624	21.627230	
292	3.669747	3.959873	1.611011	8.668928	12.192306	4.071403	94.161829	176.784896	21.706755	
293	3.509965	3.839879	1.567449	8.628358	12.148187	4.081741	93.213590	175.200592	21.845253	
294	3.494393	3.852784	1.555913	8.634702	12.084215	4.049069	92.817047	173.074626	21.545945	
295	3.499171	3.808160	1.489736	8.616360	12.098967	4.039130	92.221697	173.651066	21.543073	
296	3.554405	3.973581	1.537490	8.599372	12.203408	4.033159	92.022290	176.440943	21.412145	
297	3.549942	3.880134	1.495154	8.679624	12.211052	4.017339	93.875701	177.051672	21.302323	
298	3.382830	3.978474	1.557982	8.729733	12.322796	4.059800	95.198817	180.170927	21.664363	
299	3.329245	3.938152	1.549522	8.819818	12.390602	4.087720	97.001718	182.287312	21.948410	
300	3.311957	3.960331	1.577986	8.875633	12.480160	4.135231	98.181313	184.861418	22.459290	
301	3.327788	3.985439	1.573486	8.958240	12.553533	4.165098	99.711045	186.752161	22.763128	
302	3.271965	3.939657	1.569059	9.005919	12.659395	4.201434	100.903163	189.940080	23.177717	
303	3.176868	3.892280	1.549902	9.014362	12.736626	4.209185	101.524823	192.645328	23.392328	
304	3.202424	3.962466	1.561555	9.048272	12.775657	4.211846	102.263839	193.737082	23.471642	
305	3.399301	4.018566	1.589638	9.062373	12.823610	4.221873	102.141913	194.963711	23.565968	
306	3.555630	4.014880	1.592453	9.102585	12.854728	4.247417	102.738273	195.947530	23.878402	
307	3.632099	4.127397	1.616028	9.130815	12.849306	4.298632	103.158729	195.419949	24.377614	
308	3.633436	4.367826	1.646121	9.182691	12.695057	4.304770	104.490148	190.920443	24.392563	
309	3.743677	4.383071	1.626353	9.402287	12.632671	4.268550	109.035702	190.151060	24.064272	
310	3.602063	4.435954	1.596266	9.399635	12.634040	4.243287	109.150420	189.809419	23.805197	
311	3.488160	4.281882	1.539452	9.400208	12.608751	4.221676	108.813777	188.788449	23.588634	
312	3.310940	4.029289	1.480938	9.363541	12.527408	4.201241	107.357296	185.774714	23.397083	
313	3.091028	3.756850	1.428608	9.302816	12.527026	4.179768	106.216274	186.032648	23.249927	
314	2.841967	3.552824	1.368747	9.151600	12.602084	4.156369	103.517371	187.830136	23.025635	
315	2.684081	3.405477	1.336707	8.937009	12.672051	4.127988	99.659492	189.605498	22.747585	
316	2.739397	3.370033	1.312321	8.975785	12.781089	4.084031	100.226219	192.455124	22.367748	
317	2.953851	3.423240	1.302687	9.043982	12.820674	4.060699	101.373921	193.577760	22.147528	
318	3.084117	3.453837	1.295351	9.024226	12.772795	4.059924	101.129469	192.623421	22.126867	
319	3.325644	3.617670	1.316072	9.118961	12.769192	4.073965	103.528011	192.775387	22.253181	
320	3.420979	3.761293	1.362478	9.014538	12.748776	4.085188	102.166516	192.018135	22.326488	
321	3.374568	3.740030	1.382507	8.906405	12.675677	4.099034	100.510199	189.988002	22.402536	
322	3.431760	3.811259	1.424039	8.867637	12.596230	4.101503	99.303191	187.669732	22.386131	
323	3.460235	3.825629	1.468533	8.834661	12.634938	4.123277	98.701438	189.252641	22.574471	
324	3.608422	3.976055	1.511896	8.922777	12.729479	4.163177	100.320931	192.214440	22.962138	
325	3.849490	4.069976	1.537385	9.052291	12.825222	4.216128	102.767719	194.829698	23.519200	
326	3.923584	4.042828	1.552446	9.063462	12.865798	4.233248	102.740742	195.985605	23.695310	
327	3.773918	4.010985	1.539949	8.952634	12.876429	4.207093	100.197436	195.857124	23.403472	
328	3.657887	4.034164	1.499180	8.957274	12.797758	4.161647	99.896310	193.388680	22.935452	
329	3.602007	3.975741	1.461448	8.992600	12.713419	4.122691	100.132435	191.032333	22.548119	
330	3.357607	3.898665	1.425654	8.880144	12.583805	4.067493	97.884724	187.354135	22.033338	
331	3.031953	3.667085	1.359615	8.822479	12.425448	4.024298	96.970525	183.481224	21.731466	
332	2.734605	3.360415	1.315884	8.714672	12.326913	4.022546	94.888069	180.716713	21.769408	
333	2.493317	3.033479	1.255379	8.630706	12.302188	4.035357	93.808606	179.208278	21.944353	
334	2.435770	3.008635	1.246149	8.547954	12.318844	4.055453	91.493838	179.173467	22.057578	
335	2.537602	3.131605	1.287281	8.535487	12.319648	4.088938	91.486673	179.491381	22.284207	
336	2.562624	3.249683	1.317529	8.714474	12.283890	4.093679	95.174494	178.462971	22.250214	
337	2.504139	3.222696	1.312709	8.977222	12.262588	4.109567	100.253925	178.135709	22.415724	
338	2.185643	3.088576	1.276827	9.168926	12.091890	4.120647	104.671188	174.218652	22.658965	
339	2.165389	3.119589	1.254433	9.089681	11.884120	4.107021	102.780994	169.417105	22.628242	
340	2.329883	3.345547	1.298461	8.958872	11.894176	4.104437	99.952568	170.005008	22.516134	
341	2.542950	3.510921	1.331928	8.967364	11.955518	4.125413	103.088604	171.451161	22.675094	
342	2.579475	3.411558	1.337928	8.923499	12.030601	4.142770	99.443414	173.901762	22.896334	
343	2.630863	3.235185	1.326570	8.902802	12.136486	4.152628	98.992035	176.488028	23.032891	
344	2.623739	3.123803	1.310810	8.850825	12.182215	4.149431	97.867048	177.549116	23.081127	
345	2.644297	3.027805	1.304559	8.852154	12.244507	4.138553	97.858145	179.369849	22.967615	
346	2.577939	2.946565	1.298325	8.781367	12.352049	4.149528	96.371206	182.338697	23.004679	
347	2.568015	3.018398	1.306725	8.815677	12.507367	4.148985	97.066791	186.389896	22.931275	
348	2.564606	2.963463	1.292412	8.855019	12.503766	4.160565	97.845388	186.268836	23.074397	
349	2.462101	2.853750	1.261680	8.789998	12.390319	4.144543	96.353190	182.974569	22.964196	
350	2.306240	2.775729	1.233011	8.696142	12.259971	4.123192	94.346302	179.440626	22.815921	
351	2.234328	2.790944	1.230276	8.626591	12.135515	4.096400	92.986329	175.886551	22.592009	
352	2.199873	2.697552	1.219865	8.619397	11.994010	4.089043	93.346766	172.410868	22.525935	
353	2.163915	2.700413	1.206770	8.628134	11.948933	4.099020	93.801591	170.952629	22.646577	
354	2.236889	2.825931	1.212685	8.710181	12.001826	4.115313	95.512104	172.308972	22.837002	
355	2.327103	2.825744	1.221195	8.765715	12.079281	4.128985	96.872096	174.668953	22.972562	
356	2.333057	2.816456	1.237610	8.703693	12.088984	4.143549	95.557286	175.046503	23.135107	
357	2.319881	2.971871	1.278531	8.670497	12.127455	4.143887	94.842900	176.095096	23.085020	
358	2.459632	3.156472	1.335237	8.859050	12.203644	4.180486	98.613646	178.239789	23.446682	
359	2.569741	3.216935	1.357081	8.931165	12.160930	4.203557	100.100422	177.348571	23.786320	
360	2.543119	3.214404	1.348991	8.910670	12.130936	4.214828	99.583077	176.801855	24.021138	
361	2.509265	3.175986	1.327544	8.871047	12.099733	4.200674	98.695718	175.918006	23.878598	
362	2.480935	3.168919	1.324086	8.830251	12.062399	4.194225	97.851773	174.683386	23.786243	
363	2.390172	3.102659	1.318727	8.753232	11.920059	4.190439	96.544974	170.808605	23.720203	
364	2.305289	2.981783	1.284411	8.750128	11.793473	4.185690	96.332029	167.579975	23.740284	
365	2.174612	2.791113	1.236564	8.765933	11.756681	4.174079	96.722514	166.890011	23.685302	
366	2.121806	2.683921	1.190216	8.887111	11.805403	4.189368	98.860971	168.090530	23.891786	
367	2.125406	2.669680	1.212470	8.882373	11.792056	4.194214	98.622441	167.477909	23.892319	
368	2.113600	2.667007	1.225007	8.835405	11.847277	4.193467	97.707310	168.955320	23.833768	
369	2.058871	2.722019	1.213927	8.880361	11.821209	4.188247	98.735193	168.375452	23.869455	
370	2.037440	2.791757	1.191381	8.845938	11.813500	4.163091	97.671206	168.677401	23.671342	
371	2.098674	2.769610	1.189809	8.856334	11.872589	4.143284	98.066187	170.698144	23.432088	
372	2.123057	2.648072	1.212083	8.812934	11.854212	4.154018	97.348820	170.349696	23.450389	
373	2.038118	2.545394	1.220165	8.730686	11.878753	4.178031	95.864800	171.544918	23.726190	
374	1.884287	2.532124	1.205591	8.654327	11.855138	4.180980	94.586469	170.765908	23.796237	
375	1.824185	2.594166	1.185288	8.755644	11.866676	4.181152	96.633560	171.037993	23.896153	
376	1.794549	2.545854	1.153194	8.919337	11.841509	4.188938	100.128758	171.106056	24.003640	
377	1.849388	2.509677	1.151309	9.007318	11.823644	4.180395	101.287337	170.677598	23.879402	
378	1.939516	2.587388	1.179153	9.035004	11.868914	4.211496	101.608944	171.318061	24.160549	
379	1.936724	2.609199	1.166638	9.049310	11.888384	4.213037	102.323592	171.853970	24.204764	
380	1.857362	2.524519	1.132730	9.012468	11.839414	4.212346	101.613031	170.852643	24.216125	
381	1.837985	2.433154	1.115153	8.894992	11.979630	4.241706	99.208311	174.277135	24.607945	
382	1.718560	2.362949	1.094433	8.728952	11.870028	4.205596	96.104596	171.509967	24.287373	
383	1.672143	2.409773	1.106435	8.676226	11.893206	4.213357	95.175921	172.013528	24.377829	
384	1.724549	2.535645	1.135395	8.713072	12.012840	4.197632	96.087040	175.196063	24.203376	
385	1.796054	2.602340	1.141673	8.844395	12.023797	4.219736	98.562709	175.873506	24.395152	
386	1.811507	2.461259	1.144998	8.915754	12.027513	4.245641	100.286382	176.856096	24.722658	
387	1.638083	2.204771	1.099235	8.872752	12.007864	4.262085	99.891877	176.579893	25.014284	
388	1.548537	2.156426	1.075381	8.970734	12.021465	4.249224	101.601655	176.674377	24.820143	
389	1.581056	2.182773	1.075003	8.938565	12.118560	4.225462	100.954113	179.045971	24.527108	
390	1.572911	2.230686	1.072678	8.840722	12.192836	4.217402	99.346195	180.542867	24.469445	
391	1.511941	2.151436	1.049983	8.814948	12.060626	4.225865	98.968013	177.002332	24.646136	
392	1.438549	2.002096	1.006880	8.801699	11.941091	4.234277	98.651072	173.880502	24.869429	
393	1.396589	1.930831	0.982256	8.706005	11.806349	4.200444	96.495714	170.132648	24.477970	
394	1.401609	1.951528	0.979728	8.554234	11.766258	4.191249	93.251184	168.747394	24.242568	
395	1.438391	2.038334	0.998351	8.472941	11.884680	4.191342	91.868378	172.102420	24.198964	
396	1.456489	2.046323	1.003932	8.464961	12.163521	4.170090	92.166064	179.863710	23.957983	
397	1.457084	1.977897	0.993417	8.463755	12.239563	4.189629	92.447558	181.967850	24.252446	
398	1.427121	1.902793	0.980521	8.467376	12.149109	4.192715	92.241308	179.075360	24.384005	
399	1.404802	1.896528	0.967616	8.425386	12.080517	4.164517	91.244232	176.682994	24.075050	
400	1.388046	1.953866	0.985305	8.356087	11.988423	4.130289	89.657205	174.090758	23.590688	
401	1.412257	2.048831	0.990819	8.348757	12.028430	4.121458	89.345360	174.940118	23.508451	
402	1.471425	2.068125	1.002594	8.402326	12.065854	4.147146	90.431587	175.667945	23.836459	
403	1.524370	2.136012	0.995232	8.437722	12.054139	4.164586	91.056743	175.076186	24.053173	
404	1.533028	2.139141	1.000652	8.387994	12.062892	4.178056	89.942078	175.359810	24.192462	
405	1.562716	2.236340	1.029325	8.340591	12.093928	4.142591	88.943546	176.082670	23.748105	
406	1.595399	2.251581	1.042792	8.346122	11.992708	4.140985	89.377459	173.947931	23.668750	
407	1.547227	2.172777	1.039904	8.397269	11.907235	4.163699	90.541461	171.962882	23.894733	
408	1.481489	2.119697	1.048548	8.432961	11.930139	4.213349	92.110764	173.330912	24.410444	
409	1.442953	2.102360	1.043117	8.532579	11.979104	4.251480	93.528916	174.664655	24.858440	
410	1.444482	2.151352	1.038550	8.549414	12.030742	4.236680	93.387213	175.356969	24.715202	
411	1.480537	2.157036	1.047230	8.545719	12.103911	4.236000	93.235208	177.387055	24.683481	
412	1.462258	2.127378	1.045990	8.496332	12.095488	4.247682	92.489344	177.129330	24.795363	
413	1.442905	2.129432	1.036016	8.447137	12.070275	4.258708	91.419626	176.359017	24.888733	
414	1.382515	2.182229	1.011805	8.392259	11.991224	4.238610	90.662397	174.061930	24.752179	
415	1.350314	2.210159	0.993752	8.453772	11.900654	4.185803	91.581766	171.808332	24.251003	
416	1.376458	2.119425	0.982019	8.446885	11.790480	4.153538	91.234329	169.147243	23.868530	
417	1.304425	1.911648	0.951488	8.318499	11.661974	4.117562	89.043039	165.774388	23.454161	
418	1.225872	1.838586	0.927085	8.234966	11.561076	4.095100	87.179993	163.371400	23.248620	
419	1.152728	1.726309	0.904450	8.230767	11.581964	4.074602	86.956369	163.699733	22.985252	
420	1.098440	1.653495	0.864177	8.283244	11.633416	4.081817	87.395002	164.729614	23.039215	
421	1.096623	1.637393	0.842162	8.280241	11.706777	4.059182	87.098406	166.045921	22.779250	
422	1.118729	1.623821	0.852320	8.205793	11.772499	4.046424	85.818800	167.247316	22.636226	
423	1.126555	1.621661	0.841831	8.181065	11.764544	4.066331	85.591382	166.735626	22.931659	
424	1.138251	1.675859	0.824918	8.248631	11.704197	4.067913	86.830813	165.154074	23.015250	
425	1.181408	1.698488	0.824814	8.280706	11.740544	4.048185	87.548080	166.601824	22.787230	
426	1.177925	1.714970	0.845241	8.231160	11.773012	4.017336	86.612675	167.263409	22.365311	
427	1.151326	1.678771	0.876499	8.121139	11.671505	4.021564	84.599782	165.152587	22.316262	
428	1.117655	1.565312	0.883687	8.100244	11.664656	4.081779	84.670727	165.382213	22.981075	
429	1.106436	1.547040	0.861617	8.102541	11.690201	4.094649	84.811816	166.210539	23.155023	
430	1.138776	1.615986	0.856294	8.182516	11.840008	4.099865	86.414903	170.102604	23.186087	
431	1.185653	1.689529	0.870320	8.260273	11.906884	4.087619	87.948120	172.231594	22.996917	
432	1.245087	1.814364	0.880727	8.382026	12.011266	4.069649	90.338064	175.407066	22.835480	
433	1.281963	1.819329	0.908572	8.370644	11.900500	4.066242	90.319268	172.644343	22.860772	
434	1.225446	1.695185	0.878230	8.199277	11.744428	4.080793	87.068384	168.969086	23.140861	
435	1.140308	1.590742	0.851622	8.125585	11.781369	4.100030	85.834618	169.997284	23.391704	
436	1.090259	1.562934	0.832604	8.091035	11.726631	4.072780	85.097731	168.093139	23.118114	
437	1.080688	1.588075	0.821399	8.055425	11.557784	4.005852	84.035859	163.010144	22.446697	
438	1.054151	1.596311	0.823923	7.984181	11.402432	3.965824	82.224934	158.714890	21.986735	
439	1.050768	1.564748	0.828833	7.918577	11.336272	4.009204	80.901889	157.243204	22.479508	
440	1.026627	1.499930	0.796933	7.801778	11.293042	4.008254	78.876445	156.073095	22.611799	
441	1.026672	1.489921	0.774021	7.776515	11.375586	3.963230	78.352679	157.834225	22.144521	
442	1.046897	1.439991	0.749686	7.804485	11.434891	3.930906	78.683231	158.973613	21.726829	
443	1.055048	1.425623	0.743412	7.713321	11.468600	3.903680	76.679265	159.469258	21.350721	
444	1.009283	1.427003	0.752629	7.612163	11.500442	3.931807	75.547954	160.468025	21.645265	
445	0.979650	1.409001	0.752909	7.623616	11.605495	3.975605	76.255211	163.429698	22.219769	
446	0.985854	1.382594	0.747458	7.642856	11.625583	3.966965	76.437583	164.093822	22.171897	
447	0.974456	1.310836	0.745633	7.613718	11.625385	3.969635	76.094794	164.122405	22.073948	
448	0.937895	1.288713	0.736750	7.611331	11.594867	3.950464	76.015741	163.200910	21.803328	
449	0.934707	1.312525	0.754716	7.689527	11.604463	3.972783	77.345671	163.336498	21.956390	
450	0.946185	1.364913	0.768844	7.836449	11.728061	4.022522	79.886712	166.456236	22.502808	
451	0.968469	1.424343	0.762157	7.971892	11.725653	4.024247	81.959260	166.360285	22.665086	
452	0.964168	1.449194	0.748237	8.089979	11.727314	4.010741	84.117292	166.438940	22.508938	
453	0.955817	1.444594	0.760650	8.159453	11.720405	4.033936	85.519109	166.674022	22.762939	
454	0.950475	1.485423	0.770981	8.234887	11.827882	4.043180	87.286140	169.481254	22.902710	
455	0.989621	1.498233	0.800120	8.279592	11.787568	4.072978	88.075538	168.578646	23.249748	
456	1.017830	1.451680	0.809071	8.293330	11.804806	4.086904	88.340592	168.968800	23.469557	
457	0.972157	1.368416	0.802466	8.222506	11.711609	4.094454	87.151632	166.998945	23.546076	
458	0.910359	1.336620	0.774526	8.119200	11.649181	4.065130	85.365293	165.765789	23.292048	
459	0.859859	1.356597	0.761797	8.022809	11.652245	4.034803	83.388341	165.512947	22.919184	
460	0.868512	1.401300	0.773119	8.068780	11.654219	4.033136	83.700811	164.594502	22.856186	
461	0.862104	1.378934	0.764355	8.045244	11.490912	4.043056	83.281098	160.874719	23.051387	
462	0.820525	1.281653	0.723697	7.938407	11.353837	4.031015	81.306576	157.595002	23.000777	
463	0.791915	1.319237	0.701842	7.885553	11.338543	3.993899	80.283878	156.887643	22.566330	
464	0.765287	1.320426	0.699513	7.897796	11.381399	3.999584	80.347443	157.327533	22.592517	
465	0.783770	1.277189	0.698071	7.931636	11.394922	3.999918	81.059248	158.152903	22.569359	
466	0.770421	1.210286	0.685090	7.881439	11.353074	3.997750	80.550137	157.381953	22.661836	
467	0.742469	1.164445	0.670440	7.736733	11.212935	3.971337	77.938043	153.735231	22.413096	
468	0.717664	1.157458	0.672266	7.676104	11.155296	3.964078	76.885749	152.324570	22.289544	
469	0.746078	1.236776	0.691068	7.789467	11.268442	3.944583	78.789633	155.399750	21.991107	
470	0.783694	1.294784	0.704287	7.929441	11.385209	3.970612	81.102601	158.209413	22.258349	
471	0.794732	1.281038	0.718190	7.984467	11.353025	4.001895	82.350297	157.963740	22.693325	
472	0.766376	1.223490	0.712455	7.915374	11.282557	4.013210	81.227151	156.308358	22.894970	
473	0.754779	1.181717	0.694713	7.818343	11.210706	4.009623	79.425272	154.542485	22.884907	
474	0.757036	1.173448	0.686396	7.789770	11.161455	3.964614	78.822100	153.389523	22.349274	
475	0.754607	1.213600	0.686884	7.784695	11.174897	3.951417	78.684847	153.805097	22.176995	
476	0.781978	1.287575	0.686481	7.904648	11.265935	3.988950	80.745988	156.112654	22.582429	
477	0.813733	1.324069	0.692764	7.946476	11.334472	3.993436	81.507361	157.708671	22.645164	
478	0.804307	1.255775	0.667746	7.928666	11.324911	3.985768	81.271151	157.771991	22.615119	
479	0.829066	1.259914	0.664121	7.936540	11.306528	3.983098	81.519960	156.970136	22.569175	
480	0.848817	1.258612	0.682958	7.897276	11.304131	3.971260	80.922117	156.611710	22.457520	
481	0.838528	1.274813	0.682138	7.863734	11.309598	4.001136	80.491638	156.914301	22.821702	
482	0.800000	1.251262	0.674098	7.836811	11.385338	4.025439	80.108126	159.094140	23.063426	
483	0.784479	1.240217	0.678414	7.853936	11.400097	4.028324	80.434075	159.764593	23.079573	
484	0.768014	1.214523	0.693641	7.867293	11.339827	4.040661	80.730701	158.410258	23.179405	
485	0.741433	1.173464	0.694236	7.757614	11.256839	4.054982	78.588450	156.441045	23.328732	
486	0.731246	1.159805	0.683470	7.704325	11.234185	4.061552	77.938114	156.229901	23.445151	
487	0.704348	1.137335	0.687568	7.685753	11.226503	4.070972	77.705231	155.798788	23.488349	
488	0.704295	1.175629	0.689186	7.705067	11.118941	4.051798	77.587364	152.656980	23.279726	
489	0.709764	1.158017	0.675957	7.719213	11.027046	4.022588	77.527962	150.098835	22.949258	
490	0.691062	1.153763	0.669248	7.713674	11.094698	4.026718	77.387355	151.822463	23.014619	
491	0.709983	1.161700	0.668693	7.808380	11.204484	4.076399	79.102779	155.027922	23.611701	
492	0.719908	1.169990	0.675190	7.876413	11.233753	4.090266	80.305299	155.823168	23.748586	
493	0.734780	1.144817	0.676347	7.978591	11.250675	4.078109	82.779367	156.474511	23.602019	
494	0.740945	1.154982	0.673177	7.968598	11.257940	4.064829	82.498730	156.181080	23.438708	
495	0.741158	1.167270	0.668639	7.933371	11.313007	4.092637	81.621738	157.240418	23.743180	
496	0.742284	1.165394	0.662285	7.909137	11.315060	4.096276	80.980811	156.991500	23.811724	
497	0.733284	1.183471	0.652642	7.933569	11.341466	4.076119	81.589566	157.827635	23.600643	
498	0.732738	1.202823	0.656671	7.975896	11.405656	4.057448	82.544534	159.845512	23.351815	
499	0.724588	1.148292	0.661876	7.923096	11.309061	4.054143	81.677974	157.744255	23.287257	
500	0.689191	1.072018	0.642086	7.838940	11.225597	4.055998	80.329020	155.923761	23.415803	
501	0.669336	1.041909	0.625924	7.844135	11.161760	4.036629	80.517279	154.532173	23.317614	
502	0.666818	1.043356	0.623867	7.784779	11.062483	4.019729	79.061848	151.767064	23.095911	
503	0.671383	1.033305	0.631531	7.761708	11.057936	4.035431	78.901616	151.923830	23.128917	
504	0.650930	1.032859	0.625385	7.703840	11.096427	4.023978	77.920766	152.620932	23.001017	
505	0.619815	1.027230	0.614196	7.672138	11.098612	4.010469	77.506713	152.763912	22.939445	
506	0.611101	1.000681	0.595294	7.702267	11.026995	3.986399	77.741880	150.322604	22.681568	
507	0.620302	1.022552	0.587320	7.701054	11.018261	3.983227	77.405379	149.608040	22.652914	
508	0.630769	1.055034	0.600743	7.744842	11.084953	4.002629	78.935042	152.149443	22.804009	
509	0.654365	1.076921	0.611953	7.800874	11.103893	4.000997	80.180090	152.505589	22.784597	
510	0.669491	1.094750	0.607916	7.832618	11.138660	4.017082	80.683236	153.365580	23.078076	
511	0.676274	1.072424	0.597126	7.781873	11.084470	4.021589	79.528958	151.890340	23.261004	
512	0.689537	1.076392	0.597610	7.785297	11.120788	4.027463	79.608490	152.551949	23.272274	
513	0.689929	1.084815	0.612193	7.769877	11.137989	4.021359	79.249445	152.862212	23.131518	
514	0.684843	1.071838	0.606877	7.760801	11.094397	4.004035	78.898787	151.797962	22.893736	
515	0.664423	1.011149	0.583443	7.704557	10.995754	3.965937	77.533594	149.125211	22.566447	
516	0.658723	1.006100	0.559328	7.669778	11.002549	3.920843	76.887067	149.196773	22.122705	
517	0.699546	1.049268	0.564015	7.789789	11.103306	3.924939	79.348107	151.891428	22.106015	
518	0.729040	1.045963	0.584305	7.743779	11.036766	3.942822	78.352840	150.208446	22.270656	
519	0.734603	1.032140	0.597690	7.748045	10.964135	3.964632	78.798598	148.521218	22.495441	
520	0.703579	0.997935	0.596735	7.691834	10.952231	3.983716	77.998252	148.713797	22.718113	
521	0.701268	1.036357	0.610227	7.792714	11.076719	3.996815	79.947009	151.913271	22.799366	
522	0.707192	1.052563	0.624995	7.885545	11.098988	4.020184	81.784036	152.646302	22.990802	
523	0.678430	1.020231	0.620772	7.933934	11.087156	4.077828	82.782466	152.951615	23.681191	
524	0.669251	1.029837	0.621280	7.898046	11.074324	4.086703	81.584906	152.028267	23.864379	
525	0.671893	1.006826	0.623724	7.847876	11.087134	4.093135	80.631188	152.276071	24.007399	
526	0.670256	1.033028	0.623271	7.886157	11.144091	4.080719	81.749483	153.607845	23.773253	
527	0.696914	1.107130	0.634220	7.902426	11.234050	4.115742	81.756195	155.909483	24.118327	
528	0.646626	1.053946	0.625021	7.767081	11.101220	4.120376	79.354399	152.650892	24.216260	
529	0.663214	1.043924	0.616242	7.916931	11.207032	4.112476	81.635091	155.138363	24.078310	
530	0.680432	1.068903	0.626584	7.993971	11.282583	4.138682	83.430726	156.915321	24.438080	
531	0.725762	1.117964	0.635655	8.052375	11.354660	4.137249	84.190935	158.477580	24.505328	
532	0.776265	1.140597	0.642347	8.117615	11.447246	4.132045	85.632515	160.749511	24.463469	
533	0.778089	1.114243	0.630275	8.039517	11.471986	4.107878	84.364315	161.378176	24.136017	
534	0.729590	1.094592	0.627882	8.000932	11.473361	4.099670	83.938128	161.378972	23.984118	
535	0.692493	1.060698	0.626162	7.956769	11.469760	4.121793	83.142222	161.451814	24.329404	
536	0.692878	1.101362	0.637346	7.966978	11.471730	4.114396	83.223842	161.513289	24.190545	
537	0.685671	1.094057	0.642328	7.946989	11.423242	4.159669	82.694771	160.304244	24.712452	
538	0.632341	1.040566	0.640366	7.915559	11.347310	4.199305	82.793579	159.097094	25.101816	
539	0.598169	1.036024	0.628173	7.911133	11.370861	4.188127	82.909562	159.978754	25.049472	
540	0.608182	1.072075	0.626647	7.952538	11.380742	4.146519	83.815866	159.885089	24.541017	
541	0.635845	1.055152	0.610172	7.958893	11.309951	4.136124	83.321009	157.224622	24.534251	
542	0.617719	1.020834	0.598649	7.777302	11.279091	4.110511	79.452970	156.493357	24.331198	
543	0.600723	1.026834	0.602397	7.687376	11.278567	4.068258	77.746166	156.490179	23.752143	
544	0.665269	1.040580	0.617017	7.988168	11.347714	4.109860	83.592289	158.848503	24.064418	
545	0.679526	1.072952	0.632498	8.101741	11.417071	4.165845	86.690121	161.493985	24.678842	
546	0.702433	1.102967	0.645434	8.171620	11.444815	4.181207	88.091743	162.544381	24.903498	
547	0.721453	1.113582	0.652912	8.246507	11.567586	4.190017	89.830988	165.571456	24.986208	
548	0.744959	1.118606	0.662661	8.249670	11.594777	4.175316	90.032265	166.226437	24.769043	
549	0.735218	1.086274	0.653517	8.265648	11.685533	4.204076	89.870581	168.820993	25.060041	
550	0.753312	1.102187	0.657444	8.352572	11.830203	4.220193	91.694440	172.874521	25.194379	
551	0.722821	1.092918	0.649935	8.274000	11.737981	4.211932	89.933203	169.565627	25.152429	
552	0.681488	1.046478	0.625365	8.152619	11.622671	4.160143	87.547885	166.240683	24.647583	
553	0.660174	0.995141	0.606471	8.048156	11.517075	4.124188	85.671489	163.788622	24.291241	
554	0.641889	0.955810	0.584695	8.008704	11.418202	4.066270	84.986267	161.461931	23.671756	
555	0.634726	0.989997	0.581072	8.021560	11.380750	4.045925	85.045367	160.012969	23.464088	
556	0.644417	1.015561	0.581636	8.039650	11.402272	4.061911	85.418427	160.601966	23.610862	
557	0.644460	1.027659	0.575259	8.039128	11.452950	4.065877	85.779091	162.317185	23.693794	
558	0.649140	0.989078	0.570194	8.009115	11.388709	4.048232	84.797226	160.206663	23.491250	
559	0.674795	1.005431	0.574898	8.033597	11.380523	4.043164	85.170228	159.724149	23.424424	
560	0.671273	1.002744	0.574006	8.029786	11.382252	4.027174	85.271644	160.088088	23.302463	
561	0.662574	0.993365	0.567934	8.059547	11.381586	4.017910	85.809613	160.330691	23.176654	
562	0.679127	1.006609	0.569999	8.112276	11.380437	4.025882	86.677329	160.219118	23.239844	
563	0.698320	1.039114	0.576706	8.210563	11.383386	3.995688	88.993694	160.633119	22.897425	
564	0.673973	1.017535	0.568144	8.190331	11.307634	3.957976	88.673247	158.747535	22.506630	
565	0.647108	1.004003	0.560885	8.095842	11.276452	3.976552	86.460864	157.804524	22.659619	
566	0.629834	1.002601	0.552848	8.055798	11.302129	3.993119	85.662007	158.642290	22.904417	
567	0.634546	1.021584	0.557860	8.051086	11.283732	3.980320	85.603251	158.182365	22.785605	
568	0.652864	1.016452	0.568352	8.047816	11.254779	3.973430	85.660569	157.263206	22.646235	
569	0.656559	1.001348	0.571229	8.076486	11.277406	3.973618	86.632170	158.215417	22.674349	
570	0.633105	0.971045	0.562624	8.004719	11.240024	3.985325	85.002868	157.147257	22.825876	
571	0.615291	0.955754	0.559425	8.010446	11.307828	4.006997	85.162900	159.307204	23.009249	
572	0.587386	0.954404	0.564421	7.934805	11.249333	4.032341	83.330201	157.857328	23.309357	
573	0.586987	0.975327	0.568072	7.944944	11.250016	4.050270	83.417768	157.978672	23.463025	
574	0.582030	0.976536	0.567846	7.945309	11.226390	4.026938	83.194028	157.128420	23.169206	
575	0.572787	0.929964	0.570200	7.891435	11.180388	4.043883	82.022287	155.413194	23.382247	
576	0.586312	0.947593	0.563859	7.979982	11.250926	4.048760	83.782214	157.049039	23.438795	
577	0.603825	1.004904	0.566245	8.031286	11.353225	4.050157	85.016070	159.820479	23.411940	
578	0.609596	1.023437	0.578673	8.078675	11.418688	4.076977	86.269839	161.771827	23.693161	
579	0.608713	1.006839	0.578530	8.176692	11.450237	4.090840	88.383097	163.119685	23.830893	
580	0.595734	0.994180	0.565577	8.201346	11.450368	4.082646	88.798585	162.497964	23.801359	
581	0.618384	1.009345	0.559138	8.234464	11.448566	4.067646	89.543189	162.318648	23.625335	
582	0.634130	1.020174	0.550505	8.130510	11.378354	4.050610	86.946045	159.851653	23.447557	
583	0.655985	1.053625	0.557746	8.179306	11.491425	4.081840	88.503719	163.373226	23.714100	
584	0.623848	1.024798	0.571923	8.167813	11.491045	4.098303	88.708852	163.820327	23.979263	
585	0.586545	0.976020	0.576771	8.159358	11.497020	4.127152	88.980036	164.195240	24.301007	
586	0.562505	0.941837	0.570756	8.195050	11.453510	4.131746	89.507779	163.028888	24.332821	
587	0.551800	0.913903	0.563372	8.175174	11.394747	4.110196	89.604445	161.671657	24.090829	
588	0.537463	0.903710	0.551349	8.114793	11.394861	4.108303	88.171664	161.442019	24.061886	
589	0.536937	0.897185	0.549557	8.089215	11.378713	4.122631	87.538874	161.177878	24.262661	
590	0.514815	0.876739	0.537347	8.036942	11.356461	4.101683	86.171392	160.230929	24.101835	
591	0.515774	0.890325	0.530534	8.055640	11.372464	4.076580	86.421159	160.760632	23.809689	
592	0.522229	0.902688	0.535620	8.037500	11.391828	4.104712	85.303157	161.082461	24.137458	
593	0.540274	0.909719	0.544024	8.142681	11.468255	4.099510	87.440908	163.140307	24.025242	
594	0.537705	0.891596	0.541199	8.189995	11.503471	4.091917	88.747296	164.494012	23.966678	
595	0.535140	0.878780	0.538467	8.174888	11.401560	4.093495	88.559583	161.736256	23.942456	
596	0.553337	0.890820	0.539407	8.248566	11.409066	4.080023	89.900659	161.964780	23.780900	
597	0.561185	0.933088	0.538804	8.202717	11.343088	4.048569	88.496504	159.814358	23.374205	
598	0.560211	0.918721	0.544368	8.108395	11.186852	4.068698	86.569893	155.958402	23.571499	
599	0.545425	0.893617	0.546127	8.049337	11.217542	4.084028	85.626276	157.249827	23.778568	
