####### LIGHTCURVES AND MEAN ENERGIES
####### 3 NEUTRINO SPECIES: NU_E, NUBAR_E AND N_X
####### ALL QUANTITIES ARE MEASURED AT 500 KM FROM THE CENTER
#######
####### FROM MODEL L2-0A (BUGLI ET AL. 2020,2021)
####### B0=1e12 G, l=2, r0=1.00e8 cm
####### UNITS: TIME [ms], LUMINOSITY [1e52 erg/s], ENERGY [MeV]


# TIME	L_NU_E     	L_NU_BAR   	L_NU_X     	E_NU_E     	E_NU_BAR  	E_NU_X      	E2_NU_E    	E2_NU_BAR 	E2_NU_X     
1	12.167644	0.000033	0.000023	11.062707	5.935587	0.869917	140.635271	47.126807	0.950867	
2	8.710543	0.084633	0.046595	11.089987	9.758000	2.346546	142.439660	109.868695	6.581321	
3	43.042994	0.451247	0.702963	14.310186	14.057522	4.620199	234.551347	229.570621	26.248243	
4	42.296374	0.300018	0.742059	13.836295	12.212519	6.871253	222.449284	179.501466	68.992042	
5	30.500193	0.448151	0.574743	12.533140	11.838897	6.810466	181.738724	162.353954	72.084053	
6	29.461059	0.549862	0.504557	12.510437	11.854182	5.913629	180.038101	162.657389	53.799151	
7	24.342926	0.645419	0.595567	12.002635	11.686583	5.040691	166.375105	158.044739	36.559414	
8	26.719210	0.650371	0.802901	12.114888	11.840295	4.861454	168.444564	163.203123	31.354658	
9	22.422983	0.579770	0.896113	11.921986	11.678924	4.702949	166.643998	159.013219	28.805084	
10	22.964752	0.501060	0.909972	11.674932	11.191509	4.482852	159.915175	147.467510	26.358688	
11	20.139835	0.482559	0.889817	10.910262	10.821371	4.330136	140.710355	137.277918	24.341493	
12	18.569741	0.543470	0.855237	10.567037	10.593486	4.193060	131.689592	130.518541	22.599256	
13	16.011864	0.635077	0.880575	9.959557	10.523824	4.117276	116.284984	128.594898	21.545991	
14	13.926637	0.779941	0.981213	9.563650	10.572558	4.092125	106.912459	129.908829	21.055750	
15	13.824749	0.954956	1.144213	9.545197	10.735524	4.119865	105.940283	134.031549	21.251955	
16	13.671934	1.137720	1.280152	9.655163	10.867263	4.161172	108.100645	137.893769	21.713117	
17	13.784712	1.371371	1.414754	9.845150	11.105229	4.228521	112.233894	143.981436	22.434910	
18	13.515498	1.544398	1.527130	9.926720	11.190643	4.253379	113.722160	146.170912	22.771731	
19	13.017742	1.723300	1.624205	10.000993	11.303116	4.259392	115.391267	149.319426	22.916770	
20	11.382696	1.843025	1.713096	9.919171	11.385669	4.243388	114.053855	151.202421	22.770290	
21	10.295709	1.945141	1.762469	9.580152	11.417902	4.223597	107.036778	151.747438	22.587209	
22	9.297326	1.953260	1.775439	9.406846	11.338117	4.208089	103.496176	149.321163	22.412323	
23	8.761809	1.972503	1.809372	9.225390	11.300645	4.186446	99.933248	148.263176	22.167895	
24	8.205075	1.963209	1.834929	8.964700	11.266064	4.162473	94.564238	147.272283	21.898815	
25	7.643584	1.935929	1.868714	8.811547	11.210346	4.160225	91.630682	145.585337	21.805757	
26	7.666965	1.846907	1.885497	8.727990	11.089547	4.146081	89.911873	142.663726	21.738365	
27	7.479560	1.860948	1.954758	8.670016	11.048443	4.135673	88.886811	141.473978	21.632499	
28	7.465479	1.910473	2.043537	8.572962	10.952070	4.132338	87.251715	139.122815	21.607828	
29	7.658023	2.033139	2.143087	8.556170	10.956997	4.145443	86.768163	138.974803	21.724862	
30	7.597226	2.202012	2.206982	8.541604	10.967118	4.148993	86.695706	139.206606	21.808852	
31	7.179628	2.299963	2.265274	8.484986	10.905007	4.133511	85.935902	137.873909	21.712252	
32	7.128670	2.456041	2.325217	8.484612	10.964022	4.131450	85.911090	139.580386	21.731968	
33	6.509490	2.677711	2.336539	8.435538	11.095367	4.130831	85.224372	142.434610	21.736587	
34	6.120454	2.830301	2.309398	8.409554	11.131368	4.110145	84.726645	143.223467	21.576000	
35	5.812818	3.003135	2.314959	8.370436	11.228096	4.087412	83.895290	145.380319	21.302805	
36	5.559366	3.166437	2.368792	8.286656	11.314198	4.091272	82.404125	147.810802	21.323570	
37	5.511441	3.289810	2.400956	8.323791	11.421001	4.119039	82.990661	150.678118	21.584544	
38	5.576132	3.350662	2.410720	8.407609	11.509857	4.135570	84.603807	153.186190	21.745037	
39	5.593708	3.369168	2.408119	8.441800	11.584049	4.138899	85.412376	155.235832	21.756156	
40	5.588018	3.372214	2.397305	8.359489	11.614861	4.130301	83.963336	156.118053	21.637985	
41	5.624300	3.561531	2.487837	8.296224	11.740348	4.137079	82.825555	159.152760	21.613872	
42	5.716310	3.668387	2.564260	8.283127	11.792408	4.143333	82.570671	160.854570	21.670352	
43	5.683434	3.785203	2.650568	8.295274	11.822997	4.151661	82.992826	161.378671	21.660540	
44	5.887347	3.889645	2.699971	8.364115	11.872181	4.147541	84.081997	162.380646	21.591144	
45	5.991065	3.971277	2.748583	8.329745	11.859440	4.136837	83.359419	161.917353	21.496397	
46	6.041861	3.992107	2.765407	8.319176	11.811295	4.127032	83.319325	160.793649	21.448406	
47	6.178915	3.956738	2.764368	8.370767	11.782109	4.125467	84.144075	160.067722	21.448467	
48	6.236312	3.912946	2.777486	8.369007	11.753491	4.126275	84.178132	159.416640	21.455343	
49	5.842668	3.851444	2.759422	8.313527	11.670378	4.119778	83.291814	157.358404	21.400622	
50	5.435143	3.781212	2.697385	8.220251	11.596570	4.088175	81.720563	155.653473	21.154282	
51	5.073327	3.803410	2.673497	8.165043	11.607029	4.070012	80.513011	155.809594	21.023539	
52	4.798360	3.913685	2.707137	8.068004	11.584644	4.051315	78.647059	155.181219	20.872519	
53	4.521850	4.045179	2.739047	7.950357	11.573372	4.013455	76.603604	154.677475	20.492373	
54	4.364208	4.064342	2.758573	7.879437	11.537230	4.000428	75.250701	153.964405	20.359795	
55	4.550842	4.059563	2.769568	7.811194	11.523647	3.982520	73.972691	153.995549	20.149558	
56	4.694743	4.027331	2.768649	7.791074	11.599963	4.002470	73.764128	156.010293	20.262341	
57	4.719939	4.016493	2.689272	7.752718	11.713697	4.026109	73.244156	159.174421	20.505317	
58	4.822429	4.087787	2.624659	7.729759	11.753993	4.020106	72.814332	160.097660	20.434290	
59	4.859123	4.203401	2.579813	7.667341	11.840194	4.018461	71.722095	162.183647	20.422344	
60	4.753702	4.323431	2.598578	7.571245	11.815796	3.974610	70.050446	161.083168	19.932709	
61	4.794765	4.403565	2.643059	7.510124	11.873425	3.979433	68.960681	162.698683	19.951104	
62	4.898884	4.346805	2.650444	7.477097	11.864689	3.984667	68.521458	162.613922	20.013216	
63	4.894388	4.271130	2.635983	7.427462	11.841198	3.997909	67.681418	162.291489	20.191758	
64	4.680826	4.231428	2.607534	7.424193	11.857457	4.009985	67.761219	162.884741	20.339935	
65	4.509405	4.224734	2.587415	7.401660	11.880462	4.022534	67.518271	163.486758	20.468272	
66	4.513662	4.233742	2.579910	7.408265	11.898777	4.027845	67.632510	163.858086	20.508031	
67	4.588143	4.361147	2.598376	7.425515	11.878133	4.019820	67.950271	163.095975	20.434079	
68	4.675871	4.496515	2.637376	7.463960	11.849940	4.016117	68.664848	162.332356	20.417963	
69	4.670957	4.602003	2.672483	7.474270	11.824091	4.011239	68.862548	161.708426	20.399944	
70	4.513090	4.657577	2.688322	7.472050	11.815568	4.015428	68.850913	161.407485	20.445940	
71	4.430275	4.651008	2.697451	7.527574	11.849163	4.035753	69.841619	162.381716	20.665518	
72	4.392758	4.663551	2.714474	7.569585	11.900413	4.056399	70.587591	163.952708	20.896576	
73	4.386619	4.667929	2.721042	7.612905	11.941726	4.067962	71.401524	165.216785	21.048746	
74	4.227577	4.630059	2.709263	7.620786	11.944812	4.064091	71.674121	165.475690	21.047934	
75	4.231319	4.678347	2.710008	7.620367	11.947164	4.053162	71.648405	165.486521	20.949557	
76	4.318311	4.683459	2.727173	7.631304	11.974372	4.061366	71.819189	166.258441	21.001637	
77	4.379798	4.723048	2.734224	7.669709	11.967791	4.052266	72.483197	166.106520	20.879925	
78	4.256093	4.758716	2.728661	7.698325	11.969873	4.043835	73.035517	166.148503	20.793749	
79	4.241497	4.771403	2.729429	7.743208	11.968933	4.041975	73.815333	166.129570	20.775563	
80	4.342955	4.729480	2.742257	7.785589	11.970714	4.055826	74.545913	166.383653	20.909514	
81	4.307243	4.660299	2.721723	7.773718	11.968950	4.058468	74.315375	166.409293	20.959087	
82	4.360036	4.653696	2.696449	7.780887	11.966477	4.049334	74.597208	166.353535	20.865621	
83	4.404891	4.779915	2.735491	7.780849	11.978401	4.039530	74.544857	166.562459	20.774159	
84	4.421388	4.904804	2.763819	7.805771	11.991607	4.029850	75.089221	166.891686	20.692862	
85	4.564082	5.023107	2.819764	7.860961	12.055920	4.049263	75.774663	168.575704	20.860299	
86	4.594654	5.014229	2.811818	7.858266	12.087556	4.048741	75.747248	169.564692	20.849048	
87	4.531892	4.984920	2.817916	7.842634	12.086030	4.059692	75.822117	169.849347	20.993560	
88	4.469069	4.985649	2.824926	7.876113	12.113541	4.074002	76.408868	170.671388	21.145323	
89	4.537784	5.030284	2.848700	7.877973	12.123618	4.082103	77.725125	170.706744	21.192310	
90	4.390380	5.161664	2.832838	7.867738	12.135498	4.079315	76.644251	170.644646	21.148152	
91	4.349124	5.289793	2.814637	7.902002	12.046725	4.061178	78.008130	168.277582	20.964700	
92	4.354922	5.391610	2.785310	8.020983	11.997325	4.044263	83.413225	166.957615	20.794216	
93	4.392890	5.452974	2.785240	8.135940	11.995330	4.044534	86.611157	167.136462	20.770829	
94	4.447932	5.483221	2.777799	8.219179	11.998442	4.036710	88.797637	167.200739	20.682192	
95	4.495513	5.546595	2.798650	8.207502	12.015240	4.038889	86.111144	167.611833	20.691892	
96	4.623731	5.609930	2.813563	8.172995	12.059494	4.039939	84.151759	168.505576	20.711574	
97	4.803628	5.602345	2.808919	8.123791	12.146683	4.069150	81.094657	170.676568	21.011583	
98	4.966799	5.627146	2.815877	8.085828	12.247095	4.077249	81.053945	173.470044	21.107607	
99	5.000235	5.510584	2.747696	8.015913	12.361138	4.087825	79.078157	176.653892	21.194629	
100	4.998298	5.446497	2.727187	7.968299	12.451787	4.103212	78.180501	179.145045	21.343488	
101	5.056446	5.408670	2.729764	7.952033	12.501373	4.106961	77.804838	180.422047	21.389212	
102	4.855995	5.342542	2.721478	7.949448	12.464692	4.107690	78.024418	179.587205	21.395620	
103	4.752736	5.189064	2.698193	7.933508	12.432944	4.100700	77.793755	179.191786	21.352374	
104	4.710857	5.102481	2.682445	7.948885	12.438538	4.104518	77.965926	179.340410	21.399279	
105	4.673607	5.113452	2.666038	7.939568	12.404795	4.098942	77.753908	178.245633	21.348001	
106	4.635836	5.155416	2.656195	7.941363	12.376177	4.089838	77.680373	177.328946	21.251547	
107	4.685786	5.241552	2.655305	7.955243	12.344365	4.074024	77.813273	176.480960	21.091967	
108	4.708620	5.262058	2.646017	7.927174	12.359006	4.064138	77.350530	176.962254	21.004303	
109	4.541276	5.187343	2.636789	7.830685	12.359066	4.056069	76.051013	177.089813	20.937557	
110	4.389569	5.070028	2.607066	7.777317	12.346351	4.052370	75.294026	176.797244	20.920711	
111	4.262664	5.023794	2.578461	7.834249	12.342552	4.057596	76.186200	176.685280	20.969580	
112	4.170860	5.086193	2.588161	7.899595	12.342706	4.053740	77.258940	176.814041	20.934969	
113	4.156967	5.143969	2.580452	7.947044	12.424275	4.070450	78.102327	179.052468	21.094914	
114	4.173932	5.155575	2.557675	7.998661	12.416012	4.053393	79.142107	178.923755	20.940286	
115	4.209808	5.283862	2.569729	8.017666	12.486510	4.083057	79.550757	180.943029	21.243234	
116	4.355750	5.367142	2.595408	8.077517	12.483535	4.085301	80.693221	180.856942	21.242325	
117	4.518933	5.487761	2.633337	8.102149	12.497689	4.099830	81.092249	181.353436	21.377059	
118	4.726453	5.556007	2.666898	8.113180	12.526268	4.115121	81.300570	182.227864	21.512484	
119	4.844882	5.620420	2.695506	8.102191	12.561957	4.128947	81.101449	183.142359	21.614117	
120	4.947548	5.687573	2.713652	8.104749	12.556998	4.134779	81.138373	182.873963	21.662997	
121	4.919103	5.754837	2.727871	8.092384	12.519652	4.130409	81.003376	181.722583	21.648429	
122	4.861671	5.726349	2.735251	8.092928	12.496588	4.132758	81.142767	181.072083	21.678731	
123	4.772446	5.639943	2.708174	8.105132	12.462559	4.129440	81.396262	180.216296	21.676701	
124	4.671065	5.575478	2.669714	8.134130	12.455117	4.124107	81.849978	180.085906	21.653053	
125	4.541681	5.535346	2.625839	8.148888	12.482014	4.119970	82.144722	180.923335	21.638250	
126	4.452092	5.507689	2.583502	8.164955	12.506347	4.114696	82.523046	181.675269	21.603053	
127	4.500891	5.564841	2.574423	8.194848	12.552529	4.118045	83.099120	182.959385	21.644577	
128	4.663637	5.694068	2.592606	8.256533	12.620276	4.123147	84.202668	184.876901	21.693045	
129	4.799255	5.868110	2.637297	8.288463	12.677842	4.136649	84.878774	186.356424	21.794995	
130	4.881117	5.974934	2.671209	8.301733	12.720977	4.152295	85.265998	187.493508	21.906741	
131	5.071472	6.148584	2.750927	8.312251	12.767168	4.176777	85.573703	188.710676	22.101314	
132	5.238975	6.144631	2.728601	8.351238	12.715050	4.183294	86.313782	187.451805	22.191240	
133	5.271831	6.214021	2.780631	8.378277	12.601616	4.172113	86.722064	184.056320	22.061472	
134	5.219597	6.303964	2.819200	8.387381	12.524243	4.174769	86.831437	182.198252	22.119389	
135	5.015804	6.257237	2.811674	8.356356	12.426107	4.176112	86.487796	179.592603	22.169096	
136	4.808149	6.205143	2.793265	8.317648	12.378404	4.191224	85.930672	178.355378	22.340351	
137	4.745347	6.204169	2.790179	8.342483	12.407154	4.195624	86.253131	179.146606	22.402253	
138	4.699358	6.239206	2.789776	8.392723	12.428240	4.192276	87.116330	179.641058	22.381334	
139	4.573867	6.276512	2.766713	8.457560	12.413836	4.181626	88.294408	179.315055	22.303311	
140	4.428169	6.329629	2.739533	8.519990	12.411405	4.162517	89.460611	179.350748	22.104812	
141	4.358363	6.405223	2.726665	8.557716	12.409850	4.144734	90.182343	179.332921	21.911166	
142	4.419205	6.482702	2.713815	8.607373	12.419383	4.133811	90.936845	179.628593	21.782939	
143	4.505843	6.526153	2.699424	8.641468	12.423990	4.120738	91.455482	179.664557	21.632396	
144	4.551318	6.476673	2.686759	8.658126	12.434463	4.113542	91.787183	179.888601	21.564333	
145	4.541192	6.387197	2.682196	8.605047	12.426838	4.105729	90.974687	179.673827	21.484185	
146	4.488634	6.302242	2.660250	8.579638	12.458829	4.113995	90.673027	180.612809	21.591388	
147	4.447957	6.262832	2.643232	8.577631	12.471462	4.112455	90.595776	180.578085	21.561811	
148	4.461694	6.229379	2.634865	8.557874	12.547415	4.123106	90.159968	182.671292	21.671975	
149	4.492932	6.144679	2.616521	8.545911	12.605307	4.122248	90.001220	184.289704	21.680432	
150	4.502265	6.053757	2.587033	8.544272	12.667345	4.133065	90.066101	185.859467	21.799820	
151	4.486579	5.971172	2.579323	8.516818	12.695033	4.133647	89.645663	186.475911	21.800147	
152	4.525287	5.858301	2.532711	8.523119	12.750445	4.151315	89.755678	188.085335	21.994536	
153	4.563024	5.743969	2.512181	8.540023	12.710879	4.128376	90.066445	186.758611	21.772198	
154	4.627754	5.722099	2.544067	8.535885	12.789164	4.145065	89.845233	189.059097	21.928182	
155	4.769504	5.718479	2.543493	8.547103	12.828258	4.141559	90.099678	190.562426	21.917114	
156	4.894717	5.710879	2.578941	8.554859	12.879758	4.153047	90.374180	192.068237	22.002349	
157	5.047436	5.764344	2.611509	8.545329	12.916004	4.174907	90.313888	193.217575	22.231787	
158	5.237088	5.803822	2.656942	8.596236	12.855808	4.184513	91.421219	191.371473	22.301825	
159	5.396322	5.936271	2.742403	8.639895	12.812782	4.197784	92.266925	190.095585	22.435451	
160	5.604717	6.179331	2.856229	8.665185	12.893258	4.227341	92.776030	192.641899	22.728340	
161	5.439762	6.062857	2.831928	8.677516	12.959180	4.256522	93.133034	194.749057	23.034624	
162	5.342703	6.042382	2.780735	8.732474	13.011796	4.263996	94.095721	196.007966	23.146905	
163	5.230643	6.052754	2.735212	8.754420	13.024673	4.256517	94.459655	196.220211	23.121277	
164	5.303248	6.003186	2.704400	8.748622	12.941457	4.250637	94.030923	193.919993	23.120664	
165	5.514964	5.938090	2.747605	8.738556	12.884478	4.232035	93.678577	192.347363	22.929180	
166	5.678332	5.931698	2.807121	8.798028	12.904578	4.254081	94.922524	193.106094	23.140435	
167	5.663212	6.184728	2.839759	8.858397	12.843490	4.261654	96.236932	191.483452	23.280366	
168	5.535711	6.088007	2.796635	8.831260	12.799240	4.285142	95.767644	190.671303	23.600807	
169	5.676226	6.006315	2.829162	8.802502	12.958583	4.304092	95.113267	194.663086	23.786808	
170	5.467695	5.952908	2.850219	8.842128	12.880183	4.316398	95.879580	192.822030	23.960048	
171	5.332580	5.914435	2.856544	8.881792	12.888143	4.352621	96.795373	193.453913	24.390174	
172	5.269958	6.036383	2.889313	8.918905	12.945106	4.380172	97.672283	195.062180	24.664707	
173	5.244808	6.288261	2.948773	8.971849	12.971083	4.377340	98.899287	195.720054	24.583715	
174	5.065023	6.353781	2.948346	8.993771	12.980270	4.376202	99.732949	196.126432	24.581846	
175	4.859285	6.171027	2.867261	9.017035	13.056155	4.369198	100.097975	198.460321	24.527186	
176	4.845223	5.988535	2.808048	9.101849	13.092748	4.366231	101.513018	199.664121	24.476239	
177	4.897861	5.955171	2.776068	9.180271	13.055387	4.374231	103.254104	198.724771	24.552786	
178	4.893396	6.057258	2.746819	9.247084	13.002963	4.381095	104.929316	197.382158	24.613786	
179	4.899389	6.221649	2.731563	9.385463	12.942133	4.364769	107.510560	195.631913	24.403302	
180	4.855887	6.348189	2.705121	9.509020	12.843679	4.346676	109.807553	192.868375	24.207054	
181	4.838910	6.542440	2.730816	9.629735	12.662259	4.347198	112.381605	188.026456	24.196767	
182	4.978536	6.721908	2.773560	9.729406	12.664293	4.345806	114.442378	188.393185	24.170775	
183	4.920654	6.602531	2.726621	9.719459	12.747035	4.352444	115.193905	190.648130	24.271219	
184	4.688194	6.207871	2.571763	9.547774	12.903919	4.342914	111.613156	194.263118	24.231674	
185	4.526711	5.884129	2.485048	9.368992	13.072268	4.334058	108.916493	198.054219	24.151019	
186	4.551370	5.755061	2.491280	9.189892	13.209500	4.336113	104.729493	201.277862	24.167135	
187	4.696518	5.793926	2.553448	9.095299	13.295621	4.351773	102.528364	203.572095	24.293005	
188	4.763836	5.823453	2.594660	9.029981	13.283596	4.351389	101.015116	203.476955	24.312855	
189	4.863360	5.914457	2.631006	8.984684	13.270854	4.334765	99.904286	203.274105	24.164752	
190	5.083860	5.944963	2.657407	8.987483	13.221896	4.307958	99.684917	201.937969	23.886851	
191	5.055793	5.829238	2.619318	9.033643	13.171940	4.294156	100.458691	200.564609	23.724029	
192	4.798582	5.570693	2.531540	9.141609	13.152905	4.291152	102.541746	200.253612	23.678462	
193	4.644729	5.402675	2.485344	9.223014	13.130190	4.285429	104.037871	200.188736	23.661745	
194	4.516514	5.263360	2.456243	9.223701	13.068792	4.273347	103.984414	198.794508	23.526847	
195	4.340574	5.167017	2.428768	9.174569	13.001269	4.254961	103.271539	197.012788	23.316838	
196	4.188636	5.076673	2.378912	9.097461	12.903951	4.234520	101.900398	194.384174	23.113918	
197	4.056076	5.039082	2.297624	9.007641	12.755518	4.188745	100.239912	190.346938	22.697429	
198	3.990608	4.974406	2.235507	8.916740	12.545150	4.136505	98.241731	184.706786	22.194177	
199	3.976134	4.912861	2.190649	8.776598	12.344737	4.090629	95.247195	179.610592	21.805643	
200	3.995350	4.811869	2.144098	8.545046	12.167794	4.043588	90.694814	175.298858	21.394262	
201	4.065242	4.797053	2.106814	8.345878	12.110474	4.010935	87.084869	174.029579	21.162075	
202	3.982143	4.683344	2.002069	8.138302	11.966210	3.941986	83.600817	170.275216	20.562333	
203	3.971056	4.654785	1.975763	8.063712	11.935103	3.909760	82.677869	169.400010	20.260216	
204	4.084928	4.675802	1.992774	8.082107	12.020808	3.920127	83.182410	171.496423	20.345361	
205	4.382561	4.856871	2.091304	8.176656	12.177248	3.975271	84.704268	175.333973	20.833136	
206	4.521100	5.024993	2.136592	8.169826	12.256716	3.999350	84.819644	177.374379	21.072021	
207	4.617424	5.151557	2.161916	8.163918	12.290158	4.010550	85.030741	178.425306	21.191838	
208	4.749655	5.333033	2.197524	8.252131	12.348401	4.022698	86.817183	179.961310	21.302073	
209	4.881441	5.547863	2.229384	8.380361	12.371232	4.034253	89.359482	180.437514	21.408875	
210	4.887022	5.876753	2.251921	8.447081	12.255084	4.042050	90.944699	177.101128	21.496160	
211	4.902545	5.911262	2.249610	8.412453	12.145829	4.044592	90.315936	174.321753	21.500046	
212	4.747166	5.647548	2.174864	8.312778	12.063672	4.028406	88.387702	171.899113	21.367926	
213	4.544803	5.415027	2.132289	8.280762	11.974514	4.013399	87.525517	169.505419	21.203832	
214	4.325954	5.241901	2.085779	8.268750	11.947255	4.011895	87.043314	168.884564	21.218719	
215	4.233461	5.078468	2.068655	8.301401	12.048182	4.015332	87.492394	171.890484	21.284513	
216	4.276188	4.977421	2.071066	8.347918	12.161139	4.031592	88.203823	175.313165	21.421967	
217	4.453962	5.016475	2.091037	8.427688	12.259205	4.056993	89.568940	178.251574	21.641323	
218	4.784073	5.309927	2.163139	8.500064	12.332971	4.073016	90.985230	180.476429	21.768091	
219	4.937990	5.562255	2.212263	8.590434	12.372589	4.084330	92.929719	181.818944	21.880093	
220	4.941731	5.822498	2.254502	8.670284	12.358896	4.087273	94.753322	181.474329	21.906447	
221	4.604888	5.784463	2.207660	8.688268	12.276240	4.063816	95.247659	179.426052	21.728831	
222	4.309712	5.634842	2.116321	8.775220	12.259648	4.039667	96.865719	179.079777	21.544109	
223	4.194101	5.541449	2.080806	8.795458	12.219557	4.018584	96.933619	177.762195	21.341684	
224	4.156112	5.485060	2.060985	8.735319	12.183762	3.997947	95.648023	176.653585	21.160869	
225	4.082543	5.372999	2.031597	8.713938	12.179740	3.992417	95.270925	176.392504	21.105602	
226	3.978864	5.241182	2.002988	8.664340	12.142752	3.988863	94.273527	175.233574	21.050512	
227	3.836585	5.009431	1.956079	8.547772	12.071162	3.978821	91.837129	173.137768	20.922659	
228	3.636082	4.789694	1.897182	8.448201	12.019101	3.969770	89.703830	171.681972	20.825826	
229	3.447301	4.621640	1.840261	8.422938	12.019566	3.962789	89.191646	171.696505	20.758684	
230	3.325638	4.468638	1.780865	8.465052	12.005763	3.949372	89.903356	171.165981	20.629289	
231	3.192527	4.337987	1.742394	8.506665	12.015750	3.935622	90.732073	171.305906	20.478633	
232	3.085958	4.260961	1.730774	8.526741	12.029588	3.937735	91.011498	171.640071	20.451994	
233	3.001005	4.268705	1.721730	8.576016	12.099249	3.941461	92.020873	173.530123	20.478866	
234	3.047983	4.383914	1.734007	8.655856	12.147193	3.943532	93.418956	174.985690	20.512614	
235	3.142310	4.471626	1.748073	8.757272	12.202305	3.944091	95.223390	176.404847	20.512145	
236	3.206745	4.557769	1.767548	8.806777	12.172449	3.931639	96.061872	175.686247	20.391422	
237	3.261108	4.582157	1.777368	8.813566	12.179410	3.932173	96.222127	175.902981	20.377445	
238	3.270113	4.471818	1.759597	8.812785	12.198781	3.937402	96.336586	176.588776	20.431291	
239	3.280544	4.366867	1.748725	8.752682	12.196841	3.942285	95.345512	176.582792	20.501515	
240	3.279257	4.285069	1.743669	8.686317	12.185274	3.958591	94.304377	176.389464	20.673238	
241	3.263159	4.247447	1.752210	8.607023	12.181270	3.974721	93.129404	176.436014	20.867786	
242	3.214526	4.227263	1.764111	8.551233	12.197735	3.992678	92.351205	176.897629	21.059554	
243	3.244528	4.274725	1.782710	8.553038	12.243318	4.001796	92.377691	178.136913	21.175329	
244	3.284873	4.329425	1.791310	8.557176	12.269062	4.015615	92.372690	178.874750	21.350682	
245	3.284309	4.360967	1.805223	8.549916	12.219315	3.999149	92.143089	177.358916	21.214166	
246	3.326477	4.426843	1.818569	8.554222	12.231056	4.001593	92.009868	177.699401	21.274253	
247	3.355426	4.487497	1.816927	8.586058	12.213146	3.992816	92.369980	176.968923	21.187481	
248	3.408505	4.577508	1.820343	8.618545	12.219171	3.984966	92.864716	177.219033	21.114180	
249	3.434305	4.539611	1.812385	8.623053	12.196670	3.986219	92.960607	176.782648	21.113396	
250	3.400649	4.494972	1.814324	8.587442	12.167901	4.000485	92.294017	176.015932	21.253331	
251	3.420965	4.539529	1.828942	8.561218	12.196771	4.020687	91.890783	176.946756	21.475828	
252	3.509136	4.676361	1.842867	8.581642	12.242078	4.029973	92.330193	178.112356	21.591928	
253	3.598961	4.764767	1.854927	8.616058	12.235773	4.047994	93.040180	178.021804	21.786280	
254	3.634114	4.765054	1.861379	8.635484	12.225526	4.059026	93.425725	177.869427	21.890936	
255	3.656681	4.744204	1.855294	8.656911	12.228084	4.069939	93.858150	178.136654	22.006063	
256	3.568317	4.581544	1.812903	8.616596	12.189879	4.070398	93.258871	177.246833	22.036447	
257	3.439053	4.444857	1.762415	8.580351	12.111682	4.058121	92.620078	175.237404	21.943328	
258	3.322868	4.298031	1.728027	8.547689	12.034862	4.046932	91.810155	173.152632	21.827172	
259	3.177260	4.142610	1.697146	8.503497	11.978380	4.049085	90.876404	171.645480	21.825440	
260	3.109634	4.124307	1.682836	8.514192	11.986265	4.045522	90.902792	171.712813	21.754665	
261	3.099448	4.159456	1.684108	8.545749	12.051350	4.046731	91.543078	173.512592	21.747602	
262	3.119391	4.312271	1.683024	8.629847	12.129234	4.052849	93.331103	175.508821	21.846392	
263	3.283828	4.497887	1.693872	8.739838	12.164937	4.060943	95.481397	176.487162	21.946103	
264	3.402172	4.633925	1.705502	8.813230	12.209837	4.069897	96.968052	177.559515	22.045277	
265	3.477634	4.579649	1.717422	8.848203	12.226345	4.070668	97.638454	178.465060	22.064838	
266	3.400951	4.374209	1.706297	8.829859	12.197988	4.078615	97.628371	178.178006	22.143021	
267	3.304362	4.201937	1.676078	8.804927	12.245083	4.077180	97.263117	179.244060	22.133526	
268	3.225528	4.146621	1.661766	8.775191	12.227249	4.075221	96.745792	178.579299	22.127743	
269	3.226158	4.190456	1.668976	8.763596	12.216221	4.064623	96.423343	178.057278	22.002631	
270	3.275480	4.271608	1.668494	8.836509	12.285108	4.066545	97.645504	179.773977	21.963818	
271	3.305530	4.350277	1.675009	8.876237	12.327802	4.066463	98.358934	180.983899	21.929684	
272	3.281191	4.364518	1.676041	8.882977	12.329600	4.063314	98.452201	181.081856	21.886614	
273	3.214688	4.281529	1.670439	8.822115	12.260106	4.057233	97.324897	179.312316	21.839883	
274	3.145414	4.100140	1.643625	8.762339	12.213579	4.050232	96.265128	178.389638	21.826755	
275	3.100438	3.989627	1.609034	8.747712	12.183953	4.046627	96.010089	177.722696	21.841376	
276	3.051667	3.969001	1.593556	8.715135	12.128248	4.040654	95.372206	176.186513	21.829922	
277	3.003583	3.921605	1.579981	8.701519	12.089085	4.055679	95.092871	175.020478	21.952786	
278	3.020207	3.916965	1.562002	8.739157	12.129213	4.069823	95.782081	175.850738	22.079391	
279	3.040919	3.892638	1.557821	8.759562	12.139119	4.066196	96.149981	176.356347	22.042895	
280	3.080761	3.901587	1.569966	8.807345	12.231522	4.070620	97.102359	178.868430	22.047298	
281	3.203172	4.037879	1.580930	8.870966	12.251427	4.057407	98.208027	178.839787	21.938621	
282	3.192625	3.968408	1.564892	8.906597	12.206131	4.043124	99.195253	177.969504	21.873076	
283	3.089051	3.878556	1.566932	8.893096	12.086997	4.037662	98.904316	174.821094	21.822817	
284	2.988588	3.768049	1.557248	8.863249	12.038841	4.036982	98.281129	173.417974	21.854785	
285	2.978604	3.820614	1.557192	8.841971	11.994984	4.036053	97.710113	172.241073	21.894341	
286	2.950633	3.761995	1.526044	8.887753	12.035326	4.034344	98.533477	173.264119	21.919136	
287	2.966788	3.679936	1.546931	8.786675	11.996200	4.039763	96.686485	172.666881	21.879187	
288	2.949317	3.548422	1.556446	8.789373	12.169632	4.058140	96.862839	177.530294	21.959130	
289	2.862273	3.423493	1.524961	8.748066	12.194475	4.052710	96.254454	178.579220	21.883293	
290	2.777490	3.351073	1.496320	8.752071	12.271800	4.050749	96.513045	180.786339	21.902006	
291	2.781063	3.314764	1.492413	8.770946	12.296415	4.041151	97.018119	181.768548	21.821931	
292	2.763053	3.273600	1.483992	8.759911	12.252796	4.027608	96.785319	180.341016	21.724100	
293	2.839558	3.374641	1.477934	8.793398	12.266816	4.028717	97.229084	180.205200	21.777202	
294	2.946524	3.481412	1.497646	8.879302	12.345242	4.031411	98.845828	182.224519	21.810173	
295	3.098975	3.654240	1.518513	8.940996	12.392590	4.037948	100.053489	183.288616	21.886805	
296	3.201702	3.805180	1.530720	9.060146	12.376517	4.050992	102.409149	182.665986	22.061053	
297	3.221537	3.963662	1.559613	9.151815	12.320921	4.067499	104.193497	181.455283	22.250695	
298	3.288765	3.983979	1.583770	9.114165	12.342475	4.073944	103.586105	182.379261	22.354793	
299	3.148756	3.907634	1.560586	9.080904	12.369809	4.088943	103.069854	182.989076	22.551996	
300	3.062037	3.783268	1.537778	9.034795	12.370857	4.083009	102.172976	183.113876	22.539623	
301	2.881690	3.488484	1.493673	8.978455	12.397951	4.088096	101.277607	184.338326	22.631324	
302	2.744378	3.261500	1.449693	8.942774	12.361980	4.101923	100.574068	183.410558	22.865140	
303	2.726209	3.216152	1.447715	8.902537	12.331336	4.097081	99.765662	182.330272	22.863481	
304	2.690655	3.075025	1.406994	8.841837	12.234997	4.100656	98.472660	179.579618	22.970656	
305	2.627215	2.984216	1.362478	8.772513	12.284063	4.105398	97.074869	180.823092	23.045623	
306	2.674078	3.145265	1.355399	8.770904	12.429405	4.084663	96.990845	184.654577	22.702064	
307	2.854448	3.313800	1.405109	8.883088	12.645769	4.081698	99.538692	190.851163	22.502518	
308	2.951683	3.275163	1.431818	8.886122	12.815862	4.098743	99.692758	195.764698	22.543737	
309	2.978108	3.317223	1.436369	9.028249	12.965438	4.121654	102.692997	199.298818	22.776393	
310	3.117364	3.519889	1.495475	9.162929	12.777466	4.129722	105.439225	194.116046	22.881517	
311	3.135433	3.662308	1.525931	9.165977	12.658693	4.126369	105.441206	190.665990	22.908904	
312	3.160932	3.786887	1.544000	9.208691	12.510747	4.161872	106.330629	186.462429	23.336841	
313	3.190878	3.703431	1.573556	8.982288	12.424261	4.162239	101.636091	184.676929	23.281734	
314	3.072793	3.629754	1.555051	8.894017	12.319783	4.149786	100.225526	181.877536	23.200824	
315	2.996780	3.760391	1.576476	8.967108	12.145135	4.138416	101.057115	177.111721	23.092171	
316	2.829020	3.688476	1.530861	8.942508	12.034553	4.128981	100.392703	174.591363	23.005172	
317	2.646285	3.513400	1.499282	8.947662	12.035317	4.119946	100.691001	174.959881	22.940971	
318	2.501656	3.261388	1.446209	8.962157	12.142036	4.122109	101.188883	177.916000	22.971055	
319	2.235102	3.129956	1.389342	8.877230	12.180087	4.107116	99.765421	178.164748	22.758543	
320	2.146147	3.282904	1.346189	9.063575	12.151916	4.072031	103.224375	176.586153	22.473500	
321	2.196697	3.372803	1.332683	9.139829	11.967984	4.039847	104.068819	171.568727	22.140281	
322	2.098899	3.250936	1.307663	9.050890	11.773260	4.029711	102.171956	166.839581	22.034501	
323	2.026752	2.993594	1.264783	8.924326	11.850147	4.011181	99.582301	168.987864	21.809830	
324	2.126385	3.084911	1.288602	8.909028	12.072812	4.008710	99.458730	174.608121	21.707919	
325	2.238624	3.199516	1.309667	8.968717	12.167533	4.031533	100.593998	176.974203	21.921693	
326	2.417277	3.296577	1.331080	8.985601	12.268992	4.049153	101.028109	179.913627	22.132089	
327	2.511342	3.343559	1.342700	8.887204	12.250576	4.050977	99.364676	179.366036	22.167917	
328	2.491492	3.284682	1.331710	8.747205	12.194402	4.048075	96.974689	177.666531	22.164542	
329	2.407628	3.034834	1.304001	8.640656	12.070008	4.039948	94.995172	174.851407	22.151023	
330	2.259048	2.862356	1.262447	8.468936	12.024877	4.034313	91.656324	173.966091	22.201340	
331	2.241268	2.835350	1.262404	8.430653	12.068634	4.019885	90.857712	175.501184	22.166631	
332	2.264327	2.801004	1.244331	8.520702	11.978801	4.034552	92.568690	173.470290	22.431491	
333	2.234170	2.705418	1.249729	8.483313	11.935799	4.047298	91.950217	172.593906	22.558841	
334	2.141098	2.675296	1.237550	8.430622	11.964407	4.054627	91.183419	173.019237	22.578840	
335	2.125434	2.689306	1.232037	8.476339	12.011146	4.042242	91.971414	174.284005	22.448252	
336	2.087263	2.633914	1.212334	8.496262	12.046005	4.031546	92.426625	175.498265	22.299077	
337	2.078237	2.587756	1.187604	8.544054	12.089788	4.021238	93.326086	176.857974	22.137692	
338	2.092243	2.603069	1.171976	8.598189	12.111178	4.024859	94.429379	177.142389	22.135563	
339	2.083750	2.582903	1.159410	8.710093	12.231560	4.034342	96.988019	180.997671	22.179567	
340	2.070329	2.517787	1.142559	8.778127	12.258548	4.035965	98.624566	182.034083	22.209259	
341	2.062284	2.451920	1.129059	8.744454	12.205608	4.042503	97.942833	180.849597	22.304574	
342	2.022325	2.427573	1.116679	8.637039	12.139798	4.028607	95.849595	178.911653	22.214529	
343	1.998583	2.440940	1.112310	8.543175	12.127014	4.011234	93.896881	178.169626	22.054098	
344	1.969682	2.474332	1.109949	8.508600	12.167869	3.984306	93.360028	179.036400	21.818616	
345	1.955899	2.524505	1.107219	8.573532	12.155461	3.969386	94.767488	178.649409	21.710460	
346	1.975237	2.546970	1.103000	8.618287	12.115269	3.959881	95.585487	177.530434	21.648627	
347	2.041461	2.590507	1.120597	8.646260	12.081956	3.950875	95.748211	176.495239	21.520411	
348	2.087633	2.531971	1.134691	8.579708	12.028671	3.947907	94.276665	175.292403	21.467426	
349	2.123895	2.540390	1.154204	8.492218	12.021677	3.963565	92.565721	174.893857	21.580309	
350	2.159087	2.579864	1.166113	8.486305	12.045032	3.989453	92.486213	175.441240	21.831272	
351	2.194115	2.772244	1.182100	8.523973	12.034719	3.990298	93.109713	174.764600	21.838628	
352	2.215863	2.879984	1.192205	8.561273	11.993525	3.995067	93.850812	173.822687	21.880895	
353	2.241766	2.965275	1.216075	8.571501	11.987794	4.007999	93.873327	173.528432	21.989356	
354	2.266944	2.896360	1.214617	8.570670	11.974117	3.999269	93.562108	173.631610	21.923114	
355	2.185602	2.741205	1.183700	8.503077	11.901459	3.985113	92.320891	171.765252	21.841430	
356	2.088034	2.626079	1.156390	8.408274	11.823161	3.964927	90.562005	169.797790	21.696287	
357	2.065623	2.614676	1.138764	8.370957	11.736020	3.932376	90.025408	167.505145	21.416916	
358	2.071838	2.588173	1.115683	8.354758	11.721169	3.920099	89.879104	166.948862	21.293593	
359	2.064015	2.540642	1.099668	8.364380	11.726886	3.912336	90.098427	167.299614	21.186773	
360	2.065321	2.564228	1.118059	8.389976	11.738986	3.895398	90.480993	168.034729	20.978219	
361	2.064901	2.532958	1.126430	8.456901	11.755336	3.889232	91.791510	168.887987	20.880096	
362	2.001778	2.445405	1.119979	8.459812	11.711524	3.898273	91.954597	168.156431	20.970070	
363	1.928579	2.397756	1.108629	8.444699	11.668856	3.912903	91.699861	167.042776	21.176671	
364	1.879722	2.359905	1.097103	8.425336	11.620140	3.932925	91.351841	165.446781	21.436165	
365	1.845056	2.347177	1.090378	8.418345	11.614073	3.970866	91.194979	164.864538	21.879768	
366	1.831267	2.368307	1.092458	8.441004	11.681373	3.989937	91.754038	166.666770	22.130907	
367	1.853238	2.414521	1.091596	8.507262	11.706571	3.991295	92.941842	167.058452	22.168779	
368	1.884411	2.481567	1.109987	8.564728	11.705230	3.988433	93.916103	167.322311	22.132479	
369	1.935274	2.586617	1.140839	8.629098	11.728255	4.000617	95.028487	168.093172	22.189663	
370	1.997137	2.669387	1.169541	8.728055	11.870344	4.055469	97.095707	171.701532	22.698215	
371	2.070630	2.761595	1.218096	8.789976	12.030749	4.129322	98.345146	175.891669	23.411111	
372	2.086007	2.700874	1.239135	8.757821	12.173943	4.193887	97.989175	180.041504	24.098430	
373	2.047089	2.640828	1.209245	8.729124	12.242704	4.213305	97.591013	181.739087	24.368402	
374	2.044503	2.618998	1.206671	8.744152	12.285269	4.204363	98.081423	183.534426	24.248900	
375	2.026608	2.546049	1.198586	8.772885	12.249973	4.202019	98.558488	182.575752	24.183713	
376	1.969909	2.486068	1.165207	8.745180	12.154120	4.176060	97.880654	180.030047	23.971970	
377	1.901399	2.415643	1.142383	8.754150	12.051345	4.142257	98.439548	177.507879	23.707904	
378	1.832098	2.416560	1.120471	8.764776	11.943952	4.134922	98.760995	174.284924	23.702233	
379	1.832062	2.511298	1.102004	8.765829	11.899807	4.094270	98.559775	172.931716	23.317785	
380	1.858091	2.607227	1.089534	8.822771	11.938121	4.070866	99.266921	173.960375	23.077418	
381	1.812323	2.457721	1.056453	8.848919	11.940574	4.047282	99.860506	174.352924	22.864903	
382	1.707137	2.339553	1.019075	8.792304	11.875689	4.014415	98.572801	172.001007	22.555754	
383	1.650643	2.268663	0.994831	8.715300	11.831082	4.001688	96.718058	169.953178	22.352808	
384	1.602198	2.108200	0.982562	8.618842	11.782352	4.003638	94.730215	168.940129	22.343611	
385	1.469346	1.891019	0.956298	8.463702	11.770970	3.997448	92.221932	169.185681	22.303824	
386	1.349394	1.781933	0.946062	8.362342	11.778177	3.973754	90.874451	169.931779	22.012112	
387	1.348369	1.877339	0.948783	8.354724	11.839112	3.950589	90.589198	171.177193	21.694424	
388	1.345554	1.873997	0.946028	8.330128	11.827060	3.935345	89.920486	170.455689	21.486015	
389	1.318711	1.830545	0.942627	8.248890	11.695717	3.930664	88.264396	166.931177	21.428088	
390	1.291519	1.762581	0.937227	8.149685	11.562054	3.932653	86.105381	163.207595	21.493665	
391	1.280921	1.712983	0.929902	8.112180	11.502896	3.954108	85.273346	161.660390	21.763001	
392	1.285822	1.744109	0.915804	8.081152	11.435566	3.950129	84.425713	159.788845	21.805499	
393	1.334642	1.845122	0.901797	8.087184	11.467920	3.923497	84.521812	160.540126	21.510940	
394	1.395503	1.968138	0.910225	8.116209	11.525055	3.896463	85.164678	161.758427	21.174742	
395	1.437928	2.005641	0.924531	8.214100	11.482628	3.893875	87.202774	161.084092	21.200021	
396	1.407340	1.956717	0.918281	8.264761	11.425847	3.918996	88.159792	159.890839	21.490798	
397	1.378173	1.938320	0.915792	8.283715	11.352210	3.930227	88.141411	157.708291	21.645496	
398	1.379863	1.941325	0.910912	8.276121	11.351211	3.920995	87.825556	157.561968	21.554469	
399	1.401202	1.892705	0.912702	8.304322	11.372615	3.915917	88.334074	158.436280	21.447468	
400	1.385642	1.921240	0.920582	8.328390	11.401711	3.907215	88.707811	159.335189	21.362488	
401	1.355701	1.911152	0.925633	8.293870	11.354809	3.908106	88.180116	158.431033	21.395863	
402	1.336851	1.860348	0.917059	8.267815	11.292125	3.908817	87.774950	156.882593	21.430973	
403	1.270685	1.743114	0.904198	8.161401	11.185369	3.908684	85.803998	153.991693	21.457501	
404	1.168223	1.602118	0.882202	8.050137	11.097632	3.937680	83.808761	151.785832	21.740648	
405	1.114195	1.565142	0.848219	7.991811	11.114221	3.926171	82.470247	151.697341	21.598136	
406	1.149371	1.592589	0.854378	7.983253	11.126302	3.891830	81.911488	151.916227	21.165228	
407	1.194735	1.615744	0.872817	8.029489	11.281066	3.891689	82.720412	155.904974	21.067508	
408	1.239288	1.641300	0.888113	8.082583	11.378546	3.923870	83.977326	158.629375	21.433246	
409	1.250216	1.604586	0.885520	8.122782	11.385093	3.932955	84.896461	159.228269	21.575842	
410	1.146175	1.474206	0.871867	8.059982	11.380659	3.960171	84.126302	159.438904	21.891663	
411	1.077397	1.434313	0.853151	8.049170	11.359265	3.967823	83.904980	158.686773	22.018641	
412	1.054415	1.415185	0.840983	8.057934	11.351179	3.942144	83.873901	158.359566	21.776514	
413	1.049535	1.422802	0.835165	8.071321	11.364082	3.943330	83.819618	158.422020	21.788748	
414	1.061116	1.435185	0.838499	8.088190	11.398392	3.957667	83.882622	158.924518	21.924783	
415	1.075477	1.450555	0.845612	8.068049	11.450198	3.969868	83.598342	160.051290	22.028592	
416	1.063028	1.477673	0.833307	8.038710	11.410271	3.961973	82.950970	159.090171	21.998222	
417	1.072991	1.508524	0.829279	8.037931	11.311832	3.949080	82.999185	156.789861	21.907520	
418	1.045559	1.457936	0.830259	7.943313	11.227987	3.937764	81.478276	154.930846	21.775016	
419	0.985461	1.360127	0.823695	7.805466	11.066326	3.946457	79.291539	151.595492	21.917080	
420	0.930293	1.276347	0.801039	7.680289	10.983476	3.922980	77.089675	149.552575	21.726380	
421	0.925263	1.272811	0.795191	7.643091	10.952025	3.909822	76.295833	148.544465	21.605794	
422	0.959526	1.342183	0.803223	7.709168	11.023277	3.932033	77.143227	149.890790	21.787669	
423	0.988876	1.360018	0.808335	7.745622	11.087208	3.933170	77.727163	151.509283	21.729829	
424	1.000592	1.397212	0.795001	7.784501	11.145099	3.911077	78.615372	153.005472	21.495280	
425	0.972187	1.385779	0.783470	7.748135	11.069839	3.882596	78.334256	151.155273	21.196184	
426	0.964280	1.376648	0.784161	7.782234	11.090350	3.910877	79.035986	151.638088	21.505901	
427	0.926389	1.293168	0.786178	7.754187	11.100255	3.943783	78.463967	152.258675	21.868272	
428	0.884230	1.279543	0.786204	7.717081	11.120629	3.946001	77.719580	152.846099	21.932194	
429	0.891795	1.315512	0.792240	7.742480	11.124289	3.940652	78.118770	152.785619	21.902266	
430	0.919402	1.340660	0.781353	7.810865	11.157869	3.939148	79.240705	153.600507	21.938029	
431	0.930080	1.317774	0.777177	7.858033	11.188049	3.957396	80.140692	154.281698	22.108635	
432	0.913723	1.302745	0.770692	7.891864	11.074585	3.954224	80.670570	151.280562	22.071589	
433	0.875712	1.305179	0.780831	7.834011	11.035819	3.962467	79.712956	150.406309	22.136077	
434	0.829793	1.272847	0.773162	7.794310	11.106992	3.993635	79.014223	152.106193	22.516687	
435	0.841688	1.262021	0.762790	7.845812	11.163917	3.988554	79.841746	153.340595	22.499253	
436	0.872915	1.279623	0.769183	7.869786	11.189876	3.966389	80.269577	153.763614	22.196361	
437	0.863921	1.363073	0.768590	7.885541	11.158341	3.950914	80.607279	152.912165	21.982404	
438	0.883537	1.383863	0.774587	7.935646	11.169558	3.959609	81.524901	153.208837	21.968297	
439	0.885558	1.364051	0.770412	7.906189	11.134442	3.962663	80.784861	152.446079	22.025344	
440	0.882433	1.409306	0.778363	7.887370	11.185698	3.971286	80.656172	153.734001	22.152499	
441	0.907986	1.451186	0.804706	7.965151	11.212673	4.003349	82.125930	154.378061	22.553219	
442	0.860906	1.423864	0.791724	8.013442	11.187998	4.024021	83.330352	154.313154	22.882041	
443	0.803211	1.377388	0.779230	8.039372	11.164664	4.013128	84.031266	153.895807	22.755869	
444	0.796420	1.326696	0.775627	8.066157	11.212836	4.015954	84.408687	154.673504	22.814820	
445	0.818107	1.295546	0.776425	8.069226	11.228487	4.028808	84.117417	155.150100	22.924577	
446	0.816359	1.223431	0.762438	7.958851	11.208592	4.020536	81.935829	154.695890	22.851354	
447	0.803369	1.185899	0.759283	7.855833	11.224984	4.014041	80.094428	155.402466	22.800264	
448	0.808020	1.212630	0.758948	7.827782	11.260676	4.023583	79.708182	156.777184	22.943896	
449	0.808332	1.248037	0.756474	7.853526	11.348229	4.015417	80.324166	158.694456	22.855689	
450	0.809957	1.251352	0.759905	7.909394	11.452068	4.029857	81.245799	161.051657	22.973095	
451	0.814422	1.236626	0.770454	7.973541	11.474447	4.035414	82.355521	161.688157	23.025369	
452	0.813605	1.241864	0.781477	7.995565	11.489534	4.042194	82.923067	162.133935	23.107997	
453	0.805979	1.246945	0.788352	8.027357	11.499138	4.056299	83.574964	162.685258	23.279637	
454	0.809020	1.236472	0.791868	8.049726	11.518860	4.076307	84.002603	162.903009	23.566356	
455	0.790443	1.188445	0.776159	7.968371	11.456240	4.057740	82.282120	161.022047	23.420333	
456	0.761314	1.145026	0.757433	7.883295	11.413797	4.019600	80.921999	160.003981	22.999349	
457	0.755903	1.150644	0.733820	7.914211	11.397157	3.987134	81.487907	159.484885	22.577289	
458	0.748322	1.191416	0.728519	7.988252	11.433774	3.971498	82.907151	160.335988	22.338426	
459	0.788407	1.236897	0.753433	8.064790	11.641406	3.976321	84.598160	166.102736	22.305337	
460	0.801442	1.208879	0.756484	8.079994	11.713488	3.980968	85.065106	167.952224	22.342981	
461	0.809733	1.254554	0.761157	8.029373	11.607497	3.983983	83.933683	164.439413	22.340004	
462	0.754637	1.224356	0.752344	7.937393	11.358785	3.959453	82.156089	158.296019	22.107825	
463	0.715174	1.174882	0.747124	7.897784	11.289726	3.961861	81.522076	157.105507	22.195307	
464	0.714153	1.207627	0.741116	7.919802	11.297007	3.951643	81.617278	157.210290	22.082209	
465	0.756941	1.252570	0.742105	8.012473	11.343619	3.948128	83.342133	158.601919	21.978147	
466	0.736109	1.178823	0.736124	7.982407	11.344801	3.947345	82.790629	158.453329	21.958665	
467	0.675151	1.088433	0.714915	7.941003	11.316132	3.970411	82.053629	157.863473	22.239088	
468	0.678328	1.138061	0.715422	7.936811	11.325160	3.956279	81.818471	157.593838	22.065324	
469	0.699391	1.178813	0.730591	7.967354	11.361925	3.969376	82.339455	158.564597	22.126092	
470	0.701906	1.168113	0.744923	8.062296	11.440628	4.005975	84.331760	161.264469	22.472843	
471	0.700133	1.185192	0.758120	8.088431	11.516585	4.030845	84.961422	163.150149	22.751019	
472	0.643507	1.146625	0.755168	8.013238	11.357211	4.021924	83.308928	159.102392	22.670588	
473	0.641405	1.107042	0.735665	8.032837	11.235541	3.994443	83.410245	155.918301	22.419012	
474	0.639043	1.073496	0.721678	7.960602	11.186769	3.979410	82.127177	154.781548	22.287051	
475	0.650307	1.088920	0.708995	7.880321	11.230098	3.967601	80.534041	155.463339	22.133894	
476	0.650235	1.103045	0.697349	7.867887	11.215000	3.960010	80.015431	154.922870	22.080684	
477	0.656907	1.106126	0.694813	7.930303	11.148285	3.950510	81.041950	152.992391	21.998981	
478	0.655074	1.118590	0.692023	7.971559	11.118495	3.942220	82.078925	152.574762	21.920522	
479	0.639388	1.082710	0.683521	7.957914	11.130921	3.967093	81.911814	153.324329	22.172465	
480	0.664500	1.116861	0.689135	8.003688	11.227855	3.973371	82.734751	155.632907	22.229015	
481	0.685278	1.148045	0.687998	8.011993	11.270363	3.967202	83.085003	156.901192	22.186578	
482	0.713621	1.165614	0.709041	8.052962	11.360885	4.018262	83.890908	159.184332	22.706825	
483	0.718636	1.150249	0.731517	8.059305	11.417746	4.032385	84.226909	160.889608	22.844704	
484	0.699436	1.115242	0.720980	7.974153	11.340389	4.029822	82.670217	158.837644	22.847807	
485	0.666165	1.068515	0.713238	7.849424	11.263540	4.010795	80.259728	156.675759	22.604337	
486	0.647590	1.074399	0.702093	7.843760	11.208976	4.013757	79.905245	155.206113	22.612235	
487	0.627193	1.072900	0.691348	7.900482	11.234765	4.044011	80.907924	156.026569	22.940789	
488	0.644995	1.145434	0.700523	8.047685	11.341687	4.058462	83.616104	158.877927	23.136306	
489	0.665645	1.133619	0.710447	8.128410	11.297220	4.045539	85.157811	157.873865	22.996443	
490	0.658527	1.095990	0.702215	8.042097	11.252954	4.041656	83.494569	156.501796	22.911717	
491	0.636751	1.060118	0.684476	7.982746	11.242775	4.062117	82.452952	156.217472	23.166233	
492	0.631984	1.041260	0.679271	7.982488	11.264861	4.078470	82.576638	156.817340	23.404475	
493	0.640308	1.056967	0.691872	7.978289	11.338615	4.066603	82.262338	158.774567	23.205596	
494	0.639464	1.059781	0.697467	7.937522	11.369354	4.054408	81.493682	159.661679	23.010188	
495	0.646908	1.043647	0.702506	7.909584	11.354906	4.045696	80.967614	159.115689	22.909525	
