####### LIGHTCURVES AND MEAN ENERGIES
####### 3 NEUTRINO SPECIES: NU_E, NUBAR_E AND N_X
####### ALL QUANTITIES ARE MEASURED AT 500 KM FROM THE CENTER
#######
####### FROM MODEL L2-0B (BUGLI ET AL. 2020,2021)
####### B0=1e12 G, l=2, r0=1.00e8 cm
####### UNITS: TIME [ms], LUMINOSITY [1e52 erg/s], ENERGY [MeV]


# TIME	L_NU_E     	L_NU_BAR   	L_NU_X     	E_NU_E     	E_NU_BAR  	E_NU_X      	E2_NU_E    	E2_NU_BAR 	E2_NU_X     
1	13.393321	0.000034	0.000023	11.107985	6.057294	0.871237	141.532506	48.875075	0.959220	
2	9.539509	0.068024	0.035969	11.296583	9.250787	2.269669	146.629191	100.044632	6.198779	
3	43.223536	0.600072	0.854516	14.262949	14.141223	4.577842	233.341895	231.807120	25.830239	
4	49.664193	0.386356	0.938904	14.082268	12.540003	6.695579	228.751514	188.727450	65.178679	
5	33.163506	0.542390	0.710567	12.558049	11.916192	6.700443	182.212742	164.621542	69.347260	
6	32.768772	0.681279	0.628083	12.624335	11.887596	5.824743	182.755555	163.524657	51.628440	
7	28.578482	0.789928	0.729005	12.169025	11.738003	5.055171	170.379328	159.721434	36.259583	
8	29.748692	0.798323	0.950313	12.203136	11.690427	4.784146	170.977588	159.188037	30.375138	
9	28.317319	0.714751	1.089294	12.035659	11.575079	4.682283	168.325630	156.319735	28.434540	
10	26.370951	0.593808	1.063133	11.705966	11.145880	4.482385	161.140341	145.847749	26.250115	
11	23.243776	0.547195	1.011734	11.063691	10.784711	4.276323	144.188029	136.764076	23.827596	
12	20.076743	0.567843	0.999850	10.602160	10.548531	4.182216	132.660696	130.258663	22.340124	
13	16.723831	0.625330	1.021071	10.006278	10.339639	4.196671	117.574039	124.824136	22.228385	
14	14.251539	0.759426	1.110506	9.621680	10.389446	4.154590	108.398307	125.939136	21.759075	
15	12.902403	0.941810	1.275225	9.406442	10.531652	4.143291	103.101079	129.457339	21.572159	
16	12.268705	1.160266	1.460144	9.319069	10.681262	4.155050	100.892300	133.073820	21.671704	
17	12.490959	1.388227	1.639022	9.431484	10.809362	4.198009	103.205955	136.213113	22.123796	
18	12.565328	1.594370	1.790005	9.544254	10.900620	4.224724	105.674509	138.509534	22.470347	
19	12.082686	1.728676	1.911027	9.524189	10.889030	4.228078	105.366316	138.117662	22.563590	
20	11.328112	1.842857	2.030714	9.431258	10.884883	4.217240	103.583369	137.912816	22.480123	
21	10.517264	1.978238	2.158582	9.298625	10.928516	4.215580	100.873188	138.826545	22.432592	
22	9.864433	2.112470	2.236306	9.168545	11.004466	4.210549	98.278839	140.550176	22.377257	
23	9.394536	2.275929	2.295394	9.078568	11.099833	4.210487	96.614267	142.673653	22.346873	
24	8.782743	2.418601	2.298452	8.926524	11.171231	4.210632	93.647438	144.421511	22.356625	
25	8.285712	2.533250	2.292591	8.809338	11.192280	4.190065	91.444670	144.855060	22.156393	
26	7.897019	2.719388	2.327019	8.719765	11.280558	4.180901	89.752990	147.079070	22.066405	
27	7.570837	2.879616	2.352961	8.629658	11.326679	4.178676	88.027757	148.157942	22.041054	
28	7.409730	2.959692	2.371412	8.587557	11.309492	4.164016	87.255244	147.760964	21.892877	
29	7.315631	3.008221	2.413682	8.568269	11.293122	4.142457	86.948842	147.412454	21.660605	
30	7.228461	3.079768	2.472297	8.551705	11.313580	4.137005	86.706924	148.016251	21.586533	
31	7.222948	3.142878	2.509971	8.565621	11.335413	4.135034	87.046547	148.696096	21.570944	
32	7.172266	3.208295	2.542208	8.568542	11.344875	4.119602	87.214820	148.918416	21.403009	
33	7.078337	3.268934	2.569131	8.551106	11.375910	4.129233	86.944843	149.721642	21.473770	
34	6.988990	3.276920	2.578970	8.541996	11.337843	4.107122	86.810276	148.676709	21.263103	
35	6.818863	3.402668	2.636912	8.511006	11.412937	4.111543	86.297093	150.584324	21.272504	
36	6.707921	3.480851	2.679945	8.486891	11.453204	4.120181	85.828660	151.606501	21.353316	
37	6.584606	3.543484	2.708913	8.462175	11.475726	4.123810	85.421934	152.146548	21.373811	
38	6.428387	3.606064	2.731019	8.419517	11.481815	4.121331	84.701973	152.302923	21.339474	
39	6.294315	3.671892	2.758246	8.379742	11.478801	4.113847	84.045179	152.279625	21.273947	
40	6.169685	3.759534	2.796564	8.342554	11.499989	4.108965	83.399489	152.894767	21.235544	
41	6.073679	3.855697	2.835565	8.314491	11.535228	4.110129	82.912009	153.875299	21.256415	
42	6.018582	3.934099	2.863070	8.301385	11.560999	4.109545	82.717851	154.628268	21.261635	
43	5.973262	3.993855	2.889237	8.293464	11.576915	4.106760	82.631965	155.073780	21.242904	
44	5.908193	4.050819	2.915125	8.266821	11.592286	4.098689	82.179131	155.545605	21.165863	
45	5.847635	4.107169	2.934920	8.238415	11.611728	4.092648	81.734254	156.124281	21.112503	
46	5.803546	4.163369	2.944128	8.216258	11.634083	4.087453	81.328137	156.751009	21.062486	
47	5.730112	4.222615	2.945918	8.188857	11.657747	4.085743	80.836749	157.390077	21.049879	
48	5.627576	4.282576	2.950828	8.150696	11.673585	4.084099	80.171458	157.823680	21.040258	
49	5.519583	4.327194	2.963180	8.111378	11.673694	4.080117	79.508781	157.840913	21.007506	
50	5.411955	4.375020	2.990520	8.072950	11.672299	4.075882	78.882659	157.795256	20.965407	
51	5.322084	4.424082	3.020986	8.042197	11.676546	4.074375	78.408095	157.902203	20.948443	
52	5.262160	4.462806	3.049367	8.023978	11.677560	4.073328	78.173222	157.915465	20.935677	
53	5.223329	4.500766	3.073373	8.016368	11.682630	4.075288	78.150147	158.037232	20.957116	
54	5.187661	4.554047	3.088707	8.008521	11.693240	4.073157	78.112895	158.314343	20.927663	
55	5.153906	4.622288	3.098599	8.005722	11.715835	4.074341	78.143802	158.899546	20.933924	
56	5.102699	4.700027	3.102119	7.997083	11.738251	4.072932	78.049351	159.488559	20.914662	
57	5.041540	4.791110	3.109498	7.984289	11.766239	4.070755	77.876959	160.254090	20.893355	
58	4.975427	4.891703	3.121277	7.971146	11.805191	4.071217	77.690348	161.334998	20.901064	
59	4.922067	4.981545	3.137112	7.961129	11.839563	4.071560	77.541367	162.291235	20.906828	
60	4.871904	5.043218	3.149591	7.950355	11.864302	4.068976	77.389204	162.979709	20.882049	
61	4.819419	5.081278	3.168952	7.933203	11.880679	4.068865	77.144414	163.411391	20.867961	
62	4.778221	5.067467	3.159871	7.918505	11.887721	4.068576	76.898725	163.670564	20.883242	
63	4.733421	5.039002	3.167683	7.901263	11.871421	4.069733	76.694428	163.135810	20.886748	
64	4.683943	5.034743	3.164267	7.878860	11.879105	4.069557	76.444950	163.404015	20.896980	
65	4.644274	5.050929	3.166961	7.864175	11.893813	4.074713	76.117078	163.780704	20.952398	
66	4.614976	5.079534	3.165648	7.856007	11.911700	4.080390	76.062252	164.277922	21.015638	
67	4.595549	5.116070	3.163501	7.855211	11.928266	4.085650	76.198439	164.746615	21.077414	
68	4.582547	5.168770	3.166255	7.856395	11.949874	4.087893	76.077396	165.367550	21.108884	
69	4.575012	5.225063	3.167783	7.862836	11.972734	4.089987	76.259089	165.989324	21.132528	
70	4.579269	5.278771	3.171583	7.872550	11.989344	4.093564	76.329486	166.454086	21.177057	
71	4.602968	5.336811	3.175825	7.892038	12.007079	4.093941	76.672076	166.967451	21.190302	
72	4.632632	5.398714	3.179957	7.913661	12.027470	4.093279	77.085283	167.540559	21.187763	
73	4.665234	5.456552	3.181783	7.934470	12.044494	4.091779	77.486501	168.021340	21.176388	
74	4.699745	5.511731	3.184511	7.956901	12.061104	4.091148	77.932049	168.503312	21.177750	
75	4.731378	5.562465	3.186672	7.979616	12.076091	4.089182	78.383664	168.926035	21.160643	
76	4.758776	5.617548	3.191519	7.998275	12.092993	4.086573	78.749350	169.406551	21.135155	
77	4.786085	5.668592	3.197662	8.014565	12.111679	4.085596	79.067714	169.938311	21.128603	
78	4.814513	5.697677	3.202134	8.028891	12.122591	4.084932	79.324372	170.247640	21.121642	
79	4.840040	5.704266	3.204436	8.041883	12.128743	4.084603	79.567894	170.420508	21.114719	
80	4.862060	5.698450	3.204681	8.051750	12.134511	4.086027	79.755597	170.583536	21.126330	
81	4.875791	5.690071	3.204038	8.058991	12.141221	4.090161	79.914825	170.772821	21.172760	
82	4.875744	5.683377	3.198416	8.062139	12.146094	4.093852	79.938754	170.911979	21.219165	
83	4.865224	5.691540	3.190859	8.064647	12.154263	4.094528	80.033840	171.137603	21.229775	
84	4.857522	5.731737	3.198907	8.070015	12.176799	4.098651	80.152505	171.789539	21.281685	
85	4.857360	5.780612	3.206360	8.076605	12.204623	4.101116	80.224723	172.597729	21.309809	
86	4.869283	5.816113	3.209214	8.088688	12.228589	4.104944	80.479574	173.297738	21.348207	
87	4.885596	5.836069	3.212444	8.102829	12.242890	4.109200	80.763898	173.712169	21.394943	
88	4.890817	5.848360	3.212126	8.111127	12.251143	4.110416	80.893018	173.944488	21.405914	
89	4.893368	5.860521	3.212530	8.118937	12.259140	4.111996	81.040503	174.169989	21.422509	
90	4.897454	5.875939	3.212648	8.127949	12.265477	4.113407	81.211024	174.350748	21.441916	
91	4.902014	5.899490	3.211929	8.138991	12.273787	4.114167	81.434914	174.590226	21.453522	
92	4.904603	5.935142	3.213392	8.149555	12.285062	4.114009	81.656938	174.915642	21.455157	
93	4.913115	5.976768	3.215658	8.162582	12.297978	4.113044	81.927155	175.303988	21.449998	
94	4.927729	6.015693	3.217256	8.179449	12.310282	4.112003	82.268363	175.668862	21.441846	
95	4.943577	6.047808	3.220620	8.196913	12.319849	4.112553	82.617784	175.945780	21.446013	
96	4.960545	6.072321	3.224517	8.213568	12.327766	4.112478	82.952408	176.179327	21.442535	
97	4.978995	6.083698	3.227372	8.229793	12.333059	4.112995	83.277196	176.338611	21.447626	
98	4.991929	6.086400	3.228450	8.243118	12.334237	4.113404	83.561869	176.365446	21.452505	
99	5.003164	6.092687	3.229102	8.255517	12.338562	4.114687	83.802986	176.487137	21.467349	
100	5.015443	6.103548	3.232905	8.268131	12.346365	4.116619	84.028093	176.722067	21.490422	
101	5.029572	6.113358	3.235124	8.281149	12.355701	4.119455	84.304081	177.004157	21.524125	
102	5.036055	6.115022	3.232124	8.292381	12.360678	4.122305	84.520181	177.156970	21.558708	
103	5.032844	6.125329	3.235115	8.301186	12.365272	4.125038	84.693882	177.279362	21.589580	
104	5.029179	6.154972	3.244997	8.311430	12.378678	4.128826	84.902945	177.663398	21.628558	
105	5.036329	6.193432	3.256030	8.327101	12.397987	4.133139	85.216197	178.235248	21.673340	
106	5.052163	6.221914	3.258363	8.347589	12.414853	4.135728	85.642971	178.748160	21.701916	
107	5.062084	6.248813	3.258979	8.364787	12.429809	4.138144	86.014750	179.180885	21.726949	
108	5.065929	6.276298	3.257310	8.378409	12.443778	4.141331	86.301529	179.585620	21.761319	
109	5.065338	6.309111	3.257192	8.391080	12.458012	4.144623	86.529889	179.998026	21.798620	
110	5.067320	6.351051	3.264544	8.404839	12.476894	4.148718	86.819139	180.547288	21.842843	
111	5.073623	6.379975	3.269509	8.420345	12.493343	4.152984	87.165052	181.037850	21.889440	
112	5.078151	6.388210	3.269925	8.435319	12.498937	4.155644	87.562523	181.206257	21.919806	
113	5.075859	6.396824	3.270571	8.445137	12.504616	4.158817	87.724610	181.365364	21.953780	
114	5.074851	6.412825	3.270019	8.456566	12.514588	4.162727	88.003413	181.660430	21.997623	
115	5.079286	6.434795	3.268841	8.469827	12.526534	4.166550	88.281054	182.018107	22.040736	
116	5.084230	6.458014	3.264742	8.483304	12.538199	4.170023	88.580852	182.367084	22.080753	
117	5.087652	6.492027	3.262030	8.495009	12.553234	4.173243	88.834873	182.811657	22.118713	
118	5.097887	6.531073	3.263127	8.509015	12.571022	4.176756	89.124254	183.348904	22.159402	
119	5.116921	6.562120	3.266898	8.525274	12.587629	4.180514	89.417219	183.865069	22.204436	
120	5.141146	6.576233	3.270576	8.543923	12.598463	4.184192	89.794945	184.214267	22.247195	
121	5.166267	6.576148	3.271138	8.562607	12.603744	4.186590	90.206012	184.396041	22.278412	
122	5.188643	6.571955	3.271736	8.577840	12.605621	4.188223	90.523703	184.468032	22.301161	
123	5.210797	6.570340	3.270198	8.591991	12.612106	4.192839	90.819274	184.673700	22.353227	
124	5.225685	6.559963	3.262608	8.605499	12.610836	4.193571	91.100893	184.657283	22.369594	
125	5.233458	6.570752	3.264107	8.616019	12.615782	4.195248	91.308682	184.794843	22.390397	
126	5.244816	6.590127	3.264929	8.628360	12.627795	4.197086	91.572586	185.169993	22.413975	
127	5.258286	6.604764	3.261466	8.642845	12.636408	4.196706	91.911035	185.443692	22.413413	
128	5.269878	6.623618	3.257864	8.656289	12.645632	4.196983	92.198796	185.721448	22.417218	
129	5.281792	6.646291	3.254993	8.670344	12.656143	4.196723	92.509682	186.044722	22.417468	
130	5.298374	6.670742	3.251820	8.685424	12.666948	4.196203	92.794972	186.387765	22.417291	
131	5.317593	6.697692	3.249631	8.703088	12.676760	4.194885	93.207527	186.697410	22.407895	
132	5.337505	6.729046	3.246031	8.721297	12.688590	4.194087	93.620430	187.052211	22.401176	
133	5.359770	6.766130	3.242788	8.739164	12.703682	4.193830	93.971636	187.509204	22.401519	
134	5.384385	6.802065	3.240196	8.757153	12.720283	4.194101	94.359088	188.027348	22.408653	
135	5.406626	6.826535	3.237184	8.772820	12.732401	4.194403	94.682016	188.415416	22.416386	
136	5.423455	6.836742	3.233652	8.785858	12.738632	4.193751	94.964894	188.622683	22.413239	
137	5.440156	6.840526	3.233257	8.800051	12.743707	4.193197	95.322416	188.788709	22.408664	
138	5.458098	6.837952	3.233210	8.813089	12.748601	4.193575	95.503211	188.952559	22.411879	
139	5.477840	6.830746	3.229712	8.829306	12.752478	4.194909	95.938539	189.081291	22.424024	
140	5.490790	6.821688	3.220848	8.841829	12.753493	4.195484	96.201672	189.125357	22.431564	
141	5.491984	6.822039	3.214265	8.847560	12.756386	4.197143	96.262967	189.211977	22.450642	
142	5.497641	6.825394	3.207171	8.855875	12.762565	4.199920	96.432316	189.416719	22.486071	
143	5.503699	6.833058	3.204366	8.865877	12.767438	4.201480	96.706545	189.583081	22.509527	
144	5.514743	6.848040	3.202969	8.876184	12.777322	4.203549	96.877286	189.908746	22.538660	
145	5.531193	6.862401	3.199347	8.889811	12.787309	4.205362	97.199251	190.235055	22.564642	
146	5.545631	6.874106	3.193248	8.903109	12.795126	4.207006	97.531726	190.490845	22.588036	
147	5.554069	6.888892	3.187617	8.913059	12.801254	4.207139	97.780200	190.701651	22.596932	
148	5.557985	6.901149	3.181870	8.919003	12.807175	4.206505	97.894754	190.925345	22.596728	
149	5.560057	6.902953	3.166987	8.925325	12.810611	4.204862	98.094386	191.096293	22.588892	
150	5.554955	6.912197	3.161920	8.927908	12.810998	4.200634	98.187787	191.149400	22.548824	
151	5.564112	6.923397	3.153023	8.933784	12.822838	4.201441	98.353048	191.584932	22.563721	
152	5.571665	6.909317	3.139573	8.940053	12.821261	4.201370	98.460833	191.622487	22.572786	
153	5.570956	6.888949	3.132529	8.943041	12.812127	4.197994	98.557508	191.424858	22.555589	
154	5.579212	6.900213	3.149919	8.943984	12.820302	4.203074	98.541053	191.671127	22.600397	
155	5.599040	6.827094	3.114360	8.960201	12.800123	4.199381	98.926043	191.210536	22.584277	
156	5.580113	6.794483	3.111234	8.958185	12.779978	4.197151	98.904219	190.580299	22.564520	
157	5.577455	6.787981	3.107528	8.960650	12.784708	4.199134	98.968307	190.767443	22.588632	
158	5.576481	6.777489	3.093367	8.965848	12.784530	4.199674	99.099201	190.806911	22.601427	
159	5.572262	6.779800	3.082458	8.971124	12.786359	4.200832	99.241852	190.897129	22.622465	
160	5.575193	6.796612	3.078739	8.978932	12.794721	4.202087	99.435759	191.201924	22.645997	
161	5.585053	6.809923	3.072574	8.989398	12.804243	4.203808	99.693358	191.553354	22.672974	
162	5.587774	6.810195	3.061627	8.997765	12.804381	4.202606	99.905918	191.624932	22.671202	
163	5.587279	6.810366	3.054957	9.001933	12.801416	4.201059	100.022977	191.593685	22.662935	
164	5.586470	6.797926	3.044005	9.003376	12.791819	4.198266	100.074821	191.380327	22.640539	
165	5.579781	6.770611	3.029202	9.000189	12.774118	4.192988	100.035170	190.940982	22.593437	
166	5.569897	6.735282	3.012038	8.994826	12.752691	4.186564	99.978417	190.394210	22.535219	
167	5.551325	6.697151	2.993055	8.983591	12.729517	4.179945	99.718791	189.793463	22.474438	
168	5.529713	6.653607	2.974571	8.972050	12.704236	4.173218	99.500581	189.141159	22.414601	
169	5.506887	6.605884	2.957308	8.959416	12.677208	4.166023	99.247693	188.434272	22.350867	
170	5.483647	6.560135	2.944648	8.946516	12.648453	4.155471	99.034019	187.678745	22.257203	
171	5.476064	6.516508	2.919871	8.938858	12.633564	4.157650	98.891380	187.323163	22.280247	
172	5.438043	6.446080	2.877441	8.928799	12.583853	4.143607	98.702897	185.952758	22.161433	
173	5.413455	6.480429	2.890146	8.915884	12.583843	4.141346	98.454785	185.964888	22.136121	
174	5.423900	6.474582	2.869716	8.919926	12.583617	4.137860	98.583375	186.115660	22.115588	
175	5.418952	6.457896	2.849665	8.920597	12.566635	4.131654	98.638208	185.693876	22.063207	
176	5.413601	6.448198	2.836357	8.919546	12.555086	4.126768	98.663279	185.423708	22.022987	
177	5.410616	6.427707	2.821652	8.918430	12.541954	4.121368	98.679707	185.118903	21.978067	
178	5.405297	6.401932	2.807266	8.915759	12.528347	4.117156	98.657148	184.782678	21.944006	
179	5.406585	6.377526	2.794182	8.916553	12.517667	4.114173	98.738129	184.535755	21.923152	
180	5.406218	6.353808	2.779741	8.916672	12.506006	4.110035	98.721183	184.267054	21.891288	
181	5.400123	6.336975	2.766451	8.914942	12.495110	4.104729	98.710051	184.017772	21.848391	
182	5.395853	6.325189	2.754618	8.914211	12.488795	4.100464	98.728439	183.904700	21.813538	
183	5.389967	6.304272	2.742547	8.913169	12.478782	4.094604	98.753143	183.683123	21.758468	
184	5.380054	6.277376	2.729776	8.909932	12.465962	4.087706	98.711368	183.370418	21.690986	
185	5.369101	6.245833	2.717568	8.906540	12.453463	4.081581	98.661720	183.057412	21.629632	
186	5.353704	6.207855	2.702154	8.901030	12.438137	4.075360	98.569602	182.668086	21.570090	
187	5.335379	6.170058	2.687742	8.893454	12.421635	4.069511	98.445666	182.249429	21.514999	
188	5.313657	6.134500	2.673877	8.884116	12.406484	4.065135	98.274800	181.874529	21.475940	
189	5.288954	6.103342	2.662176	8.874942	12.393777	4.060067	98.108095	181.569230	21.430474	
190	5.270418	6.077883	2.652631	8.869548	12.386299	4.055658	98.023566	181.402807	21.388535	
191	5.256490	6.050364	2.640991	8.868924	12.378683	4.051668	98.023554	181.228503	21.350756	
192	5.244889	6.029329	2.632129	8.869845	12.374522	4.050353	98.095401	181.134690	21.338112	
193	5.234171	6.005773	2.622635	8.869473	12.369813	4.049315	98.055737	181.029706	21.330477	
194	5.225645	5.985648	2.616046	8.871443	12.367582	4.048799	98.087862	180.985355	21.328928	
195	5.216340	5.966025	2.609551	8.873014	12.364396	4.048152	98.148575	180.919531	21.326120	
196	5.204616	5.949642	2.600821	8.872756	12.362050	4.046765	98.118208	180.886174	21.318245	
197	5.191713	5.941077	2.590576	8.871612	12.360438	4.044688	98.086639	180.887647	21.304368	
198	5.180883	5.938886	2.581990	8.871369	12.358373	4.041480	98.092451	180.893579	21.279696	
199	5.170588	5.943829	2.574799	8.872022	12.359752	4.039858	98.131396	180.991531	21.265653	
200	5.164395	5.953212	2.568960	8.873513	12.362372	4.037837	98.195116	181.129355	21.248336	
201	5.165339	5.950492	2.563751	8.877911	12.363192	4.035002	98.359359	181.225138	21.225054	
202	5.162519	5.932315	2.552683	8.880636	12.357874	4.035481	98.418296	181.110685	21.237718	
203	5.149903	5.921208	2.544321	8.881488	12.348657	4.035684	98.438022	180.841935	21.248392	
204	5.143425	5.926100	2.539681	8.884478	12.347777	4.035248	98.492470	180.813312	21.253322	
205	5.142556	5.933520	2.530031	8.890402	12.351018	4.035297	98.607203	180.901206	21.258060	
206	5.145795	5.951844	2.522178	8.899523	12.357353	4.034686	98.796715	181.080169	21.256096	
207	5.156804	5.974520	2.517937	8.912045	12.366313	4.034198	99.063854	181.341914	21.255527	
208	5.168747	5.987420	2.515534	8.922981	12.371666	4.033334	99.290093	181.498025	21.247533	
209	5.179784	5.976673	2.511204	8.930737	12.369170	4.032030	99.440188	181.425389	21.233845	
210	5.186021	5.952407	2.505371	8.936639	12.360058	4.030581	99.546710	181.153145	21.220623	
211	5.188575	5.928689	2.500145	8.942989	12.352448	4.029902	99.679716	180.930489	21.215250	
212	5.186742	5.902596	2.494763	8.946352	12.346496	4.030525	99.762700	180.763919	21.223548	
213	5.175813	5.876597	2.486689	8.946367	12.340075	4.030776	99.788790	180.591671	21.230245	
214	5.160568	5.859988	2.480649	8.944044	12.336271	4.030594	99.767897	180.486312	21.232041	
215	5.143386	5.846471	2.472310	8.939747	12.336818	4.030636	99.707141	180.525191	21.235864	
216	5.124516	5.836456	2.460533	8.936857	12.337421	4.028834	99.677669	180.588956	21.225456	
217	5.110146	5.841034	2.455470	8.937827	12.343633	4.028223	99.730395	180.807689	21.223821	
218	5.104618	5.847799	2.452814	8.943001	12.352154	4.027128	99.876515	181.098635	21.215891	
219	5.097861	5.838404	2.446359	8.946756	12.354458	4.025126	99.987533	181.202783	21.197618	
220	5.086672	5.819888	2.438594	8.946646	12.352839	4.021904	100.009654	181.187912	21.166887	
221	5.072937	5.801250	2.430179	8.944690	12.352174	4.020857	99.988157	181.193093	21.158560	
222	5.058351	5.790006	2.424107	8.942082	12.354568	4.021255	99.944275	181.288666	21.166192	
223	5.049400	5.784206	2.421843	8.941537	12.361611	4.023561	99.933071	181.524779	21.192502	
224	5.043593	5.763857	2.418253	8.943769	12.361729	4.023412	99.972288	181.551013	21.194478	
225	5.034494	5.734634	2.415125	8.946623	12.355441	4.022919	100.025278	181.365135	21.191845	
226	5.017766	5.699476	2.408307	8.946203	12.344864	4.022088	100.005431	181.053462	21.185310	
227	4.998618	5.671618	2.401934	8.945055	12.336709	4.021830	99.972650	180.805597	21.185462	
228	4.983023	5.654135	2.395431	8.945821	12.334443	4.022377	99.987761	180.746790	21.190725	
229	4.965247	5.637171	2.390012	8.945119	12.332463	4.021316	99.980883	180.702676	21.183441	
230	4.944290	5.620567	2.383722	8.942443	12.328151	4.020436	99.926781	180.597747	21.178316	
231	4.923197	5.609746	2.376592	8.939298	12.323430	4.017937	99.867624	180.494627	21.157261	
232	4.907956	5.602149	2.370385	8.936973	12.319979	4.016022	99.839672	180.436199	21.140870	
233	4.897820	5.592496	2.369146	8.936036	12.312439	4.009910	99.857423	180.253063	21.086956	
234	4.905104	5.560320	2.342590	8.941415	12.316073	4.017040	99.999067	180.408835	21.160071	
235	4.875506	5.568280	2.342601	8.939940	12.299506	4.006706	99.983283	179.916748	21.063239	
236	4.878918	5.580549	2.344743	8.937252	12.327132	4.012591	99.942481	180.809678	21.121041	
237	4.873022	5.557477	2.327981	8.944120	12.314242	4.007628	100.083903	180.485248	21.075952	
238	4.871564	5.564084	2.331520	8.950151	12.319300	4.005921	100.240498	180.643387	21.054551	
239	4.875868	5.551775	2.325509	8.955879	12.318876	4.004755	100.347352	180.672225	21.042085	
240	4.883466	5.534071	2.319526	8.963475	12.314079	4.003715	100.510701	180.563039	21.033755	
241	4.891070	5.505474	2.312709	8.970225	12.302647	4.003084	100.666255	180.247573	21.030456	
242	4.890577	5.494166	2.304902	8.975857	12.295531	4.003227	100.791100	180.028809	21.034079	
243	4.881174	5.499739	2.299274	8.974087	12.296247	4.003529	100.717027	180.034018	21.039819	
244	4.876523	5.507398	2.296121	8.975645	12.303495	4.003626	100.717289	180.275907	21.047070	
245	4.876328	5.509961	2.293155	8.983887	12.308930	4.003878	100.908216	180.462375	21.051254	
246	4.872902	5.503018	2.286727	8.992899	12.312526	4.004361	101.134186	180.588303	21.055552	
247	4.867356	5.495050	2.280452	8.999413	12.316474	4.004896	101.289237	180.709740	21.062401	
248	4.863944	5.488379	2.273971	9.006309	12.322241	4.006271	101.446200	180.891791	21.082713	
249	4.858049	5.479323	2.268334	9.011128	12.327792	4.008090	101.550417	181.060961	21.109857	
250	4.852320	5.468218	2.262650	9.012881	12.333259	4.009182	101.584712	181.241143	21.130702	
251	4.850677	5.459959	2.255425	9.016102	12.340193	4.009128	101.655574	181.499294	21.139863	
252	4.845951	5.451846	2.250253	9.017138	12.348032	4.007637	101.682220	181.795265	21.135147	
253	4.835850	5.438610	2.244026	9.015184	12.353482	4.007379	101.624901	181.999206	21.139286	
254	4.827389	5.422606	2.243127	9.013277	12.356719	4.004443	101.592428	182.145757	21.118529	
255	4.832222	5.388426	2.232371	9.015287	12.364733	4.010617	101.652388	182.425545	21.168850	
256	4.795532	5.354300	2.216925	9.016610	12.328060	3.994803	101.696873	181.465630	21.030924	
257	4.826004	5.360310	2.233509	9.019977	12.384016	4.016788	101.872234	183.169270	21.224440	
258	4.773879	5.298452	2.217216	9.023893	12.310150	3.990035	101.940390	181.115281	20.979179	
259	4.778632	5.245210	2.216061	9.016153	12.340399	4.011009	101.899859	182.078639	21.175281	
260	4.708327	5.178288	2.204919	9.011290	12.260584	3.986711	101.806895	179.778327	20.950439	
261	4.697789	5.156200	2.205149	8.992858	12.302399	4.007957	101.500269	181.015823	21.153468	
262	4.614063	5.150191	2.201195	8.978328	12.249339	3.986018	101.176858	179.454369	20.946354	
263	4.579085	5.119764	2.188186	8.962030	12.271115	3.997303	100.867318	180.133967	21.063156	
264	4.518282	5.109299	2.181021	8.957391	12.248633	3.987726	100.764914	179.467057	20.961284	
265	4.492532	5.107780	2.178625	8.952895	12.269921	3.992027	100.690569	180.121399	20.999467	
266	4.450292	5.102480	2.174591	8.945365	12.261848	3.987097	100.543426	179.885906	20.953358	
267	4.427447	5.090022	2.164619	8.943744	12.273116	3.993647	100.539613	180.227909	21.019922	
268	4.392921	5.093698	2.164985	8.938901	12.260425	3.987218	100.462185	179.837710	20.963638	
269	4.389008	5.080965	2.139280	8.943521	12.273482	3.997578	100.580199	180.279543	21.086689	
270	4.402226	5.139517	2.170782	8.958636	12.294161	3.999681	101.001993	180.887578	21.099443	
271	4.407967	5.117028	2.149603	8.971187	12.279328	3.998977	101.227208	180.516698	21.108041	
272	4.425424	5.149471	2.169730	8.989762	12.298617	4.005398	101.683649	181.065101	21.172052	
273	4.428535	5.113331	2.142112	9.005926	12.283681	4.000840	101.981729	180.685272	21.154383	
274	4.462369	5.151130	2.160738	9.021931	12.324943	4.009522	102.369335	181.837291	21.225080	
275	4.458145	5.104863	2.119821	9.035724	12.298963	4.001129	102.594419	181.106218	21.164477	
276	4.476875	5.152150	2.148765	9.042377	12.343284	4.012480	102.797150	182.321393	21.247806	
277	4.462081	5.131367	2.126434	9.048748	12.315560	3.992644	102.853752	181.584611	21.074614	
278	4.494364	5.116611	2.117878	9.057455	12.357990	4.010300	103.118305	182.857857	21.238440	
279	4.490268	5.121650	2.137401	9.070910	12.335019	3.998522	103.425742	182.148014	21.114120	
280	4.497868	5.056798	2.103968	9.070799	12.332460	4.006530	103.380311	182.143551	21.210171	
281	4.500901	5.086861	2.143586	9.078106	12.340508	4.002690	103.612374	182.336940	21.160837	
282	4.480465	4.994697	2.095758	9.071262	12.314186	4.001616	103.377352	181.641828	21.172715	
283	4.446085	5.007448	2.108760	9.068965	12.308376	4.001442	103.340717	181.365449	21.154710	
284	4.422179	4.981295	2.091486	9.060936	12.300860	3.997044	103.119122	181.183914	21.132430	
285	4.422505	4.970794	2.098248	9.064084	12.315246	4.004666	103.228422	181.603713	21.200493	
286	4.381838	4.917658	2.078336	9.052312	12.280680	3.996084	102.929578	180.614149	21.122190	
287	4.360573	4.877867	2.079538	9.040239	12.279644	4.000720	102.702346	180.597185	21.159439	
288	4.320093	4.836091	2.070341	9.030713	12.253773	3.993678	102.471584	179.860822	21.097584	
289	4.303912	4.797504	2.062768	9.025673	12.259216	3.997341	102.432200	180.074785	21.135543	
290	4.256757	4.771768	2.053773	9.014931	12.241602	3.995012	102.187314	179.532406	21.115806	
291	4.234660	4.775962	2.055898	9.008326	12.256733	4.001192	102.055922	179.971804	21.176888	
292	4.198232	4.766271	2.041613	9.004534	12.244824	3.994380	101.956933	179.678374	21.124818	
293	4.181264	4.745388	2.019090	9.000942	12.249816	4.000742	101.911339	179.850202	21.196183	
294	4.184458	4.803186	2.047708	9.007737	12.273308	3.998514	102.138093	180.516370	21.177622	
295	4.173432	4.737815	1.996323	9.010687	12.255070	3.997478	102.156905	180.066600	21.204478	
296	4.207726	4.806775	2.045627	9.031897	12.310304	4.008404	102.762022	181.619743	21.272700	
297	4.159656	4.747631	1.983237	9.030932	12.262468	3.998851	102.565504	180.246801	21.212512	
298	4.192225	4.804534	2.027604	9.046737	12.321936	4.008999	103.086519	181.992699	21.296454	
299	4.175901	4.745735	1.993604	9.044314	12.289237	4.006028	102.893916	181.021863	21.282627	
300	4.185702	4.733991	2.001869	9.051407	12.293852	4.008536	103.086654	181.136851	21.315338	
301	4.172536	4.711358	1.986372	9.049623	12.285110	4.009311	102.973121	180.855614	21.330048	
302	4.174385	4.704033	1.984921	9.055945	12.291701	4.008140	103.125186	181.099940	21.325620	
303	4.170421	4.704044	1.976355	9.060732	12.296814	4.008304	103.226119	181.248315	21.329342	
304	4.181351	4.727450	1.976351	9.074470	12.313549	4.007590	103.556132	181.765172	21.332521	
305	4.199888	4.737548	1.980786	9.084799	12.331569	4.009047	103.845787	182.354829	21.349377	
306	4.188440	4.703725	1.963687	9.084352	12.318536	4.007858	103.836173	182.052788	21.349072	
307	4.175696	4.694178	1.965736	9.080184	12.319345	4.007874	103.776355	182.076630	21.352298	
308	4.169523	4.704247	1.960528	9.083799	12.329974	4.006095	103.827242	182.412604	21.338944	
309	4.163635	4.694298	1.957660	9.085631	12.333521	4.004127	103.871674	182.542713	21.316217	
310	4.141781	4.668099	1.953431	9.080153	12.322053	4.003118	103.748302	182.189108	21.303030	
311	4.105838	4.645034	1.949946	9.066946	12.310780	4.002896	103.449328	181.826085	21.301976	
312	4.065879	4.628584	1.944368	9.053617	12.301778	4.002748	103.153141	181.519199	21.303866	
313	4.050212	4.639422	1.944418	9.053315	12.313188	4.005712	103.174357	181.875211	21.340937	
314	4.043263	4.653336	1.941579	9.056744	12.325930	4.007238	103.288134	182.276606	21.359270	
315	4.043249	4.653444	1.939426	9.063186	12.333021	4.006228	103.479728	182.523394	21.351403	
316	4.035906	4.630933	1.936241	9.061920	12.327258	4.004320	103.508756	182.371841	21.336470	
317	4.023493	4.620146	1.931953	9.059509	12.326499	4.004487	103.462711	182.340613	21.337598	
318	3.994805	4.603489	1.927791	9.049006	12.319181	4.003679	103.245293	182.139093	21.326570	
319	3.976287	4.597893	1.926295	9.042953	12.322110	4.003387	103.132137	182.299181	21.323782	
320	3.970431	4.589529	1.923871	9.044876	12.326217	4.003264	103.210894	182.493071	21.324059	
321	3.960744	4.572665	1.919233	9.043475	12.319925	4.003161	103.236925	182.308923	21.322620	
322	3.956857	4.577482	1.916345	9.046221	12.326085	4.004969	103.246218	182.506584	21.343243	
323	3.962213	4.576452	1.915731	9.057537	12.332206	4.006424	103.530252	182.720639	21.361698	
324	3.956749	4.565954	1.912800	9.058051	12.329159	4.006811	103.521609	182.657409	21.367979	
325	3.948500	4.559681	1.908924	9.058782	12.327804	4.007313	103.538287	182.604488	21.374652	
326	3.937030	4.551181	1.902983	9.054539	12.327984	4.005865	103.409718	182.601399	21.354089	
327	3.928084	4.530862	1.895689	9.048781	12.327873	4.002319	103.259355	182.649258	21.311925	
328	3.909054	4.497014	1.884959	9.039160	12.319295	3.998295	103.093513	182.477353	21.271582	
329	3.879828	4.458126	1.877753	9.022956	12.308706	3.995080	102.756170	182.268542	21.242758	
330	3.845341	4.421459	1.874190	9.006260	12.298514	3.993903	102.410800	182.053175	21.228995	
331	3.811189	4.382320	1.871101	8.990319	12.289276	3.993562	102.101758	181.867607	21.224475	
332	3.785811	4.331457	1.867161	8.975887	12.274650	3.994850	101.761159	181.488647	21.236676	
333	3.754956	4.259813	1.860765	8.958157	12.247393	3.994122	101.369549	180.703337	21.228200	
334	3.697982	4.181233	1.850663	8.929132	12.211725	3.991253	100.687260	179.660335	21.199988	
335	3.634983	4.127645	1.841521	8.904928	12.189813	3.990391	100.182971	179.030412	21.198624	
336	3.577302	4.100575	1.834964	8.888680	12.182215	3.990094	99.845910	178.835957	21.201321	
337	3.534274	4.091321	1.829226	8.882730	12.184304	3.992065	99.709642	178.916501	21.228541	
338	3.504947	4.088000	1.827691	8.883567	12.191291	3.994845	99.753429	179.139172	21.268983	
339	3.477135	4.071641	1.824947	8.881357	12.188247	3.997093	99.742721	179.066649	21.302644	
340	3.442074	4.050660	1.821371	8.870339	12.181217	3.998112	99.452841	178.862254	21.320372	
341	3.410236	4.023312	1.816027	8.860409	12.178307	3.998389	99.263978	178.821861	21.334620	
342	3.378624	3.976732	1.810617	8.849103	12.162839	3.999464	99.041758	178.388714	21.352807	
343	3.339138	3.930088	1.805128	8.834967	12.142510	4.002115	98.795396	177.792537	21.385940	
344	3.299249	3.895553	1.800781	8.818987	12.127673	4.004366	98.395187	177.355629	21.418815	
345	3.265665	3.871669	1.798970	8.807118	12.119146	4.008221	98.126897	177.089061	21.469110	
346	3.238697	3.849781	1.795457	8.799223	12.111756	4.012911	97.955910	176.854991	21.529507	
347	3.216823	3.821983	1.790948	8.794734	12.101492	4.013287	97.873039	176.553194	21.551105	
348	3.194140	3.787226	1.785343	8.790452	12.087868	4.013591	97.812387	176.155109	21.565475	
349	3.180318	3.758130	1.780784	8.794196	12.080250	4.017320	97.886719	175.935979	21.610145	
350	3.164421	3.728212	1.777674	8.798391	12.069139	4.020622	97.989436	175.609642	21.659847	
351	3.143159	3.700738	1.775178	8.798919	12.060067	4.024280	98.011786	175.377648	21.718218	
352	3.117217	3.666173	1.773698	8.793699	12.049834	4.029660	97.896036	175.095935	21.786814	
353	3.091186	3.641684	1.772296	8.789956	12.045977	4.034064	97.784816	174.959763	21.847078	
354	3.071144	3.633526	1.771860	8.791412	12.053640	4.038635	97.834557	175.200075	21.903193	
355	3.052404	3.630385	1.771057	8.792690	12.064116	4.040495	97.885961	175.566202	21.928640	
356	3.040728	3.614838	1.770522	8.795081	12.075073	4.044249	98.013421	175.977132	21.972922	
357	3.019278	3.601302	1.769864	8.794122	12.077921	4.047705	98.006902	176.107424	22.018841	
358	3.002955	3.597692	1.768904	8.796334	12.087179	4.051061	98.097204	176.453104	22.074926	
359	2.992730	3.598780	1.770507	8.802032	12.102371	4.052384	98.233007	176.948426	22.103257	
360	2.979322	3.578798	1.766009	8.805293	12.107719	4.054603	98.326954	177.163240	22.125277	
361	2.960165	3.556130	1.763513	8.806155	12.101876	4.055361	98.425368	177.028269	22.132104	
362	2.943098	3.541557	1.760190	8.808988	12.100411	4.057608	98.522756	177.048386	22.164255	
363	2.925087	3.512398	1.758523	8.809250	12.093139	4.057172	98.580296	176.900666	22.170855	
364	2.904804	3.482480	1.755968	8.808844	12.084273	4.059194	98.598680	176.682657	22.198306	
365	2.882102	3.458409	1.752436	8.807028	12.074754	4.060482	98.597790	176.417808	22.212346	
366	2.867407	3.451950	1.747970	8.810406	12.077390	4.062136	98.713712	176.581355	22.239262	
367	2.853588	3.439640	1.744603	8.811853	12.078744	4.062497	98.813878	176.748483	22.258211	
368	2.834428	3.420843	1.741360	8.808174	12.075671	4.062441	98.745375	176.748047	22.264911	
369	2.808821	3.388573	1.735311	8.799323	12.063990	4.062979	98.587056	176.546571	22.279706	
370	2.781650	3.361353	1.732508	8.787517	12.055409	4.062082	98.402261	176.441103	22.286362	
371	2.766291	3.360151	1.727706	8.789906	12.066982	4.060822	98.513998	176.854200	22.279639	
372	2.746008	3.349472	1.724160	8.786499	12.071963	4.060221	98.489824	177.037013	22.286931	
373	2.736793	3.354784	1.721124	8.794663	12.085425	4.060460	98.706633	177.472287	22.307478	
374	2.723370	3.340583	1.716389	8.796009	12.082559	4.056228	98.835710	177.529441	22.284643	
375	2.703737	3.315569	1.707886	8.791665	12.068808	4.055237	98.789601	177.198522	22.285473	
376	2.696805	3.308862	1.702493	8.797673	12.066302	4.055188	98.974040	177.182643	22.299271	
377	2.699242	3.316086	1.699834	8.810323	12.072569	4.054120	99.252307	177.320481	22.297942	
378	2.694569	3.299698	1.693281	8.815593	12.073697	4.051827	99.351325	177.288399	22.274163	
379	2.685550	3.286050	1.688983	8.817602	12.069151	4.051266	99.418229	177.198818	22.275731	
380	2.669023	3.266833	1.684632	8.811188	12.057169	4.050182	99.306945	176.888704	22.267153	
381	2.659276	3.259063	1.679581	8.814136	12.060307	4.052571	99.399085	177.049773	22.294029	
382	2.652808	3.246292	1.678251	8.817982	12.062893	4.051546	99.523882	177.173850	22.293292	
383	2.631819	3.195821	1.658211	8.809585	12.044113	4.055855	99.339964	176.577711	22.345709	
384	2.626193	3.208463	1.678609	8.813405	12.065586	4.051758	99.537503	177.249703	22.310903	
385	2.613502	3.203656	1.670534	8.820477	12.065752	4.055957	99.703941	177.389311	22.375341	
386	2.601569	3.175957	1.668184	8.815639	12.067189	4.055850	99.680568	177.456006	22.373216	
387	2.600213	3.173858	1.668569	8.826852	12.083190	4.058407	100.057347	178.076658	22.419221	
388	2.589631	3.160676	1.664056	8.826335	12.080492	4.060943	100.047273	177.936846	22.442095	
389	2.580867	3.147942	1.662282	8.826261	12.078372	4.060694	100.086510	177.865689	22.445417	
390	2.567488	3.132328	1.658946	8.823762	12.070887	4.063321	100.022611	177.622977	22.471582	
391	2.555102	3.151856	1.661193	8.829340	12.076159	4.065605	100.113846	177.801280	22.504072	
392	2.551787	3.125462	1.654445	8.833360	12.073765	4.071312	100.216047	177.649537	22.563885	
393	2.552841	3.129605	1.657383	8.850888	12.077616	4.067896	100.683543	177.798100	22.527163	
394	2.536731	3.125480	1.651897	8.840094	12.070607	4.070049	100.439787	177.591409	22.544889	
395	2.532240	3.121730	1.652495	8.840608	12.075117	4.065896	100.505618	177.850661	22.503525	
396	2.520006	3.107007	1.650565	8.836456	12.075865	4.067114	100.435525	177.972563	22.513461	
397	2.508369	3.092838	1.649298	8.835228	12.078218	4.073411	100.418933	178.068289	22.579786	
398	2.498860	3.074753	1.648425	8.840484	12.078302	4.076086	100.590434	178.106604	22.619215	
399	2.484111	3.058877	1.646519	8.841186	12.077280	4.080474	100.624297	178.050789	22.666770	
400	2.467894	3.026485	1.645162	8.835058	12.066291	4.081337	100.530209	177.765489	22.681706	
401	2.443350	2.990236	1.639908	8.821557	12.047657	4.085503	100.236865	177.191670	22.729460	
402	2.430720	2.959558	1.644338	8.809267	12.037852	4.085018	100.032585	176.915874	22.740650	
403	2.399253	2.931058	1.634301	8.793725	12.013835	4.087835	99.615118	176.196029	22.787883	
404	2.376142	2.906398	1.633575	8.779907	12.005349	4.090679	99.300652	175.895595	22.822264	
405	2.364118	2.893700	1.633855	8.783229	12.008251	4.092774	99.389106	176.037480	22.854938	
406	2.345814	2.884740	1.627324	8.779868	12.009073	4.095873	99.286472	175.986356	22.881787	
407	2.331717	2.869210	1.625619	8.777242	12.007552	4.094189	99.224845	175.954401	22.868810	
408	2.310676	2.845426	1.620104	8.762832	11.991599	4.091252	98.961092	175.567273	22.845309	
409	2.290862	2.828007	1.614199	8.748023	11.979377	4.088760	98.726254	175.306265	22.823325	
410	2.276119	2.811093	1.609909	8.741161	11.973521	4.086389	98.667355	175.273743	22.806611	
411	2.259132	2.800993	1.604736	8.735405	11.975563	4.091290	98.564691	175.358927	22.845347	
412	2.257452	2.816663	1.605860	8.748261	11.998544	4.090467	98.967246	176.188377	22.851101	
413	2.237717	2.784504	1.593917	8.732093	11.977270	4.093108	98.496125	175.475052	22.885766	
414	2.231127	2.772922	1.593745	8.729896	11.971973	4.092367	98.473601	175.286086	22.888676	
415	2.231849	2.778127	1.592426	8.741048	11.980488	4.096065	98.763158	175.606121	22.943295	
416	2.227199	2.761073	1.588842	8.740568	11.977154	4.096806	98.762817	175.547580	22.947315	
417	2.219600	2.749029	1.587168	8.737685	11.974145	4.096156	98.677519	175.519752	22.945829	
418	2.209431	2.736414	1.584040	8.732174	11.971302	4.098263	98.557090	175.495812	22.978271	
419	2.192189	2.702162	1.581274	8.718844	11.950395	4.097705	98.267716	174.890130	22.972434	
420	2.174759	2.673592	1.580008	8.710560	11.935074	4.100562	98.132609	174.489023	23.006350	
421	2.158007	2.646984	1.575494	8.703623	11.923146	4.107068	97.989048	174.152007	23.087329	
422	2.142908	2.626130	1.574037	8.696958	11.912821	4.112743	97.820518	173.796961	23.157175	
423	2.134219	2.614311	1.572153	8.699323	11.911956	4.117511	97.872509	173.768348	23.217692	
424	2.121877	2.598178	1.568678	8.696485	11.905466	4.120510	97.812169	173.565236	23.264272	
425	2.111861	2.568815	1.570797	8.686260	11.891960	4.122258	97.619117	173.148682	23.302956	
426	2.106493	2.573609	1.570582	8.695000	11.895933	4.125245	97.841041	173.339636	23.366825	
427	2.094268	2.557729	1.566796	8.686285	11.892186	4.126805	97.682935	173.250535	23.391780	
428	2.088198	2.542962	1.566785	8.688585	11.893603	4.125809	97.767241	173.316850	23.369585	
429	2.085064	2.546857	1.567095	8.700000	11.910518	4.130697	98.085756	173.884142	23.425729	
430	2.086948	2.552415	1.566126	8.714156	11.933035	4.134954	98.510173	174.644421	23.481846	
431	2.085929	2.556686	1.565549	8.726941	11.952019	4.135610	98.926775	175.380786	23.505530	
432	2.085017	2.586368	1.562038	8.749376	11.989863	4.145777	99.513709	176.739238	23.616773	
433	2.079597	2.564278	1.562828	8.746485	11.997604	4.146498	99.561774	177.035052	23.620909	
434	2.067505	2.551592	1.561297	8.746653	11.995925	4.147046	99.603874	177.054607	23.635188	
435	2.050371	2.539417	1.559884	8.735978	11.990734	4.148360	99.339589	176.831973	23.651093	
436	2.036256	2.514862	1.557493	8.726999	11.976030	4.147247	99.146817	176.360726	23.637436	
437	2.020612	2.493564	1.559221	8.716723	11.955703	4.146578	98.889198	175.684151	23.635527	
438	2.004975	2.475511	1.556648	8.706475	11.939365	4.147135	98.651382	175.173902	23.646442	
439	1.984069	2.451972	1.552182	8.690458	11.917470	4.143590	98.240373	174.450513	23.609059	
440	1.969380	2.439800	1.549620	8.682644	11.909597	4.146257	98.019036	174.207698	23.652171	
441	1.959618	2.435799	1.550448	8.683159	11.914808	4.147607	97.961913	174.293970	23.666996	
442	1.949503	2.422112	1.547928	8.680170	11.909998	4.149046	97.824392	174.111755	23.675636	
443	1.940741	2.410637	1.545394	8.676539	11.908024	4.150580	97.666208	173.994573	23.684459	
444	1.936352	2.400274	1.543290	8.679101	11.909537	4.152612	97.731201	174.068453	23.707113	
445	1.929729	2.391575	1.548481	8.677631	11.909904	4.155497	97.697526	174.078430	23.723471	
446	1.927192	2.396054	1.544223	8.694093	11.924692	4.153191	98.217093	174.724231	23.728091	
447	1.913932	2.362442	1.544071	8.662249	11.898507	4.149673	97.444837	173.831487	23.688820	
448	1.904835	2.353340	1.539961	8.658556	11.885775	4.148712	97.395440	173.534812	23.691279	
449	1.877536	2.341395	1.525028	8.642010	11.863316	4.153849	96.940720	172.833431	23.745975	
450	1.884325	2.337373	1.532790	8.645757	11.880771	4.151204	97.078907	173.367196	23.717058	
451	1.885462	2.349409	1.535502	8.664718	11.900937	4.156982	97.551156	174.072218	23.794162	
452	1.879713	2.351694	1.532674	8.671353	11.909000	4.160856	97.711397	174.355194	23.842351	
453	1.877326	2.341085	1.532126	8.677661	11.913677	4.160486	97.901016	174.616187	23.850029	
454	1.875097	2.342551	1.533626	8.688593	11.923148	4.165877	98.161552	174.959000	23.907463	
455	1.871989	2.347531	1.532860	8.698733	11.930934	4.170835	98.380159	175.155849	23.952874	
456	1.863972	2.337465	1.531531	8.696845	11.923884	4.171813	98.305317	174.894725	23.962587	
457	1.862180	2.334904	1.531171	8.701973	11.933633	4.174441	98.521276	175.333061	24.011541	
458	1.857810	2.325353	1.529254	8.706823	11.938035	4.179001	98.670548	175.500485	24.063580	
459	1.850724	2.306118	1.525523	8.696017	11.921193	4.175066	98.453504	175.038254	24.046359	
460	1.844408	2.291575	1.522804	8.682297	11.907159	4.174623	98.211370	174.752868	24.070801	
461	1.833908	2.269376	1.518752	8.669578	11.890057	4.173798	97.887491	174.212201	24.062445	
462	1.830876	2.258438	1.517045	8.669970	11.889002	4.173849	97.884145	174.110341	24.061468	
463	1.823601	2.247761	1.513787	8.669954	11.884989	4.170875	97.907443	173.983789	24.034825	
464	1.816194	2.235924	1.511898	8.667905	11.878882	4.169002	97.941392	173.917008	24.026636	
465	1.804002	2.219595	1.509259	8.654319	11.864891	4.167701	97.653104	173.566070	24.018886	
466	1.793880	2.208649	1.505574	8.642029	11.856882	4.166795	97.396506	173.336044	24.009463	
467	1.779895	2.194863	1.500674	8.627290	11.844802	4.164134	97.059024	172.962949	23.977039	
468	1.767870	2.181950	1.498302	8.618669	11.838856	4.167691	96.839062	172.737412	24.020419	
469	1.761820	2.175776	1.503105	8.614557	11.840349	4.164922	96.797955	172.841705	24.020276	
470	1.753906	2.155266	1.494673	8.610157	11.831728	4.169054	96.743085	172.690749	24.093379	
471	1.743106	2.138101	1.491282	8.598754	11.825699	4.168503	96.511972	172.485560	24.095271	
472	1.745939	2.141650	1.491043	8.610876	11.838433	4.170326	96.833110	172.909077	24.134168	
473	1.738872	2.140505	1.488746	8.613316	11.840491	4.171163	96.849400	172.914823	24.134580	
474	1.733921	2.137563	1.485118	8.613198	11.837936	4.171052	96.831304	172.826287	24.129107	
475	1.725778	2.131345	1.479153	8.609224	11.828527	4.168908	96.716976	172.527259	24.097772	
476	1.705080	2.140120	1.457858	8.610311	11.824973	4.178179	96.692704	172.446245	24.183380	
477	1.717149	2.147572	1.461814	8.619499	11.857060	4.170965	97.113393	173.524169	24.098329	
478	1.722344	2.152069	1.459486	8.642105	11.869289	4.166513	97.774163	174.093104	24.075054	
479	1.714320	2.149312	1.452941	8.636976	11.859312	4.171521	97.597178	173.745342	24.133089	
480	1.712224	2.139668	1.448189	8.634478	11.848939	4.168852	97.523740	173.374133	24.104554	
481	1.711601	2.135737	1.443920	8.638661	11.854270	4.166396	97.626449	173.523489	24.072845	
482	1.709785	2.132008	1.439572	8.641981	11.860615	4.166011	97.669010	173.658516	24.062181	
483	1.706190	2.121385	1.435087	8.642141	11.860229	4.162595	97.669066	173.621338	24.010415	
484	1.709724	2.116753	1.431427	8.654152	11.869129	4.158721	98.024436	173.954019	23.957630	
485	1.708771	2.105245	1.427248	8.657335	11.865292	4.155857	98.134161	173.881341	23.907022	
486	1.702647	2.093351	1.424839	8.654124	11.856303	4.158605	98.023166	173.594006	23.926368	
487	1.695026	2.073092	1.423173	8.649439	11.840492	4.162588	97.905390	173.145421	23.967958	
488	1.693247	2.074531	1.438691	8.643624	11.839571	4.157682	97.815709	173.194856	23.940437	
489	1.685138	2.052682	1.425593	8.648251	11.827057	4.171386	97.895062	172.906185	24.102456	
490	1.669732	2.030685	1.425119	8.626749	11.812449	4.167363	97.402109	172.325490	24.045651	
491	1.673670	2.043071	1.429616	8.648501	11.833145	4.170331	97.963407	173.015941	24.092684	
492	1.670101	2.048383	1.429427	8.655013	11.839550	4.176222	98.116377	173.219792	24.153158	
493	1.662410	2.037948	1.427156	8.649711	11.833204	4.181048	97.967188	172.975736	24.198094	
494	1.653538	2.025822	1.425965	8.645687	11.826609	4.184020	97.856897	172.741638	24.234953	
495	1.648702	2.028681	1.426855	8.653402	11.840125	4.192742	98.036695	173.143648	24.343227	
496	1.642039	2.027107	1.425190	8.655941	11.846275	4.197539	98.107007	173.320435	24.394784	
497	1.637580	2.029069	1.424408	8.661393	11.855162	4.203287	98.258923	173.572002	24.455773	
498	1.637151	2.033825	1.424337	8.672795	11.868205	4.208573	98.513915	173.977421	24.520426	
499	1.634857	2.037483	1.419798	8.678595	11.876080	4.209413	98.681523	174.259145	24.528039	
500	1.634859	2.039242	1.416244	8.682256	11.881805	4.206406	98.817255	174.496528	24.494602	
501	1.631721	2.032256	1.411322	8.680841	11.877708	4.202857	98.799039	174.394890	24.450527	
502	1.627323	2.023232	1.408228	8.675917	11.868464	4.200676	98.687604	174.134628	24.425205	
503	1.621075	2.014897	1.404556	8.667890	11.860394	4.199533	98.521844	173.908596	24.411709	
504	1.612458	2.003082	1.400434	8.654154	11.846705	4.198133	98.220613	173.532426	24.390341	
505	1.609901	1.995517	1.396230	8.649661	11.841549	4.194235	98.153167	173.415650	24.349563	
506	1.608869	1.986638	1.392944	8.646445	11.836046	4.191017	98.089649	173.260986	24.311654	
507	1.610640	1.982057	1.390853	8.651044	11.841588	4.190211	98.243384	173.455121	24.308842	
508	1.611269	1.971200	1.389843	8.656378	11.845059	4.192998	98.399972	173.576067	24.348214	
509	1.612768	1.964985	1.389529	8.662192	11.847977	4.197225	98.532557	173.670596	24.402238	
510	1.610999	1.956180	1.388484	8.664256	11.851086	4.200727	98.572349	173.768684	24.453663	
511	1.607974	1.946379	1.390848	8.657693	11.842354	4.202349	98.493181	173.659233	24.493518	
512	1.605819	1.939351	1.392643	8.656443	11.840005	4.203494	98.348809	173.498053	24.487634	
513	1.601305	1.927294	1.392649	8.648398	11.825796	4.204351	98.162013	173.098929	24.503850	
514	1.598881	1.929298	1.392648	8.658619	11.839335	4.214898	98.337772	173.401411	24.616404	
515	1.593885	1.929678	1.393392	8.658756	11.844288	4.221682	98.306746	173.495419	24.699053	
516	1.592102	1.935144	1.394108	8.664740	11.854568	4.228877	98.475895	173.857918	24.797011	
517	1.589802	1.934554	1.392665	8.670179	11.860361	4.235073	98.622820	174.044217	24.884861	
518	1.590417	1.936903	1.391623	8.679032	11.867348	4.235356	98.892557	174.331096	24.913752	
519	1.591230	1.934995	1.391083	8.685065	11.865734	4.231116	99.074614	174.335357	24.871105	
520	1.589346	1.929987	1.389561	8.682470	11.861307	4.224912	99.020251	174.261639	24.799935	
521	1.583806	1.923748	1.385717	8.670498	11.849296	4.215837	98.710501	173.889609	24.694288	
522	1.581541	1.923977	1.385081	8.668972	11.846568	4.215645	98.742305	173.888589	24.700898	
523	1.578164	1.922471	1.384219	8.664692	11.842473	4.220993	98.672221	173.799817	24.762049	
524	1.577243	1.925356	1.384701	8.668061	11.848745	4.222055	98.753568	173.960446	24.771098	
525	1.576614	1.926584	1.383798	8.673805	11.858088	4.220440	98.912355	174.271042	24.751404	
526	1.571099	1.922580	1.382514	8.671705	11.857025	4.223870	98.796846	174.150489	24.775292	
527	1.569449	1.924747	1.383290	8.675187	11.865651	4.225319	98.878265	174.423763	24.792030	
528	1.566482	1.918126	1.382894	8.679111	11.868868	4.226702	98.983835	174.541617	24.802027	
529	1.562514	1.917744	1.382369	8.685564	11.875347	4.227488	99.096877	174.702802	24.812779	
530	1.564813	1.922138	1.381642	8.706544	11.893164	4.229983	99.702080	175.346129	24.855529	
531	1.559495	1.913909	1.380293	8.706720	11.885806	4.232270	99.736584	175.186795	24.889086	
532	1.552427	1.913150	1.378775	8.703579	11.889662	4.238778	99.692391	175.357003	24.976145	
533	1.547066	1.914068	1.378332	8.710834	11.901570	4.246021	99.853167	175.711457	25.068122	
534	1.538887	1.912949	1.378190	8.709044	11.903494	4.248347	99.774503	175.737673	25.096272	
535	1.533949	1.910482	1.376575	8.717873	11.910488	4.248969	99.924247	175.897704	25.089623	
536	1.525736	1.909787	1.373381	8.716889	11.917473	4.251703	99.850425	176.062920	25.114848	
537	1.522931	1.910349	1.373850	8.722723	11.926931	4.252824	99.993396	176.366642	25.140622	
538	1.522342	1.913405	1.372843	8.732536	11.939368	4.259274	100.212403	176.736864	25.215856	
539	1.525705	1.917292	1.372704	8.749679	11.956042	4.261706	100.655355	177.255911	25.249548	
540	1.528375	1.918981	1.372628	8.761854	11.966919	4.260984	100.983543	177.591215	25.247947	
541	1.527570	1.916541	1.371411	8.759746	11.965200	4.260917	101.041154	177.692697	25.268552	
542	1.524777	1.909944	1.369823	8.754779	11.954594	4.257776	100.882018	177.323250	25.228659	
543	1.522629	1.907026	1.369321	8.759606	11.956610	4.256347	100.994985	177.364169	25.206923	
544	1.523008	1.907285	1.370262	8.763620	11.959424	4.257227	101.093507	177.464588	25.222930	
545	1.527823	1.909863	1.371495	8.775340	11.969208	4.255199	101.352677	177.734804	25.200873	
546	1.533252	1.911189	1.371811	8.789135	11.978122	4.250970	101.638075	177.912186	25.143897	
547	1.541342	1.912011	1.371511	8.807752	11.992267	4.244563	102.113175	178.338402	25.075981	
548	1.549840	1.909539	1.371351	8.824869	12.002510	4.241620	102.546380	178.651887	25.038157	
549	1.561743	1.917428	1.371895	8.847636	12.025930	4.239925	103.151296	179.390062	25.006941	
550	1.570382	1.922592	1.370879	8.865469	12.044357	4.237331	103.652361	180.059344	24.973260	
551	1.570564	1.922716	1.370737	8.873815	12.054460	4.239339	103.827623	180.334039	24.989982	
552	1.571793	1.925607	1.370377	8.888634	12.066597	4.242677	104.182457	180.681554	25.019375	
553	1.573462	1.934278	1.369534	8.900773	12.081032	4.240730	104.494091	181.139096	24.989590	
554	1.576945	1.939655	1.368091	8.911003	12.091135	4.239229	104.753638	181.447760	24.970615	
555	1.579807	1.940746	1.365607	8.920449	12.098330	4.236749	104.969261	181.677181	24.945258	
556	1.578833	1.938970	1.361837	8.923303	12.101445	4.234427	105.002065	181.746221	24.912025	
557	1.576508	1.935763	1.359546	8.923569	12.099181	4.233228	104.965265	181.633855	24.894551	
558	1.575141	1.935102	1.356079	8.924230	12.101923	4.227752	104.981965	181.721322	24.831932	
559	1.573941	1.932802	1.352189	8.922953	12.100709	4.221794	104.925403	181.684187	24.763802	
560	1.568600	1.925454	1.349333	8.916774	12.088863	4.221600	104.745075	181.250613	24.758948	
561	1.565719	1.918840	1.347562	8.911074	12.081785	4.217509	104.634040	181.017734	24.707667	
562	1.560143	1.909298	1.344176	8.897984	12.067196	4.208052	104.323582	180.589429	24.592454	
563	1.553424	1.899101	1.340999	8.883469	12.052892	4.198276	103.989662	180.151788	24.466318	
564	1.547996	1.888938	1.337150	8.871167	12.038927	4.191737	103.757663	179.735811	24.374880	
565	1.542767	1.879216	1.335494	8.858618	12.025119	4.186725	103.449293	179.323170	24.313372	
566	1.535829	1.870526	1.334684	8.844002	12.012256	4.186058	103.033549	178.937571	24.286146	
567	1.531482	1.866603	1.332993	8.835922	12.008848	4.185050	102.894410	178.864685	24.253970	
568	1.528537	1.861752	1.332423	8.831871	12.008037	4.187885	102.761276	178.896687	24.267568	
569	1.525716	1.865348	1.332463	8.834131	12.013388	4.191461	102.742211	179.066218	24.286785	
570	1.523627	1.870957	1.333431	8.838949	12.023637	4.197620	102.891072	179.386358	24.349714	
571	1.520154	1.873882	1.335550	8.840911	12.033346	4.205913	102.909746	179.681453	24.437999	
572	1.516329	1.875271	1.337466	8.845329	12.041662	4.215043	103.057413	179.956607	24.534252	
573	1.512683	1.879223	1.338865	8.851455	12.052393	4.223251	103.215293	180.278606	24.629588	
574	1.511680	1.886862	1.339340	8.865117	12.071199	4.230348	103.546023	180.892604	24.718872	
575	1.508615	1.894397	1.339482	8.871485	12.085810	4.239780	103.682407	181.339668	24.831657	
576	1.507409	1.901283	1.339724	8.880684	12.103359	4.242868	103.972430	181.918369	24.876559	
577	1.504866	1.902332	1.338752	8.883893	12.113840	4.246506	104.020743	182.257940	24.922959	
578	1.499695	1.897607	1.337918	8.882467	12.114837	4.245929	104.012110	182.333506	24.920827	
579	1.494598	1.889021	1.335679	8.879449	12.105947	4.247380	103.905480	182.042527	24.933400	
580	1.491416	1.887334	1.334662	8.884131	12.110534	4.248539	104.064937	182.234941	24.939378	
581	1.486402	1.885508	1.332777	8.883238	12.114398	4.248094	104.052332	182.404230	24.924595	
582	1.482215	1.882382	1.331263	8.880163	12.117272	4.249658	104.061537	182.593927	24.938752	
583	1.475057	1.873412	1.328557	8.870471	12.110075	4.249475	103.855187	182.406011	24.939878	
584	1.472317	1.865701	1.327081	8.867062	12.103245	4.249128	103.794633	182.263671	24.945999	
585	1.466816	1.854875	1.323232	8.857627	12.092313	4.247235	103.559448	181.917148	24.916676	
586	1.463972	1.848191	1.320909	8.853221	12.087256	4.247369	103.473153	181.764416	24.920659	
587	1.458759	1.837833	1.317285	8.845514	12.079714	4.247327	103.291302	181.557056	24.928503	
588	1.454474	1.831188	1.315936	8.840917	12.073057	4.247653	103.142061	181.316767	24.940981	
589	1.452457	1.826054	1.313748	8.843940	12.073459	4.248674	103.225948	181.317835	24.951340	
590	1.452804	1.824245	1.311863	8.852463	12.079323	4.251086	103.488993	181.552905	24.978535	
591	1.449843	1.820764	1.310271	8.851753	12.077209	4.254735	103.430596	181.445678	25.024288	
592	1.443943	1.816323	1.309344	8.847944	12.075431	4.259825	103.296832	181.359352	25.087965	
593	1.440390	1.813645	1.308542	8.850995	12.079455	4.262076	103.345521	181.478516	25.121278	
594	1.439693	1.812603	1.307012	8.862148	12.087894	4.264235	103.588033	181.720152	25.144867	
595	1.439102	1.812133	1.305359	8.870627	12.094106	4.266277	103.788441	181.947282	25.168542	
596	1.434736	1.808256	1.304224	8.869142	12.090295	4.270454	103.747399	181.879963	25.218000	
597	1.423376	1.796476	1.303368	8.850793	12.072629	4.272309	103.297272	181.346375	25.241396	
598	1.415287	1.793940	1.302102	8.838250	12.067238	4.274014	103.028508	181.224645	25.262667	
599	1.409551	1.790849	1.300854	8.830257	12.064530	4.276124	102.944370	181.225373	25.287413	
