####### LIGHTCURVES AND MEAN ENERGIES
####### 3 NEUTRINO SPECIES: NU_E, NUBAR_E AND N_X
####### ALL QUANTITIES ARE MEASURED AT 500 KM FROM THE CENTER
#######
####### FROM MODEL L2-0A (BUGLI ET AL. 2020,2021)
####### B0=1e12 G, l=2, r0=1.00e8 cm
####### UNITS: TIME [ms], LUMINOSITY [1e52 erg/s], ENERGY [MeV]
# TIME	L_NU_E     	L_NU_BAR   	L_NU_X     	E_NU_E     	E_NU_BAR  	E_NU_X      	E2_NU_E    	E2_NU_BAR 	E2_NU_X
0.001 13.028831 3.5e-05 2.3e-05 11.127317 6.015983 0.875129 141.938127 48.388521 0.972228
0.002 9.44952 0.102289 0.061384 11.139347 9.993677 2.530739 143.250462 115.61475 7.748752
0.003 47.876343 0.524404 0.814052 14.453325 14.045592 4.704226 238.70801 229.273607 27.702161
0.004 48.344727 0.351038 0.822136 13.968773 12.255079 6.706591 225.130075 179.294483 66.022966
0.005 33.550086 0.508042 0.630189 12.613017 11.840689 6.614201 183.457616 162.226461 67.967616
0.006 33.060423 0.623294 0.566305 12.652545 11.789775 5.757103 183.480164 160.946562 50.458979
0.007 28.266919 0.723648 0.670377 12.154025 11.574963 4.962198 170.035612 155.223414 35.011319
0.008 30.298941 0.7455 0.91134 12.207359 11.716291 4.789156 170.729276 160.070212 30.283331
0.009 27.756088 0.667765 1.018999 12.029193 11.518754 4.619376 168.786141 154.766222 27.704625
0.01 26.284035 0.562969 0.992956 11.63947 11.117382 4.435655 158.976933 145.366893 25.70191
0.011 22.952284 0.526979 0.944869 11.043916 10.830286 4.304072 143.724384 137.646658 23.965221
0.012 19.942403 0.562853 0.890867 10.632532 10.588353 4.168064 133.331055 130.876341 22.289377
0.013 16.210126 0.651061 0.899786 9.985815 10.514205 4.124774 117.165527 128.876424 21.58349
0.014 14.060732 0.791636 0.997289 9.611338 10.545285 4.099172 108.002465 129.497845 21.123197
0.015 13.178073 0.98744 1.155609 9.489195 10.728619 4.121118 104.889826 133.977324 21.25769
0.016 13.062491 1.20514 1.317869 9.525904 10.903031 4.132453 105.445376 138.474245 21.387391
0.017 13.250024 1.465672 1.47118 9.680573 11.086216 4.176817 108.787923 142.944377 21.835111
0.018 13.172356 1.701855 1.615586 9.763479 11.169291 4.193649 110.632346 144.937157 22.074275
0.019 13.048632 1.941445 1.748233 9.847205 11.272235 4.190262 112.640682 147.670184 22.097907
0.02 12.350396 2.103134 1.863176 9.780957 11.298302 4.162466 111.358623 148.243681 21.816599
0.021 11.404071 2.235961 1.948054 9.594141 11.342429 4.153394 107.474504 149.292936 21.67853
0.022 10.411644 2.272377 2.002274 9.373158 11.304587 4.139316 102.901615 148.181242 21.499601
0.023 9.591972 2.248259 2.039321 9.168925 11.223433 4.126707 98.826045 146.001679 21.355197
0.024 8.866298 2.19952 2.072001 8.969685 11.133393 4.116461 94.872303 143.635147 21.252356
0.025 8.339271 2.183377 2.124004 8.803724 11.077536 4.123237 91.585198 141.994152 21.291062
0.026 8.008949 2.130564 2.126951 8.70548 10.988215 4.123355 89.664903 139.890246 21.35876
0.027 7.608797 2.154217 2.168472 8.589079 10.967178 4.114136 87.471219 139.313373 21.272863
0.028 7.289978 2.17392 2.212897 8.490957 10.919905 4.113058 85.614422 138.066178 21.282406
0.029 7.039845 2.240134 2.259566 8.428397 10.905045 4.116951 84.492116 137.580168 21.343229
0.03 6.826644 2.347858 2.303004 8.379066 10.923945 4.129763 83.663901 138.00103 21.498792
0.031 6.716008 2.473277 2.344069 8.380768 10.945312 4.128795 83.872794 138.547106 21.533311
0.032 6.632628 2.699489 2.415465 8.400117 11.060822 4.129997 84.380044 141.457984 21.558938
0.033 6.583759 2.955116 2.496032 8.416738 11.186132 4.135873 84.7559 144.644991 21.618126
0.034 6.565283 3.146811 2.544237 8.439913 11.262726 4.140391 85.218444 146.65721 21.686327
0.035 6.57403 3.312089 2.611585 8.477662 11.30438 4.129497 86.031385 147.591026 21.55187
0.036 6.549309 3.48513 2.695658 8.494753 11.392182 4.133645 86.4017 149.85163 21.570976
0.037 6.555089 3.629566 2.755455 8.518627 11.472349 4.141433 86.863989 151.90942 21.628981
0.038 6.551622 3.748159 2.780723 8.538679 11.526865 4.140119 87.285278 153.36945 21.602781
0.039 6.489774 3.845921 2.790302 8.531154 11.554647 4.126771 87.217148 154.181583 21.459664
0.04 6.375044 3.93353 2.805238 8.497607 11.581399 4.114251 86.617317 154.98372 21.330845
0.041 6.218063 4.040865 2.846226 8.44254 11.626912 4.109636 85.577448 156.191606 21.259936
0.042 6.086811 4.088374 2.849247 8.396086 11.65918 4.107721 84.711263 157.235728 21.259447
0.043 5.969522 4.101446 2.846931 8.356202 11.658024 4.100438 83.991114 157.181469 21.177385
0.044 5.795942 4.138301 2.854328 8.280654 11.673368 4.09292 82.545897 157.623273 21.090468
0.045 5.653766 4.143385 2.858626 8.212437 11.671025 4.083877 81.268812 157.621734 20.995644
0.046 5.545048 4.116012 2.861417 8.157441 11.654551 4.078324 80.260056 157.210339 20.939593
0.047 5.452392 4.0748 2.86349 8.113202 11.628907 4.073509 79.477934 156.521672 20.889758
0.048 5.368067 4.053137 2.869434 8.075092 11.61819 4.07707 78.823318 156.227159 20.928636
0.049 5.275167 4.050824 2.86694 8.035622 11.608085 4.079422 78.127933 155.964661 20.959359
0.05 5.181477 4.072877 2.853898 8.002918 11.601802 4.072538 77.571603 155.892299 20.922498
0.051 5.084143 4.18501 2.885125 7.968799 11.635182 4.06995 76.991676 156.740967 20.890759
0.052 5.027623 4.278453 2.910696 7.949708 11.670656 4.06895 76.66576 157.798335 20.900181
0.053 5.001439 4.331458 2.933864 7.945126 11.68208 4.063005 76.650985 158.143068 20.847011
0.054 4.986702 4.366943 2.958284 7.942873 11.688438 4.058936 76.700902 158.359414 20.805979
0.055 4.989619 4.387301 2.977025 7.950388 11.694901 4.054109 76.935965 158.559534 20.757158
0.056 4.966983 4.431209 3.004565 7.945235 11.711501 4.054012 76.934859 158.937722 20.729143
0.057 4.93243 4.467717 2.988819 7.936808 11.739733 4.057822 76.839454 159.778699 20.77321
0.058 4.862189 4.503982 2.967718 7.918352 11.736642 4.051769 76.585697 159.621051 20.701853
0.059 4.766685 4.596491 2.953933 7.887517 11.776837 4.055808 76.073775 160.753674 20.745334
0.06 4.68762 4.683599 2.963894 7.865179 11.793992 4.04476 75.713711 161.20671 20.631155
0.061 4.631633 4.813239 2.997195 7.847218 11.862406 4.048765 75.428293 163.131181 20.66337
0.062 4.613424 4.848798 3.011686 7.849206 11.882874 4.051218 75.572535 163.723013 20.691454
0.063 4.583279 4.843952 3.012782 7.84599 11.882759 4.052736 75.561892 163.689529 20.702867
0.064 4.544941 4.847195 3.011229 7.835303 11.882238 4.054053 75.427913 163.656235 20.716438
0.065 4.511487 4.870282 3.008821 7.826469 11.891077 4.056383 75.291152 163.888255 20.744328
0.066 4.493896 4.909111 3.007579 7.828046 11.905843 4.05826 75.348721 164.286046 20.772236
0.067 4.490815 4.961758 3.011459 7.837529 11.925097 4.060931 75.571262 164.810432 20.810316
0.068 4.501125 5.028032 3.017487 7.853197 11.952113 4.063717 75.895092 165.568204 20.849599
0.069 4.525436 5.09678 3.021073 7.876237 11.978947 4.064338 76.366041 166.323929 20.864238
0.07 4.551103 5.164051 3.02296 7.899858 12.004211 4.065223 76.842376 167.035634 20.880416
0.071 4.569582 5.224636 3.026969 7.917806 12.02456 4.066064 77.215768 167.619102 20.894154
0.072 4.587929 5.278242 3.034356 7.932805 12.040897 4.065508 77.517722 168.097048 20.887496
0.073 4.615988 5.312473 3.043436 7.948896 12.051124 4.06458 77.811469 168.419686 20.879941
0.074 4.654517 5.31575 3.048158 7.966947 12.04743 4.062023 78.181404 168.324339 20.853473
0.075 4.694269 5.310248 3.052554 7.983602 12.044336 4.061555 78.492692 168.24682 20.850814
0.076 4.728435 5.305016 3.054042 7.997289 12.043425 4.061764 78.731626 168.22646 20.855119
0.077 4.748072 5.299487 3.046407 8.004892 12.041324 4.061182 78.867625 168.162823 20.8507
0.078 4.753604 5.305868 3.042917 8.008875 12.041453 4.062518 78.947203 168.17368 20.872161
0.079 4.747398 5.33182 3.04401 8.010089 12.050157 4.062106 78.96 168.422039 20.870853
0.08 4.741197 5.370152 3.051822 8.012372 12.067504 4.063407 79.093799 168.92556 20.889175
0.081 4.743152 5.393948 3.0588 8.020722 12.080496 4.06589 79.421164 169.307262 20.920171
0.082 4.746444 5.401401 3.060361 8.029896 12.082395 4.065144 79.535239 169.361197 20.914899
0.083 4.7505 5.421152 3.062243 8.040848 12.08846 4.065008 79.959652 169.525461 20.914004
0.084 4.754653 5.456511 3.062288 8.049256 12.104186 4.06724 79.961818 169.97669 20.941456
0.085 4.75907 5.50169 3.062337 8.06028 12.124117 4.069418 80.176954 170.541626 20.968334
0.086 4.759888 5.54979 3.058936 8.06977 12.142351 4.068444 80.361958 171.053183 20.962578
0.087 4.764258 5.604031 3.062944 8.081555 12.162814 4.070331 80.578744 171.64466 20.989029
0.088 4.772377 5.659811 3.069971 8.094415 12.184491 4.071728 80.789179 172.267306 21.005141
0.089 4.789243 5.7055 3.07705 8.111102 12.203891 4.074344 81.157277 172.834346 21.035995
0.09 4.809911 5.735187 3.08206 8.127543 12.213234 4.075028 81.426533 173.110186 21.045874
0.091 4.831919 5.759729 3.084374 8.145554 12.222506 4.075685 81.827859 173.383962 21.053102
0.092 4.850095 5.782723 3.083496 8.162982 12.232442 4.07604 82.227389 173.675859 21.056391
0.093 4.863403 5.808215 3.0844 8.178154 12.243576 4.077459 82.542746 173.996968 21.069927
0.094 4.87256 5.832382 3.084413 8.192815 12.255027 4.078232 82.930004 174.340262 21.077307
0.095 4.879573 5.85104 3.083741 8.206304 12.266079 4.078548 83.321673 174.680531 21.07936
0.096 4.889586 5.86188 3.085459 8.220614 12.27656 4.081125 83.794735 175.001574 21.10485
0.097 4.897811 5.857121 3.083464 8.231265 12.281377 4.08323 83.87227 175.165726 21.127713
0.098 4.900151 5.853798 3.084472 8.239487 12.2848 4.084741 83.959092 175.285396 21.148433
0.099 4.898711 5.861894 3.086185 8.246841 12.294131 4.086108 84.172721 175.573784 21.167921
0.1 4.898294 5.874272 3.087674 8.25644 12.304746 4.087255 84.59701 175.903583 21.185995
0.101 4.894444 5.882517 3.090304 8.262387 12.312603 4.088784 84.4957 176.144766 21.206496
0.102 4.892874 5.886609 3.092245 8.271637 12.318123 4.089942 84.60332 176.308829 21.220646
0.103 4.895212 5.896662 3.096086 8.284664 12.325859 4.091532 85.040869 176.532182 21.236619
0.104 4.899989 5.917674 3.099093 8.296202 12.340663 4.094499 85.054912 176.967095 21.26864
0.105 4.906792 5.942022 3.097172 8.311468 12.353944 4.097328 85.320039 177.355685 21.299674
0.106 4.910672 5.977159 3.096684 8.3282 12.368099 4.099523 85.774608 177.761407 21.324824
0.107 4.914169 6.022065 3.097855 8.342742 12.386005 4.100613 86.023172 178.287503 21.339213
0.108 4.921039 6.068876 3.101073 8.358039 12.405667 4.101693 86.296063 178.869076 21.353635
0.109 4.929681 6.105601 3.103989 8.372478 12.421815 4.103163 86.465833 179.344498 21.371105
0.11 4.940491 6.131181 3.105635 8.389149 12.432168 4.104107 86.849155 179.645298 21.383027
0.111 4.950467 6.155941 3.107307 8.405 12.441841 4.105065 87.150897 179.918428 21.393464
0.112 4.961923 6.187143 3.118406 8.417869 12.449198 4.099882 87.404784 180.146575 21.348974
0.113 4.992247 6.238911 3.120199 8.434786 12.490444 4.11794 87.703974 181.305441 21.514758
0.114 5.0017 6.182553 3.095741 8.458913 12.442291 4.098198 88.220838 179.967115 21.326146
0.115 4.999182 6.251632 3.092135 8.458388 12.491016 4.118193 88.200577 181.335836 21.537152
0.116 5.001042 6.278848 3.103818 8.474738 12.479457 4.110681 88.591205 180.97572 21.456741
0.117 5.02238 6.342484 3.115599 8.489482 12.514246 4.117438 88.90368 182.007491 21.530395
0.118 5.053635 6.361277 3.111324 8.513294 12.523721 4.119533 89.49864 182.313774 21.55956
0.119 5.072684 6.366749 3.108653 8.527642 12.524728 4.121835 89.742 182.32646 21.588029
0.12 5.088707 6.379331 3.110207 8.538777 12.530277 4.124436 90.017154 182.482717 21.619156
0.121 5.11229 6.394672 3.114766 8.552559 12.540658 4.127728 90.362315 182.790098 21.655697
0.122 5.140527 6.397617 3.112449 8.566979 12.549454 4.131735 90.63226 183.071309 21.700826
0.123 5.162788 6.389537 3.105283 8.580445 12.550454 4.134474 90.982218 183.119989 21.734721
0.124 5.177586 6.387757 3.10234 8.591747 12.550592 4.137508 91.457189 183.127417 21.769981
0.125 5.187669 6.393019 3.100883 8.597458 12.553562 4.140758 91.337985 183.229605 21.808703
0.126 5.200335 6.403505 3.101354 8.608751 12.557243 4.14315 91.604934 183.347931 21.838503
0.127 5.21485 6.42156 3.10437 8.620813 12.564282 4.145443 91.879609 183.568825 21.864753
0.128 5.232552 6.441041 3.10444 8.634356 12.573617 4.147411 92.118453 183.859265 21.885508
0.129 5.247297 6.455098 3.099695 8.647382 12.580011 4.149604 92.406364 184.052935 21.90668
0.13 5.256353 6.469724 3.100164 8.654935 12.583809 4.15023 92.559776 184.172447 21.915795
0.131 5.275484 6.51455 3.122818 8.663311 12.607471 4.158611 92.82129 184.80574 21.986972
0.132 5.305674 6.437903 3.06301 8.686334 12.59185 4.158168 93.204065 184.50916 22.012938
0.133 5.265001 6.454951 3.091508 8.675311 12.571367 4.156013 92.987338 183.728856 21.979585
0.134 5.287655 6.504036 3.097502 8.684629 12.613797 4.167657 93.131435 185.062785 22.105851
0.135 5.3082 6.497676 3.092929 8.701321 12.61221 4.169018 93.398411 185.03336 22.125533
0.136 5.316414 6.497869 3.090722 8.709588 12.613596 4.172284 93.571299 185.076232 22.165284
0.137 5.324279 6.507358 3.088996 8.717742 12.619061 4.174038 93.743014 185.263116 22.192014
0.138 5.333299 6.519032 3.087088 8.726542 12.627433 4.174565 93.973565 185.548116 22.205352
0.139 5.34467 6.527241 3.083676 8.734134 12.635519 4.174619 94.071032 185.826003 22.2123
0.14 5.355405 6.528613 3.081328 8.742825 12.640559 4.174532 94.300408 186.012541 22.216137
0.141 5.364142 6.527315 3.082795 8.749421 12.645041 4.174441 94.381183 186.176859 22.217383
0.142 5.375451 6.520069 3.081611 8.758645 12.649071 4.174153 94.584156 186.340396 22.216363
0.143 5.383163 6.500393 3.07269 8.769159 12.645861 4.172581 94.797681 186.292754 22.204026
0.144 5.381115 6.483515 3.066822 8.777883 12.640013 4.17026 95.040055 186.147775 22.184259
0.145 5.380594 6.486842 3.073571 8.785629 12.642436 4.167652 95.166978 186.247235 22.158905
0.146 5.403366 6.479113 3.050557 8.802234 12.657544 4.171332 95.516336 186.830303 22.217785
0.147 5.381498 6.479133 3.045191 8.810941 12.639537 4.163541 95.803119 186.226434 22.127953
0.148 5.380232 6.531377 3.046781 8.818534 12.667501 4.166632 95.89825 187.081358 22.163039
0.149 5.390921 6.565501 3.038618 8.83857 12.685099 4.166479 96.335828 187.631046 22.16469
0.15 5.400891 6.592263 3.037912 8.855504 12.695508 4.163824 96.745549 187.959549 22.145933
0.151 5.418793 6.629647 3.06736 8.866657 12.708638 4.162 97.00279 188.340084 22.115088
0.152 5.471843 6.578637 3.015718 8.894441 12.723272 4.172022 97.57966 188.977407 22.245103
0.153 5.418094 6.508382 3.001878 8.890291 12.655415 4.151857 97.539583 186.892453 22.039879
0.154 5.404606 6.570456 3.026695 8.878669 12.690386 4.15915 97.203169 187.987239 22.117294
0.155 5.426022 6.560004 3.011351 8.895013 12.695244 4.152177 97.635018 188.314343 22.06069
0.156 5.421876 6.536854 3.029597 8.892278 12.676344 4.143215 97.624965 187.75378 21.956165
0.157 5.449784 6.459607 2.997454 8.8969 12.674642 4.149745 97.692864 187.880626 22.041297
0.158 5.399523 6.325143 2.95249 8.887047 12.601771 4.13988 97.535766 185.738387 21.951131
0.159 5.31948 6.307149 2.961127 8.855758 12.570581 4.130545 96.884412 184.80181 21.863675
0.16 5.308857 6.345265 2.969069 8.846731 12.599767 4.134194 96.669442 185.82446 21.916073
0.161 5.308863 6.313032 2.943277 8.852296 12.587417 4.130095 96.874258 185.615138 21.895712
0.162 5.287175 6.295869 2.927265 8.847985 12.566422 4.127082 96.844027 185.044215 21.878407
0.163 5.266375 6.306352 2.925689 8.841422 12.557265 4.122862 96.742157 184.834806 21.84297
0.164 5.266717 6.304336 2.903456 8.844518 12.560091 4.12431 96.831321 185.028173 21.87702
0.165 5.24401 6.287806 2.897574 8.844158 12.531918 4.11579 96.893054 184.22786 21.797441
0.166 5.240538 6.299288 2.900134 8.844036 12.535989 4.117281 96.931476 184.424468 21.820603
0.167 5.236322 6.274803 2.886132 8.845837 12.523157 4.11529 97.030194 184.133889 21.813501
0.168 5.216884 6.249202 2.87413 8.839337 12.505011 4.113246 96.913408 183.634133 21.804091
0.169 5.19229 6.233833 2.862237 8.830512 12.49208 4.111421 96.734671 183.299241 21.79709
0.17 5.172753 6.223637 2.850231 8.825522 12.482389 4.109087 96.652143 183.085892 21.784595
0.171 5.155045 6.214519 2.840497 8.821171 12.47207 4.104993 96.597986 182.853512 21.752261
0.172 5.143815 6.206629 2.830043 8.81925 12.465403 4.102682 96.590217 182.733818 21.739343
0.173 5.135502 6.198729 2.819808 8.81927 12.457206 4.100694 96.60852 182.553164 21.728706
0.174 5.130908 6.190923 2.810333 8.820015 12.450688 4.098831 96.653983 182.428752 21.719884
0.175 5.128389 6.183403 2.80139 8.820535 12.445484 4.096762 96.665567 182.340369 21.706158
0.176 5.13391 6.18041 2.791094 8.825278 12.444116 4.095899 96.775633 182.361275 21.70344
0.177 5.143751 6.181903 2.782443 8.833285 12.442812 4.095059 96.951518 182.375328 21.701974
0.178 5.152453 6.190668 2.772252 8.841895 12.443169 4.093013 97.154214 182.43253 21.687821
0.179 5.158174 6.199677 2.762379 8.849225 12.443064 4.089832 97.325104 182.476113 21.659636
0.18 5.166932 6.206723 2.754453 8.857457 12.444808 4.087744 97.510532 182.554039 21.639222
0.181 5.177623 6.206186 2.74631 8.867812 12.446778 4.08646 97.746701 182.642702 21.626024
0.182 5.181048 6.201665 2.738841 8.876699 12.445488 4.084349 97.944553 182.615445 21.603713
0.183 5.184289 6.203921 2.733036 8.885082 12.450136 4.083464 98.166248 182.777582 21.596212
0.184 5.187705 6.203254 2.72641 8.892167 12.454696 4.08452 98.289621 182.953776 21.607595
0.185 5.1928 6.197725 2.723098 8.89888 12.455614 4.083569 98.479916 183.038529 21.601139
0.186 5.19627 6.18566 2.716178 8.902673 12.454466 4.081231 98.54098 183.064649 21.581478
0.187 5.199365 6.173694 2.709788 8.905487 12.451148 4.079106 98.607062 183.02773 21.563323
0.188 5.20532 6.154589 2.701703 8.910039 12.445759 4.076865 98.743591 182.950806 21.544547
0.189 5.206731 6.121139 2.692655 8.912418 12.432287 4.071579 98.816799 182.642351 21.494167
0.19 5.199317 6.078892 2.684382 8.911312 12.413443 4.067288 98.83006 182.136412 21.451712
0.191 5.192921 6.044351 2.677501 8.912098 12.398716 4.065267 98.853245 181.740736 21.434785
0.192 5.184902 6.018526 2.666509 8.916842 12.385027 4.061576 98.997914 181.371931 21.401389
0.193 5.175215 6.019821 2.658711 8.918229 12.384041 4.058788 99.048611 181.36457 21.375519
0.194 5.169329 6.030905 2.648839 8.921149 12.387717 4.056524 99.214591 181.517616 21.35581
0.195 5.163679 6.032872 2.641492 8.919825 12.388851 4.055275 99.126765 181.593451 21.343536
0.196 5.156657 6.024302 2.639454 8.920298 12.386975 4.054554 99.13755 181.577665 21.333899
0.197 5.14624 6.008184 2.634394 8.922253 12.385273 4.052596 99.212383 181.569572 21.314853
0.198 5.123976 5.985146 2.629164 8.917571 12.378375 4.051174 99.103109 181.386222 21.301115
0.199 5.099998 5.97096 2.622034 8.911534 12.376174 4.051913 98.92674 181.351932 21.314092
0.2 5.077557 5.962024 2.61527 8.908991 12.374475 4.053296 98.869446 181.331414 21.33642
0.201 5.059048 5.953034 2.611202 8.907942 12.370921 4.053979 98.870125 181.262101 21.353725
0.202 5.042197 5.945426 2.604936 8.904508 12.367002 4.053093 98.76847 181.183636 21.353477
0.203 5.028122 5.944491 2.597574 8.902279 12.367721 4.051745 98.76173 181.250893 21.348759
0.204 5.019325 5.940282 2.588025 8.900355 12.370481 4.050257 98.745231 181.4091 21.342515
0.205 5.01481 5.924554 2.580286 8.900252 12.368053 4.049426 98.771792 181.394691 21.340948
0.206 5.004581 5.883492 2.571657 8.900119 12.354871 4.048522 98.81616 181.055372 21.340188
0.207 4.98664 5.845865 2.5688 8.89734 12.341792 4.047273 98.767113 180.704713 21.329784
0.208 4.972436 5.802977 2.561595 8.896523 12.333681 4.045293 98.761273 180.526269 21.314037
0.209 4.949201 5.76811 2.551521 8.893328 12.325714 4.043948 98.707147 180.320089 21.303617
0.21 4.926912 5.744253 2.537901 8.891836 12.323921 4.043748 98.701696 180.316198 21.309947
0.211 4.908812 5.734194 2.533646 8.892818 12.325148 4.043144 98.757074 180.382197 21.312215
0.212 4.899055 5.730335 2.529113 8.900144 12.330515 4.043205 98.939626 180.581266 21.3217
0.213 4.886483 5.736428 2.523232 8.906548 12.337738 4.043218 99.106428 180.824053 21.328477
0.214 4.879171 5.756685 2.520373 8.914386 12.351789 4.043374 99.336809 181.276116 21.33631
0.215 4.879474 5.772624 2.518046 8.922301 12.366983 4.044411 99.487045 181.775434 21.348989
0.216 4.878803 5.771023 2.514043 8.930566 12.377224 4.045017 99.681676 182.133179 21.35815
0.217 4.872553 5.761609 2.512451 8.935966 12.385051 4.0467 99.844835 182.399287 21.374842
0.218 4.861462 5.745042 2.508678 8.938772 12.389063 4.049058 99.897582 182.55725 21.401063
0.219 4.848864 5.72763 2.505159 8.941212 12.387487 4.050146 99.964102 182.551112 21.414494
0.22 4.837157 5.70965 2.50236 8.943711 12.386184 4.050515 100.015849 182.56155 21.422006
0.221 4.823661 5.679321 2.495752 8.946119 12.377395 4.049116 100.109364 182.347646 21.412118
0.222 4.800726 5.653721 2.489535 8.947163 12.369879 4.047486 100.26089 182.139665 21.396266
0.223 4.780233 5.645876 2.483751 8.946196 12.372519 4.049177 100.117844 182.217579 21.416675
0.224 4.770444 5.658099 2.482434 8.955372 12.387296 4.052648 100.351981 182.671675 21.456005
0.225 4.767072 5.672198 2.481727 8.967572 12.405881 4.054362 100.62916 183.255448 21.477882
0.226 4.75602 5.671663 2.477828 8.972949 12.416771 4.055648 100.726258 183.607171 21.491917
0.227 4.739696 5.657445 2.473481 8.975181 12.4181 4.057218 100.770022 183.644485 21.505525
0.228 4.722765 5.635997 2.469269 8.975846 12.416075 4.057832 100.779312 183.59077 21.516438
0.229 4.709973 5.611709 2.466312 8.977805 12.413381 4.059072 100.847487 183.540012 21.533668
0.23 4.697902 5.584179 2.459717 8.979628 12.40627 4.058583 100.914742 183.343083 21.533126
0.231 4.681276 5.56694 2.451796 8.979989 12.401579 4.058535 100.938521 183.202067 21.535105
0.232 4.669016 5.56735 2.447405 8.982393 12.405604 4.05751 101.014707 183.343626 21.528389
0.233 4.656985 5.564293 2.437554 8.985094 12.408057 4.055787 101.106005 183.456478 21.513895
0.234 4.650209 5.562684 2.432273 8.98807 12.412049 4.055073 101.191733 183.616781 21.510459
0.235 4.645331 5.542988 2.427218 8.991387 12.409775 4.054894 101.275519 183.57992 21.512624
0.236 4.633909 5.515655 2.421577 8.992533 12.403579 4.054587 101.299266 183.406021 21.513847
0.237 4.621426 5.486957 2.417117 8.993664 12.39965 4.055993 101.321238 183.303302 21.533984
0.238 4.605884 5.450151 2.409361 8.994669 12.391161 4.055945 101.348572 183.073873 21.541821
0.239 4.589256 5.416747 2.400917 8.995521 12.385203 4.056345 101.369543 182.901145 21.553656
0.24 4.567043 5.387297 2.390624 8.994677 12.377345 4.056037 101.346401 182.663123 21.559654
0.241 4.551512 5.362616 2.381494 8.995931 12.373552 4.055881 101.388719 182.568534 21.567648
0.242 4.535036 5.342687 2.37174 8.995821 12.369589 4.05634 101.396341 182.457399 21.581658
0.243 4.520865 5.334289 2.361037 8.996595 12.368269 4.052483 101.435133 182.474565 21.562374
0.244 4.530749 5.326351 2.344597 9.005728 12.386964 4.058765 101.653009 183.118285 21.633047
0.245 4.4959 5.306021 2.338101 9.001238 12.358975 4.048093 101.571694 182.281043 21.532151
0.246 4.509588 5.280461 2.333875 9.006772 12.371194 4.051425 101.68176 182.729867 21.573284
0.247 4.495584 5.225418 2.317038 9.007428 12.346019 4.049734 101.679087 182.005545 21.564969
0.248 4.490445 5.202553 2.314557 9.00985 12.340434 4.050764 101.736182 181.866861 21.582006
0.249 4.486827 5.170218 2.304832 9.014918 12.331662 4.052043 101.854433 181.626826 21.604096
0.25 4.477552 5.159217 2.295153 9.020553 12.33049 4.053216 101.988398 181.579635 21.62494
0.251 4.470954 5.155562 2.288359 9.025817 12.339076 4.054897 102.102807 181.828797 21.648371
0.252 4.4641 5.142861 2.281128 9.029351 12.341441 4.056221 102.16013 181.89737 21.669258
0.253 4.457242 5.128116 2.274063 9.033426 12.341865 4.056655 102.235646 181.919161 21.683477
0.254 4.449031 5.113891 2.267238 9.037435 12.343013 4.057016 102.333253 181.971411 21.694312
0.255 4.440679 5.104211 2.259781 9.041436 12.345426 4.057626 102.44731 182.067285 21.705671
0.256 4.432056 5.099484 2.251576 9.043934 12.348611 4.056843 102.53815 182.19056 21.702853
0.257 4.427309 5.102877 2.244328 9.046814 12.357938 4.056486 102.632465 182.498498 21.701688
0.258 4.422438 5.094434 2.23636 9.048703 12.362403 4.056135 102.689572 182.666113 21.701231
0.259 4.418665 5.085504 2.231652 9.052025 12.367966 4.055128 102.784971 182.866771 21.694147
0.26 4.411513 5.075343 2.223951 9.055574 12.375122 4.056386 102.877541 183.09326 21.708582
0.261 4.399093 5.071831 2.220172 9.058453 12.380486 4.057261 102.949329 183.231093 21.718544
0.262 4.391322 5.071841 2.214511 9.063126 12.388428 4.059194 103.058602 183.463357 21.739701
0.263 4.382829 5.06748 2.208759 9.064878 12.390282 4.05909 103.110984 183.524096 21.743997
0.264 4.373609 5.063775 2.19946 9.067741 12.391096 4.057685 103.192956 183.557212 21.736006
0.265 4.366327 5.074999 2.195544 9.072351 12.39967 4.05784 103.307761 183.808169 21.739246
0.266 4.364068 5.072668 2.191797 9.078196 12.408505 4.05985 103.451458 184.09275 21.762905
0.267 4.359794 5.059145 2.185876 9.083343 12.412567 4.059386 103.575892 184.226137 21.759815
0.268 4.356152 5.043824 2.18168 9.088158 12.418651 4.060281 103.687352 184.42921 21.772924
0.269 4.352403 5.033001 2.17619 9.095533 12.422998 4.060291 103.876587 184.591798 21.776215
0.27 4.349805 5.027736 2.173095 9.102871 12.434101 4.062028 104.065805 184.948177 21.794236
0.271 4.348926 5.023185 2.165773 9.109166 12.442406 4.065339 104.231812 185.260087 21.83213
0.272 4.338409 5.00787 2.157021 9.111148 12.442971 4.063859 104.304574 185.363028 21.822738
0.273 4.327927 4.995213 2.157122 9.111579 12.448851 4.063098 104.338851 185.606762 21.816765
0.274 4.313103 4.963151 2.149875 9.110008 12.448201 4.064093 104.313058 185.658303 21.832472
0.275 4.289863 4.926605 2.143623 9.105257 12.443606 4.064913 104.205181 185.553723 21.840436
0.276 4.271119 4.900553 2.137455 9.104153 12.445822 4.065603 104.191207 185.694224 21.84998
0.277 4.254481 4.882627 2.133375 9.105212 12.447496 4.066171 104.206388 185.771874 21.854707
0.278 4.239085 4.863002 2.127547 9.106371 12.443378 4.065355 104.216528 185.654471 21.84572
0.279 4.227583 4.835646 2.123163 9.109617 12.435534 4.066557 104.269972 185.420039 21.859669
0.28 4.205678 4.794091 2.114409 9.108043 12.41794 4.067437 104.232722 184.904336 21.876288
0.281 4.177346 4.764675 2.10752 9.101964 12.404535 4.067312 104.139793 184.55312 21.88649
0.282 4.150452 4.74047 2.10086 9.097493 12.393897 4.067642 104.060706 184.234928 21.899161
0.283 4.129321 4.725391 2.094524 9.099304 12.388298 4.067731 104.121507 184.040479 21.906302
0.284 4.110379 4.738124 2.085512 9.104181 12.391876 4.068112 104.245074 184.119319 21.917279
0.285 4.098404 4.746498 2.079405 9.109887 12.401741 4.068232 104.400614 184.461778 21.934983
0.286 4.098399 4.767518 2.076539 9.120347 12.41813 4.06871 104.662425 184.973948 21.949936
0.287 4.101316 4.781949 2.071125 9.132387 12.432828 4.068387 104.984583 185.442811 21.955971
0.288 4.102461 4.781295 2.067119 9.141425 12.442566 4.068054 105.23416 185.781366 21.959573
0.289 4.092806 4.757741 2.060448 9.143763 12.440068 4.066948 105.311453 185.723247 21.954823
0.29 4.083576 4.733678 2.056029 9.146034 12.438944 4.068321 105.362667 185.690416 21.975581
0.291 4.066467 4.694265 2.046214 9.141113 12.427985 4.068422 105.239617 185.370863 21.98446
0.292 4.049195 4.661544 2.046818 9.133126 12.419919 4.067714 105.06653 185.121951 21.980208
0.293 4.032838 4.606637 2.037499 9.125892 12.401259 4.066896 104.871901 184.579013 21.979695
0.294 4.019684 4.570933 2.031668 9.124621 12.39345 4.069772 104.884969 184.372337 22.017936
0.295 3.996485 4.523446 2.023598 9.117761 12.37738 4.070592 104.726172 183.909803 22.036876
0.296 3.973816 4.499262 2.019762 9.112806 12.376485 4.071041 104.659557 183.888593 22.047861
0.297 3.955428 4.495728 2.015725 9.112219 12.385277 4.070896 104.6968 184.15561 22.048465
0.298 3.951053 4.493174 2.011706 9.117823 12.397398 4.073124 104.867134 184.556192 22.076099
0.299 3.946142 4.485828 2.00778 9.125315 12.402796 4.074101 105.064477 184.759851 22.098024
0.3 3.934813 4.471766 2.002214 9.127886 12.39893 4.07225 105.144877 184.682362 22.092294
0.301 3.921141 4.466874 1.996963 9.129195 12.401204 4.074126 105.227344 184.776927 22.118671
0.302 3.910404 4.476092 1.996182 9.134268 12.405581 4.074649 105.390764 184.955449 22.135741
0.303 3.906315 4.475581 1.994537 9.141312 12.411749 4.075054 105.551586 185.182196 22.148604
0.304 3.893177 4.474417 1.990475 9.145026 12.413572 4.074767 105.604848 185.197043 22.146659
0.305 3.88344 4.474262 1.987994 9.150497 12.41872 4.074897 105.709376 185.333103 22.14913
0.306 3.873962 4.468154 1.983264 9.155266 12.42141 4.076904 105.83407 185.413898 22.174907
0.307 3.871352 4.469564 1.983362 9.162874 12.429488 4.078734 106.115764 185.673217 22.196994
0.308 3.862961 4.465279 1.989314 9.15983 12.427659 4.078011 106.027091 185.618235 22.189727
0.309 3.853596 4.417819 1.971426 9.156445 12.411187 4.078247 105.943974 185.221991 22.204663
0.31 3.849416 4.402274 1.974693 9.158458 12.407298 4.074873 106.019299 185.149755 22.171797
0.311 3.82997 4.362078 1.96445 9.15157 12.389783 4.074408 105.851723 184.621179 22.16754
0.312 3.816112 4.349885 1.963097 9.151552 12.390105 4.075935 105.881159 184.649753 22.185787
0.313 3.800885 4.331099 1.958301 9.148664 12.389177 4.07559 105.853922 184.684503 22.183934
0.314 3.781086 4.311791 1.954949 9.14092 12.389047 4.075801 105.651397 184.740983 22.192179
0.315 3.767039 4.286057 1.952957 9.13633 12.385704 4.077475 105.585818 184.66654 22.216327
0.316 3.755899 4.267319 1.948778 9.136367 12.390037 4.078189 105.582267 184.843822 22.227547
0.317 3.740026 4.243274 1.946553 9.13133 12.384288 4.075486 105.538033 184.719261 22.206332
0.318 3.721314 4.212363 1.935826 9.126427 12.382899 4.077513 105.440304 184.70134 22.229012
0.319 3.708514 4.236069 1.937385 9.132848 12.403115 4.078853 105.614841 185.402026 22.246192
0.32 3.691728 4.20969 1.932812 9.130031 12.405713 4.077331 105.655836 185.673289 22.240387
0.321 3.651984 4.161697 1.912563 9.125417 12.381683 4.077634 105.579698 185.056225 22.259253
0.322 3.647538 4.166771 1.928832 9.123791 12.405981 4.080419 105.620142 185.795949 22.279084
0.323 3.621434 4.140716 1.915469 9.121326 12.386767 4.07977 105.511276 185.166399 22.284095
0.324 3.614715 4.129379 1.915889 9.127315 12.396644 4.078406 105.718187 185.482595 22.266515
0.325 3.602918 4.108452 1.906905 9.132629 12.391671 4.076529 105.890109 185.381794 22.250232
0.326 3.594693 4.091992 1.904105 9.140689 12.394137 4.074956 106.199054 185.508612 22.232578
0.327 3.573067 4.067938 1.898927 9.138959 12.38695 4.074497 106.150187 185.304043 22.234159
0.328 3.558244 4.057301 1.894626 9.144542 12.393582 4.07759 106.330664 185.541837 22.26916
0.329 3.556375 4.08412 1.906224 9.155299 12.416844 4.078465 106.61889 186.244538 22.279222
0.33 3.525929 4.063028 1.884792 9.160774 12.400862 4.078529 106.746004 185.783865 22.294898
0.331 3.526475 4.068113 1.889902 9.171236 12.430103 4.081178 107.06808 186.722637 22.321394
0.332 3.507408 4.060297 1.881416 9.176004 12.424757 4.081804 107.189812 186.624147 22.340677
0.333 3.501359 4.052755 1.881926 9.181908 12.434605 4.082473 107.386776 187.009473 22.353073
0.334 3.490207 4.041585 1.875428 9.18746 12.431273 4.082146 107.510798 186.937434 22.356986
0.335 3.482524 4.031531 1.873055 9.190017 12.435666 4.080633 107.593914 187.106195 22.337996
0.336 3.475754 4.029807 1.867811 9.196585 12.441044 4.080207 107.735067 187.258494 22.334761
0.337 3.481327 4.030788 1.864144 9.213816 12.45298 4.079995 108.215743 187.696469 22.336524
0.338 3.479136 4.027997 1.861462 9.223276 12.460251 4.07876 108.472662 187.955828 22.324245
0.339 3.475811 4.01513 1.855327 9.231949 12.46146 4.077394 108.708768 188.043713 22.309831
0.34 3.466191 4.005569 1.850589 9.23394 12.458797 4.076633 108.778534 187.979471 22.302213
0.341 3.460552 3.993886 1.846024 9.237447 12.456901 4.075661 108.897213 187.987398 22.297392
0.342 3.452935 3.972717 1.839504 9.238574 12.447695 4.073945 108.969042 187.803022 22.286791
0.343 3.438691 3.945008 1.834696 9.23373 12.433152 4.074052 108.887306 187.403139 22.290148
0.344 3.426807 3.91721 1.829429 9.23049 12.421251 4.076237 108.830509 187.05576 22.312706
0.345 3.411635 3.89557 1.825478 9.228142 12.411565 4.076004 108.806181 186.790817 22.312561
0.346 3.393944 3.869975 1.819576 9.223653 12.40233 4.075158 108.744003 186.569862 22.302613
0.347 3.373821 3.83992 1.815102 9.217384 12.392049 4.074803 108.627102 186.299234 22.298621
0.348 3.348041 3.806774 1.809291 9.208581 12.379515 4.074159 108.437142 185.953642 22.295166
0.349 3.321157 3.783649 1.805143 9.198205 12.371951 4.074653 108.198379 185.711939 22.303372
0.35 3.300054 3.760996 1.799965 9.19254 12.368353 4.075536 108.105973 185.616426 22.321603
0.351 3.277387 3.737553 1.794042 9.188141 12.361912 4.076676 107.999596 185.469771 22.340296
0.352 3.254569 3.716481 1.791083 9.182718 12.355047 4.077772 107.863008 185.268169 22.360646
0.353 3.236668 3.699406 1.787815 9.180644 12.347438 4.07712 107.790998 185.052956 22.366683
0.354 3.212292 3.672544 1.781167 9.175646 12.33294 4.077454 107.681281 184.626609 22.382142
0.355 3.186878 3.65387 1.778242 9.170108 12.326975 4.077957 107.565126 184.454094 22.395723
0.356 3.164212 3.640902 1.773676 9.168494 12.325382 4.079876 107.533423 184.417586 22.426011
0.357 3.152268 3.637629 1.772405 9.174217 12.337225 4.083354 107.735411 184.84284 22.470723
0.358 3.144143 3.633106 1.770218 9.182542 12.349121 4.084964 108.004164 185.316104 22.492181
0.359 3.133054 3.611419 1.766437 9.183724 12.348109 4.083858 108.098586 185.377481 22.483379
0.36 3.121677 3.594182 1.762392 9.185528 12.343688 4.083646 108.202942 185.322818 22.49278
0.361 3.106158 3.571208 1.759649 9.18258 12.333792 4.085195 108.170586 185.061395 22.523576
0.362 3.090347 3.550494 1.756768 9.179969 12.324872 4.087266 108.130946 184.83452 22.564187
0.363 3.075211 3.530578 1.754639 9.180301 12.318126 4.087728 108.164631 184.693836 22.582195
0.364 3.051226 3.501366 1.753518 9.172169 12.302789 4.089374 107.947421 184.198181 22.606178
0.365 3.029563 3.478107 1.750433 9.16785 12.291578 4.091687 107.815449 183.838262 22.638394
0.366 3.014276 3.458028 1.747131 9.168704 12.286888 4.092715 107.860418 183.711319 22.658808
0.367 2.992707 3.438027 1.742831 9.164984 12.278943 4.09457 107.76512 183.455712 22.689601
0.368 2.976864 3.428016 1.739514 9.164035 12.279441 4.09684 107.754499 183.471854 22.727101
0.369 2.963085 3.412797 1.733854 9.164753 12.276946 4.095826 107.801256 183.45408 22.735161
0.37 2.949471 3.394245 1.72957 9.166458 12.271079 4.09485 107.870842 183.340817 22.74225
0.371 2.934656 3.380265 1.724832 9.168665 12.267275 4.095769 107.945208 183.284866 22.769363
0.372 2.92166 3.371854 1.721444 9.169688 12.26986 4.095037 108.000586 183.422713 22.775137
0.373 2.914531 3.366849 1.715856 9.174622 12.274337 4.096749 108.17086 183.671805 22.806849
0.374 2.895155 3.348378 1.713397 9.174484 12.273566 4.098123 108.191238 183.718301 22.829292
0.375 2.855304 3.30784 1.707885 9.151865 12.250052 4.099156 107.580863 182.897196 22.846879
0.376 2.83031 3.289691 1.701822 9.140905 12.244744 4.102308 107.322792 182.739016 22.898652
0.377 2.810812 3.280069 1.698936 9.133507 12.244215 4.101583 107.180193 182.765725 22.907747
0.378 2.789492 3.261805 1.695811 9.124867 12.237645 4.102718 107.009987 182.638134 22.928165
0.379 2.764548 3.237293 1.691242 9.112458 12.228021 4.098756 106.746966 182.412232 22.89201
0.38 2.731169 3.208557 1.686272 9.090991 12.213993 4.09557 106.230314 181.993041 22.858065
0.381 2.70498 3.189342 1.682566 9.075904 12.207427 4.092785 105.860663 181.830378 22.834339
0.382 2.683002 3.167603 1.678985 9.064481 12.198816 4.089515 105.60836 181.643714 22.810041
0.383 2.655108 3.13958 1.674759 9.047753 12.179377 4.086537 105.190838 181.067236 22.781196
0.384 2.626297 3.104297 1.670168 9.028701 12.153572 4.083823 104.732693 180.296264 22.751444
0.385 2.598416 3.079389 1.666231 9.01154 12.137345 4.083318 104.368278 179.857236 22.74723
0.386 2.579127 3.065165 1.664044 9.005528 12.139846 4.080436 104.301371 180.034793 22.720619
0.387 2.554258 3.030165 1.659775 8.995638 12.123941 4.078452 104.157663 179.610123 22.700343
0.388 2.528373 2.995374 1.654745 8.981274 12.103185 4.076806 103.819557 178.985835 22.68123
0.389 2.508214 2.973937 1.650369 8.972465 12.093007 4.075527 103.602344 178.710073 22.668863
0.39 2.490491 2.949192 1.645944 8.968269 12.086778 4.07296 103.5553 178.59532 22.646961
0.391 2.467473 2.91497 1.64079 8.959026 12.074027 4.070999 103.380302 178.256943 22.633921
0.392 2.444469 2.877281 1.634729 8.948461 12.058789 4.072574 103.144615 177.849374 22.659696
0.393 2.420127 2.846523 1.631129 8.936744 12.04664 4.071542 102.94563 177.537723 22.659184
0.394 2.398635 2.823821 1.627079 8.926067 12.039399 4.069959 102.707937 177.34128 22.654473
0.395 2.381581 2.797412 1.624233 8.918238 12.033139 4.06655 102.554717 177.199502 22.62678
0.396 2.362939 2.767528 1.61935 8.909893 12.018972 4.067396 102.376715 176.795861 22.639813
0.397 2.341989 2.739228 1.61614 8.89883 12.002094 4.06801 102.122115 176.319278 22.657297
0.398 2.322582 2.715749 1.614016 8.885386 11.987648 4.067522 101.863384 175.94324 22.666545
0.399 2.302023 2.695642 1.610808 8.872305 11.97424 4.067231 101.592057 175.583151 22.676976
0.4 2.279878 2.670577 1.607022 8.857214 11.959677 4.065654 101.227902 175.134871 22.664544
0.401 2.268032 2.662467 1.605687 8.855578 11.959843 4.064838 101.194095 175.177223 22.660436
0.402 2.255641 2.654091 1.601695 8.852899 11.957251 4.068945 101.153243 175.168228 22.712331
0.403 2.240717 2.64466 1.600784 8.849654 11.952913 4.071719 101.100087 175.066424 22.749536
0.404 2.22479 2.628967 1.598302 8.841999 11.942135 4.076975 100.916955 174.746019 22.808448
0.405 2.208164 2.612839 1.596646 8.832336 11.929393 4.079585 100.690741 174.389555 22.846885
0.406 2.193041 2.588101 1.594427 8.822784 11.918756 4.080039 100.486282 174.08504 22.852995
0.407 2.172641 2.562074 1.592102 8.80752 11.905029 4.081528 100.118325 173.686005 22.873047
0.408 2.151772 2.540396 1.58892 8.791658 11.89523 4.081758 99.743201 173.419732 22.880422
0.409 2.133188 2.518197 1.584586 8.77998 11.890442 4.078431 99.503192 173.325661 22.838218
0.41 2.112359 2.493538 1.5804 8.76725 11.878554 4.077439 99.247886 173.02069 22.81203
0.411 2.091372 2.478519 1.578142 8.756744 11.874607 4.07999 99.03709 172.945103 22.836574
0.412 2.072056 2.458831 1.576564 8.749324 11.870421 4.085986 98.914148 172.88352 22.902245
0.413 2.051133 2.44086 1.575114 8.739286 11.863886 4.09184 98.689558 172.66989 22.96788
0.414 2.035604 2.433516 1.572197 8.736211 11.865956 4.098458 98.611852 172.712517 23.047334
0.415 2.019955 2.426883 1.567172 8.731313 11.863082 4.100654 98.581433 172.656126 23.079892
0.416 1.99967 2.408863 1.561589 8.71749 11.846216 4.100325 98.256998 172.224596 23.088377
0.417 1.978774 2.391923 1.556919 8.701207 11.832141 4.100522 97.907088 171.861019 23.099547
0.418 1.964343 2.379263 1.551974 8.694794 11.827914 4.103445 97.77981 171.749466 23.137648
0.419 1.951758 2.368206 1.548533 8.689896 11.824924 4.10506 97.706557 171.702002 23.159451
0.42 1.943215 2.361148 1.5444 8.69047 11.828612 4.108906 97.764649 171.858063 23.210639
0.421 1.935791 2.359543 1.541919 8.69307 11.835457 4.111826 97.87411 172.093853 23.249746
0.422 1.933369 2.357012 1.539282 8.700007 11.847122 4.115131 98.080111 172.489049 23.2867
0.423 1.931381 2.352888 1.536563 8.71176 11.858659 4.120437 98.398407 172.893676 23.349989
0.424 1.922504 2.3392 1.533916 8.707505 11.85856 4.124589 98.361327 172.973316 23.409
0.425 1.912299 2.327886 1.530078 8.702525 11.858154 4.127186 98.280727 173.028327 23.447931
0.426 1.897089 2.311109 1.526579 8.694248 11.853185 4.128967 98.085518 172.902088 23.476277
0.427 1.885878 2.295167 1.523033 8.693876 11.852142 4.132791 98.115754 172.90234 23.530284
0.428 1.870541 2.278867 1.519666 8.68712 11.841973 4.134831 98.033948 172.673624 23.562013
0.429 1.852365 2.260626 1.516864 8.670845 11.829804 4.140005 97.638504 172.291679 23.622708
0.43 1.8399 2.244699 1.513636 8.665911 11.826552 4.143166 97.484284 172.160638 23.663289
0.431 1.82412 2.233356 1.513438 8.655684 11.820432 4.143794 97.254733 171.981852 23.680934
0.432 1.812603 2.21884 1.508308 8.651304 11.815448 4.146543 97.181617 171.88975 23.719198
0.433 1.795514 2.206114 1.506548 8.641887 11.811007 4.146711 96.97806 171.738771 23.716975
0.434 1.783502 2.198015 1.504683 8.637751 11.809738 4.145966 96.880442 171.711637 23.711288
0.435 1.774043 2.191219 1.501103 8.63841 11.811763 4.147554 96.909631 171.771614 23.730565
0.436 1.764294 2.184213 1.497544 8.643314 11.818015 4.151855 97.057743 171.986093 23.78963
0.437 1.760552 2.181434 1.497092 8.652468 11.827338 4.153683 97.327414 172.319633 23.826746
0.438 1.753445 2.170588 1.49359 8.65792 11.826101 4.156363 97.393594 172.214103 23.865067
0.439 1.747314 2.163251 1.494032 8.662623 11.836142 4.158292 97.450927 172.393121 23.874348
0.44 1.741445 2.164373 1.490974 8.67322 11.844638 4.158317 97.704325 172.649938 23.88468
0.441 1.737149 2.146112 1.490721 8.66704 11.842617 4.154992 97.562092 172.583921 23.842133
0.442 1.73332 2.14057 1.489757 8.677082 11.849078 4.152335 97.795299 172.790564 23.821891
0.443 1.733854 2.138773 1.491654 8.682167 11.861689 4.149767 97.985244 173.242694 23.80983
0.444 1.728845 2.134234 1.486776 8.686112 11.857692 4.146087 98.092036 173.192892 23.776292
0.445 1.7248 2.118286 1.488637 8.683201 11.853833 4.144552 98.093283 173.112119 23.754584
0.446 1.719708 2.116565 1.486728 8.694201 11.859314 4.147318 98.344349 173.302375 23.786096
0.447 1.712637 2.102114 1.486463 8.690009 11.854399 4.148291 98.246636 173.154063 23.78691
0.448 1.703279 2.098032 1.486201 8.693551 11.85326 4.154609 98.303757 173.122804 23.860115
0.449 1.694249 2.088665 1.488536 8.690051 11.84907 4.157164 98.290078 173.050053 23.903942
0.45 1.68681 2.083919 1.489146 8.6921 11.8494 4.153798 98.420758 173.071759 23.880022
0.451 1.680554 2.081367 1.486868 8.694123 11.852264 4.151994 98.493119 173.192115 23.860445
0.452 1.673891 2.074542 1.48365 8.69635 11.853582 4.151464 98.50193 173.260881 23.862293
0.453 1.662484 2.062193 1.482377 8.687935 11.845153 4.151035 98.335488 172.990273 23.85368
0.454 1.654102 2.061274 1.479732 8.690591 11.850955 4.147757 98.389048 173.124814 23.821005
0.455 1.652403 2.053556 1.475255 8.697819 11.859147 4.144279 98.57039 173.387196 23.78069
0.456 1.651023 2.051996 1.474368 8.709899 11.871158 4.137488 98.915102 173.792122 23.708246
0.457 1.649549 2.054939 1.47009 8.722566 11.884587 4.134893 99.205564 174.24397 23.677452
0.458 1.648645 2.050079 1.466088 8.732535 11.896151 4.128616 99.524028 174.671602 23.598596
0.459 1.645069 2.048598 1.463171 8.742392 11.906792 4.124038 99.838566 175.018266 23.535063
0.46 1.640975 2.044379 1.459465 8.747285 11.910611 4.124274 99.962368 175.122731 23.519355
0.461 1.632919 2.033288 1.457348 8.742296 11.906212 4.123815 99.864711 175.01244 23.498651
0.462 1.626221 2.026708 1.456366 8.739496 11.908128 4.12314 99.798859 175.0862 23.485878
0.463 1.619622 2.017235 1.45529 8.736797 11.911895 4.123175 99.683202 175.224309 23.481585
0.464 1.614236 2.010117 1.455195 8.73991 11.919431 4.124685 99.75637 175.478369 23.491649
0.465 1.60527 2.00012 1.454714 8.737378 11.917774 4.122503 99.722991 175.44224 23.454534
0.466 1.593668 1.983828 1.451743 8.726147 11.906646 4.122342 99.517451 175.113044 23.440197
0.467 1.582041 1.967651 1.451203 8.713824 11.89301 4.123126 99.175384 174.738928 23.44027
0.468 1.572998 1.95707 1.449724 8.707877 11.887075 4.126653 99.042491 174.593749 23.474128
0.469 1.563201 1.947806 1.448278 8.703841 11.882292 4.13224 98.997523 174.498033 23.532427
0.47 1.552967 1.94179 1.449982 8.697369 11.880695 4.13691 98.828881 174.465575 23.579013
0.471 1.539533 1.936236 1.448218 8.687235 11.875437 4.140335 98.60012 174.340508 23.615757
0.472 1.525011 1.930655 1.446223 8.673217 11.871711 4.142116 98.232449 174.27711 23.636192
0.473 1.514691 1.924329 1.443712 8.666743 11.870115 4.144417 98.039133 174.204791 23.653439
0.474 1.50713 1.921307 1.442321 8.667773 11.875314 4.149756 98.076251 174.36151 23.709028
0.475 1.497091 1.914592 1.440857 8.664352 11.87346 4.153699 97.970488 174.27583 23.747022
0.476 1.489406 1.911012 1.439204 8.663357 11.877044 4.155464 97.978597 174.400191 23.764659
0.477 1.49546 1.900939 1.44465 8.670558 11.891427 4.153995 98.270839 174.889969 23.741147
0.478 1.494141 1.912606 1.44243 8.69335 11.911213 4.154467 98.931328 175.579813 23.76061
0.479 1.480758 1.89822 1.432103 8.672918 11.885688 4.163149 98.270687 174.73434 23.859218
0.48 1.476393 1.890835 1.433838 8.673248 11.891012 4.166496 98.239627 174.778228 23.869997
0.481 1.466807 1.909755 1.425827 8.69086 11.910934 4.165049 98.747201 175.503743 23.878397
0.482 1.461105 1.879251 1.417348 8.663956 11.882631 4.175781 97.926077 174.559281 23.985299
0.483 1.452633 1.866669 1.423188 8.652719 11.8841 4.170558 97.738108 174.536125 23.920996
0.484 1.45555 1.880177 1.419678 8.676999 11.905441 4.182505 98.368562 175.346629 24.086665
0.485 1.444518 1.85838 1.415577 8.65238 11.883465 4.184613 97.806919 174.665431 24.113997
0.486 1.439635 1.85154 1.415231 8.647367 11.885219 4.183384 97.633966 174.635939 24.088959
0.487 1.438466 1.853423 1.411112 8.654383 11.893582 4.190788 97.735911 174.86033 24.162339
0.488 1.431804 1.846132 1.408059 8.646376 11.887688 4.196627 97.55926 174.636016 24.221797
0.489 1.430415 1.837007 1.405184 8.647771 11.884275 4.200232 97.595386 174.55693 24.271798
0.49 1.42682 1.832736 1.402717 8.646285 11.895575 4.199821 97.674897 174.990279 24.285533
0.491 1.423282 1.825069 1.401223 8.647397 11.899006 4.202941 97.715572 175.066213 24.320792
0.492 1.422483 1.818831 1.399174 8.653879 11.90603 4.205594 97.877267 175.279926 24.356178
0.493 1.419912 1.80802 1.394597 8.655281 11.905028 4.209827 97.903055 175.241853 24.410764
0.494 1.415778 1.79893 1.392707 8.650853 11.901512 4.212931 97.780107 175.136969 24.456646
0.495 1.409743 1.788185 1.390972 8.643786 11.897854 4.213635 97.619386 175.03065 24.46855
