####### LIGHTCURVES AND MEAN ENERGIES
####### 3 NEUTRINO SPECIES: NU_E, NUBAR_E AND N_X
####### ALL QUANTITIES ARE MEASURED AT 500 KM FROM THE CENTER
#######
####### FROM MODEL L2-0A (BUGLI ET AL. 2020,2021)
####### B0=1e12 G, l=2, r0=1.00e8 cm
####### UNITS: TIME [s], LUMINOSITY [erg/s], ENERGY [MeV]
# TIME	L_NU_E     	L_NU_BAR   	L_NU_X     	E_NU_E     	E_NU_BAR  	E_NU_X      	E2_NU_E    	E2_NU_BAR 	E2_NU_X
0.001 1.5173945e+53 4e+47 2.4e+47 11.2207 6.122669 0.892594 143.766266 50.089241 1.03866
0.002 1.1499079e+53 1.631e+51 1.20237e+51 11.226336 10.626831 2.901778 144.618209 130.823374 9.993547
0.003 6.1141954e+53 7.33186e+51 1.127238e+52 14.710604 13.96954 4.894853 246.138723 226.172005 30.923445
0.004 6.30567e+53 4.81621e+51 9.97916e+51 14.294416 12.610701 6.472168 232.530771 185.70091 61.966797
0.005 4.1349086e+53 6.575250000000001e+51 7.58291e+51 12.76155 12.196541 6.332317 185.82382 170.321526 61.510798
0.006 3.7363534000000002e+53 7.46441e+51 6.86362e+51 12.865296 12.101817 5.655203 189.810371 167.856057 47.009348
0.007 3.5604368999999998e+53 8.14499e+51 7.8498e+51 12.249823 11.936383 4.998319 171.710727 163.502487 34.363477
0.008 3.1738092000000003e+53 8.161340000000001e+51 1.0018940000000001e+52 12.36659 12.03105 4.886666 175.136377 166.990338 30.893795
0.009 3.0498176e+53 6.616419999999999e+51 1.0826819999999999e+52 12.037377 11.816424 4.741501 167.01581 160.783852 28.622562
0.01 2.4560469000000003e+53 5.293480000000001e+51 9.84444e+51 12.00847 11.542353 4.61761 169.710555 154.32287 27.455226
0.011 1.8629446999999999e+53 4.2165999999999996e+51 8.77998e+51 11.336713 10.859204 4.426947 152.773506 140.794813 25.388583
0.012 1.4022736e+53 4.93905e+51 8.52523e+51 10.543861 10.486066 4.153137 133.069556 128.867297 22.336965
0.013 1.1490428e+53 5.7749899999999995e+51 8.45992e+51 9.885997 10.472662 4.217035 116.253449 128.732977 22.750386
0.014 1.0576435e+53 6.475459999999999e+51 8.7331e+51 9.6105 10.344407 4.05119 107.793511 125.398503 20.963856
0.015 8.267068e+52 8.298710000000001e+51 1.017431e+52 9.396954 10.482932 4.070272 102.277281 130.125762 21.052357
0.016 6.009165999999999e+52 1.1233629999999999e+52 1.223391e+52 8.859227 10.784281 3.995135 93.916461 134.825446 20.4767
0.017 7.004755e+52 1.290786e+52 1.346229e+52 9.479939 10.95582 4.066071 106.393109 138.821558 21.040386
0.018 6.528751e+52 1.2912889999999998e+52 1.346687e+52 10.206789 10.809089 4.091436 120.316856 136.217595 21.569683
0.019 5.047037000000001e+52 1.292052e+52 1.404421e+52 10.036031 10.770618 4.017406 121.029937 135.569481 20.965452
0.02 4.948392e+52 1.3484199999999999e+52 1.531015e+52 9.65292 10.718666 3.968304 113.635152 134.271715 20.434561
0.021 5.514977e+52 1.616926e+52 1.71504e+52 9.263605 10.940764 3.898355 103.41703 138.173716 19.476125
0.022 6.309416e+52 1.666803e+52 1.817917e+52 8.876612 11.062791 3.895997 93.875775 141.170184 19.168774
0.023 6.916589e+52 1.8020519999999999e+52 1.981109e+52 8.460868 11.149964 3.884334 85.652551 142.616772 18.94459
0.024 7.685843e+52 1.703037e+52 2.066789e+52 8.21831 11.051423 3.875851 80.937361 139.121846 18.821307
0.025 8.239157e+52 1.692696e+52 2.1913209999999998e+52 8.12177 11.024873 3.909042 79.478759 138.274421 19.105367
0.026 8.651756e+52 1.702984e+52 2.3448769999999998e+52 8.079734 10.993632 3.964453 78.335011 138.261476 19.681713
0.027 8.062402e+52 1.8459250000000002e+52 2.524484e+52 8.036946 11.131715 3.963135 77.587477 142.458957 19.425411
0.028 7.708473999999999e+52 1.882242e+52 2.5736349999999997e+52 7.927128 11.210697 3.964083 75.560868 145.024165 19.291195
0.029 8.283576999999999e+52 1.820609e+52 2.612365e+52 7.902251 11.256889 4.007792 74.851085 147.400753 19.624095
0.03 8.038314e+52 1.976525e+52 2.6188950000000003e+52 7.891889 11.183647 4.03952 75.059334 145.758846 20.001435
0.031 7.753988999999999e+52 2.399491e+52 2.646855e+52 7.96284 11.178819 3.97534 76.097032 144.698806 19.555642
0.032 7.306244e+52 2.6499760000000003e+52 2.67042e+52 8.003023 11.267144 3.946889 76.36698 146.452746 19.30168
0.033 7.502850999999999e+52 3.1037330000000003e+52 2.800867e+52 8.197288 11.431181 3.938971 79.472899 150.052567 19.268487
0.034 7.387816e+52 3.5887299999999997e+52 2.928061e+52 8.317 11.577152 3.940711 81.513201 153.512956 19.2508
0.035 7.847531e+52 3.850934e+52 3.134765e+52 8.435126 11.74029 3.977064 83.21237 157.934914 19.495533
0.036 7.618789999999999e+52 4.197289e+52 3.258311e+52 8.458686 11.769529 3.993546 83.710609 159.189714 19.685168
0.037 7.488909999999999e+52 4.3194460000000003e+52 3.305217e+52 8.531958 11.784143 4.00506 85.368396 160.117628 19.819498
0.038 7.071431e+52 4.531054e+52 3.31947e+52 8.432492 11.686431 3.98443 84.180171 157.955408 19.65245
0.039 6.708353999999999e+52 4.626793e+52 3.309399e+52 8.343726 11.563489 3.950642 83.162338 155.398864 19.413756
0.04 6.60367e+52 4.662491e+52 3.266375e+52 8.215801 11.380903 3.875752 81.069746 151.555517 18.833979
0.041 6.608899e+52 4.833716e+52 3.366941e+52 7.984349 11.217773 3.826107 77.172207 147.721078 18.376017
0.042 6.983031000000001e+52 4.871813e+52 3.400449e+52 7.894752 11.129145 3.794601 75.467654 145.71367 18.130851
0.043 6.922051e+52 4.659744e+52 3.2390279999999997e+52 7.83467 10.927805 3.712968 73.888702 140.811118 17.424782
0.044 6.742066000000001e+52 4.613433e+52 3.2081089999999996e+52 7.833468 10.916932 3.703794 73.600759 140.666805 17.358823
0.045 6.842456999999999e+52 4.6369230000000004e+52 3.255856e+52 7.89384 11.006853 3.71223 74.590752 142.937187 17.413477
0.046 6.922212e+52 4.6967869999999996e+52 3.307454e+52 7.883969 11.088769 3.725672 74.397204 144.865489 17.518004
0.047 7.005614e+52 4.6949820000000005e+52 3.344764e+52 7.855847 11.159555 3.74314 73.559659 146.384209 17.638653
0.048 6.877206000000001e+52 4.673685e+52 3.362648e+52 7.881061 11.212509 3.77051 73.76749 147.466228 17.812958
0.049 6.706012e+52 4.594502e+52 3.310368e+52 7.860823 11.225015 3.771923 73.372108 147.588231 17.84257
0.05 6.498818e+52 4.4897609999999995e+52 3.240173e+52 7.836408 11.228192 3.77029 73.105921 147.816707 17.854723
0.051 6.567e+52 4.589029e+52 3.265768e+52 7.863877 11.32901 3.791652 73.535683 150.422412 18.042585
0.052 6.438145e+52 4.6420320000000006e+52 3.261661e+52 7.882937 11.388487 3.803415 73.672384 152.015368 18.217007
0.053 6.4108e+52 4.591811e+52 3.237334e+52 7.896849 11.425937 3.812863 73.671721 152.88794 18.335809
0.054 6.304973000000001e+52 4.6574239999999997e+52 3.276361e+52 7.887261 11.422586 3.811378 73.774352 152.706987 18.34881
0.055 6.096621e+52 4.666907e+52 3.306923e+52 7.874047 11.419628 3.81238 74.371007 152.611644 18.379272
0.056 6.250481999999999e+52 4.637184e+52 3.322481e+52 7.944225 11.39432 3.809556 75.738266 151.860112 18.368226
0.057 6.118269e+52 4.636966e+52 3.2900540000000003e+52 7.900698 11.385386 3.799146 75.322615 151.669821 18.28821
0.058 5.880498e+52 4.626301e+52 3.228872e+52 7.846578 11.348031 3.780683 74.544891 150.60723 18.13634
0.059 5.687741e+52 4.681758e+52 3.1664270000000003e+52 7.838257 11.336509 3.764973 74.448292 150.397447 18.041233
0.06 5.506825e+52 4.790293000000001e+52 3.175756e+52 7.821618 11.353889 3.757384 74.3817 150.928718 17.993262
0.061 5.385940999999999e+52 4.932737000000001e+52 3.236738e+52 7.771194 11.470029 3.769681 73.801479 154.142153 18.082689
0.062 5.327276e+52 4.934283e+52 3.2488869999999996e+52 7.762277 11.561123 3.778976 73.842071 156.555589 18.141895
0.063 5.260159e+52 4.833012e+52 3.230618e+52 7.759099 11.615669 3.781421 73.955232 157.936847 18.168019
0.064 5.186645e+52 4.7414829999999997e+52 3.18207e+52 7.726184 11.600921 3.76652 73.45104 157.275496 17.99921
0.065 5.073341e+52 4.799278e+52 3.18016e+52 7.703074 11.586332 3.763907 73.17914 156.66905 17.961519
0.066 5.143755e+52 4.994023e+52 3.2431580000000004e+52 7.702919 11.582511 3.771782 73.223797 156.454147 18.030842
0.067 5.274598e+52 5.173911999999999e+52 3.286057e+52 7.717698 11.586969 3.771453 73.47391 156.528558 18.018429
0.068 5.355987e+52 5.338601999999999e+52 3.322214e+52 7.713732 11.555374 3.759059 73.468355 155.728014 17.902779
0.069 5.490133e+52 5.544319e+52 3.399366e+52 7.774969 11.585028 3.768988 74.652931 156.511627 18.014133
0.07 5.333108000000001e+52 5.397551e+52 3.309585e+52 7.709189 11.447589 3.728795 73.652976 153.304133 17.672416
0.071 5.158131e+52 5.19911e+52 3.172309e+52 7.622544 11.307086 3.675449 72.22999 150.299773 17.226028
0.072 4.936788e+52 5.013381e+52 3.077134e+52 7.528974 11.212016 3.645315 70.70471 148.33549 16.976742
0.073 4.861467e+52 4.951285e+52 3.048742e+52 7.468561 11.15748 3.624438 69.730199 147.33451 16.808684
0.074 4.852814e+52 4.938105e+52 3.056763e+52 7.453727 11.119351 3.617784 69.61383 146.702338 16.763316
0.075 4.856657e+52 4.916147e+52 3.066152e+52 7.46039 11.105272 3.623962 69.906996 146.617733 16.839627
0.076 4.956863e+52 4.932078999999999e+52 3.108632e+52 7.518232 11.169017 3.6553 71.011132 148.357565 17.11269
0.077 5.213686e+52 5.141294000000001e+52 3.275358e+52 7.653759 11.350439 3.726973 73.380944 152.664524 17.715671
0.078 5.399246e+52 5.305119000000001e+52 3.3768720000000003e+52 7.745804 11.464077 3.769152 74.950159 155.287173 18.080027
0.079 5.490511999999999e+52 5.398615e+52 3.411594e+52 7.785184 11.537965 3.793571 75.570123 157.096191 18.300195
0.08 5.5254e+52 5.493181e+52 3.4148879999999997e+52 7.7844 11.537506 3.790675 75.513883 157.010092 18.285149
0.081 5.453579999999999e+52 5.439021999999999e+52 3.372616e+52 7.74466 11.484735 3.774279 74.824843 155.864961 18.172086
0.082 5.343201999999999e+52 5.355127000000001e+52 3.321793e+52 7.691238 11.384122 3.737201 74.067632 153.611601 17.90997
0.083 5.269853000000001e+52 5.349435999999999e+52 3.3255479999999997e+52 7.73094 11.387129 3.740673 74.790447 153.784732 17.991226
0.084 5.294494e+52 5.391729e+52 3.33051e+52 7.769614 11.40696 3.737893 75.481437 154.31074 17.996113
0.085 5.267314e+52 5.384853e+52 3.294365e+52 7.786498 11.416845 3.728232 75.849691 154.546265 17.927265
0.086 5.138151999999999e+52 5.287049e+52 3.2092770000000003e+52 7.747065 11.375716 3.6972 75.192436 153.553388 17.667284
0.087 5.062355e+52 5.247754999999999e+52 3.163101e+52 7.744573 11.407772 3.691041 75.053899 154.348678 17.609822
0.088 5.035806e+52 5.255149e+52 3.1350519999999997e+52 7.755807 11.451191 3.687378 75.267998 155.407282 17.541827
0.089 5.123442999999999e+52 5.320038e+52 3.126107e+52 7.782908 11.498153 3.682657 75.659293 156.536728 17.454178
0.09 5.239023e+52 5.468197e+52 3.1629040000000004e+52 7.799339 11.520639 3.677637 76.06181 156.920538 17.37081
0.091 5.30632e+52 5.583425e+52 3.180658e+52 7.83437 11.516301 3.677535 76.643788 156.659424 17.3378
0.092 5.412312e+52 5.644239e+52 3.209364e+52 7.850843 11.502153 3.675317 76.883046 156.459079 17.295675
0.093 5.461095e+52 5.635467e+52 3.230707e+52 7.863341 11.559387 3.697878 77.099579 158.086334 17.468555
0.094 5.482388000000001e+52 5.616193e+52 3.23267e+52 7.868569 11.593942 3.710445 77.233423 159.137711 17.57284
0.095 5.546261e+52 5.618702e+52 3.2330179999999997e+52 7.848379 11.581745 3.696717 77.105651 158.912142 17.462626
0.096 5.676529999999999e+52 5.662826e+52 3.245742e+52 7.843298 11.577741 3.688377 76.783052 158.819758 17.387356
0.097 5.846530999999999e+52 5.721456e+52 3.265202e+52 7.870137 11.579634 3.691287 77.39357 158.870984 17.40819
0.098 5.904249e+52 5.743642e+52 3.265233e+52 7.878205 11.572976 3.697644 77.407467 158.65361 17.463184
0.099 5.957763e+52 5.79906e+52 3.2778489999999995e+52 7.894995 11.574617 3.706627 77.544933 158.654779 17.551543
0.1 6.055445e+52 5.858219e+52 3.292732e+52 7.920501 11.564944 3.713239 78.263783 158.512694 17.616142
0.101 6.13343e+52 5.876979999999999e+52 3.300662e+52 7.908333 11.53314 3.707941 78.15807 157.86878 17.570979
0.102 6.154619e+52 5.883882e+52 3.303229e+52 7.869942 11.482347 3.698407 77.211183 156.753418 17.495972
0.103 6.173528e+52 5.895324999999999e+52 3.2926540000000004e+52 7.835914 11.415201 3.684971 76.805285 155.263407 17.393871
0.104 6.17947e+52 5.892719e+52 3.291356e+52 7.823106 11.384615 3.687695 76.621218 154.628719 17.426733
0.105 6.192847e+52 5.914170000000001e+52 3.2952439999999996e+52 7.831549 11.383203 3.697397 76.838973 154.660787 17.513992
0.106 6.25134e+52 5.921644e+52 3.28862e+52 7.834079 11.357135 3.690329 76.765373 154.164084 17.437919
0.107 6.253561999999999e+52 5.899938e+52 3.281717e+52 7.84315 11.348707 3.682812 76.95173 154.131189 17.368988
0.108 6.402495e+52 5.99433e+52 3.329684e+52 7.899345 11.411492 3.696872 78.034911 155.77368 17.489735
0.109 6.612703e+52 6.128188e+52 3.377424e+52 7.958638 11.48288 3.716073 79.039173 157.441451 17.647088
0.11 6.710284e+52 6.244617e+52 3.408177e+52 7.981385 11.52231 3.732819 79.356048 158.243915 17.786984
0.111 6.68121e+52 6.319788e+52 3.418309e+52 7.988103 11.54208 3.740579 79.665107 158.611698 17.850365
0.112 6.658038999999999e+52 6.471824e+52 3.473292e+52 8.000131 11.565146 3.741852 80.099171 159.096257 17.858815
0.113 6.698368000000001e+52 6.573778e+52 3.4958830000000003e+52 8.047031 11.644008 3.766286 80.913566 161.257501 18.065463
0.114 6.620521e+52 6.490736e+52 3.493883e+52 8.064629 11.602005 3.755547 81.191592 160.188715 17.962036
0.115 6.606559e+52 6.507707e+52 3.468555e+52 8.059305 11.651615 3.759862 81.04914 161.830671 18.032562
0.116 6.570839e+52 6.546976e+52 3.506774e+52 8.056711 11.649054 3.747718 81.2449 161.691952 17.935114
0.117 6.634896e+52 6.712186e+52 3.538178e+52 8.075406 11.674925 3.751152 81.562593 162.261044 17.969638
0.118 6.781575e+52 6.683194e+52 3.538452e+52 8.083558 11.639314 3.74174 81.719697 161.422403 17.895415
0.119 6.648589000000001e+52 6.613051e+52 3.5266989999999995e+52 8.044663 11.625132 3.737309 81.323395 161.051451 17.867039
0.12 6.763019e+52 6.574632e+52 3.527774e+52 8.028968 11.649632 3.739006 80.924251 161.817413 17.904515
0.121 6.779189999999999e+52 6.603629e+52 3.550946e+52 8.033561 11.7134 3.755155 81.002049 163.524046 18.064031
0.122 6.824244000000001e+52 6.617018e+52 3.545348e+52 8.061403 11.72578 3.759073 81.645596 163.778349 18.095895
0.123 6.721889e+52 6.555561e+52 3.521498e+52 8.033962 11.68438 3.752673 81.267626 162.701926 18.044342
0.124 6.573303e+52 6.453239e+52 3.501481e+52 7.99044 11.633159 3.738415 80.442037 161.477874 17.931145
0.125 6.486418e+52 6.354115e+52 3.47746e+52 7.972065 11.592843 3.726358 80.30985 160.472599 17.848316
0.126 6.325125e+52 6.313129e+52 3.46315e+52 7.936625 11.552976 3.721694 79.778773 159.43564 17.826121
0.127 6.2267e+52 6.33966e+52 3.45791e+52 7.952491 11.540669 3.727106 80.164116 159.111914 17.872191
0.128 6.201656e+52 6.403788999999999e+52 3.45169e+52 7.987453 11.52865 3.734289 80.93723 158.684534 17.930617
0.129 6.233552e+52 6.415089e+52 3.4272179999999996e+52 8.002056 11.496286 3.725881 81.255776 157.934122 17.866191
0.13 6.32665e+52 6.469327e+52 3.4352239999999995e+52 8.008109 11.48179 3.716091 81.310018 157.646816 17.793064
0.131 6.361535e+52 6.552266e+52 3.475213e+52 8.033735 11.517664 3.727783 81.596377 158.574142 17.900558
0.132 6.354499e+52 6.454388e+52 3.414771e+52 8.058222 11.482483 3.730982 82.170043 157.749368 17.951162
0.133 6.289036e+52 6.523452e+52 3.4746549999999997e+52 8.043587 11.516347 3.742023 81.902089 158.558096 18.061264
0.134 6.223478e+52 6.503653e+52 3.462461e+52 8.05293 11.5522 3.755224 82.064813 159.671805 18.187834
0.135 6.115296e+52 6.472807e+52 3.4560110000000003e+52 8.069322 11.557128 3.752171 82.53012 159.836048 18.185429
0.136 6.101013e+52 6.454972e+52 3.460664e+52 8.08007 11.582107 3.749137 82.70321 160.514276 18.163702
0.137 6.245737e+52 6.471362e+52 3.48787e+52 8.111522 11.638412 3.749107 83.173779 162.062195 18.161451
0.138 6.25108e+52 6.475451999999999e+52 3.501845e+52 8.113384 11.667776 3.752952 83.381477 162.831944 18.208751
0.139 6.315264e+52 6.500889e+52 3.500969e+52 8.126923 11.661802 3.760307 83.672606 162.615227 18.309378
0.14 6.445111e+52 6.543783e+52 3.552449e+52 8.133311 11.665407 3.780309 83.804182 162.903175 18.503687
0.141 6.634669e+52 6.602661e+52 3.6342789999999997e+52 8.161787 11.752012 3.812501 84.390092 165.536225 18.800709
0.142 6.96849e+52 6.750358e+52 3.71076e+52 8.206131 11.854647 3.834418 85.119743 168.316128 18.980215
0.143 7.121832e+52 6.958664e+52 3.757267e+52 8.25589 11.9052 3.854837 85.965826 169.125483 19.114378
0.144 7.220246000000001e+52 7.171732e+52 3.785999e+52 8.299569 11.837274 3.857384 86.717918 166.811592 19.078911
0.145 7.165698e+52 7.187619e+52 3.814712e+52 8.29367 11.791402 3.847417 86.475674 165.636924 18.943636
0.146 7.058479e+52 7.141474999999999e+52 3.776819e+52 8.287701 11.766387 3.835301 86.382667 165.192831 18.830662
0.147 6.90465e+52 7.186152e+52 3.781629e+52 8.281488 11.725858 3.816606 86.463285 164.132198 18.679394
0.148 6.914533e+52 7.231416000000001e+52 3.784912e+52 8.289468 11.749923 3.808339 86.780763 164.950503 18.61429
0.149 6.866234e+52 7.109565e+52 3.746041e+52 8.289282 11.809205 3.815774 86.801868 166.64084 18.686525
0.15 6.876243999999999e+52 6.973787e+52 3.7169759999999996e+52 8.294472 11.842045 3.821753 86.818263 167.653354 18.764049
0.151 6.790699e+52 6.88006e+52 3.7251709999999997e+52 8.274161 11.889272 3.83679 86.444664 168.923933 18.901123
0.152 6.689843e+52 6.748969e+52 3.613096e+52 8.317974 11.930871 3.860595 87.308295 170.03459 19.126286
0.153 6.636867e+52 6.825604e+52 3.604385e+52 8.325831 11.908856 3.86204 87.428294 169.078438 19.11465
0.154 6.646648e+52 6.995599e+52 3.5955029999999997e+52 8.338155 11.893208 3.857205 87.547157 168.643396 19.05718
0.155 6.723122e+52 7.087485e+52 3.563869e+52 8.345235 11.80678 3.843493 87.729581 166.334864 18.923514
0.156 6.956791e+52 7.007242e+52 3.579584e+52 8.33056 11.801147 3.84546 87.330052 166.309544 18.930444
0.157 6.913149e+52 6.913613e+52 3.54739e+52 8.313565 11.711286 3.855682 87.068363 164.157073 19.051286
0.158 6.656744999999999e+52 6.733383e+52 3.502793e+52 8.269333 11.594379 3.840321 86.325551 161.239337 18.984693
0.159 6.637686999999999e+52 6.671420000000001e+52 3.556475e+52 8.249946 11.580637 3.840259 85.817566 161.126633 19.05116
0.16 6.613336999999999e+52 6.785087e+52 3.597609e+52 8.289018 11.6388 3.857279 86.515174 162.509182 19.226065
0.161 6.705501e+52 6.739435e+52 3.5680149999999996e+52 8.342635 11.646557 3.863361 87.52791 162.755443 19.304791
0.162 6.714805e+52 6.728975e+52 3.5658479999999997e+52 8.357382 11.668751 3.875245 87.849195 163.388105 19.41344
0.163 6.654260999999999e+52 6.788463e+52 3.5901040000000004e+52 8.34954 11.682397 3.880873 87.77828 163.612498 19.439271
0.164 6.730542e+52 6.843796000000001e+52 3.590298e+52 8.388124 11.71391 3.875247 88.511454 164.493062 19.387148
0.165 6.886566e+52 6.934657e+52 3.65273e+52 8.421657 11.734635 3.873001 89.045132 164.87721 19.355159
0.166 6.968098e+52 7.008693e+52 3.694976e+52 8.455995 11.806047 3.889762 89.717472 166.624102 19.503349
0.167 6.972437e+52 7.023483e+52 3.6971189999999997e+52 8.476424 11.833841 3.910465 90.168263 167.166116 19.676603
0.168 6.939004e+52 6.956173e+52 3.7038419999999996e+52 8.466481 11.868988 3.929016 89.943643 168.048304 19.84056
0.169 6.762107e+52 6.780794e+52 3.707322e+52 8.441264 11.905671 3.950113 89.527689 169.219846 20.051241
0.17 6.601115e+52 6.68598e+52 3.6947040000000004e+52 8.423938 11.950983 3.966593 89.306505 170.530457 20.221016
0.171 6.463415000000001e+52 6.593532e+52 3.6586059999999997e+52 8.414052 11.948284 3.96957 89.328619 170.665838 20.264583
0.172 6.378247e+52 6.567114e+52 3.617486e+52 8.428317 11.916783 3.966521 89.753781 169.933726 20.2582
0.173 6.421527e+52 6.636739999999999e+52 3.628071e+52 8.466721 11.937079 3.974378 90.514412 170.517313 20.360232
0.174 6.515365e+52 6.691881999999999e+52 3.649861e+52 8.508904 12.006335 3.992224 91.270829 172.353387 20.554753
0.175 6.671537e+52 6.739069e+52 3.670251e+52 8.551413 12.066643 3.998099 92.004773 173.936769 20.617829
0.176 6.7424e+52 6.753078000000001e+52 3.672652e+52 8.579808 12.111727 3.998331 92.528286 175.160766 20.62904
0.177 6.779753999999999e+52 6.802999999999999e+52 3.692599e+52 8.596127 12.129414 3.993717 92.875532 175.53863 20.585162
0.178 6.872314000000001e+52 6.875352999999999e+52 3.718339e+52 8.596805 12.146702 3.99784 92.901249 175.962739 20.607358
0.179 7.012471999999999e+52 6.906347e+52 3.731666e+52 8.614559 12.200112 4.017229 93.092964 177.342105 20.753761
0.18 7.165646e+52 6.945215e+52 3.755841e+52 8.632539 12.21248 4.032156 93.2589 177.646889 20.845943
0.181 7.164957e+52 6.940479e+52 3.7500239999999997e+52 8.627399 12.2042 4.036722 93.180942 177.414552 20.850313
0.182 7.076239e+52 6.933212e+52 3.718478e+52 8.63591 12.217672 4.029907 93.384208 177.693809 20.766422
0.183 6.971426e+52 6.942303e+52 3.676299e+52 8.680758 12.249636 4.027713 94.187564 178.53832 20.739277
0.184 6.954379999999999e+52 7.026188000000001e+52 3.6650209999999997e+52 8.756412 12.279741 4.025082 95.762538 179.439827 20.713372
0.185 7.081780000000001e+52 7.173281000000001e+52 3.700791e+52 8.849222 12.318722 4.031702 97.609668 180.559085 20.778649
0.186 7.198541e+52 7.31737e+52 3.7554630000000003e+52 8.918561 12.35339 4.04186 99.080526 181.585931 20.895651
0.187 7.379013e+52 7.464509999999999e+52 3.825532e+52 8.982487 12.424119 4.063181 100.458164 183.6012 21.10995
0.188 7.522828e+52 7.466923999999999e+52 3.871373e+52 9.021855 12.473325 4.081194 101.301588 185.211598 21.300487
0.189 7.752921e+52 7.544198e+52 3.918774e+52 9.035659 12.509078 4.085551 101.66524 186.270682 21.337044
0.19 8.005339e+52 7.717272e+52 3.953653e+52 9.070856 12.541998 4.083004 102.362587 186.974153 21.300714
0.191 7.956267000000001e+52 7.886475e+52 3.945457e+52 9.085409 12.498371 4.068726 102.677706 185.344095 21.164731
0.192 7.777235e+52 7.760846e+52 3.895858e+52 9.066597 12.463952 4.058591 102.321691 184.456759 21.079892
0.193 7.592812e+52 7.627555e+52 3.845353e+52 9.058129 12.52875 4.073591 102.19165 186.471296 21.241185
0.194 7.572069e+52 7.655884000000001e+52 3.8228580000000003e+52 9.077298 12.59266 4.094473 102.575825 188.30071 21.440415
0.195 7.739262e+52 7.788801e+52 3.860806e+52 9.106273 12.6049 4.104203 103.160431 188.613216 21.506496
0.196 7.877815e+52 7.838627e+52 3.913876e+52 9.09943 12.576544 4.09694 103.108869 187.8246 21.413762
0.197 7.908182e+52 7.813311e+52 3.931518e+52 9.078801 12.56966 4.100783 102.801023 187.553321 21.438045
0.198 7.743826999999999e+52 7.665906e+52 3.8910019999999996e+52 9.039797 12.550275 4.101543 102.101633 187.0836 21.44443
0.199 7.640336e+52 7.529524e+52 3.849863e+52 8.986116 12.544121 4.098102 100.948065 187.149365 21.418797
0.2 7.589262e+52 7.53229e+52 3.826174e+52 8.960459 12.536808 4.095094 100.389943 186.954991 21.385138
0.201 7.528828e+52 7.532721999999999e+52 3.819395e+52 8.944124 12.487247 4.086576 100.094166 185.418388 21.277581
0.202 7.405775e+52 7.421499e+52 3.7810199999999996e+52 8.91482 12.428441 4.070687 99.464795 183.666068 21.107416
0.203 7.298676e+52 7.295265e+52 3.728424e+52 8.864606 12.352964 4.046082 98.37393 181.672259 20.879012
0.204 7.223874e+52 7.176643999999999e+52 3.6792609999999997e+52 8.824039 12.292164 4.02291 97.620278 180.19135 20.673891
0.205 7.331917e+52 7.294534e+52 3.722776e+52 8.862379 12.323698 4.027936 98.40699 181.161031 20.736335
0.206 7.377661e+52 7.30288e+52 3.768984e+52 8.893951 12.345201 4.031959 99.200625 182.079467 20.797721
0.207 7.255286e+52 7.218353e+52 3.789116e+52 8.903183 12.339892 4.0334 99.490663 182.285631 20.845129
0.208 7.142779e+52 7.167601e+52 3.794769e+52 8.921341 12.302565 4.025838 99.848937 181.375021 20.793668
0.209 7.09227e+52 7.218646e+52 3.803454e+52 8.933255 12.266329 4.011909 100.126378 180.283117 20.664343
0.21 7.070481e+52 7.302648999999999e+52 3.811915e+52 8.910631 12.228738 3.996204 99.676541 179.126539 20.512813
0.211 7.089165000000001e+52 7.421173e+52 3.837451e+52 8.878057 12.2047 3.983213 99.051183 178.314819 20.390154
0.212 7.297159e+52 7.671646e+52 3.875229e+52 8.865305 12.208054 3.989094 98.826702 178.116827 20.44176
0.213 7.502417e+52 7.830578e+52 3.915824e+52 8.905743 12.241069 4.012666 99.669771 179.025946 20.668451
0.214 7.599946e+52 7.945373e+52 3.952831e+52 8.928544 12.257922 4.02546 100.228445 179.54751 20.812482
0.215 7.777826e+52 7.90655e+52 3.994007e+52 8.947038 12.274083 4.029382 100.694006 180.302212 20.868835
0.216 7.668153e+52 7.791598999999999e+52 4.005299e+52 8.914308 12.274927 4.021517 100.177444 180.507906 20.801425
0.217 7.624939e+52 7.762050000000001e+52 4.0211030000000003e+52 8.888711 12.250668 4.0154 99.645749 179.875524 20.733311
0.218 7.738597000000001e+52 7.760283e+52 4.049546e+52 8.872325 12.229702 4.015988 99.301581 179.321083 20.725216
0.219 7.87497e+52 7.788643999999999e+52 4.091807e+52 8.843664 12.207955 4.009511 98.746287 178.761143 20.651568
0.22 8.036678e+52 7.927195e+52 4.1453110000000006e+52 8.825314 12.181664 3.99881 98.383837 178.011583 20.540156
0.221 8.106394999999999e+52 7.981109e+52 4.166488e+52 8.81059 12.145266 3.99238 98.044499 176.879392 20.469326
0.222 8.0159e+52 7.899433e+52 4.1552369999999994e+52 8.765096 12.101442 3.979289 97.163837 175.644539 20.350684
0.223 8.004676999999999e+52 7.812155e+52 4.1553699999999994e+52 8.753157 12.098695 3.973507 96.942371 175.683612 20.299355
0.224 8.065075999999999e+52 7.820105e+52 4.1662530000000003e+52 8.769537 12.106768 3.96475 97.258017 175.993258 20.223933
0.225 8.228396e+52 7.922665e+52 4.1902549999999995e+52 8.826031 12.151488 3.962769 98.381321 177.339034 20.206424
0.226 8.242383999999999e+52 7.876144e+52 4.199536e+52 8.824258 12.164495 3.962061 98.3852 177.867665 20.200214
0.227 8.244028e+52 7.855182e+52 4.229386e+52 8.795472 12.154375 3.958035 97.939588 177.779944 20.151459
0.228 8.314213e+52 7.850511e+52 4.2506519999999995e+52 8.801107 12.157151 3.968018 98.159619 177.951058 20.228076
0.229 8.473925e+52 7.895604e+52 4.266417e+52 8.826982 12.177993 3.982992 98.704935 178.609682 20.361632
0.23 8.418443999999999e+52 7.929896e+52 4.270635e+52 8.848049 12.199536 3.994164 99.244612 179.196399 20.456616
0.231 8.413252e+52 8.103132000000001e+52 4.280151e+52 8.906769 12.23082 4.002053 100.431778 179.861363 20.519464
0.232 8.633618e+52 8.326853e+52 4.300888e+52 8.951163 12.289505 4.011915 101.262057 181.290584 20.592079
0.233 8.667144000000001e+52 8.371484000000001e+52 4.3039189999999994e+52 9.011899 12.328027 4.023257 102.455872 182.214654 20.693176
0.234 8.459087e+52 8.166658e+52 4.278251e+52 9.040229 12.372366 4.033947 103.053626 183.627649 20.818463
0.235 8.236222e+52 7.971774e+52 4.217195e+52 9.04171 12.409998 4.036717 103.163979 184.751753 20.902762
0.236 8.147123999999999e+52 7.799995e+52 4.154701e+52 9.076287 12.444488 4.053907 103.797067 185.731423 21.123794
0.237 8.115752000000001e+52 7.830339999999999e+52 4.0912899999999997e+52 9.131937 12.468315 4.067616 105.034935 186.209026 21.297203
0.238 7.950537e+52 7.804132e+52 4.0567729999999995e+52 9.170131 12.44086 4.071977 105.919843 185.365314 21.342357
0.239 7.847135e+52 7.770967e+52 4.0205529999999996e+52 9.187993 12.371901 4.053317 106.227116 183.332814 21.172314
0.24 7.636532e+52 7.722875e+52 3.950596e+52 9.193006 12.317273 4.050791 106.392382 181.749094 21.160546
0.241 7.487724e+52 7.668180999999999e+52 3.8808989999999997e+52 9.187299 12.276281 4.045994 106.234973 180.544976 21.131871
0.242 7.373514e+52 7.573365e+52 3.859028e+52 9.17575 12.233256 4.036769 105.952946 179.283711 21.075004
0.243 7.307626e+52 7.521868000000001e+52 3.820962e+52 9.168593 12.176678 4.002522 105.748386 177.766897 20.785497
0.244 7.360332e+52 7.465139e+52 3.7555429999999996e+52 9.177284 12.142438 3.977064 105.863779 176.952274 20.541769
0.245 7.309533e+52 7.531806999999999e+52 3.715018e+52 9.087261 12.067537 3.937006 103.938872 174.97511 20.18769
0.246 7.226689e+52 7.3e+52 3.6137579999999995e+52 9.003241 11.97226 3.901111 102.194311 172.757117 19.910502
0.247 6.985648e+52 6.988791e+52 3.5240019999999997e+52 8.877951 11.884974 3.859716 99.687013 170.746902 19.552085
0.248 6.877951e+52 6.889071e+52 3.492546e+52 8.788924 11.797015 3.827628 98.108331 168.531134 19.243816
0.249 6.926311e+52 6.773018000000001e+52 3.481571e+52 8.748625 11.75551 3.818698 97.244119 167.531365 19.141271
0.25 7.002637e+52 6.784587e+52 3.5252469999999997e+52 8.728553 11.741025 3.824434 96.818323 167.196337 19.174687
0.251 6.999361e+52 6.84072e+52 3.561551e+52 8.681884 11.717249 3.834931 96.025392 166.592523 19.263331
0.252 7.153204e+52 6.931289999999999e+52 3.6023520000000003e+52 8.661337 11.703959 3.849943 95.681871 166.355586 19.403758
0.253 7.400056e+52 7.101864e+52 3.6506099999999997e+52 8.677161 11.726568 3.867809 95.953047 167.075981 19.573002
0.254 7.653564e+52 7.326014e+52 3.7025670000000003e+52 8.70541 11.753723 3.878562 96.534695 167.847461 19.672958
0.255 7.726307e+52 7.518436e+52 3.743138e+52 8.719789 11.773361 3.894593 96.998416 168.40753 19.823055
0.256 7.644266e+52 7.617584e+52 3.754169e+52 8.723627 11.799079 3.89976 97.322362 169.186348 19.884436
0.257 7.596541e+52 7.663181e+52 3.7475900000000004e+52 8.728475 11.809274 3.901894 97.50997 169.609507 19.925163
0.258 7.574069e+52 7.694575000000001e+52 3.760591e+52 8.755317 11.858489 3.912937 98.103149 171.003748 20.016554
0.259 7.680559e+52 7.818479e+52 3.815725e+52 8.819483 11.931588 3.931852 99.387357 172.986413 20.165425
0.26 7.632869000000001e+52 7.712185e+52 3.819824e+52 8.819746 11.936118 3.94368 99.323872 173.211318 20.261512
0.261 7.574673e+52 7.55968e+52 3.817597e+52 8.814518 11.899834 3.948662 99.121717 172.371807 20.286892
0.262 7.590064e+52 7.549797e+52 3.839943e+52 8.824089 11.925381 3.963376 99.277411 172.979084 20.399965
0.263 7.799231e+52 7.7748e+52 3.906734e+52 8.840531 11.950266 3.982232 99.532974 173.436849 20.55325
0.264 8.102999e+52 8.019901e+52 3.95853e+52 8.886926 11.976378 4.003702 100.355587 174.008049 20.725838
0.265 8.283578e+52 8.235816e+52 4.006562e+52 8.914447 12.017827 4.028108 100.967574 175.024712 20.964211
0.266 8.316620999999999e+52 8.301095e+52 4.0077170000000005e+52 8.871927 12.018671 4.039926 100.304297 175.159489 21.135171
0.267 8.243102e+52 8.217091e+52 3.996892e+52 8.856261 12.040091 4.038915 100.00878 175.834326 21.169157
0.268 7.931015e+52 7.836126e+52 3.950276e+52 8.841279 12.033449 4.030584 99.661143 175.951111 21.108687
0.269 7.879576e+52 7.638028e+52 3.8722159999999996e+52 8.823741 11.987185 4.014435 99.253074 174.852401 20.98317
0.27 7.571677e+52 7.316501999999999e+52 3.815449e+52 8.752281 11.954961 4.001014 97.861689 174.386219 20.86733
0.271 7.437293e+52 7.232132e+52 3.770353e+52 8.74747 11.901864 3.985127 97.769128 173.053306 20.712356
0.272 7.345539e+52 7.182719999999999e+52 3.722875e+52 8.728402 11.834993 3.978793 97.244919 171.143013 20.629196
0.273 7.280852999999999e+52 6.965483e+52 3.705785e+52 8.676703 11.793686 3.972255 96.101685 170.276854 20.566865
0.274 6.865912e+52 6.548391999999999e+52 3.635965e+52 8.579474 11.713668 3.948891 94.239507 168.386943 20.378679
0.275 6.507681e+52 6.24917e+52 3.568836e+52 8.482487 11.633524 3.92613 92.448414 166.345372 20.164765
0.276 6.332553e+52 6.140138e+52 3.505555e+52 8.476017 11.624938 3.918209 92.338804 166.038043 20.099601
0.277 6.273056000000001e+52 6.134889e+52 3.439261e+52 8.499677 11.622411 3.931244 92.735052 165.826651 20.244504
0.278 6.213957e+52 6.185896999999999e+52 3.388147e+52 8.518466 11.627731 3.938979 93.327172 165.759537 20.343907
0.279 6.083257999999999e+52 6.224343e+52 3.345242e+52 8.503423 11.641639 3.945736 93.268066 165.965525 20.431232
0.28 5.983377e+52 6.180696e+52 3.291843e+52 8.540672 11.649727 3.943828 94.159655 166.083376 20.449492
0.281 6.141346e+52 6.250261e+52 3.254654e+52 8.633809 11.69926 3.933433 95.636852 167.248771 20.377026
0.282 6.143302000000001e+52 6.266904000000001e+52 3.242717e+52 8.613775 11.675532 3.915006 95.142231 166.522586 20.200055
0.283 6.370922e+52 6.462034e+52 3.278346e+52 8.629863 11.64565 3.909561 95.601121 165.845636 20.112965
0.284 6.734144e+52 6.780156e+52 3.328382e+52 8.674417 11.681098 3.918537 96.376707 166.660663 20.175024
0.285 6.844344999999999e+52 6.908373e+52 3.361438e+52 8.662698 11.754934 3.940264 96.351706 168.803575 20.388769
0.286 7.162322e+52 7.171956999999999e+52 3.402899e+52 8.714631 11.833663 3.949628 97.346636 170.902521 20.483748
0.287 7.237168e+52 7.191181e+52 3.406039e+52 8.787441 11.901742 3.942 98.883637 172.846653 20.420309
0.288 7.424541999999999e+52 7.452685e+52 3.430144e+52 8.793309 11.882117 3.933057 99.085554 172.147966 20.327643
0.289 7.64719e+52 7.679213e+52 3.488379e+52 8.780556 11.85648 3.923955 98.753953 171.325907 20.183077
0.29 7.637814e+52 7.722419e+52 3.529579e+52 8.765208 11.82553 3.912976 98.520439 170.451952 20.029617
0.291 7.59748e+52 7.707377e+52 3.5417420000000004e+52 8.748387 11.800904 3.921216 98.153349 169.626841 20.062395
0.292 7.678982e+52 7.661388e+52 3.5548160000000004e+52 8.737498 11.816488 3.930387 97.898007 170.146011 20.132612
0.293 7.566239999999999e+52 7.454649e+52 3.5362490000000003e+52 8.733496 11.798692 3.92568 97.856961 169.940265 20.112435
0.294 7.594445e+52 7.448426e+52 3.552025e+52 8.807346 11.857498 3.944746 99.255422 171.50345 20.28255
0.295 7.59039e+52 7.270926e+52 3.512739e+52 8.807546 11.835713 3.93107 99.093012 170.939196 20.175286
0.296 7.437165e+52 6.894281999999999e+52 3.4800469999999996e+52 8.816951 11.840255 3.92929 99.288727 171.483014 20.184859
0.297 7.301764000000001e+52 6.791883000000001e+52 3.5061029999999997e+52 8.827369 11.859563 3.944004 99.533144 172.082512 20.311737
0.298 7.483084e+52 6.901372e+52 3.5827179999999996e+52 8.90638 11.903056 3.947593 101.291618 173.319381 20.34413
0.299 7.463273e+52 6.905865999999999e+52 3.61938e+52 8.936817 11.922078 3.95464 101.945264 173.847172 20.420535
0.3 7.408414e+52 6.902163e+52 3.664256e+52 8.914019 11.915624 3.959043 101.569212 173.629176 20.462715
0.301 7.348019e+52 6.877837e+52 3.686728e+52 8.938974 11.978967 3.970398 102.21368 175.259717 20.586406
0.302 7.349858e+52 6.94017e+52 3.744753e+52 8.982988 11.999156 3.965608 103.194993 175.941537 20.547152
0.303 7.49338e+52 7.133331e+52 3.8168350000000004e+52 9.052519 12.026205 3.967218 104.698076 176.596414 20.549979
0.304 7.764008e+52 7.312291e+52 3.892595e+52 9.11521 12.040969 3.970011 105.928206 176.910121 20.515718
0.305 8.026761000000001e+52 7.515024000000001e+52 3.926554e+52 9.1408 12.038746 3.971295 106.360227 176.709083 20.499527
0.306 8.297119999999999e+52 7.851553e+52 4.002427e+52 9.189263 12.069899 3.990035 107.536499 177.554213 20.680851
0.307 8.634856e+52 8.206927e+52 4.1092709999999997e+52 9.206307 12.105547 4.012855 108.119256 178.491041 20.905433
0.308 8.795223e+52 8.222482e+52 4.1831319999999997e+52 9.161495 12.144998 4.027315 107.435668 179.829666 21.056153
0.309 8.827790999999999e+52 8.187844999999999e+52 4.172868e+52 9.126602 12.120172 4.030008 106.827413 179.278549 21.095092
0.31 9.156273000000001e+52 8.366212000000001e+52 4.217262e+52 9.182482 12.114398 4.026415 107.959179 179.51566 21.064902
0.311 9.395303999999999e+52 8.561373e+52 4.2626489999999996e+52 9.227482 12.089859 4.0431 108.812698 178.917406 21.21763
0.312 9.543952000000001e+52 8.767067e+52 4.345174e+52 9.309317 12.149657 4.086716 110.615185 180.638508 21.606603
0.313 9.482322e+52 8.870352e+52 4.379697e+52 9.318125 12.192637 4.126253 110.88404 181.687154 21.987966
0.314 9.189643e+52 8.704416e+52 4.389298e+52 9.284087 12.238832 4.163777 110.525713 182.959829 22.397953
0.315 9.018196e+52 8.579613999999999e+52 4.40317e+52 9.253025 12.314842 4.182137 110.085042 185.057533 22.636534
0.316 9.012441000000001e+52 8.575626e+52 4.3787710000000006e+52 9.280664 12.344282 4.166402 110.758811 185.997581 22.559685
0.317 8.93886e+52 8.541468999999999e+52 4.334295e+52 9.350205 12.373874 4.162641 112.172582 186.664889 22.585642
0.318 8.813485e+52 8.429727e+52 4.260714e+52 9.338482 12.340212 4.135712 111.75992 185.492294 22.376857
0.319 8.692401e+52 8.347628999999999e+52 4.2790670000000003e+52 9.337497 12.308171 4.11947 112.028735 185.052679 22.226273
0.32 8.619611e+52 8.372294e+52 4.226662e+52 9.354067 12.319506 4.131553 112.365292 185.387829 22.370674
0.321 8.313169999999999e+52 8.183957e+52 4.153227e+52 9.358573 12.319779 4.138523 112.540668 185.377449 22.446476
0.322 8.36522e+52 8.218296e+52 4.168541e+52 9.418867 12.376431 4.141257 114.256098 186.992854 22.459311
0.323 8.381086e+52 8.301425999999999e+52 4.17579e+52 9.496619 12.423915 4.147101 115.941081 188.322885 22.551674
0.324 8.515413000000001e+52 8.432425999999999e+52 4.2325419999999993e+52 9.484211 12.376429 4.144969 115.88521 187.071917 22.53085
0.325 8.860789999999999e+52 8.365436e+52 4.3112190000000003e+52 9.455919 12.33637 4.142142 114.850726 186.476952 22.538784
0.326 9.094383999999999e+52 8.583386000000001e+52 4.3851979999999997e+52 9.389996 12.259091 4.143134 113.975364 184.539791 22.572629
0.327 9.298947999999999e+52 8.625987999999999e+52 4.529852e+52 9.29715 12.165566 4.136613 112.549916 182.747598 22.551639
0.328 9.381662e+52 8.673112e+52 4.5836610000000003e+52 9.239499 12.131237 4.143599 111.359319 181.881366 22.590904
0.329 9.513673e+52 8.7323e+52 4.620572e+52 9.233083 12.201398 4.184438 111.622054 183.918276 23.08762
0.33 9.296262e+52 8.738889000000001e+52 4.6095759999999996e+52 9.229638 12.249415 4.226333 111.800468 184.961454 23.60612
0.331 9.027006e+52 8.414446999999999e+52 4.534295e+52 9.189048 12.191722 4.224556 111.037188 183.622412 23.643343
0.332 9.195377999999999e+52 8.520184e+52 4.5039740000000003e+52 9.273325 12.242054 4.218361 112.223043 184.920604 23.579106
0.333 8.916399e+52 8.373907000000001e+52 4.4293050000000003e+52 9.290986 12.213428 4.206402 112.660958 183.902456 23.417561
0.334 8.796972999999999e+52 8.085536e+52 4.3857290000000004e+52 9.274998 12.176942 4.186369 111.859872 183.15889 23.204495
0.335 8.773358e+52 8.191699e+52 4.386491e+52 9.310663 12.138142 4.180029 112.376987 181.668252 23.069793
0.336 8.815325e+52 8.334469e+52 4.4819810000000004e+52 9.317766 12.132944 4.180773 112.304801 181.639781 23.039327
0.337 9.039228e+52 8.556480000000001e+52 4.564894e+52 9.373454 12.15008 4.18677 113.916364 182.275392 23.107962
0.338 9.014525000000001e+52 8.572846e+52 4.556761e+52 9.387761 12.135915 4.176368 113.974713 182.051556 22.996912
0.339 9.15077e+52 8.799569999999999e+52 4.5509529999999995e+52 9.406583 12.153811 4.17306 114.451717 182.386823 22.907169
0.34 9.342639999999999e+52 8.9899e+52 4.5849970000000004e+52 9.425575 12.181488 4.190887 115.103984 183.111558 23.055002
0.341 9.457044e+52 9.092594e+52 4.642105e+52 9.424987 12.195845 4.223749 115.179785 183.270694 23.385583
0.342 9.434886000000001e+52 8.980218999999999e+52 4.6655119999999997e+52 9.418982 12.186592 4.246571 114.660244 183.037314 23.647183
0.343 9.176582e+52 8.925794e+52 4.6674939999999994e+52 9.427445 12.162423 4.262363 114.73796 182.499519 23.865979
0.344 9.19732e+52 8.985727e+52 4.700805e+52 9.454166 12.16748 4.273543 115.452117 182.763856 24.03021
0.345 9.059625000000001e+52 8.956454000000001e+52 4.719097e+52 9.479467 12.188112 4.280307 116.237697 183.469584 24.152539
0.346 9.055350999999999e+52 8.981455e+52 4.7203920000000005e+52 9.512107 12.187472 4.295542 116.64519 183.713511 24.348238
0.347 9.138626000000001e+52 9.009755e+52 4.7145089999999995e+52 9.509361 12.209597 4.305505 116.425333 184.235409 24.469662
0.348 9.065166e+52 9.038890999999999e+52 4.6315989999999997e+52 9.475103 12.17251 4.3154 115.460338 182.93262 24.623733
0.349 8.911745e+52 8.866037999999999e+52 4.574603e+52 9.416795 12.130388 4.301344 114.283706 181.707228 24.526452
0.35 8.828161e+52 8.722792999999999e+52 4.5936070000000005e+52 9.387063 12.118323 4.307778 113.596969 181.500854 24.674358
0.351 8.608297999999999e+52 8.543219e+52 4.534264e+52 9.364292 12.071465 4.301197 113.815687 180.480686 24.663824
0.352 8.517822e+52 8.496867e+52 4.525786e+52 9.313996 11.992651 4.281809 112.521792 178.459826 24.466347
0.353 8.40388e+52 8.475856000000001e+52 4.520364e+52 9.322905 11.994464 4.268436 112.803685 178.810487 24.286091
0.354 8.390276999999999e+52 8.508393999999999e+52 4.484731e+52 9.328808 11.977325 4.266363 113.002843 178.369884 24.248239
0.355 8.217354e+52 8.269211999999999e+52 4.408899e+52 9.316058 11.951934 4.275678 112.809334 177.530987 24.375686
0.356 8.095760999999999e+52 8.270904e+52 4.4573090000000004e+52 9.319137 11.970171 4.294466 112.407003 178.045363 24.64489
0.357 8.054391000000001e+52 8.352228e+52 4.5022669999999996e+52 9.341928 11.977937 4.302082 113.267935 178.371035 24.762238
0.358 7.979793e+52 8.372790000000001e+52 4.496749e+52 9.335842 12.00058 4.303423 113.714991 179.057796 24.829346
0.359 7.988704e+52 8.311795e+52 4.470871e+52 9.360928 12.04064 4.301303 113.773997 180.087664 24.852457
0.36 7.94158e+52 8.198245e+52 4.483563e+52 9.412379 12.091242 4.319126 115.138912 181.718399 25.051332
0.361 7.845615e+52 8.057892000000001e+52 4.509528e+52 9.388964 12.110577 4.34461 114.309638 182.294351 25.282987
0.362 7.648613e+52 7.898608000000001e+52 4.518089e+52 9.372844 12.12012 4.361155 114.098474 182.531854 25.479057
0.363 7.595747e+52 7.810889999999999e+52 4.4983259999999997e+52 9.388513 12.124208 4.374549 114.538837 182.921717 25.625045
0.364 7.457153e+52 7.58342e+52 4.476121e+52 9.390625 12.123601 4.374509 114.751787 182.966433 25.651083
0.365 7.439266e+52 7.571644e+52 4.5022520000000006e+52 9.39188 12.079107 4.380324 114.780894 181.665982 25.762762
0.366 7.396758e+52 7.614397e+52 4.5746830000000003e+52 9.375417 12.032689 4.400586 114.592304 180.414409 25.991403
0.367 7.362185e+52 7.673422000000001e+52 4.667283e+52 9.372561 12.039012 4.439287 114.594062 180.387913 26.422502
0.368 7.307979999999999e+52 7.661488e+52 4.696675e+52 9.354829 12.039763 4.46511 114.131103 179.979931 26.740422
0.369 7.24829e+52 7.556685e+52 4.706798e+52 9.346069 12.032759 4.480558 113.615134 179.850559 26.960359
0.37 7.287244e+52 7.558277000000001e+52 4.701291e+52 9.355328 12.016716 4.48815 113.626605 179.177541 27.083393
0.371 7.42288e+52 7.724994e+52 4.708672e+52 9.428277 12.073498 4.47352 115.52065 180.509193 26.92626
0.372 7.519719e+52 7.821734e+52 4.694025e+52 9.469895 12.117622 4.461868 116.103642 181.416832 26.822723
0.373 7.550475e+52 7.857555e+52 4.6989729999999995e+52 9.477282 12.134771 4.454259 116.153197 181.807331 26.781434
0.374 7.423275e+52 7.742336e+52 4.700304e+52 9.43708 12.099317 4.462219 115.119785 180.876581 26.855885
0.375 7.045076e+52 7.425529e+52 4.704627e+52 9.400331 12.095599 4.468334 115.271767 181.302515 26.96649
0.376 6.944865e+52 7.379569e+52 4.729752e+52 9.376588 12.085389 4.477401 115.049955 181.380815 27.127726
0.377 6.82134e+52 7.206869e+52 4.753554e+52 9.364232 12.05531 4.48795 115.562349 181.230556 27.340793
0.378 6.586615e+52 6.878858e+52 4.7270029999999996e+52 9.327717 11.991672 4.465463 115.00202 179.759061 27.102684
0.379 6.662893e+52 6.982756000000001e+52 4.7610659999999994e+52 9.314857 11.991744 4.437293 114.770006 179.698534 26.711939
0.38 6.604212e+52 6.978251e+52 4.671035e+52 9.278777 11.966229 4.43862 113.209534 178.584812 26.714349
0.381 6.894892999999999e+52 7.22616e+52 4.7223670000000003e+52 9.364405 12.068101 4.452872 114.766749 181.249033 26.851176
0.382 6.936832e+52 7.217627e+52 4.742457e+52 9.413069 12.101185 4.455151 115.99044 182.111217 26.785084
0.383 6.758558e+52 7.097888e+52 4.791381e+52 9.351894 12.072871 4.450557 114.60708 181.787234 26.746606
0.384 6.696103e+52 7.096259e+52 4.81183e+52 9.309655 12.049341 4.432288 114.247493 181.23101 26.56723
0.385 6.477024e+52 6.831935999999999e+52 4.7386929999999995e+52 9.268715 11.957973 4.448038 113.357394 179.043174 26.762701
0.386 6.387396e+52 6.743625999999999e+52 4.61679e+52 9.269211 11.908223 4.444759 113.501992 177.496321 26.743448
0.387 6.315892e+52 6.692096e+52 4.51835e+52 9.249305 11.877061 4.442467 114.230315 176.156302 26.721566
0.388 6.325329e+52 6.670889e+52 4.459003e+52 9.23227 11.865059 4.42277 112.763814 175.706374 26.477698
0.389 6.448089000000001e+52 6.725659000000001e+52 4.520258e+52 9.288102 11.907475 4.414554 113.483767 177.006324 26.394166
0.39 6.549342e+52 6.693805e+52 4.575546e+52 9.313107 11.920382 4.417094 113.69808 177.555395 26.409186
0.391 6.577232e+52 6.564429e+52 4.574261e+52 9.331552 11.929107 4.410992 115.924325 178.055726 26.364085
0.392 6.595652e+52 6.474881e+52 4.588211e+52 9.320784 11.949468 4.41963 114.256396 178.759652 26.529787
0.393 6.544352e+52 6.474743e+52 4.6026689999999997e+52 9.303521 11.941682 4.442082 113.983449 178.410436 26.760184
0.394 6.483747e+52 6.506595e+52 4.674615e+52 9.283167 11.933423 4.469319 113.783573 178.232735 27.126021
0.395 6.353342999999999e+52 6.460225999999999e+52 4.6885490000000003e+52 9.225897 11.898209 4.480283 112.045487 177.395663 27.265507
0.396 6.244967e+52 6.326137e+52 4.6867789999999996e+52 9.205013 11.830387 4.47616 111.860831 175.606321 27.250137
0.397 6.309097000000001e+52 6.300868999999999e+52 4.773929e+52 9.201972 11.834957 4.493136 111.461888 175.735913 27.451572
0.398 6.306254e+52 6.326898e+52 4.838039e+52 9.199878 11.851584 4.50085 111.862479 176.182543 27.605373
0.399 6.188675e+52 6.288421e+52 4.7273009999999995e+52 9.175209 11.837245 4.473758 111.452342 175.498626 27.359408
0.4 6.149269e+52 6.183693e+52 4.6366040000000003e+52 9.133381 11.771131 4.448653 111.093987 173.419211 27.076352
0.401 6.175717999999999e+52 6.206415e+52 4.6388379999999996e+52 9.176918 11.80965 4.459596 111.770099 174.538249 27.192454
0.402 6.099392e+52 6.130661e+52 4.6032109999999997e+52 9.185186 11.859037 4.489857 111.499685 175.863194 27.499262
0.403 5.925717e+52 5.908502999999999e+52 4.4651880000000004e+52 9.147082 11.779386 4.462691 110.812445 173.711315 27.256029
0.404 5.733167e+52 5.801014999999999e+52 4.328543e+52 9.008213 11.659846 4.417147 107.223557 170.242364 26.701348
0.405 5.711394000000001e+52 5.805076e+52 4.247873e+52 9.007157 11.648944 4.365966 107.313014 169.743194 26.069054
0.406 5.724821999999999e+52 5.755099e+52 4.197416e+52 9.005854 11.614148 4.341727 106.67238 168.861117 25.755759
0.407 5.754443e+52 5.779263e+52 4.270887e+52 9.013857 11.631006 4.332377 106.642562 169.497978 25.621217
0.408 5.709492e+52 5.774451e+52 4.305827e+52 9.018921 11.662007 4.337465 106.737738 170.464257 25.708099
0.409 5.58711e+52 5.640119e+52 4.2592730000000004e+52 9.019769 11.677211 4.332728 106.834182 171.235913 25.678004
0.41 5.439904e+52 5.449862e+52 4.189032e+52 9.047711 11.69554 4.353328 107.322554 171.729795 25.936522
0.411 5.310225e+52 5.266447e+52 4.121771e+52 9.049153 11.684346 4.346866 107.343824 171.444132 25.832066
0.412 5.313555e+52 5.244291e+52 4.1130389999999995e+52 9.036247 11.651092 4.326502 107.911285 170.803709 25.551548
0.413 5.332544000000001e+52 5.27845e+52 4.1360089999999997e+52 9.028424 11.655424 4.33193 107.678904 170.917995 25.59522
0.414 5.436704e+52 5.472432e+52 4.2602650000000004e+52 9.045 11.706022 4.356185 107.873023 171.951931 25.881786
0.415 5.550067e+52 5.586594e+52 4.347156e+52 9.146883 11.799433 4.415176 111.42552 174.356778 26.567005
0.416 5.644516999999999e+52 5.709062000000001e+52 4.4185359999999994e+52 9.16467 11.834738 4.431049 110.576113 175.050937 26.752599
0.417 5.760157e+52 6.001744000000001e+52 4.4338959999999996e+52 9.165373 11.874271 4.426416 110.234805 175.739905 26.660867
0.418 5.778107999999999e+52 5.980626e+52 4.459485e+52 9.120867 11.786299 4.418644 109.356601 173.15623 26.593413
0.419 5.773499e+52 5.977809e+52 4.532237e+52 9.170929 11.882923 4.466361 110.368798 176.041124 27.178955
0.42 5.927158000000001e+52 6.051773e+52 4.5699639999999995e+52 9.293225 11.995587 4.49033 113.182768 179.465009 27.514737
0.421 5.941334e+52 6.072832e+52 4.5731780000000003e+52 9.363111 12.0281 4.505776 115.0349 180.094148 27.714906
0.422 5.913568e+52 6.007874e+52 4.605925e+52 9.40097 12.124191 4.486066 116.204857 183.669155 27.389401
0.423 5.821503e+52 5.831014999999999e+52 4.4982499999999997e+52 9.370925 12.06105 4.45607 115.815834 181.860793 27.082457
0.424 5.598976000000001e+52 5.703831e+52 4.367462e+52 9.307607 12.002526 4.442367 114.259624 180.249872 26.949237
0.425 5.467025999999999e+52 5.597868e+52 4.2542749999999997e+52 9.296354 12.012297 4.434574 114.270975 180.801677 26.910632
0.426 5.277965e+52 5.416349e+52 4.051495e+52 9.305232 11.9931 4.396893 114.161161 180.060222 26.415533
0.427 5.378917999999999e+52 5.520872e+52 4.004556e+52 9.376253 12.016756 4.364554 115.840146 180.433235 25.989127
0.428 5.416952e+52 5.611824999999999e+52 3.990517e+52 9.399816 12.042287 4.365201 116.438259 180.879053 25.938511
0.429 5.368267999999999e+52 5.567189e+52 3.966604e+52 9.409818 12.051855 4.374702 116.563747 181.142784 26.001147
0.43 5.35101e+52 5.546918e+52 3.9672e+52 9.372863 12.066146 4.386139 115.337144 181.499095 26.111521
0.431 5.469276e+52 5.605205e+52 4.035016e+52 9.410796 12.085706 4.412088 116.253436 182.206877 26.447013
0.432 5.428106999999999e+52 5.586326e+52 4.0646430000000004e+52 9.438425 12.11179 4.431747 116.977706 183.166802 26.733045
0.433 5.450758999999999e+52 5.562013999999999e+52 4.038119e+52 9.465908 12.10382 4.44867 117.080813 182.497341 26.951079
0.434 5.495376e+52 5.602767e+52 4.040716e+52 9.463485 12.089752 4.433231 117.067136 182.012514 26.824004
0.435 5.582795e+52 5.761601e+52 4.117554e+52 9.490331 12.125678 4.447118 117.323473 182.635543 26.992823
0.436 5.635967e+52 5.748877e+52 4.181667e+52 9.490603 12.160906 4.458836 116.935478 183.518677 27.127746
0.437 5.583233e+52 5.664699e+52 4.193472e+52 9.444686 12.104159 4.470044 115.771887 182.363813 27.279627
0.438 5.505898e+52 5.701064e+52 4.2247620000000003e+52 9.414746 12.130682 4.50222 115.414685 183.154693 27.638073
0.439 5.527179e+52 5.769704e+52 4.2538169999999995e+52 9.430028 12.148494 4.528998 115.783047 183.244629 27.888335
0.44 5.543705000000001e+52 5.784626e+52 4.252288e+52 9.480641 12.197373 4.535223 117.131833 184.819484 27.944831
0.441 5.554933e+52 5.725872e+52 4.258743e+52 9.499901 12.224894 4.530035 117.345792 185.612014 27.868576
0.442 5.457742e+52 5.662931e+52 4.243956e+52 9.504194 12.234582 4.513982 117.968413 186.488785 27.699742
0.443 5.305727e+52 5.491027e+52 4.2386419999999996e+52 9.50713 12.268332 4.505005 118.663654 187.93898 27.571165
0.444 5.219941e+52 5.420984e+52 4.162547e+52 9.515978 12.293535 4.501324 118.483471 188.500172 27.48792
0.445 5.111003e+52 5.257799e+52 4.075212e+52 9.480393 12.241478 4.488578 118.539516 187.135261 27.431188
0.446 5.16348e+52 5.242586000000001e+52 4.075316e+52 9.516703 12.237378 4.48251 119.709395 187.648517 27.377602
0.447 5.254771e+52 5.205979e+52 4.127415e+52 9.629734 12.339724 4.507786 121.802816 190.454559 27.545583
0.448 5.221873e+52 5.205984e+52 4.145534e+52 9.64553 12.419435 4.523699 121.612015 192.075378 27.763367
0.449 5.159399e+52 5.207021e+52 4.152747e+52 9.631448 12.420463 4.549056 121.452519 191.88437 28.074092
0.45 5.105062e+52 5.179174e+52 4.086346e+52 9.628783 12.363718 4.522668 122.743558 190.422832 27.846015
0.451 4.997063e+52 5.085484e+52 4.037535e+52 9.602751 12.3448 4.502494 121.802352 189.690736 27.545565
0.452 4.93041e+52 5.004495e+52 4.03353e+52 9.552724 12.303142 4.517049 119.966722 188.55875 27.67932
0.453 4.828216000000001e+52 4.984569e+52 4.023803e+52 9.500495 12.220029 4.499175 119.6221 186.394999 27.471949
0.454 4.7424350000000005e+52 5.006471999999999e+52 3.982884e+52 9.456104 12.203517 4.485908 118.587755 186.096677 27.342845
0.455 4.7276389999999997e+52 5.015942e+52 3.975108e+52 9.506871 12.246545 4.475575 119.285932 187.450222 27.309594
0.456 4.794361e+52 5.134547999999999e+52 3.995119e+52 9.477332 12.27013 4.462387 118.892185 187.9094 27.161597
0.457 4.741512e+52 5.07986e+52 3.959528e+52 9.490205 12.232405 4.472495 118.358042 187.135294 27.327995
0.458 4.6727980000000003e+52 4.925279e+52 3.906825e+52 9.419409 12.142004 4.429799 116.521135 184.270161 26.827542
0.459 4.638288e+52 4.855381000000001e+52 3.8706249999999997e+52 9.329023 12.061383 4.391569 114.585637 181.887772 26.420358
0.46 4.56083e+52 4.7189129999999994e+52 3.7950970000000003e+52 9.324985 12.032178 4.361824 114.452703 181.676818 26.048283
0.461 4.478845e+52 4.6490289999999997e+52 3.727707e+52 9.244861 12.010949 4.338838 112.760389 180.484179 25.811747
0.462 4.3963640000000004e+52 4.584352e+52 3.6966e+52 9.275464 12.002203 4.326515 113.579053 180.819683 25.669721
0.463 4.2816289999999994e+52 4.528912e+52 3.7090420000000004e+52 9.222821 11.972005 4.32754 112.61836 180.231944 25.692813
0.464 4.251224e+52 4.488502e+52 3.745549e+52 9.141297 11.896232 4.312865 110.99418 178.180143 25.522745
0.465 4.2539040000000003e+52 4.4476509999999997e+52 3.734209e+52 9.089771 11.818756 4.300596 110.044887 176.040238 25.360738
0.466 4.159373e+52 4.275778e+52 3.676914e+52 9.127865 11.832531 4.329645 111.71716 176.309511 25.650853
0.467 4.115475e+52 4.325979e+52 3.734448e+52 9.112166 11.881055 4.348063 111.805675 177.562602 25.934796
0.468 4.17697e+52 4.4466979999999996e+52 3.8126920000000003e+52 9.225551 11.98632 4.36885 113.635075 181.174145 26.242201
0.469 4.2705599999999995e+52 4.5635859999999997e+52 3.889228e+52 9.249539 11.993576 4.370389 114.119444 181.224292 26.220693
0.47 4.197331e+52 4.484052e+52 3.856395e+52 9.164777 11.876133 4.361427 112.654066 178.519247 26.08284
0.471 4.251678e+52 4.5075310000000004e+52 3.873887e+52 9.173903 11.908909 4.343452 112.77733 179.501092 25.870725
0.472 4.258982e+52 4.541321e+52 3.882401e+52 9.186676 12.004996 4.352632 112.27452 181.333962 25.978049
0.473 4.1959739999999994e+52 4.518861e+52 3.8701789999999996e+52 9.183619 11.996876 4.340641 111.450402 180.970882 25.802072
0.474 4.192605e+52 4.5340870000000006e+52 3.871353e+52 9.246877 12.06121 4.375205 113.288481 183.222043 26.120036
0.475 4.1697319999999997e+52 4.5038569999999997e+52 3.864946e+52 9.238806 12.065236 4.407112 112.461729 182.592431 26.574415
0.476 4.214783e+52 4.511303e+52 3.9017750000000003e+52 9.24839 12.051539 4.428162 112.874685 182.828772 26.786642
0.477 4.102155e+52 4.3180969999999997e+52 3.779184e+52 9.26898 12.009515 4.41999 113.028925 180.897599 26.750655
0.478 3.980708e+52 4.224556e+52 3.682697e+52 9.223747 12.051832 4.40992 113.50417 182.361305 26.70369
0.479 3.863807e+52 4.1569149999999996e+52 3.68044e+52 9.329705 12.183793 4.384662 115.902943 186.706921 26.554951
0.48 3.92453e+52 4.158244e+52 3.748378e+52 9.190745 12.034075 4.400763 112.515982 183.015707 26.824683
0.481 3.916967e+52 4.2695239999999995e+52 3.645871e+52 9.201266 12.090191 4.37201 112.364651 183.762859 26.192635
0.482 3.9159830000000004e+52 4.21073e+52 3.647654e+52 9.203096 12.051433 4.358622 112.337991 183.522242 26.084373
0.483 3.926976e+52 4.1772999999999997e+52 3.732565e+52 9.081445 11.856165 4.373461 108.633023 177.18237 26.234561
0.484 4.015724e+52 4.304991e+52 3.748497e+52 9.105167 11.891777 4.350796 109.721623 178.645667 26.146259
0.485 4.026207e+52 4.2600470000000003e+52 3.783417e+52 9.1649 11.929374 4.360547 111.140493 179.826781 26.21973
0.486 3.907846e+52 4.142499e+52 3.7064609999999997e+52 9.065035 11.872892 4.41715 108.414267 176.97606 26.70725
0.487 3.768377e+52 4.03453e+52 3.519226e+52 9.021194 11.762123 4.394418 107.426313 174.895722 26.499991
0.488 3.843229e+52 4.132575e+52 3.538231e+52 9.070509 11.869337 4.394202 108.775751 177.512759 26.559207
0.489 3.8445149999999997e+52 4.0944130000000003e+52 3.555006e+52 9.004289 11.763938 4.384672 107.491197 175.023724 26.410316
0.49 3.9018389999999997e+52 4.149952e+52 3.656348e+52 9.073973 11.842684 4.367201 108.370452 176.415149 26.225043
0.491 3.895967e+52 4.047476e+52 3.6213479999999996e+52 9.075054 11.803766 4.342806 108.863043 176.39734 26.04332
0.492 3.826526e+52 3.987481e+52 3.590873e+52 9.088361 11.839384 4.356586 109.096959 176.627563 26.135984
0.493 3.643444e+52 3.806038e+52 3.474296e+52 8.956578 11.681014 4.342557 106.559184 173.267698 26.04269
0.494 3.61604e+52 3.76716e+52 3.479657e+52 8.911096 11.714182 4.3158 105.436457 173.783832 25.856311
0.495 3.5153819999999997e+52 3.600768e+52 3.399859e+52 8.796409 11.511053 4.282179 102.91982 168.976134 25.455842
