####### LIGHTCURVES AND MEAN ENERGIES
####### 3 NEUTRINO SPECIES: NU_E, NUBAR_E AND N_X
####### ALL QUANTITIES ARE MEASURED AT 500 KM FROM THE CENTER
#######
####### FROM MODEL L2-0B (BUGLI ET AL. 2020,2021)
####### B0=1e12 G, l=2, r0=1.00e8 cm
####### UNITS: TIME [s], LUMINOSITY [erg/s], ENERGY [MeV] 
# TIME	L_NU_E     	L_NU_BAR   	L_NU_X     	E_NU_E     	E_NU_BAR  	E_NU_X      	E2_NU_E    	E2_NU_BAR 	E2_NU_X
0.001 1.5647098e+53 3.9e+47 2.4e+47 11.196633 6.19469 0.884839 143.287566 50.949221 1.012354
0.002 1.1334588e+53 1.0369100000000001e+51 6.276800000000001e+50 11.343808 9.883939 2.594401 147.052917 113.982674 8.181793
0.003 5.4504640999999995e+53 8.22169e+51 1.1483e+52 14.511717 14.015103 4.680596 240.605009 227.621488 27.81813
0.004 6.6825142e+53 5.3766899999999995e+51 1.162747e+52 14.317106 12.763268 6.349464 232.256219 190.713516 59.071686
0.005 4.2728481e+53 6.89595e+51 8.48008e+51 12.772934 12.254657 6.393191 185.977484 171.984872 62.386514
0.006 3.6979763e+53 7.8662e+51 7.45835e+51 12.809466 12.097083 5.707955 188.580796 167.846065 48.114664
0.007 3.6180655e+53 8.8013e+51 8.57323e+51 12.159711 11.971489 5.053393 168.881274 164.453475 35.110954
0.008 3.3747348e+53 8.846239999999999e+51 1.066138e+52 12.278158 11.965057 4.854957 172.899662 165.395038 30.642632
0.009 3.1578803e+53 7.46721e+51 1.20996e+52 12.115975 11.805778 4.789873 168.556355 161.087058 29.079822
0.01 2.9294623e+53 5.97743e+51 1.075649e+52 12.264565 11.563364 4.606273 173.538318 154.650365 27.362195
0.011 2.1055243999999996e+53 5.4638399999999996e+51 1.034975e+52 11.147175 11.077215 4.421182 147.64919 144.591763 25.134285
0.012 2.0633548e+53 5.9695e+51 9.837559999999999e+51 10.899969 10.785477 4.218473 140.959611 135.56654 22.748311
0.013 1.7669792e+53 6.44491e+51 1.021426e+52 10.223952 10.672672 4.253391 121.891974 132.143989 22.853231
0.014 1.5877027999999998e+53 7.70762e+51 1.1364080000000001e+52 10.091413 10.737983 4.222701 116.14741 133.973459 22.392417
0.015 1.0010192e+53 8.57446e+51 1.2301299999999998e+52 9.526461 10.872063 4.213591 106.751379 136.983165 22.406172
0.016 9.936574e+52 9.49537e+51 1.319636e+52 9.689555 10.982704 4.210123 106.615814 140.306276 22.335584
0.017 6.821458e+52 1.07247e+52 1.434412e+52 10.079144 11.066709 4.214027 116.576162 141.654087 22.460763
0.018 5.50829e+52 1.217147e+52 1.51471e+52 9.842297 11.083133 4.172201 114.697786 142.146491 22.392162
0.019 5.955925e+52 1.28004e+52 1.572344e+52 9.670055 10.763358 4.105654 110.696159 133.979916 21.895695
0.02 6.721113e+52 1.423649e+52 1.66411e+52 9.523433 10.704962 4.044844 106.192871 132.380847 21.241057
0.021 6.898294e+52 1.5110980000000002e+52 1.775857e+52 9.475755 10.611664 4.029096 105.111171 130.193945 20.983747
0.022 6.65395e+52 1.674451e+52 1.756405e+52 9.010027 10.664934 3.875447 95.449086 130.968597 19.47374
0.023 7.633682e+52 1.765331e+52 1.855793e+52 8.986179 10.769902 3.899401 94.413882 133.124655 19.449439
0.024 7.965025e+52 1.719509e+52 1.838972e+52 8.661121 10.868723 3.992734 87.565369 136.830833 20.363889
0.025 8.113721e+52 1.757988e+52 1.8149519999999999e+52 8.469105 10.744355 3.978374 84.554153 135.509533 20.323632
0.026 8.080460999999999e+52 2.098541e+52 1.9596979999999998e+52 8.181623 10.854529 3.995984 79.730105 137.609741 20.509067
0.027 8.363927e+52 2.350288e+52 2.096679e+52 8.067266 11.015304 4.021567 77.63158 141.223006 20.658091
0.028 8.755461999999999e+52 2.595657e+52 2.2272029999999998e+52 8.045321 11.007477 3.950551 77.234577 140.787438 19.870016
0.029 9.189204e+52 2.8993869999999997e+52 2.377673e+52 7.99228 11.052187 3.915557 76.27561 141.025892 19.42009
0.03 9.937666999999998e+52 3.059335e+52 2.531308e+52 7.998199 11.326037 3.919325 76.518133 147.413784 19.255451
0.031 1.0156135000000002e+53 3.410427e+52 2.7584729999999997e+52 8.056747 11.523272 3.926421 77.583859 151.780802 19.170083
0.032 1.015931e+53 3.6477900000000003e+52 2.8945460000000003e+52 8.098406 11.570717 3.933884 78.34913 152.551059 19.164337
0.033 9.822961e+52 3.6653829999999996e+52 2.971371e+52 8.269723 11.507496 3.956545 80.567228 150.998684 19.35568
0.034 9.281463999999999e+52 3.674559e+52 3.003825e+52 8.314093 11.471849 3.960047 81.091812 150.287223 19.382717
0.035 8.603107e+52 3.799287e+52 2.997375e+52 8.290949 11.456607 3.926017 80.635339 150.267942 19.09597
0.036 8.188221000000001e+52 3.938855e+52 3.004444e+52 8.363584 11.426241 3.897637 81.969657 149.917635 18.884465
0.037 7.676351e+52 4.147976e+52 3.150286e+52 8.138729 11.53076 3.911509 78.800959 152.851303 18.970402
0.038 7.455856e+52 4.301413e+52 3.178699e+52 8.027574 11.601731 3.917904 77.184643 154.963304 19.033336
0.039 7.350057999999999e+52 4.3368270000000006e+52 3.143577e+52 8.073457 11.596215 3.91256 77.645206 154.925751 19.075249
0.04 6.744277e+52 4.382305e+52 3.090038e+52 7.993548 11.639371 3.892841 76.560665 155.998699 18.927525
0.041 6.780615e+52 4.388382e+52 3.0751559999999996e+52 7.974805 11.638888 3.897765 76.191531 155.841761 19.005913
0.042 7.048636e+52 4.379678e+52 3.0891190000000003e+52 8.059241 11.650449 3.914901 77.371843 156.153202 19.251963
0.043 7.190784e+52 4.291124e+52 3.055313e+52 8.203395 11.667265 3.905787 79.391305 156.742993 19.205789
0.044 7.143239999999999e+52 4.2335029999999997e+52 3.042624e+52 8.347326 11.744388 3.904624 81.280338 158.863496 19.190238
0.045 7.107897999999999e+52 4.254977e+52 3.075674e+52 8.420907 11.832714 3.911252 82.186997 161.14051 19.195032
0.046 6.804184000000001e+52 4.26606e+52 3.106168e+52 8.361682 11.906523 3.916329 81.322559 162.972891 19.183868
0.047 5.871578999999999e+52 4.253369e+52 3.107499e+52 8.171769 11.927867 3.911274 79.112474 163.431007 19.074078
0.048 5.448512e+52 4.240489e+52 3.108333e+52 8.078377 11.948545 3.913836 77.987279 163.953876 19.058184
0.049 5.303635e+52 4.2697060000000003e+52 3.111065e+52 8.04289 11.965201 3.915656 77.376992 164.423515 19.053609
0.05 5.158609e+52 4.307073e+52 3.106362e+52 7.977167 11.990819 3.915622 76.327761 165.131537 19.029267
0.051 5.069733000000001e+52 4.4200169999999997e+52 3.142001e+52 7.94663 12.007601 3.917098 76.013384 165.503101 19.037298
0.052 5.074911e+52 4.52993e+52 3.1761979999999996e+52 7.972861 12.002569 3.919544 76.423932 165.309483 19.092791
0.053 5.18309e+52 4.648526e+52 3.215128e+52 8.014622 11.994808 3.927806 77.060613 165.218963 19.19259
0.054 5.248637e+52 4.790460000000001e+52 3.267712e+52 8.022747 12.013902 3.935133 77.147663 165.895888 19.266895
0.055 5.395205e+52 4.91327e+52 3.298175e+52 8.044905 12.036109 3.936997 77.433697 166.552827 19.279169
0.056 5.377812999999999e+52 5.019456e+52 3.307017e+52 8.033906 12.051737 3.940299 77.336867 167.026492 19.321083
0.057 5.215749e+52 5.144968000000001e+52 3.31378e+52 8.017501 12.054172 3.937172 77.199026 167.105243 19.330853
0.058 5.168182e+52 5.260186e+52 3.327169e+52 8.010952 12.06466 3.928857 77.30321 167.492916 19.278929
0.059 5.305233000000001e+52 5.381848e+52 3.388909e+52 8.049197 12.108309 3.944448 77.979554 168.797298 19.420405
0.06 5.305046e+52 5.444679e+52 3.451017e+52 8.079268 12.110792 3.954663 78.551995 169.00966 19.525216
0.061 5.218466e+52 5.498945e+52 3.516684e+52 8.054307 12.110546 3.960031 78.195876 169.093643 19.571311
0.062 5.244602e+52 5.531028e+52 3.54247e+52 8.014535 12.102156 3.955492 77.649217 168.971074 19.527492
0.063 5.32233e+52 5.530037e+52 3.585593e+52 7.993248 12.067376 3.959245 77.3889 167.950728 19.55975
0.064 5.330375e+52 5.518301e+52 3.612009e+52 7.96307 12.064174 3.96694 76.709618 168.002742 19.648835
0.065 5.424254999999999e+52 5.607377999999999e+52 3.682553e+52 7.968908 12.101346 3.984795 76.781617 168.98663 19.824691
0.066 5.503013e+52 5.70825e+52 3.745308e+52 7.976653 12.151858 4.001338 77.056306 170.396846 19.990454
0.067 5.498831e+52 5.817783000000001e+52 3.769705e+52 7.995364 12.181894 4.006136 78.034191 171.199722 20.057303
0.068 5.584241e+52 5.910973000000001e+52 3.801711e+52 7.992825 12.229971 4.007946 77.678687 172.672694 20.0808
0.069 5.711363999999999e+52 6.003231000000001e+52 3.8521239999999997e+52 8.019762 12.276136 4.021945 78.54435 174.100743 20.210272
0.07 5.722563e+52 6.13526e+52 3.90989e+52 8.022713 12.306967 4.032324 78.892284 175.07147 20.305224
0.071 5.801552e+52 6.303613e+52 3.9667979999999997e+52 8.051964 12.33841 4.035994 79.057064 176.118051 20.340291
0.072 5.945520000000001e+52 6.432183e+52 4.009566e+52 8.092633 12.350459 4.036891 79.709394 176.634279 20.362266
0.073 6.037531999999999e+52 6.537224e+52 4.0514939999999997e+52 8.114806 12.382344 4.045809 80.235377 177.587789 20.446717
0.074 6.212815e+52 6.637184e+52 4.094602e+52 8.128335 12.42768 4.058986 80.568416 178.870272 20.548963
0.075 6.333554e+52 6.707244000000001e+52 4.13436e+52 8.127507 12.446131 4.062575 80.660289 179.458366 20.572741
0.076 6.333398e+52 6.690647000000001e+52 4.1036149999999994e+52 8.141228 12.416642 4.051919 80.953684 178.627947 20.494078
0.077 6.387818000000001e+52 6.739152e+52 4.1275219999999997e+52 8.147699 12.39526 4.042966 81.150549 178.076228 20.440038
0.078 6.525463000000001e+52 6.868464e+52 4.1791879999999997e+52 8.153068 12.429256 4.050721 81.374822 179.012838 20.522155
0.079 6.611438e+52 6.913273000000001e+52 4.2119609999999996e+52 8.176025 12.433225 4.05361 81.784047 179.291746 20.580889
0.08 6.567574e+52 6.782459e+52 4.1936419999999994e+52 8.203004 12.417429 4.048517 82.275197 179.173568 20.59442
0.081 6.585745e+52 6.686419e+52 4.1647559999999995e+52 8.225695 12.416688 4.038996 82.781535 179.248122 20.522472
0.082 6.587211e+52 6.575054e+52 4.135936e+52 8.237151 12.430253 4.036662 83.197725 179.694044 20.511153
0.083 6.602267000000001e+52 6.588672e+52 4.149608e+52 8.266754 12.44159 4.036253 83.646826 179.978172 20.519817
0.084 6.625542000000001e+52 6.605255e+52 4.1510360000000005e+52 8.287052 12.47186 4.041921 84.200111 180.919982 20.593148
0.085 6.735684e+52 6.642578999999999e+52 4.157673e+52 8.328652 12.518598 4.053683 84.939091 182.310293 20.693228
0.086 6.910117e+52 6.751144e+52 4.202298e+52 8.383905 12.554236 4.061874 85.962764 183.341996 20.734617
0.087 7.066049999999999e+52 6.841448e+52 4.238475e+52 8.447593 12.603336 4.082909 87.26638 184.743325 20.935655
0.088 7.151076e+52 6.884309e+52 4.281731e+52 8.476923 12.606317 4.099283 87.865261 184.801619 21.09497
0.089 7.281768e+52 6.929327e+52 4.340543e+52 8.506864 12.616052 4.111425 88.4009 185.090009 21.181075
0.09 7.437355e+52 7.006579e+52 4.39686e+52 8.526047 12.62342 4.117713 88.689052 185.226816 21.199632
0.091 7.598067000000001e+52 7.094490000000001e+52 4.428864e+52 8.531044 12.619791 4.120766 88.680241 185.099578 21.205514
0.092 7.696443e+52 7.174379e+52 4.4573739999999996e+52 8.537712 12.626023 4.121187 88.752096 185.273087 21.191846
0.093 7.728325e+52 7.223662e+52 4.468275e+52 8.569215 12.670139 4.13309 89.361013 186.544148 21.318972
0.094 7.78995e+52 7.25414e+52 4.4726939999999997e+52 8.596866 12.715217 4.148015 89.884046 187.843763 21.473586
0.095 7.830237999999999e+52 7.219394999999999e+52 4.4540680000000004e+52 8.608756 12.737786 4.156171 90.143831 188.437378 21.563855
0.096 7.776202999999999e+52 7.200801e+52 4.4392630000000006e+52 8.596924 12.704333 4.150571 89.979698 187.449531 21.517407
0.097 7.742095e+52 7.238656e+52 4.441871e+52 8.596447 12.674911 4.140218 90.023645 186.530341 21.416924
0.098 7.662541e+52 7.312324e+52 4.445551e+52 8.59874 12.666202 4.133973 90.205571 186.114936 21.348002
0.099 7.697364e+52 7.402791e+52 4.4562390000000003e+52 8.615027 12.684287 4.138111 90.65653 186.609081 21.374516
0.1 7.819587e+52 7.447856e+52 4.470884e+52 8.637675 12.730403 4.143457 91.1175 187.945467 21.419468
0.101 7.842089e+52 7.345995e+52 4.4352640000000003e+52 8.654529 12.763849 4.14402 91.283998 188.860789 21.44902
0.102 7.712474e+52 7.209177e+52 4.360876e+52 8.664788 12.74331 4.136196 91.55284 188.36304 21.405887
0.103 7.538832e+52 7.170647e+52 4.337477e+52 8.658349 12.714154 4.12897 91.469379 187.639336 21.367584
0.104 7.322994e+52 7.162134e+52 4.33445e+52 8.660586 12.724313 4.127151 91.591535 187.875418 21.338536
0.105 7.173265e+52 7.156458e+52 4.3375310000000005e+52 8.679123 12.769104 4.139542 92.008297 189.095043 21.449349
0.106 7.115366e+52 7.171168e+52 4.311044e+52 8.712587 12.827901 4.150576 92.636954 190.672565 21.546327
0.107 7.107490999999999e+52 7.250401e+52 4.288853e+52 8.738687 12.842238 4.156712 93.186058 190.943974 21.591749
0.108 7.107559e+52 7.337665999999999e+52 4.277972e+52 8.753429 12.838044 4.155815 93.516297 190.761972 21.581394
0.109 7.127121e+52 7.428962e+52 4.275728e+52 8.78161 12.83278 4.154467 94.08808 190.5796 21.573537
0.11 7.103415e+52 7.468875e+52 4.265625e+52 8.795719 12.835053 4.160517 94.33142 190.724553 21.648531
0.111 7.032547e+52 7.384057999999999e+52 4.235512e+52 8.800888 12.841749 4.170206 94.412044 191.099414 21.754463
0.112 7.138555e+52 7.369127e+52 4.225181e+52 8.818822 12.877073 4.178665 94.795347 192.236726 21.832685
0.113 7.348239e+52 7.519201e+52 4.254184e+52 8.847222 12.914644 4.189034 95.367691 193.139192 21.914618
0.114 7.437381000000001e+52 7.663365e+52 4.278525e+52 8.870965 12.911452 4.199851 96.266341 192.877543 22.001455
0.115 7.381231e+52 7.650238e+52 4.264198e+52 8.875447 12.901767 4.203554 96.124916 192.686444 22.043549
0.116 7.357717e+52 7.537042e+52 4.2229599999999997e+52 8.900284 12.923354 4.204132 96.559223 193.447367 22.077685
0.117 7.298742e+52 7.438769e+52 4.181712e+52 8.921956 12.958781 4.208721 97.060355 194.58222 22.162085
0.118 7.199722999999999e+52 7.427657e+52 4.157032e+52 8.94571 12.986252 4.214494 97.764161 195.407599 22.253251
0.119 7.223662e+52 7.518986e+52 4.16036e+52 8.984606 12.999973 4.220346 98.429534 195.758014 22.331096
0.12 7.330294000000001e+52 7.624182e+52 4.1772410000000006e+52 9.036795 13.011904 4.227721 99.527527 196.055975 22.412282
0.121 7.433285e+52 7.648193e+52 4.1791970000000003e+52 9.089816 13.018852 4.234653 100.683971 196.266997 22.485557
0.122 7.500028000000001e+52 7.612745999999999e+52 4.1863720000000004e+52 9.123783 13.030736 4.242621 101.473063 196.732039 22.572888
0.123 7.50569e+52 7.558779e+52 4.1906990000000005e+52 9.134161 13.058405 4.251621 101.719031 197.720191 22.701911
0.124 7.4791e+52 7.471441999999999e+52 4.186198e+52 9.140344 13.099372 4.265637 101.940679 199.065622 22.887369
0.125 7.449083e+52 7.451928999999999e+52 4.1803999999999994e+52 9.133113 13.119827 4.272232 101.883665 199.782246 22.971877
0.126 7.585223e+52 7.648893e+52 4.2185360000000005e+52 9.138531 13.133976 4.280871 102.143381 200.026799 23.039811
0.127 7.920095e+52 8.002725999999999e+52 4.276047e+52 9.152778 13.099437 4.284665 102.344214 198.692942 23.030899
0.128 8.278233e+52 8.307563999999999e+52 4.339873e+52 9.140728 13.040565 4.283562 102.109066 196.904425 22.969034
0.129 8.483905999999999e+52 8.499485999999999e+52 4.4140050000000006e+52 9.121872 13.020862 4.285648 101.77391 196.378972 22.946519
0.13 8.51517e+52 8.552059e+52 4.476026e+52 9.104748 13.029225 4.288264 101.514393 196.729977 22.945027
0.131 8.464861e+52 8.505919e+52 4.5136580000000003e+52 9.099481 13.033203 4.283923 101.446483 197.014299 22.893507
0.132 8.399794999999999e+52 8.484834e+52 4.5426e+52 9.119095 13.049962 4.277246 102.06018 197.596466 22.825419
0.133 8.277618e+52 8.393461e+52 4.5633679999999996e+52 9.109519 13.067275 4.268379 101.846946 198.378638 22.749701
0.134 8.154403999999999e+52 8.277063e+52 4.568467e+52 9.120516 13.118006 4.273327 102.183796 200.094415 22.797868
0.135 8.150497e+52 8.277151999999999e+52 4.5885059999999995e+52 9.158757 13.191803 4.285196 103.134769 202.380368 22.909827
0.136 8.136105999999999e+52 8.281164000000001e+52 4.6188539999999997e+52 9.175908 13.239306 4.292193 103.593235 203.960251 22.992892
0.137 8.105740000000001e+52 8.29205e+52 4.64769e+52 9.207498 13.267771 4.299871 104.382687 204.91324 23.091015
0.138 8.152707e+52 8.329332e+52 4.6734989999999996e+52 9.262814 13.283245 4.30982 105.584242 205.51747 23.205816
0.139 8.299383000000001e+52 8.417830999999999e+52 4.7130850000000003e+52 9.29491 13.28452 4.318464 106.214864 205.685744 23.310146
0.14 8.494745999999999e+52 8.506358e+52 4.752726e+52 9.319662 13.287835 4.325528 106.898916 205.912337 23.398871
0.141 8.321731e+52 8.326636000000001e+52 4.6197419999999996e+52 9.15977 13.067686 4.257454 103.71227 200.118141 22.780951
0.142 8.335835e+52 8.347944999999999e+52 4.590063e+52 9.101041 12.970424 4.233977 102.599355 197.671733 22.5879
0.143 8.368834e+52 8.451852e+52 4.585923e+52 9.102263 12.938998 4.223421 102.66373 196.733521 22.484455
0.144 8.468837000000001e+52 8.621954999999999e+52 4.5871639999999993e+52 9.148255 12.915927 4.222139 103.547313 195.77929 22.461479
0.145 8.577431000000001e+52 8.736444e+52 4.6004449999999997e+52 9.184392 12.889865 4.214887 104.270431 194.980053 22.372057
0.146 8.668085e+52 8.830272000000001e+52 4.619332e+52 9.203571 12.874236 4.200123 104.661217 194.545207 22.20443
0.147 8.599413999999999e+52 8.826226e+52 4.5935819999999994e+52 9.195339 12.83108 4.178631 104.58452 193.365119 21.973636
0.148 8.071561000000001e+52 8.350080999999999e+52 4.328455e+52 9.054481 12.611443 4.09927 101.802626 187.49893 21.225316
0.149 7.869141e+52 8.157904999999999e+52 4.1685489999999993e+52 9.026812 12.542792 4.063564 101.52691 185.970218 20.95868
0.15 7.63318e+52 8.050366000000001e+52 4.0731080000000004e+52 9.008031 12.505108 4.042959 100.981714 185.041703 20.807958
0.151 7.558271000000001e+52 8.000076e+52 4.0057790000000004e+52 8.99301 12.49848 4.026838 100.983261 185.112612 20.70165
0.152 7.665062e+52 8.089349e+52 3.981116e+52 9.010301 12.539646 4.026872 101.621355 186.330213 20.714791
0.153 7.880393999999999e+52 8.237451999999999e+52 3.975887e+52 9.003726 12.561175 4.014164 101.510512 186.759208 20.588074
0.154 8.076494e+52 8.378192e+52 4.0164289999999995e+52 9.011027 12.620139 4.02089 101.686298 188.002315 20.604192
0.155 8.079369e+52 8.277573999999999e+52 3.9700989999999997e+52 8.984415 12.56828 4.016122 100.962362 186.337071 20.532569
0.156 8.001804e+52 8.131961999999999e+52 3.952753e+52 8.982876 12.531648 4.019761 100.993425 185.286103 20.552297
0.157 7.927471e+52 8.023661e+52 3.930717e+52 9.011966 12.514658 4.027521 101.500787 184.966782 20.62076
0.158 7.883286e+52 8.008489000000001e+52 3.932814e+52 9.035803 12.522002 4.028425 102.084436 185.256992 20.616218
0.159 7.972592e+52 8.112793999999999e+52 4.0109009999999994e+52 9.096219 12.602484 4.049518 103.279475 187.38559 20.806672
0.16 8.300338e+52 8.376689000000001e+52 4.134749e+52 9.175139 12.724909 4.081155 104.845865 190.66799 21.097021
0.161 8.609117e+52 8.565136000000001e+52 4.1938950000000006e+52 9.219685 12.806733 4.102225 105.761756 193.023337 21.306045
0.162 8.858401999999999e+52 8.761549e+52 4.2388409999999997e+52 9.235406 12.83933 4.123981 106.131336 193.985022 21.523084
0.163 9.023014e+52 9.038352e+52 4.3045929999999995e+52 9.227857 12.829158 4.139706 106.1097 193.652498 21.667914
0.164 9.170267000000001e+52 9.210283e+52 4.357476e+52 9.22422 12.802867 4.142065 106.208699 192.930381 21.690319
0.165 9.259081999999999e+52 9.234165000000001e+52 4.392044e+52 9.209884 12.76249 4.132015 105.867617 191.979127 21.598478
0.166 9.292653e+52 9.144348e+52 4.382787e+52 9.177656 12.710742 4.113649 105.189607 190.723109 21.42056
0.167 9.404495000000001e+52 9.11843e+52 4.3839300000000003e+52 9.132695 12.674457 4.101304 104.05144 189.743539 21.278235
0.168 9.565137999999999e+52 9.151692e+52 4.418296e+52 9.095205 12.661345 4.100292 103.120419 189.32879 21.232337
0.169 9.580342999999999e+52 9.140895e+52 4.45102e+52 9.066274 12.660756 4.103634 102.514718 189.249204 21.230353
0.17 9.669142e+52 9.13152e+52 4.493719e+52 9.031495 12.651566 4.098581 101.797792 189.014948 21.167791
0.171 9.770376999999999e+52 9.082245000000001e+52 4.4997179999999994e+52 9.004214 12.651331 4.10825 101.227965 189.183472 21.24306
0.172 9.73197e+52 9.064207e+52 4.4940139999999997e+52 8.981839 12.602588 4.106302 100.876976 187.876784 21.215501
0.173 9.881915e+52 9.337028e+52 4.5933450000000004e+52 9.011058 12.644925 4.11596 101.421668 189.150637 21.282682
0.174 1.0085699e+53 9.564023000000001e+52 4.6530379999999995e+52 9.031625 12.654502 4.121665 102.006508 189.559583 21.312749
0.175 1.0085805e+53 9.640078000000002e+52 4.68769e+52 9.017134 12.643284 4.117873 102.151764 189.360525 21.277235
0.176 1.0101394e+53 9.648634e+52 4.7041570000000004e+52 8.996998 12.599595 4.11554 101.644316 188.339715 21.252509
0.177 1.0104900999999999e+53 9.720475e+52 4.7145979999999994e+52 8.969834 12.58939 4.116694 101.184372 188.022338 21.259326
0.178 1.0193054e+53 9.757323e+52 4.7499820000000003e+52 8.974315 12.633137 4.120885 101.319927 189.251633 21.288956
0.179 1.0283752e+53 9.708557e+52 4.773535e+52 9.001639 12.664804 4.120695 101.784615 190.175676 21.285115
0.18 1.0235717e+53 9.555426999999999e+52 4.775347e+52 9.012409 12.659888 4.108628 101.901798 190.091513 21.163941
0.181 1.0097537000000001e+53 9.400898e+52 4.786804e+52 8.987888 12.635597 4.0953 101.213064 189.509993 21.038313
0.182 1.0007744e+53 9.270072e+52 4.799558e+52 8.979115 12.629214 4.088794 101.032244 189.551546 20.972969
0.183 1.0021152000000002e+53 9.250095999999999e+52 4.824976999999999e+52 8.981722 12.640165 4.088197 101.172679 190.022414 20.968544
0.184 1.0123464e+53 9.307663e+52 4.855327e+52 8.978064 12.643079 4.088697 101.278773 190.232981 20.997369
0.185 1.0237295e+53 9.395291000000001e+52 4.891881e+52 8.974691 12.632836 4.089363 101.428479 190.062487 21.029271
0.186 1.0334858e+53 9.453744000000001e+52 4.921115999999999e+52 8.979184 12.616499 4.08882 101.616338 189.681417 21.04539
0.187 1.0465849e+53 9.549759999999999e+52 4.946538e+52 8.995449 12.625822 4.099337 101.98518 189.958465 21.164072
0.188 1.0573389000000002e+53 9.648515e+52 4.964658e+52 9.01091 12.632123 4.10633 102.317667 190.138134 21.254643
0.189 1.0688485e+53 9.64724e+52 4.962465e+52 9.015287 12.632836 4.10339 102.366674 190.205724 21.249315
0.19 1.0745824e+53 9.522121999999999e+52 4.947962e+52 9.053119 12.661525 4.109074 102.958418 191.140276 21.30892
0.191 1.0786139e+53 9.457535e+52 4.952739000000001e+52 9.07216 12.667273 4.097572 103.330825 191.470461 21.195622
0.192 1.0673871e+53 9.390528e+52 4.917004e+52 9.076147 12.67711 4.085656 103.627429 191.965166 21.099923
0.193 1.0480342e+53 9.240005999999999e+52 4.863251e+52 9.094093 12.677716 4.073286 104.32646 192.133416 21.009211
0.194 1.0522715e+53 9.267705e+52 4.876006e+52 9.182201 12.756531 4.087896 106.386243 194.22855 21.172304
0.195 1.070939e+53 9.385823e+52 4.886051e+52 9.270037 12.804362 4.10242 108.349391 195.479455 21.349269
0.196 1.1053325e+53 9.532895999999999e+52 4.879501999999999e+52 9.337332 12.811634 4.107704 109.702101 195.871444 21.431582
0.197 1.1546504000000001e+53 9.770746e+52 4.911558999999999e+52 9.367697 12.857677 4.122488 110.105941 197.351777 21.580742
0.198 1.1736659e+53 9.95597e+52 4.949636e+52 9.365754 12.894856 4.129704 110.233318 198.551444 21.651238
0.199 1.1567043e+53 9.978304e+52 4.953595e+52 9.403921 12.979409 4.141035 111.2664 201.025692 21.770691
0.2 1.1488916e+53 1.003164e+53 4.908759e+52 9.503075 13.133803 4.165615 113.45072 205.268733 22.045638
0.201 1.156564e+53 1.015463e+53 4.86836e+52 9.604852 13.192296 4.177592 115.853049 206.995768 22.179053
0.202 1.1613780000000001e+53 1.0385915000000002e+53 4.896373e+52 9.664302 13.147143 4.176031 117.177967 205.713698 22.156955
0.203 1.1843825e+53 1.066047e+53 4.944961e+52 9.664239 13.043322 4.167169 116.953412 202.58514 22.056291
0.204 1.2305486e+53 1.1033963e+53 5.039092e+52 9.621287 12.939283 4.154642 115.72584 199.438135 21.900213
0.205 1.2808413e+53 1.1404824e+53 5.14346e+52 9.576006 12.884806 4.14487 114.650328 197.680351 21.777076
0.206 1.2986903e+53 1.1564667999999998e+53 5.208182e+52 9.530893 12.875565 4.142101 113.681106 197.440442 21.721383
0.207 1.3142417e+53 1.1748419999999999e+53 5.241017e+52 9.48005 12.877881 4.144883 112.41614 197.357524 21.721244
0.208 1.3287422e+53 1.1730742e+53 5.254362e+52 9.392018 12.875458 4.137887 110.44501 197.346044 21.665142
0.209 1.3231203e+53 1.1496746e+53 5.279863e+52 9.304774 12.890808 4.140728 108.745877 198.034987 21.685086
0.21 1.2919152e+53 1.1210915e+53 5.28528e+52 9.213961 12.895491 4.151422 107.055153 198.292723 21.794466
0.211 1.251118e+53 1.0812704e+53 5.225946e+52 9.145087 12.880837 4.154223 105.703392 198.172615 21.85243
0.212 1.1957037e+53 1.056078e+53 5.127649e+52 9.138391 12.844811 4.143598 105.817849 197.180494 21.776911
0.213 1.178843e+53 1.0509329e+53 5.035082e+52 9.16762 12.814734 4.136691 106.440458 196.120042 21.727574
0.214 1.1648287e+53 1.0329973e+53 4.935247e+52 9.139729 12.690096 4.12176 105.82104 192.721578 21.611951
0.215 1.1383423e+53 1.0181836e+53 4.856421000000001e+52 9.128913 12.624031 4.116277 105.590151 190.990889 21.601439
0.216 1.1231292e+53 1.0103529e+53 4.793395e+52 9.150134 12.593766 4.114538 105.860935 190.164592 21.604167
0.217 1.1230811e+53 1.0042204999999998e+53 4.7597149999999996e+52 9.172543 12.563029 4.109243 106.094276 189.37108 21.549004
0.218 1.1100619e+53 9.985665e+52 4.73312e+52 9.178506 12.538926 4.099803 106.243789 188.679868 21.452085
0.219 1.0723936e+53 9.75676e+52 4.685189e+52 9.154323 12.508773 4.077491 106.11005 187.966863 21.250879
0.22 1.0535087e+53 9.566798e+52 4.640704e+52 9.156598 12.478565 4.049426 106.324874 187.18849 20.996546
0.221 1.0603438e+53 9.546866e+52 4.6255499999999994e+52 9.17915 12.497189 4.036327 106.577713 187.770145 20.890282
0.222 1.0874442e+53 9.715531e+52 4.634481e+52 9.23577 12.538135 4.02671 107.682993 188.903965 20.821481
0.223 1.1053788e+53 9.979965e+52 4.64795e+52 9.247319 12.512781 4.024349 107.895827 188.018556 20.820556
0.224 1.1240318999999999e+53 1.0038751e+53 4.7130479999999996e+52 9.291886 12.522139 4.037064 108.824983 188.449751 20.925005
0.225 1.1434305999999998e+53 1.0208947e+53 4.7861570000000003e+52 9.30842 12.510913 4.042371 109.244239 188.136356 20.954786
0.226 1.1430396e+53 1.0284772e+53 4.825335e+52 9.289453 12.463449 4.049327 108.814647 186.707661 20.998212
0.227 1.1429633e+53 1.0305946999999999e+53 4.856474000000001e+52 9.282835 12.416111 4.053623 108.649283 185.389211 21.017554
0.228 1.1459749000000001e+53 1.0373592e+53 4.877237e+52 9.280399 12.397125 4.054586 108.705387 184.947805 21.017802
0.229 1.1643611999999999e+53 1.0521786999999999e+53 4.912804e+52 9.321798 12.41536 4.064142 109.574755 185.482273 21.089509
0.23 1.1703377e+53 1.0479973e+53 4.899004e+52 9.305138 12.42676 4.07082 109.365298 185.951388 21.137062
0.231 1.1700480000000001e+53 1.0499712e+53 4.875806e+52 9.291055 12.434625 4.068041 109.143017 186.194485 21.10946
0.232 1.1928626e+53 1.068713e+53 4.899401e+52 9.27537 12.459788 4.069239 108.685461 186.838316 21.10444
0.233 1.2162541e+53 1.0939043e+53 4.983976e+52 9.253212 12.489094 4.074808 108.18129 187.515717 21.125967
0.234 1.2248329e+53 1.0883421000000001e+53 4.939548e+52 9.183721 12.410079 4.056655 106.84522 185.500364 20.960766
0.235 1.2364009e+53 1.1035213e+53 5.018266e+52 9.137565 12.363414 4.034783 105.892596 184.393382 20.75583
0.236 1.2242154e+53 1.0732762e+53 4.968728e+52 9.061327 12.288764 4.009484 104.335254 182.556945 20.487587
0.237 1.1952113000000002e+53 1.0511394e+53 4.871728e+52 9.014594 12.238009 3.986772 103.479366 181.260235 20.254697
0.238 1.1731413e+53 1.0230291e+53 4.836757999999999e+52 8.990611 12.254997 3.992336 102.995227 182.122377 20.299982
0.239 1.1563474e+53 1.0251448e+53 4.7622390000000003e+52 8.970152 12.295282 4.007872 102.994842 183.067266 20.483884
0.24 1.2151165000000001e+53 1.0346952e+53 4.7196239999999997e+52 8.970413 12.345741 4.032354 102.649804 184.332041 20.722644
0.241 1.2179273e+53 1.041495e+53 4.691198e+52 8.984571 12.361682 4.044463 103.058918 184.573865 20.820895
0.242 1.2289790999999999e+53 1.0567196e+53 4.6565390000000004e+52 9.015594 12.356384 4.044398 103.676982 184.088994 20.818224
0.243 1.2102175e+53 1.0359607e+53 4.514519e+52 8.985452 12.284123 4.016193 102.51438 182.071746 20.572937
0.244 1.1982664e+53 1.0392026e+53 4.459537e+52 8.96425 12.226178 3.990725 101.754327 180.461149 20.302193
0.245 1.2070201000000002e+53 1.0715363e+53 4.5210080000000003e+52 9.052302 12.239211 3.978926 103.570798 180.694973 20.141315
0.246 1.2178149e+53 1.0841592999999999e+53 4.5897240000000004e+52 9.118843 12.263332 3.977629 105.046004 181.420688 20.090885
0.247 1.2184331999999999e+53 1.0800906e+53 4.644336e+52 9.128182 12.323195 3.99517 105.23266 183.073931 20.259513
0.248 1.2095504e+53 1.0631114e+53 4.6925869999999994e+52 9.091517 12.350397 3.999147 104.580285 183.998596 20.32093
0.249 1.2212195e+53 1.0661436e+53 4.7638629999999994e+52 9.112718 12.422245 4.006927 105.134176 185.920264 20.398683
0.25 1.2394542e+53 1.0992108e+53 4.847841e+52 9.15651 12.488946 4.020312 106.278547 187.429136 20.527015
0.251 1.2565655e+53 1.1102289000000001e+53 4.883061999999999e+52 9.174566 12.524567 4.028295 106.757856 188.548553 20.63726
0.252 1.2300571e+53 1.0879125e+53 4.904751e+52 9.161533 12.540667 4.03023 106.595028 189.251983 20.701053
0.253 1.1878757999999998e+53 1.051252e+53 4.858721e+52 9.172508 12.536584 4.028045 106.818513 189.432052 20.714754
0.254 1.1692219e+53 1.0277499e+53 4.7814240000000003e+52 9.239771 12.532938 4.01555 108.224485 189.302243 20.613684
0.255 1.1828949e+53 1.0232784999999999e+53 4.708096e+52 9.28456 12.567716 4.020817 109.055815 190.155978 20.65543
0.256 1.1940747e+53 1.0592646999999999e+53 4.7836049999999996e+52 9.296313 12.646539 4.038673 109.390155 192.285426 20.824864
0.257 1.2251469e+53 1.0633341e+53 4.795301e+52 9.408497 12.695143 4.066619 112.29087 194.247417 21.080164
0.258 1.2298177e+53 1.0981624e+53 4.852017e+52 9.383427 12.609962 4.072547 111.376503 191.476835 21.180741
0.259 1.2036250000000002e+53 1.0449740999999999e+53 4.739281e+52 9.348697 12.517166 4.07021 111.241855 189.378852 21.160031
0.26 1.1788156000000001e+53 1.0849026999999998e+53 4.7536449999999997e+52 9.295174 12.413532 4.04994 109.87142 185.83915 21.040231
0.261 1.190154e+53 1.0035669e+53 4.684366e+52 9.300378 12.419712 4.059936 109.872089 187.121605 21.147934
0.262 1.1866866999999999e+53 1.0729125e+53 4.74592e+52 9.290899 12.452837 4.059438 109.598873 187.420561 21.253509
0.263 1.1258061e+53 9.851379e+52 4.6222940000000003e+52 9.315011 12.348832 4.049516 110.233281 185.281065 21.180724
0.264 1.1387691e+53 1.0507312e+53 4.6543530000000005e+52 9.379016 12.330654 4.04808 111.318333 184.136549 21.203689
0.265 1.1414697e+53 1.0290371000000001e+53 4.6565979999999996e+52 9.393337 12.321937 4.046953 111.73428 184.555006 21.199364
0.266 1.1664083e+53 1.1046823e+53 4.6702700000000003e+52 9.461284 12.393683 4.060876 112.949652 185.911994 21.324869
0.267 1.1963070999999999e+53 1.1017337e+53 4.6433359999999997e+52 9.506595 12.437107 4.063783 113.943032 187.366205 21.338423
0.268 1.1820838e+53 1.1393352e+53 4.6855330000000003e+52 9.515666 12.44889 4.066372 114.112682 187.369141 21.378922
0.269 1.2229516999999999e+53 1.157344e+53 4.6362779999999997e+52 9.559628 12.463075 4.085198 114.933418 187.691705 21.553964
0.27 1.2164002e+53 1.184873e+53 4.709341e+52 9.573643 12.534106 4.096571 115.470518 189.692875 21.696088
0.271 1.24166e+53 1.1679456e+53 4.6862019999999997e+52 9.56002 12.51317 4.099791 115.000843 189.022966 21.759489
0.272 1.2332378e+53 1.1506496e+53 4.7355859999999994e+52 9.506395 12.49279 4.095782 114.003154 188.427515 21.717948
0.273 1.220854e+53 1.1249758999999999e+53 4.690729e+52 9.386925 12.385696 4.077006 111.497463 185.3538 21.49278
0.274 1.2699337e+53 1.1542432e+53 4.7085860000000004e+52 9.382417 12.381748 4.064218 111.259923 185.033471 21.292349
0.275 1.2255554e+53 1.1331518000000002e+53 4.5869179999999997e+52 9.307882 12.2819 4.004776 109.685016 182.123316 20.69856
0.276 1.2037183e+53 1.1116412e+53 4.6044710000000003e+52 9.228956 12.265255 3.965146 108.3077 182.183352 20.296997
0.277 1.1744726e+53 1.1129028e+53 4.576263e+52 9.203607 12.265509 3.935814 107.606006 182.181348 20.021219
0.278 1.1198437e+53 1.0233349e+53 4.41141e+52 9.159462 12.217199 3.890424 107.080973 181.814814 19.587438
0.279 1.1221237999999999e+53 1.0269089e+53 4.5039119999999995e+52 9.155869 12.235437 3.869821 107.124419 182.531905 19.377186
0.28 1.1020028999999998e+53 9.878467e+52 4.461233e+52 9.16139 12.250968 3.87456 107.583513 183.3348 19.45356
0.281 1.1633879e+53 1.0535353e+53 4.614146e+52 9.282308 12.286203 3.893222 110.241695 184.247034 19.677084
0.282 1.158133e+53 1.0300798e+53 4.5786879999999996e+52 9.273403 12.199697 3.892382 110.072769 181.967388 19.667428
0.283 1.1759408e+53 1.0645628e+53 4.7260169999999997e+52 9.278206 12.211083 3.894576 110.066162 182.009427 19.65334
0.284 1.1870229e+53 1.070849e+53 4.776421e+52 9.326777 12.209258 3.893151 110.746039 181.900123 19.592685
0.285 1.2570273999999998e+53 1.1075406e+53 4.877002e+52 9.367963 12.263669 3.913746 111.239102 183.178184 19.755255
0.286 1.272971e+53 1.1251199e+53 4.963782e+52 9.263874 12.256922 3.933075 108.921299 182.734513 19.938723
0.287 1.297621e+53 1.1086303e+53 4.941067999999999e+52 9.157245 12.246992 3.940916 106.85963 182.512802 20.023568
0.288 1.3195093e+53 1.1518587e+53 5.007256e+52 9.088124 12.238504 3.958058 105.714445 181.90901 20.199757
0.289 1.3333555e+53 1.1657272e+53 5.057605e+52 9.115319 12.226696 3.972776 106.507587 181.664696 20.304948
0.29 1.3199688999999998e+53 1.1624232e+53 5.058506999999999e+52 9.044299 12.195593 3.986295 105.085702 180.674244 20.463704
0.291 1.3227052e+53 1.0963765e+53 5.00296e+52 9.02156 12.188919 3.979144 104.409877 181.135963 20.434949
0.292 1.2976872e+53 1.083217e+53 4.925998e+52 8.913759 12.118139 3.964893 102.025537 179.140272 20.345068
0.293 1.2731761e+53 1.0537708999999999e+53 4.810197999999999e+52 8.872774 12.028864 3.944206 101.37136 176.856727 20.170892
0.294 1.2738613e+53 1.0747187e+53 4.89769e+52 8.891964 12.050451 3.945827 101.992004 177.723022 20.209669
0.295 1.2472395e+53 1.0473582e+53 4.858991999999999e+52 8.917008 11.991554 3.963616 102.533195 176.148371 20.32499
0.296 1.3249087e+53 1.1074212e+53 5.01304e+52 9.155189 12.178181 3.992238 107.753378 181.531276 20.573604
0.297 1.2519733e+53 1.0613993e+53 4.978201e+52 9.009852 12.131485 4.021394 104.220766 180.260906 20.834811
0.298 1.2644111e+53 1.0579706e+53 5.045325e+52 9.105503 12.201016 4.016408 106.802211 182.389799 20.778518
0.299 1.2123979e+53 1.0515729e+53 4.9461e+52 9.027232 12.104997 4.010464 104.888247 179.537663 20.754423
0.3 1.2394555e+53 9.797003e+52 5.003577e+52 9.135001 12.147525 3.993373 106.671438 181.339766 20.567733
0.301 1.1826377e+53 1.0094954e+53 4.853703000000001e+52 9.056771 12.102018 3.997339 105.362948 179.162678 20.696826
0.302 1.2215245e+53 9.928837e+52 4.755992e+52 9.188899 12.159893 4.004779 107.855712 181.066895 20.810552
0.303 1.2140079e+53 1.0416732e+53 4.70112e+52 9.230725 12.183618 4.019202 109.399819 181.342378 20.955912
0.304 1.1843272e+53 1.0218273e+53 4.651689e+52 9.240804 12.224086 4.008903 110.131858 182.830773 20.876696
0.305 1.2128751e+53 1.0335919e+53 4.578843e+52 9.257001 12.22861 3.99225 110.854538 183.211572 20.800257
0.306 1.2445146e+53 1.0458947e+53 4.5420550000000005e+52 9.182954 12.243561 4.013164 109.198839 183.556978 21.101148
0.307 1.2870647e+53 1.0567641e+53 4.588763e+52 9.131279 12.258792 4.023349 108.221254 183.893657 21.2566
0.308 1.3452662e+53 1.0794631e+53 4.754052e+52 9.109384 12.232963 4.044464 107.293618 183.32917 21.427423
0.309 1.3764508e+53 1.1198876999999999e+53 4.888381e+52 9.092864 12.164122 4.050071 106.831771 181.426551 21.392204
0.31 1.3808885999999998e+53 1.1509391000000001e+53 5.017952000000001e+52 9.118554 12.140043 4.060544 107.905733 180.715104 21.480453
0.311 1.3195568e+53 1.1093661e+53 4.994632e+52 9.105457 12.086787 4.045425 107.252652 179.423858 21.307228
0.312 1.2334223e+53 1.0672979e+53 4.957141e+52 9.071784 12.036052 4.023077 106.637577 178.105823 21.075598
0.313 1.2132172000000001e+53 1.0583887000000002e+53 4.937402e+52 9.090934 11.993053 3.995101 107.001075 177.125812 20.827902
0.314 1.2415558000000001e+53 1.0869903000000002e+53 4.925408e+52 9.085646 11.997918 3.981134 107.152814 177.357968 20.740761
0.315 1.2602249e+53 1.0958984e+53 4.856464e+52 9.022371 11.991298 3.974762 106.00343 177.122863 20.779238
0.316 1.2489003000000001e+53 1.0866042e+53 4.840136e+52 9.027622 12.025785 3.970464 106.176392 178.134797 20.786487
0.317 1.2723118e+53 1.1021831e+53 4.901847e+52 9.109071 12.115527 4.006166 107.77692 180.741363 21.146103
0.318 1.2672541e+53 1.106602e+53 4.921547000000001e+52 9.08132 12.146577 4.044005 107.367183 181.686911 21.511513
0.319 1.2364011e+53 1.0830886e+53 4.841218e+52 9.096554 12.135812 4.049715 107.511378 181.529267 21.550801
0.32 1.2280145e+53 1.0780059e+53 4.81099e+52 9.182863 12.151699 4.04161 109.105734 181.878706 21.451614
0.321 1.2297895999999999e+53 1.0888522999999999e+53 4.799140000000001e+52 9.238738 12.175765 4.034798 110.19335 182.350721 21.310855
0.322 1.2316257e+53 1.0888605e+53 4.745795e+52 9.226456 12.149752 4.02313 109.747664 181.512325 21.157771
0.323 1.2273697e+53 1.0732873e+53 4.691376e+52 9.239256 12.133739 4.002816 109.935816 181.050206 20.997582
0.324 1.2133838000000001e+53 1.0706325e+53 4.7297450000000003e+52 9.226992 12.160526 3.999105 109.426311 181.924056 20.948668
0.325 1.1737951e+53 1.0483165e+53 4.758357e+52 9.214981 12.142662 4.000813 110.002143 181.551345 20.928473
0.326 1.1655346e+53 1.0338921e+53 4.7064630000000004e+52 9.24619 12.171849 3.993583 110.155622 182.397265 20.798092
0.327 1.1854609e+53 1.047465e+53 4.695858e+52 9.263362 12.174484 3.983717 110.336111 182.48395 20.684481
0.328 1.1828809e+53 1.0312113e+53 4.6448080000000005e+52 9.232181 12.215345 3.968226 109.594382 183.800632 20.58303
0.329 1.1527669e+53 1.0091382e+53 4.552588e+52 9.259991 12.263865 3.959467 110.256298 185.290175 20.521787
0.33 1.0931526e+53 9.809716e+52 4.4609509999999995e+52 9.335228 12.33268 3.949001 112.13605 187.261914 20.439047
0.331 1.0676364e+53 9.815303999999998e+52 4.4633510000000003e+52 9.424843 12.366574 3.951749 114.10394 188.134007 20.466168
0.332 1.0789541e+53 9.897542e+52 4.4482540000000006e+52 9.456651 12.304975 3.96453 114.501679 186.380158 20.59147
0.333 1.1214283e+53 1.0001031e+53 4.467779e+52 9.418517 12.260086 3.990796 113.37281 184.808242 20.846773
0.334 1.1451157999999999e+53 1.0042881e+53 4.4687219999999996e+52 9.374437 12.256496 4.024216 112.12768 184.351032 21.137206
0.335 1.1386825e+53 9.998141e+52 4.4251820000000005e+52 9.36289 12.289644 4.04765 111.832965 185.124271 21.412884
0.336 1.1368653e+53 9.951924e+52 4.3797670000000004e+52 9.311929 12.301137 4.036104 110.746552 185.263196 21.268696
0.337 1.1252367e+53 9.845417e+52 4.408665e+52 9.249534 12.20968 4.024227 109.39945 182.693671 21.111268
0.338 1.1288781e+53 9.936784e+52 4.525013e+52 9.227754 12.208747 4.050218 108.902866 182.704208 21.368641
0.339 1.1386587e+53 1.025819e+53 4.667586e+52 9.236173 12.238529 4.079414 109.206586 183.561077 21.645064
0.34 1.1270803000000002e+53 1.0155756e+53 4.718848e+52 9.155977 12.210449 4.081146 107.499703 182.865268 21.646637
0.341 1.1026472e+53 9.843699000000002e+52 4.6715159999999996e+52 9.011234 12.136347 4.063375 104.116932 181.056152 21.524075
0.342 1.0721405e+53 9.700263e+52 4.69222e+52 8.984832 12.161143 4.076118 103.592442 182.043014 21.683536
0.343 1.0476942e+53 9.619506e+52 4.76825e+52 9.036617 12.182774 4.117534 104.885846 182.647582 22.135477
0.344 1.0279697e+53 9.661771999999998e+52 4.7176210000000004e+52 9.05907 12.168005 4.127533 105.4252 181.573038 22.2453
0.345 9.908245000000001e+52 9.40249e+52 4.643105e+52 8.999577 12.097833 4.117905 104.052646 179.700053 22.230701
0.346 9.906974e+52 9.20185e+52 4.586803e+52 8.984855 12.080697 4.108838 103.539865 179.164653 22.228212
0.347 9.826481e+52 9.041908e+52 4.5814469999999997e+52 9.046373 12.062309 4.121465 104.979052 179.034668 22.419759
0.348 9.461575e+52 8.848129e+52 4.49538e+52 9.043598 11.991335 4.102004 105.078377 176.828065 22.262783
0.349 9.269524e+52 8.707514e+52 4.399043e+52 9.020311 11.900109 4.061815 104.52305 174.056482 21.880915
0.35 9.227983999999999e+52 8.609887999999999e+52 4.368027e+52 8.986269 11.819198 4.033248 103.505997 171.710625 21.585901
0.351 8.973635e+52 8.295052999999999e+52 4.3422790000000006e+52 8.864572 11.703974 4.004886 100.975692 168.795326 21.281751
0.352 8.836358000000001e+52 8.08314e+52 4.277389e+52 8.833168 11.676679 3.990864 100.400391 168.171033 21.102651
0.353 8.610986999999999e+52 7.856976e+52 4.216882e+52 8.759825 11.581948 3.958047 98.986872 165.771383 20.752283
0.354 8.296882e+52 7.862881e+52 4.190113e+52 8.768243 11.519548 3.947864 99.415654 164.087568 20.635611
0.355 8.042885e+52 7.691893e+52 4.1805979999999997e+52 8.777203 11.506202 3.953572 99.587905 163.800839 20.661478
0.356 8.009021000000001e+52 7.661616999999999e+52 4.17457e+52 8.754812 11.487554 3.956818 99.310792 163.53508 20.708248
0.357 8.051997999999999e+52 7.699379e+52 4.1606209999999996e+52 8.748656 11.469169 3.958982 99.17721 163.013923 20.76489
0.358 8.251654e+52 7.829754e+52 4.1776869999999996e+52 8.798741 11.541195 3.994476 100.004866 164.669947 21.183421
0.359 8.179098e+52 7.741395e+52 4.235371e+52 8.842759 11.58126 4.016509 100.854848 165.865189 21.417481
0.36 8.175397000000001e+52 7.916027e+52 4.270347e+52 8.853726 11.626736 4.038514 100.967371 166.991896 21.560736
0.361 8.460835e+52 8.036531999999999e+52 4.316803e+52 8.910227 11.707917 4.070489 102.123536 169.202162 21.846273
0.362 8.659772999999999e+52 8.126566999999999e+52 4.348307e+52 8.933295 11.777321 4.106734 102.856144 171.024158 22.253987
0.363 8.466642e+52 7.954992e+52 4.334926e+52 8.961562 11.783792 4.107187 103.491786 171.237857 22.302538
0.364 8.223767e+52 7.759459e+52 4.290135e+52 8.955539 11.775646 4.090751 103.424097 170.995918 22.135635
0.365 8.168533e+52 7.836303e+52 4.243924e+52 8.958603 11.772239 4.077563 103.52393 170.708662 21.962446
0.366 8.221802999999999e+52 8.00422e+52 4.237931e+52 8.984121 11.815688 4.079704 104.139387 171.417666 21.977999
0.367 8.061177000000001e+52 7.683684e+52 4.207471e+52 8.992752 11.865618 4.079314 103.916737 172.773976 21.978046
0.368 7.870205999999999e+52 7.29847e+52 4.1920400000000003e+52 9.010477 11.851167 4.066608 104.340409 173.058516 21.849053
0.369 7.914005e+52 7.350142e+52 4.163827e+52 9.050943 11.870615 4.058748 105.182205 173.728594 21.777015
0.37 8.015632999999999e+52 7.50996e+52 4.107524e+52 9.062998 11.873617 4.052663 105.376494 173.848443 21.738701
0.371 7.742125e+52 7.319628999999999e+52 4.0366549999999997e+52 9.015346 11.861108 4.050826 104.37788 173.596134 21.753323
0.372 7.70474e+52 7.231364e+52 4.012462e+52 9.026167 11.863113 4.058869 104.633938 173.77846 21.84606
0.373 7.80479e+52 7.416273999999999e+52 4.054133e+52 9.085315 11.947823 4.071056 106.252322 176.33735 22.008229
0.374 8.010066e+52 7.599432000000001e+52 4.0944700000000003e+52 9.191922 12.002799 4.094681 108.728128 177.874314 22.24141
0.375 7.876324999999999e+52 7.514943e+52 4.050765e+52 9.206751 12.003862 4.097729 108.753296 177.489315 22.245119
0.376 7.717727e+52 7.567071000000001e+52 4.007065e+52 9.236021 12.019562 4.07632 109.347915 177.560036 21.963642
0.377 7.927384e+52 7.681574e+52 4.004873e+52 9.250569 12.034205 4.061031 109.573256 177.840196 21.754552
0.378 8.034641999999999e+52 7.764593e+52 4.0647450000000003e+52 9.255339 11.989536 4.052038 109.936701 176.886332 21.64105
0.379 7.886286e+52 7.689751e+52 4.059566e+52 9.240013 11.988045 4.069967 109.727622 177.028496 21.86218
0.38 7.815153999999999e+52 7.504402e+52 4.0571450000000003e+52 9.267701 11.981942 4.063727 110.337602 177.130329 21.813383
0.381 7.775796e+52 7.44889e+52 4.086512e+52 9.304302 12.068476 4.07647 111.152387 179.495773 21.884198
0.382 7.856712e+52 7.422097e+52 4.0886500000000004e+52 9.269338 12.03491 4.060607 110.383425 178.582808 21.697055
0.383 7.866493e+52 7.422785e+52 4.081931e+52 9.251593 11.980504 4.064632 110.150796 176.948839 21.746047
0.384 7.986505e+52 7.532447e+52 4.095676e+52 9.30406 12.03613 4.068522 111.377646 178.533101 21.782939
0.385 8.200908999999999e+52 7.84239e+52 4.0315009999999997e+52 9.371884 12.130167 4.057966 112.851828 181.002814 21.745704
0.386 7.854289999999999e+52 7.510279e+52 3.966337e+52 9.327681 12.093704 4.054665 112.685744 180.471599 21.703105
0.387 8.081302000000001e+52 7.481270999999999e+52 3.961461e+52 9.386062 12.167482 4.05515 113.359853 182.441919 21.741375
0.388 7.942057e+52 7.456608000000001e+52 3.990882e+52 9.401916 12.170431 4.091334 114.158051 182.725991 22.128847
0.389 7.948792e+52 7.476424e+52 3.959237e+52 9.421971 12.193397 4.109155 114.854637 183.399568 22.328572
0.39 7.901216e+52 7.585681e+52 3.908494e+52 9.407237 12.188439 4.119028 114.479131 182.952978 22.427128
0.391 8.023844000000001e+52 7.831265e+52 3.968285e+52 9.436328 12.268192 4.132166 115.083223 185.271774 22.56873
0.392 7.953750000000001e+52 7.57137e+52 3.902661e+52 9.436722 12.226013 4.128294 114.904923 184.092095 22.547632
0.393 7.768679e+52 7.419348e+52 3.898575e+52 9.451944 12.251653 4.144955 115.626943 185.216386 22.767018
0.394 7.841494e+52 7.629552999999999e+52 3.915882e+52 9.582331 12.350721 4.186711 118.434484 187.680217 23.243504
0.395 7.742868e+52 7.616932000000001e+52 3.92122e+52 9.70355 12.513647 4.227006 121.488143 192.704 23.626984
0.396 7.735953e+52 7.61275e+52 3.939822e+52 9.77269 12.637547 4.248861 123.163226 196.847051 23.907793
0.397 7.879895000000001e+52 7.641388e+52 3.890262e+52 9.790925 12.669681 4.251284 123.427023 197.842193 23.909669
0.398 7.750931999999999e+52 7.46632e+52 3.850913e+52 9.76545 12.605995 4.242874 122.94125 196.100571 23.834689
0.399 7.513452e+52 7.374698e+52 3.8575919999999997e+52 9.76944 12.555727 4.231768 122.895472 194.74652 23.69097
0.4 7.516031e+52 7.417976e+52 3.899484e+52 9.807884 12.550538 4.227705 123.721259 194.476332 23.625449
0.401 7.432678e+52 7.312832e+52 3.8885809999999997e+52 9.792406 12.477199 4.210293 123.227711 192.171694 23.444643
0.402 7.44816e+52 7.163782e+52 3.9030079999999997e+52 9.76235 12.441081 4.208937 122.902317 191.329504 23.430995
0.403 7.273515e+52 7.090829e+52 3.871512e+52 9.675692 12.366635 4.205899 120.730373 188.973793 23.42281
0.404 7.251179999999999e+52 7.061339e+52 3.842292e+52 9.599292 12.295356 4.207037 118.597276 186.501948 23.44118
0.405 6.86205e+52 6.726101e+52 3.82057e+52 9.550687 12.237129 4.202648 117.769831 185.329595 23.462866
0.406 6.852254000000001e+52 6.743636e+52 3.79955e+52 9.533247 12.224376 4.225629 117.376258 184.789311 23.732252
0.407 6.884026e+52 6.760838e+52 3.808503e+52 9.571549 12.252139 4.234603 118.306079 185.489154 23.868964
0.408 6.762233e+52 6.631112e+52 3.831767e+52 9.609316 12.273635 4.24423 119.396107 186.42874 23.996748
0.409 6.910843e+52 6.790368e+52 3.8581599999999996e+52 9.694668 12.334265 4.254513 121.396726 188.083761 24.070229
0.41 6.980332999999999e+52 6.891987e+52 3.912305e+52 9.723141 12.329142 4.264679 122.01672 187.877535 24.138827
0.411 6.959231e+52 6.945217e+52 3.955687e+52 9.697086 12.333488 4.281578 121.390389 188.173383 24.325289
0.412 7.082552e+52 7.101718e+52 3.9722270000000004e+52 9.739882 12.373573 4.275487 122.536471 189.645529 24.306815
0.413 6.945144e+52 6.916743e+52 3.903384e+52 9.671797 12.282541 4.255425 120.799498 187.181664 24.137621
0.414 6.821240000000001e+52 6.789422e+52 3.8489819999999996e+52 9.684696 12.270428 4.257026 121.582648 187.059692 24.154492
0.415 6.662249e+52 6.623842e+52 3.817376e+52 9.673613 12.263888 4.264956 121.222339 186.940258 24.295769
0.416 6.790561e+52 6.71554e+52 3.823062e+52 9.691298 12.293001 4.283179 121.267102 187.223513 24.51959
0.417 6.728625e+52 6.676604000000001e+52 3.829938e+52 9.727494 12.347952 4.287334 122.213113 188.929145 24.587618
0.418 6.682432000000001e+52 6.667967e+52 3.844853e+52 9.70918 12.361436 4.298454 121.493243 189.311568 24.768075
0.419 6.68657e+52 6.697217e+52 3.8895789999999997e+52 9.682192 12.32339 4.315178 120.935525 187.966729 24.973756
0.42 6.568949e+52 6.533093e+52 3.952607e+52 9.645641 12.299884 4.343818 120.351265 187.641454 25.325992
0.421 6.414946999999999e+52 6.364711e+52 3.962549e+52 9.621663 12.291708 4.355233 119.527845 187.452982 25.479915
0.422 6.437056e+52 6.443092e+52 4.0528209999999997e+52 9.667458 12.342386 4.380229 120.726655 188.786611 25.668738
0.423 6.380358e+52 6.432944e+52 4.093338e+52 9.660155 12.353448 4.404245 120.636542 189.297801 25.901691
0.424 6.336339e+52 6.370875e+52 4.091393e+52 9.647958 12.312525 4.412209 120.175945 187.894117 26.041524
0.425 6.373954999999999e+52 6.230683e+52 4.046177e+52 9.629493 12.229997 4.383727 119.747248 185.393025 25.751391
0.426 6.259991e+52 6.129135e+52 4.0028110000000003e+52 9.573493 12.193159 4.357817 118.813596 184.569804 25.44512
0.427 6.313901e+52 6.065394999999999e+52 3.94698e+52 9.491952 12.150754 4.348357 116.909166 183.217321 25.324371
0.428 6.266654e+52 5.955064e+52 3.915375e+52 9.48161 12.149136 4.347838 117.02319 183.408624 25.294501
0.429 6.055280999999999e+52 5.827880000000001e+52 3.834214e+52 9.511864 12.151712 4.313475 118.222725 184.037179 24.966878
0.43 5.946869999999999e+52 5.849174e+52 3.7235360000000003e+52 9.544373 12.159197 4.307937 118.480355 183.456 25.01257
0.431 5.840471e+52 5.58051e+52 3.679933e+52 9.604462 12.256936 4.303946 120.132191 187.133731 25.022844
0.432 5.905445e+52 5.72058e+52 3.695875e+52 9.734888 12.434344 4.325402 123.451417 193.10418 25.248976
0.433 5.871228999999999e+52 5.697156e+52 3.672835e+52 9.768161 12.478666 4.328384 124.520114 194.534483 25.258377
0.434 5.938728000000001e+52 5.746407e+52 3.70626e+52 9.815485 12.520489 4.312556 125.818337 195.77397 25.039232
0.435 6.056978e+52 5.977944e+52 3.790182e+52 9.847972 12.551488 4.325068 126.360137 196.489957 25.159162
0.436 5.984232000000001e+52 5.822289e+52 3.7730009999999997e+52 9.773901 12.453939 4.318685 124.370106 193.3782 25.13777
0.437 5.898075e+52 5.721697e+52 3.788627e+52 9.786399 12.433473 4.315092 124.776558 192.747052 25.109204
0.438 5.798943e+52 5.678341e+52 3.757408e+52 9.738491 12.361985 4.309659 123.416928 190.312535 25.026093
0.439 5.607643e+52 5.532078e+52 3.749273e+52 9.668592 12.264658 4.305132 122.059871 187.633026 24.946922
0.44 5.559515e+52 5.520122e+52 3.734407e+52 9.658899 12.247567 4.287742 121.758427 187.187272 24.747418
0.441 5.642589e+52 5.600529e+52 3.7475399999999997e+52 9.645819 12.258123 4.282478 121.170265 187.437166 24.690463
0.442 5.751474e+52 5.679156e+52 3.770706e+52 9.61302 12.212553 4.282633 120.056502 185.791507 24.698903
0.443 5.746527e+52 5.622767999999999e+52 3.81756e+52 9.534841 12.156994 4.293968 117.565277 183.649658 24.888835
0.444 5.445135e+52 5.445878e+52 3.857009e+52 9.464903 12.166714 4.320237 116.274196 184.083729 25.1809
0.445 5.381918e+52 5.518994e+52 3.954076e+52 9.470384 12.207138 4.348686 116.658682 185.088759 25.439861
0.446 5.511713999999999e+52 5.711471999999999e+52 4.0133470000000004e+52 9.559982 12.301068 4.367342 119.350935 188.24878 25.638213
0.447 5.414767e+52 5.59827e+52 3.973825e+52 9.489923 12.235733 4.361782 117.051463 185.629061 25.570888
0.448 5.334105e+52 5.485266e+52 3.9590209999999997e+52 9.453734 12.182831 4.356579 116.391613 184.360552 25.474639
0.449 5.190553e+52 5.434898e+52 3.919181e+52 9.495767 12.231822 4.362985 117.225274 185.882362 25.534192
0.45 5.281863999999999e+52 5.433635e+52 3.911634e+52 9.549261 12.271497 4.377546 118.209867 186.895789 25.715776
0.451 5.224555e+52 5.417889e+52 3.890151e+52 9.59393 12.3524 4.383064 119.394117 189.37902 25.825347
0.452 5.141569e+52 5.391831e+52 3.8627379999999995e+52 9.593206 12.400772 4.379608 118.653431 190.50474 25.816196
0.453 5.063283000000001e+52 5.32385e+52 3.868403e+52 9.544295 12.377126 4.404719 116.814624 189.27968 26.067856
0.454 5.054132e+52 5.342355000000001e+52 3.89225e+52 9.534158 12.389797 4.430631 116.707685 189.536206 26.34847
0.455 5.016803e+52 5.304109999999999e+52 3.891384e+52 9.573934 12.45674 4.463805 117.349461 191.154737 26.718437
0.456 4.884279e+52 5.223562e+52 3.8366739999999997e+52 9.532573 12.417317 4.448379 115.994213 189.033886 26.54686
0.457 4.789297000000001e+52 5.180636e+52 3.764713e+52 9.559103 12.468191 4.443832 116.280948 190.226802 26.499453
0.458 4.7658509999999997e+52 5.140385000000001e+52 3.663099e+52 9.546235 12.439376 4.434134 115.733831 189.237496 26.382472
0.459 4.933837e+52 5.304082e+52 3.660074e+52 9.626362 12.483952 4.444884 117.570476 190.359373 26.549331
0.46 4.927784e+52 5.285892e+52 3.655021e+52 9.707171 12.563502 4.462645 119.591809 192.857358 26.759406
0.461 4.928604e+52 5.253686e+52 3.664932e+52 9.646075 12.511852 4.442641 118.544659 191.592072 26.550112
0.462 5.097685e+52 5.325300999999999e+52 3.680396e+52 9.7117 12.513918 4.443879 120.261746 191.924144 26.480466
0.463 5.051948999999999e+52 5.283853e+52 3.654454e+52 9.676963 12.463142 4.41961 119.496518 190.380007 26.216765
0.464 4.934919e+52 5.230232e+52 3.659006e+52 9.593278 12.381662 4.379203 117.778599 188.375191 25.787866
0.465 4.872720000000001e+52 5.129512e+52 3.6450840000000004e+52 9.549035 12.303771 4.370373 117.02682 186.677934 25.701971
0.466 4.799811e+52 4.940167e+52 3.638489e+52 9.514378 12.296508 4.35851 116.099518 186.625529 25.649291
0.467 4.815719e+52 4.994671000000001e+52 3.6264859999999997e+52 9.502793 12.28852 4.363073 115.916174 186.334266 25.648297
0.468 4.730657e+52 4.936049e+52 3.599173e+52 9.406551 12.169612 4.368231 113.718327 182.58339 25.699051
0.469 4.855122999999999e+52 5.052174e+52 3.6384479999999997e+52 9.445939 12.201722 4.379235 114.522646 183.259556 25.906993
0.47 4.943177e+52 5.155560999999999e+52 3.629184e+52 9.527743 12.257292 4.398079 115.963094 184.252258 26.226593
0.471 4.994144e+52 5.159075e+52 3.652828e+52 9.491233 12.198919 4.403027 115.288303 182.780465 26.258264
0.472 4.982787e+52 5.088117999999999e+52 3.677906e+52 9.538969 12.263975 4.402678 116.557533 184.976776 26.223161
0.473 4.903499e+52 4.99439e+52 3.721215e+52 9.520118 12.271612 4.394696 116.53339 185.684679 26.048856
0.474 5.043462e+52 5.088836e+52 3.8115800000000003e+52 9.603282 12.319871 4.394115 118.477578 187.330853 26.092827
0.475 4.950118e+52 5.003322e+52 3.823716e+52 9.512552 12.251832 4.408493 117.138221 185.945266 26.268546
0.476 4.928906e+52 5.145895999999999e+52 3.778868e+52 9.465877 12.234596 4.398335 115.936641 185.204009 26.168848
0.477 4.891809e+52 4.978514e+52 3.741735e+52 9.486266 12.234009 4.36586 116.94723 186.170588 25.824282
0.478 4.83849e+52 4.903033e+52 3.650278e+52 9.4955 12.185542 4.334825 117.684213 185.178576 25.504371
0.479 4.7651770000000006e+52 4.873318e+52 3.602055e+52 9.510847 12.179381 4.316382 118.018115 185.08694 25.386268
0.48 4.871275999999999e+52 4.917815e+52 3.6133350000000003e+52 9.55593 12.209045 4.341625 118.813109 185.456227 25.61907
0.481 4.943505e+52 5.020344999999999e+52 3.713122e+52 9.665309 12.332049 4.377194 121.670997 189.26129 25.945862
0.482 4.985839e+52 5.05691e+52 3.7501449999999996e+52 9.738339 12.407198 4.392574 123.537023 191.638018 26.091451
0.483 5.000822e+52 5.066458e+52 3.727132e+52 9.674431 12.306623 4.383151 122.045553 188.603794 26.046222
0.484 4.914506e+52 4.941707e+52 3.647593e+52 9.627512 12.254756 4.355264 121.036774 187.086246 25.789857
0.485 4.861263e+52 4.847565e+52 3.5989119999999997e+52 9.609398 12.235763 4.341558 120.531961 186.623735 25.62773
0.486 4.806897e+52 4.825197000000001e+52 3.594849e+52 9.607003 12.207759 4.338606 120.721007 186.076662 25.588238
0.487 4.879376999999999e+52 4.900565e+52 3.688776e+52 9.611044 12.256407 4.388074 120.714065 187.422107 26.218293
0.488 4.980153999999999e+52 5.041753e+52 3.788837e+52 9.64527 12.351684 4.423299 121.142117 189.666538 26.631529
0.489 4.930107e+52 4.962379e+52 3.7620049999999997e+52 9.654 12.319813 4.460248 121.559001 189.000052 27.166677
0.49 4.862282e+52 4.868193e+52 3.7542469999999997e+52 9.489826 12.118714 4.47102 117.395168 182.654904 27.324142
0.491 4.964696e+52 4.923737e+52 3.769224e+52 9.569863 12.204012 4.458858 119.793339 185.801261 27.085435
0.492 4.911059e+52 4.89668e+52 3.766751e+52 9.589083 12.21301 4.437953 120.46156 186.818709 26.927161
0.493 4.881917e+52 4.839741e+52 3.7686009999999997e+52 9.590713 12.194147 4.46754 120.888159 186.725672 27.28163
0.494 4.937071000000001e+52 4.934638999999999e+52 3.789555e+52 9.505921 12.090111 4.445359 118.429118 183.194256 27.033583
0.495 4.961282e+52 5.006495e+52 3.827224e+52 9.475591 12.096891 4.458151 117.632813 183.20853 27.201101
0.496 5.034042e+52 5.073693e+52 3.957748e+52 9.500666 12.119658 4.498994 118.35259 184.022727 27.730596
0.497 4.996024000000001e+52 5.066637e+52 4.035824e+52 9.492575 12.126749 4.540973 118.326433 183.98778 28.316661
0.498 4.983357e+52 5.078585e+52 4.048426e+52 9.560087 12.213745 4.54702 120.235878 187.025171 28.387255
0.499 4.972961e+52 5.11752e+52 4.08976e+52 9.666591 12.348726 4.558805 123.352979 191.504488 28.433688
0.5 5.065111e+52 5.176110000000001e+52 4.155138e+52 9.760607 12.465018 4.579496 125.571425 195.00206 28.658814
0.501 5.035458000000001e+52 5.121249e+52 4.1741479999999997e+52 9.763192 12.460731 4.620707 126.150078 194.721184 29.155973
0.502 5.087920000000001e+52 5.197899e+52 4.1863669999999996e+52 9.765501 12.472921 4.620176 125.435393 194.710006 29.132123
0.503 5.216278e+52 5.317418e+52 4.1972990000000003e+52 9.820814 12.53507 4.631856 126.471427 196.089945 29.205911
0.504 5.250211e+52 5.327410000000001e+52 4.181474e+52 9.888383 12.606015 4.638931 127.892805 198.064713 29.281058
0.505 5.10904e+52 5.158730000000001e+52 4.120853e+52 9.802975 12.527767 4.628959 126.089056 195.778587 29.213616
0.506 4.985782999999999e+52 5.033372e+52 4.00797e+52 9.656744 12.355939 4.580172 122.083303 190.549826 28.718564
0.507 4.84011e+52 4.922038e+52 3.8713609999999995e+52 9.574052 12.257761 4.518899 120.023381 187.641266 27.984523
0.508 4.7263409999999995e+52 4.7453900000000006e+52 3.725519e+52 9.575362 12.278268 4.485673 119.996279 188.186137 27.588458
0.509 4.7594529999999995e+52 4.7031970000000004e+52 3.682336e+52 9.571996 12.256814 4.480365 119.599909 187.244967 27.380143
0.51 4.6854519999999996e+52 4.525901e+52 3.663337e+52 9.574564 12.221905 4.470072 120.169155 186.943761 27.177016
0.511 4.61986e+52 4.388645e+52 3.637026e+52 9.649064 12.28584 4.490503 121.83685 188.581033 27.343022
0.512 4.704547e+52 4.464677e+52 3.6940559999999996e+52 9.640483 12.279505 4.475138 121.514122 188.535349 27.119805
0.513 4.79093e+52 4.5046239999999996e+52 3.698172e+52 9.760445 12.356991 4.506773 123.848026 190.127915 27.501402
0.514 4.828894e+52 4.6235920000000005e+52 3.753351e+52 9.714027 12.310199 4.52921 122.937458 188.714987 27.857375
0.515 4.7803449999999996e+52 4.616512e+52 3.7591060000000003e+52 9.687313 12.284453 4.527711 122.233367 187.813211 27.912591
0.516 4.80346e+52 4.688187e+52 3.80961e+52 9.698053 12.303549 4.541342 122.444316 188.270835 28.045109
0.517 4.780169e+52 4.743212e+52 3.8446479999999997e+52 9.606324 12.251613 4.557326 120.314829 186.741532 28.348049
0.518 4.7042780000000003e+52 4.723769e+52 3.879356e+52 9.621502 12.289058 4.593422 121.040357 188.227089 28.863395
0.519 4.620151e+52 4.6732649999999995e+52 3.851737e+52 9.548397 12.272433 4.589434 119.84567 187.853182 28.844243
0.52 4.586308e+52 4.6598110000000005e+52 3.844059e+52 9.627208 12.374112 4.589973 120.907561 190.501536 28.758656
0.521 4.626883e+52 4.701581e+52 3.8348680000000003e+52 9.617758 12.37089 4.574624 120.731787 190.578741 28.54091
0.522 4.5419720000000006e+52 4.616623e+52 3.828584e+52 9.590614 12.335528 4.572859 120.194453 190.069742 28.578543
0.523 4.557564e+52 4.7071670000000003e+52 3.838636e+52 9.60002 12.359659 4.619385 119.791517 189.634793 29.022725
0.524 4.680521e+52 4.826778e+52 3.867292e+52 9.674434 12.443711 4.641317 121.512527 191.850103 29.24117
0.525 4.78902e+52 4.884629e+52 3.9110839999999996e+52 9.734114 12.488754 4.636077 122.845752 193.120392 29.024709
0.526 4.840499000000001e+52 4.904363e+52 3.928378e+52 9.719751 12.435693 4.61943 122.154865 191.3322 28.900954
0.527 4.765405e+52 4.854303e+52 3.8831060000000004e+52 9.706946 12.425045 4.624491 122.196358 191.184432 28.979564
0.528 4.7623129999999996e+52 4.804000000000001e+52 3.886177e+52 9.658809 12.382607 4.59501 121.162561 190.398694 28.641278
0.529 4.756276e+52 4.812237e+52 3.901366e+52 9.589824 12.290369 4.569326 119.307528 187.557661 28.358302
0.53 4.7383439999999996e+52 4.76202e+52 3.852765e+52 9.542609 12.190651 4.568746 118.068086 184.389248 28.45235
0.531 4.6884769999999996e+52 4.727744e+52 3.809162e+52 9.537079 12.20261 4.551042 118.012632 185.004979 28.124235
0.532 4.653721e+52 4.690546e+52 3.8138610000000003e+52 9.55551 12.220232 4.539234 118.641748 185.898043 28.04659
0.533 4.629499e+52 4.706971e+52 3.8543419999999997e+52 9.545601 12.229324 4.548433 118.699401 186.561617 28.194339
0.534 4.64653e+52 4.7619319999999997e+52 3.836958e+52 9.520071 12.190879 4.57161 118.012483 185.267162 28.465637
0.535 4.4823069999999994e+52 4.6891679999999996e+52 3.799873e+52 9.396832 12.103614 4.558477 115.428541 182.789044 28.402334
0.536 4.519017e+52 4.7846089999999996e+52 3.779433e+52 9.434338 12.129882 4.572362 116.133226 183.294595 28.567883
0.537 4.68915e+52 4.937542e+52 3.874793e+52 9.494747 12.228016 4.603895 117.443006 186.067844 29.048939
0.538 4.687261e+52 4.919406e+52 3.9891540000000003e+52 9.53914 12.262297 4.613538 118.652524 187.751676 29.165721
0.539 4.78934e+52 4.960441e+52 4.0721709999999997e+52 9.619856 12.31936 4.634598 120.694359 189.44868 29.444823
0.54 4.7567269999999997e+52 4.919526e+52 4.064107e+52 9.594915 12.301408 4.646619 120.968493 189.820921 29.619123
0.541 4.765343e+52 4.884149e+52 4.0004090000000004e+52 9.655467 12.399237 4.680223 122.483084 192.419972 30.054578
0.542 4.6712429999999997e+52 4.836999e+52 3.927571e+52 9.58341 12.30494 4.639299 120.461272 189.210656 29.529845
0.543 4.5637990000000006e+52 4.757348e+52 3.795979e+52 9.518285 12.227112 4.602089 118.56043 186.603888 29.187806
0.544 4.4769290000000003e+52 4.6587139999999996e+52 3.721139e+52 9.609717 12.294593 4.584641 120.622915 188.580147 28.862842
0.545 4.5333579999999996e+52 4.7144180000000004e+52 3.6543700000000003e+52 9.623842 12.307912 4.574315 121.002213 188.831191 28.617053
0.546 4.45756e+52 4.5649199999999996e+52 3.5517759999999997e+52 9.553226 12.295542 4.528823 119.438634 188.673753 27.951683
0.547 4.4528860000000005e+52 4.48339e+52 3.521244e+52 9.615913 12.322873 4.483362 120.809914 189.510213 27.394741
0.548 4.571185e+52 4.591877e+52 3.512829e+52 9.580579 12.29562 4.467644 120.092064 188.476988 27.199526
0.549 4.544189e+52 4.588312e+52 3.514189e+52 9.547932 12.264003 4.436504 119.801254 188.215992 26.802021
0.55 4.5369749999999997e+52 4.5258960000000003e+52 3.43656e+52 9.584416 12.245045 4.406858 120.774191 187.817523 26.559787
0.551 4.6247490000000004e+52 4.562107e+52 3.451886e+52 9.550339 12.165615 4.388097 120.019949 185.527551 26.305604
0.552 4.76487e+52 4.650623e+52 3.499199e+52 9.534463 12.154473 4.387146 119.881076 185.504499 26.238449
0.553 4.909051e+52 4.701192e+52 3.566117e+52 9.642127 12.298257 4.415444 122.214558 189.579689 26.528566
0.554 5.00065e+52 4.7717460000000003e+52 3.579844e+52 9.718512 12.375699 4.432188 123.965526 191.602243 26.736619
0.555 5.148782e+52 4.865374e+52 3.642499e+52 9.790798 12.43674 4.444204 125.796456 193.676862 26.870887
0.556 5.288264e+52 4.975989e+52 3.71392e+52 9.824828 12.436601 4.453833 126.439953 193.572688 26.947147
0.557 5.373144e+52 5.06944e+52 3.792591e+52 9.875325 12.511162 4.491446 127.570962 195.755189 27.375975
0.558 5.479731000000001e+52 5.164172e+52 3.8412890000000004e+52 9.898277 12.549916 4.510969 128.313131 196.782816 27.609811
0.559 5.655020999999999e+52 5.318847e+52 3.9127900000000004e+52 9.932917 12.596912 4.532979 129.370018 198.042725 27.919488
0.56 5.653357999999999e+52 5.255933e+52 3.90022e+52 9.924544 12.534619 4.528019 129.712254 196.300233 27.943722
0.561 5.59725e+52 5.230923e+52 3.881665e+52 9.913195 12.51702 4.511537 129.830048 195.747794 27.746615
0.562 5.558954e+52 5.256685e+52 3.906674e+52 9.908729 12.542561 4.514726 129.623973 196.360525 27.830932
0.563 5.562852e+52 5.255912e+52 3.991945e+52 9.962921 12.576114 4.543943 131.987602 197.494152 28.253998
0.564 5.546055e+52 5.267667000000001e+52 4.087363e+52 9.953246 12.611359 4.574035 132.359639 198.41369 28.64096
0.565 5.580394e+52 5.299644999999999e+52 4.193422e+52 10.012817 12.666558 4.64565 133.709597 200.34972 29.468126
0.566 5.653665000000001e+52 5.357831e+52 4.2759819999999997e+52 10.057798 12.705703 4.694487 134.394744 201.382013 30.094353
0.567 5.779029e+52 5.452708e+52 4.258815e+52 10.056058 12.747475 4.682599 134.688978 202.77381 29.96732
0.568 5.738727e+52 5.343826e+52 4.173299e+52 10.075821 12.731177 4.662037 135.13006 202.82986 29.701973
0.569 5.606439e+52 5.266467999999999e+52 4.1111849999999996e+52 9.939065 12.570763 4.620127 131.413498 197.969816 29.225481
0.57 5.644174e+52 5.299519e+52 4.1999729999999997e+52 9.887775 12.481127 4.632206 130.047498 195.43243 29.399669
0.571 5.775909000000001e+52 5.369985e+52 4.325876e+52 9.88936 12.534833 4.639839 129.402843 196.921866 29.488829
0.572 5.606382e+52 5.263872e+52 4.2834139999999997e+52 9.845705 12.536221 4.635407 128.441521 197.007363 29.426786
0.573 5.502604e+52 5.327862e+52 4.2645749999999996e+52 9.807334 12.450607 4.618171 128.064007 194.705674 29.273123
0.574 5.432706e+52 5.419087e+52 4.290736e+52 9.811061 12.452511 4.638386 127.524471 194.986559 29.553193
0.575 5.302144000000001e+52 5.28367e+52 4.2331099999999997e+52 9.794518 12.4277 4.630947 126.831175 194.100066 29.481155
0.576 5.281055000000001e+52 5.31245e+52 4.231942e+52 9.80129 12.467059 4.647796 127.284763 194.549838 29.688621
0.577 5.216770999999999e+52 5.294056999999999e+52 4.290722e+52 9.822576 12.561225 4.683499 127.182976 197.560913 30.077889
0.578 5.330435999999999e+52 5.447362e+52 4.3833900000000006e+52 9.86886 12.626604 4.684874 127.871948 199.508132 30.041085
0.579 5.321985e+52 5.484949e+52 4.3604789999999995e+52 9.843942 12.604531 4.677567 126.842781 198.642758 29.959217
0.58 5.167131e+52 5.348336999999999e+52 4.2529060000000003e+52 9.81987 12.581318 4.661301 126.467403 198.369795 29.807655
0.581 5.089849e+52 5.285312e+52 4.227403e+52 9.848234 12.618526 4.667547 127.236812 199.684179 29.85543
0.582 5.110973000000001e+52 5.311598e+52 4.1956329999999997e+52 9.910607 12.663601 4.67008 129.116993 201.238957 29.903223
0.583 5.17265e+52 5.395327e+52 4.189104e+52 9.954532 12.688545 4.671089 130.546872 202.065404 29.926691
0.584 5.079408e+52 5.360011e+52 4.149484e+52 9.85783 12.59175 4.629964 128.127608 199.313875 29.50981
0.585 4.999135e+52 5.340271e+52 4.104495e+52 9.74239 12.479248 4.582453 125.255015 195.776527 28.922649
0.586 4.856175e+52 5.127559e+52 4.0219250000000006e+52 9.649462 12.379108 4.548462 123.213333 193.095761 28.497222
0.587 4.858956e+52 5.080822999999999e+52 4.015033e+52 9.688497 12.376727 4.558013 124.240394 193.233922 28.627057
0.588 4.956883000000001e+52 5.121592e+52 4.075316e+52 9.761293 12.465162 4.575141 125.965206 195.690428 28.880332
0.589 5.034252999999999e+52 5.208147000000001e+52 4.047479e+52 9.768649 12.465294 4.556641 126.174007 195.151153 28.660131
0.59 5.104126e+52 5.251253e+52 4.0439600000000003e+52 9.702541 12.411668 4.541328 124.415384 193.093314 28.580887
0.591 5.066658e+52 5.192179e+52 4.0382879999999994e+52 9.709735 12.408749 4.527656 124.990341 193.604688 28.389564
0.592 4.953283e+52 5.165009999999999e+52 4.0164970000000003e+52 9.670006 12.387868 4.50737 123.877 192.807212 28.091263
0.593 4.969921e+52 5.134486e+52 3.969455e+52 9.679337 12.360772 4.500022 124.406286 192.214326 27.968042
0.594 4.926946e+52 5.073071e+52 3.9141849999999996e+52 9.66752 12.358497 4.508546 124.203467 191.787838 28.019877
0.595 4.926563e+52 5.114567e+52 3.897051e+52 9.722617 12.390942 4.524844 125.391435 192.675252 28.203302
0.596 4.889265e+52 5.038294e+52 3.885581e+52 9.706411 12.396054 4.542189 124.6115 192.788714 28.450737
0.597 4.712149e+52 4.865762e+52 3.817955e+52 9.696832 12.376673 4.544215 123.694847 192.356567 28.419874
0.598 4.6017330000000005e+52 4.819745e+52 3.734995e+52 9.699673 12.396438 4.535558 123.798902 192.843712 28.309039
0.599 4.4257039999999996e+52 4.65974e+52 3.65243e+52 9.683614 12.408741 4.526279 123.22559 193.34329 28.088913
