####### LIGHTCURVES AND MEAN ENERGIES
####### 3 NEUTRINO SPECIES: NU_E, NUBAR_E AND N_X
####### ALL QUANTITIES ARE MEASURED AT 500 KM FROM THE CENTER
#######
####### FROM MODEL L2-0A (BUGLI ET AL. 2020,2021)
####### B0=1e12 G, l=2, r0=1.00e8 cm
####### UNITS: TIME [s], LUMINOSITY [erg/s], ENERGY [MeV]
# TIME	L_NU_E     	L_NU_BAR   	L_NU_X     	E_NU_E     	E_NU_BAR  	E_NU_X      	E2_NU_E    	E2_NU_BAR 	E2_NU_X
0.001 1.5212274e+53 4e+47 2.4e+47 11.202898 6.116329 0.889395 143.41352 49.988089 1.027263
0.002 1.1279959e+53 1.29802e+51 8.771299999999999e+50 11.209318 10.209108 2.763996 144.346293 121.043191 9.140815
0.003 6.0063496e+53 7.037759999999999e+51 1.066563e+52 14.639367 13.795381 4.718548 243.625662 221.01811 28.448555
0.004 6.697524699999999e+53 4.88538e+51 1.021325e+52 14.268471 12.471397 6.266148 229.980959 181.673623 58.048118
0.005 4.1076124e+53 6.30655e+51 7.77232e+51 12.875185 12.135477 6.31904 189.441334 168.5409 60.486015
0.006 3.8795859e+53 7.39313e+51 6.83292e+51 13.034119 11.893081 5.587927 194.043472 162.312981 46.197982
0.007 3.6541538000000004e+53 8.24735e+51 8.14736e+51 12.186976 11.630922 4.900849 170.11679 155.940832 33.06632
0.008 4.0151513e+53 8.9138e+51 1.1070629999999999e+52 12.496604 11.877178 4.809054 177.776609 163.064183 29.890035
0.009 3.7908065999999996e+53 7.59695e+51 1.193221e+52 12.244132 11.680931 4.667382 172.891047 157.904647 27.606066
0.01 3.2765257e+53 5.9019e+51 1.05185e+52 12.248903 11.415682 4.477958 172.576977 151.979646 25.803651
0.011 2.2463754e+53 5.78094e+51 1.0190459999999998e+52 11.207928 11.306542 4.431122 147.8671 148.682768 25.012363
0.012 1.8909347e+53 5.9359099999999996e+51 8.68561e+51 10.71811 10.763087 4.259446 136.581945 135.240693 23.34681
0.013 1.6538205999999998e+53 7.2509e+51 9.01875e+51 9.934367 10.615455 4.072977 116.662619 130.046401 21.192285
0.014 1.1176161e+53 9.239770000000001e+51 1.109631e+52 9.604611 10.643951 4.146875 108.660542 132.161039 21.639798
0.015 1.2403365e+53 1.0347980000000001e+52 1.224371e+52 9.612168 10.749345 4.127431 107.654174 133.951628 21.439548
0.016 9.951957e+52 1.0035009999999999e+52 1.295945e+52 9.414112 10.926809 4.176288 104.738862 137.95397 21.853774
0.017 8.105340999999999e+52 1.10131e+52 1.3966559999999998e+52 10.151391 11.018602 4.203243 117.463173 141.509268 22.124455
0.018 6.18007e+52 1.4174100000000002e+52 1.511007e+52 10.024864 11.167767 4.163631 116.662512 144.572358 22.017086
0.019 6.459579e+52 1.640747e+52 1.596504e+52 10.006172 11.202032 4.124886 116.442537 146.490607 21.857532
0.02 7.426677e+52 1.8825689999999999e+52 1.725298e+52 9.919066 11.24403 4.046271 114.533171 147.327483 20.924728
0.021 6.811755e+52 2.039612e+52 1.797171e+52 9.567733 11.184702 3.998283 107.887438 145.61542 20.473321
0.022 6.983973e+52 2.0609570000000002e+52 1.812341e+52 9.608204 11.133776 3.954617 108.581459 144.039871 20.075231
0.023 5.956579e+52 1.976083e+52 1.72028e+52 9.124794 11.140128 3.889871 98.758697 143.99291 19.394902
0.024 6.115019e+52 1.9268460000000001e+52 1.7236e+52 9.038663 11.194959 3.905309 96.695916 144.438391 19.453085
0.025 5.592249e+52 1.911108e+52 1.733267e+52 8.50965 11.212772 3.873743 86.704825 144.403749 19.155543
0.026 6.143882999999999e+52 1.88891e+52 1.7880609999999998e+52 8.565823 11.366161 3.893255 87.450655 148.285731 19.301426
0.027 6.868532e+52 2.06385e+52 2.006475e+52 8.538059 11.518624 3.911983 86.714714 152.45699 19.333504
0.028 7.490524e+52 2.0397319999999998e+52 2.1348699999999997e+52 8.510548 11.341219 3.946582 85.719592 148.042945 19.587538
0.029 7.877084e+52 2.088302e+52 2.3218230000000002e+52 8.481965 11.151901 3.976897 85.506884 143.013653 19.85747
0.03 8.216632000000001e+52 2.3245809999999999e+52 2.5087009999999997e+52 8.472918 11.067342 3.98901 85.285387 140.365562 19.975196
0.031 8.794459e+52 2.5603579999999997e+52 2.64252e+52 8.541431 11.001816 3.997206 86.739734 138.597407 20.213712
0.032 9.345456000000001e+52 3.029098e+52 2.835395e+52 8.708091 11.218827 4.032693 90.10838 144.449141 20.650895
0.033 9.943132e+52 3.482764e+52 2.960867e+52 8.777056 11.425641 4.053273 90.95163 149.755807 20.902691
0.034 9.741971e+52 3.71883e+52 3.025248e+52 8.811913 11.520342 4.084133 91.410429 152.167076 21.142647
0.035 8.788245999999999e+52 3.652808e+52 2.974004e+52 8.805843 11.443008 4.054875 91.415746 150.21416 20.783975
0.036 7.686253999999999e+52 3.605986e+52 2.91214e+52 8.763939 11.481046 4.011351 90.797159 151.207914 20.303759
0.037 7.015691999999999e+52 3.369445e+52 2.8700640000000003e+52 8.711702 11.663073 4.015273 90.175666 156.336935 20.215026
0.038 6.819766e+52 3.451866e+52 2.832106e+52 8.832198 11.759814 3.977899 92.195639 158.746124 19.800173
0.039 6.777263999999999e+52 3.526068e+52 2.744724e+52 8.782645 11.730585 3.926584 91.353741 157.743972 19.312746
0.04 6.772927e+52 3.67762e+52 2.8061470000000003e+52 8.536 11.60988 3.897527 87.134879 154.611066 19.01992
0.041 6.951854e+52 3.9812850000000003e+52 2.944894e+52 8.232318 11.588471 3.898226 81.392671 154.419633 18.937364
0.042 7.503567e+52 4.3719659999999996e+52 3.114459e+52 8.153562 11.701433 3.938509 79.527401 157.190024 19.210524
0.043 8.003462000000001e+52 4.657795e+52 3.2257030000000003e+52 8.117791 11.711002 3.948147 78.856085 157.316921 19.272383
0.044 8.548841e+52 4.942789999999999e+52 3.3549349999999996e+52 8.084648 11.787985 3.972011 78.554506 159.419554 19.508389
0.045 8.92126e+52 5.018123e+52 3.384585e+52 8.095619 11.836225 3.989778 78.627198 160.595024 19.690995
0.046 8.535622e+52 5.030839e+52 3.361126e+52 8.190671 11.876698 3.980394 79.516871 161.631814 19.593833
0.047 7.687246e+52 4.875851e+52 3.321019e+52 8.224959 11.877612 3.979259 79.95981 161.842015 19.587871
0.048 6.944594000000001e+52 4.721736e+52 3.282998e+52 8.249296 11.872398 3.979695 80.482384 161.84093 19.595623
0.049 6.734313e+52 4.71574e+52 3.2940960000000003e+52 8.30934 11.930991 4.003585 81.509008 163.655697 19.848944
0.05 6.280142e+52 4.732555e+52 3.274919e+52 8.225142 11.912038 3.996679 80.401522 163.312692 19.822081
0.051 6.122219000000001e+52 4.89511e+52 3.332845e+52 8.188814 11.935803 3.996828 80.073427 164.031134 19.832098
0.052 6.374890999999999e+52 5.015331e+52 3.388016e+52 8.28049 11.974944 4.0179 81.695551 165.365124 20.071584
0.053 6.400415e+52 5.107528e+52 3.434176e+52 8.359297 11.981966 4.027102 83.323358 165.631372 20.195
0.054 6.311924e+52 5.156407e+52 3.4407350000000003e+52 8.429306 11.979531 4.014125 84.687198 165.562119 20.106585
0.055 6.083421999999999e+52 5.158474e+52 3.4459240000000003e+52 8.443245 11.97729 4.008911 85.109132 165.579359 20.090169
0.056 5.863542e+52 5.230406999999999e+52 3.4956070000000003e+52 8.378771 11.987358 4.020238 84.33035 165.687482 20.230563
0.057 5.839762e+52 5.253672e+52 3.489882e+52 8.333968 11.997632 4.03333 83.70591 166.05268 20.411205
0.058 5.767893e+52 5.283373e+52 3.483689e+52 8.324225 11.984091 4.036764 83.693134 165.787087 20.466409
0.059 5.878882e+52 5.387163000000001e+52 3.47442e+52 8.298267 12.076013 4.051057 83.268152 168.410985 20.590905
0.06 5.940024e+52 5.518403e+52 3.500134e+52 8.284726 12.132592 4.027353 83.139906 169.828827 20.298636
0.061 6.083965e+52 5.74802e+52 3.5719439999999995e+52 8.316472 12.205634 4.001487 83.814303 171.850262 20.00679
0.062 6.152801e+52 5.764355e+52 3.640471e+52 8.395538 12.207189 4.022776 85.385256 172.023771 20.252091
0.063 6.239317999999999e+52 5.569901e+52 3.612437e+52 8.408965 12.211726 4.068579 85.549726 172.465976 20.758474
0.064 6.369283000000001e+52 5.572034e+52 3.602309e+52 8.320847 12.239063 4.071319 84.007504 173.302082 20.754851
0.065 6.318874e+52 5.625693e+52 3.594586e+52 8.275778 12.263632 4.058585 83.221186 173.749932 20.589559
0.066 6.159478e+52 5.660986000000001e+52 3.563926e+52 8.227409 12.25253 4.025325 82.258246 173.271032 20.246645
0.067 6.086136999999999e+52 5.781466e+52 3.593929e+52 8.219024 12.242261 4.014807 82.133414 172.819888 20.149424
0.068 6.080472e+52 5.747988999999999e+52 3.560331e+52 8.236082 12.209162 4.014533 82.546941 172.139822 20.194479
0.069 6.088275999999999e+52 5.85971e+52 3.58084e+52 8.274496 12.232421 4.014738 83.397489 172.829408 20.232845
0.07 5.991244e+52 5.8638e+52 3.576716e+52 8.304338 12.255606 4.02298 84.201716 173.700739 20.359319
0.071 5.97729e+52 5.938018e+52 3.626677e+52 8.356518 12.28578 4.046682 85.489257 174.849947 20.647686
0.072 6.070795e+52 5.976609e+52 3.661017e+52 8.399151 12.304688 4.061926 86.153426 175.553875 20.808537
0.073 6.363808e+52 6.033559999999999e+52 3.713116e+52 8.436103 12.353344 4.071252 86.902336 177.093404 20.845441
0.074 6.613054e+52 6.047991e+52 3.739903e+52 8.44069 12.391475 4.063808 86.728309 178.122321 20.688796
0.075 6.927207e+52 6.126137e+52 3.7898459999999996e+52 8.467545 12.45903 4.070134 87.059044 179.694285 20.689266
0.076 7.011150999999999e+52 6.207558999999999e+52 3.7908119999999996e+52 8.47999 12.486914 4.072567 87.155089 180.085872 20.685726
0.077 6.830043e+52 6.218583e+52 3.726985e+52 8.476901 12.469809 4.062549 86.974879 179.304311 20.598726
0.078 6.790127e+52 6.175549000000001e+52 3.665988e+52 8.496105 12.481821 4.058406 87.26973 179.723812 20.594496
0.079 6.799017e+52 6.16419e+52 3.6342729999999996e+52 8.505354 12.496841 4.061417 87.838241 180.219982 20.625758
0.08 6.87503e+52 6.227311e+52 3.6380550000000003e+52 8.467852 12.507091 4.055339 86.973136 180.41352 20.535261
0.081 6.873484999999999e+52 6.342588e+52 3.67694e+52 8.45521 12.468202 4.043836 87.518956 179.11503 20.413411
0.082 6.854482e+52 6.319692e+52 3.686794e+52 8.449457 12.387314 4.028263 86.466306 177.036564 20.291166
0.083 6.813492000000001e+52 6.230664e+52 3.655424e+52 8.460275 12.348469 4.014923 87.705636 176.209091 20.180856
0.084 6.607605e+52 6.087421e+52 3.603664e+52 8.430141 12.347273 4.006122 86.208103 176.515382 20.117598
0.085 6.467239e+52 5.995625999999999e+52 3.577453e+52 8.431369 12.380139 4.007031 86.968645 177.735691 20.167887
0.086 6.320534999999999e+52 5.95822e+52 3.576495e+52 8.415371 12.408695 4.011342 86.420618 178.79643 20.251813
0.087 6.141684e+52 5.997739e+52 3.589779e+52 8.399671 12.441192 4.016991 86.219186 179.726936 20.35407
0.088 6.125086e+52 6.165176e+52 3.637689e+52 8.413147 12.504008 4.028895 87.215001 181.324056 20.477331
0.089 6.193779e+52 6.415474e+52 3.724967e+52 8.439571 12.571294 4.053503 87.533909 182.950769 20.672235
0.09 6.266237e+52 6.626154999999999e+52 3.813863e+52 8.460797 12.585617 4.076358 87.681461 183.153295 20.860316
0.091 6.376883e+52 6.813222999999999e+52 3.906776e+52 8.483959 12.592881 4.094647 88.456202 183.337142 21.021783
0.092 6.532721999999999e+52 6.935801999999999e+52 3.9746359999999997e+52 8.517593 12.588775 4.100745 89.383497 183.359834 21.060543
0.093 6.52288e+52 6.960518e+52 3.978367e+52 8.517582 12.576359 4.098413 89.06009 183.171161 21.038842
0.094 6.558635e+52 7.015069e+52 3.990477e+52 8.545091 12.593908 4.104467 90.059508 183.737815 21.1087
0.095 6.603354000000001e+52 6.981522e+52 3.987508e+52 8.549298 12.626074 4.114716 89.75441 184.731193 21.197565
0.096 6.663533e+52 6.942891999999999e+52 3.975365e+52 8.549746 12.640592 4.117539 89.733948 185.208189 21.214001
0.097 6.764159e+52 6.925898e+52 3.973163e+52 8.538316 12.643215 4.110866 89.426807 185.307896 21.139573
0.098 6.863448e+52 6.906438e+52 3.972177e+52 8.524032 12.643773 4.103919 90.103414 185.317021 21.060793
0.099 7.095465e+52 6.908278e+52 3.9847730000000003e+52 8.50966 12.659641 4.099968 89.682629 185.890642 21.014481
0.1 7.307414e+52 6.965061e+52 4.003372e+52 8.50986 12.7029 4.099178 89.647572 187.193046 20.996669
0.101 7.358039e+52 6.970413e+52 4.0062629999999995e+52 8.518003 12.741222 4.100366 89.269965 188.253192 20.993313
0.102 7.274636e+52 6.922252e+52 3.986214e+52 8.534125 12.7198 4.093866 89.385054 187.649373 20.952697
0.103 7.100272e+52 6.864404e+52 3.974902e+52 8.546639 12.707315 4.092635 89.747495 187.330186 20.975553
0.104 6.850347e+52 6.762728e+52 3.938042e+52 8.567076 12.728714 4.096546 90.552855 187.961038 21.05078
0.105 6.619086000000001e+52 6.664129e+52 3.905714e+52 8.594657 12.745612 4.100762 91.113273 188.544188 21.128701
0.106 6.418187999999999e+52 6.609821e+52 3.873378e+52 8.626175 12.780576 4.111199 91.810774 189.721188 21.277877
0.107 6.323156e+52 6.60841e+52 3.862289e+52 8.639228 12.841632 4.127193 92.605986 191.531248 21.435442
0.108 6.342206e+52 6.696145e+52 3.873606e+52 8.649486 12.895275 4.143309 93.068637 193.024702 21.5588
0.109 6.500591e+52 6.814612000000001e+52 3.8853430000000003e+52 8.664746 12.922539 4.155496 92.586182 193.705047 21.632767
0.11 6.7355e+52 6.923435e+52 3.909614e+52 8.702299 12.931908 4.160526 93.641233 193.887132 21.639119
0.111 6.850302e+52 6.908923999999999e+52 3.8996970000000003e+52 8.688886 12.914228 4.155154 93.04764 193.338241 21.551033
0.112 6.903937e+52 6.911513e+52 3.912324e+52 8.687178 12.920972 4.156632 92.98246 193.597332 21.553162
0.113 6.874219e+52 6.94331e+52 3.888343e+52 8.70564 12.936409 4.170829 93.359085 194.054617 21.687623
0.114 6.759275e+52 6.849153000000001e+52 3.8543820000000004e+52 8.722845 12.84888 4.143789 93.772249 191.544854 21.432957
0.115 6.670299e+52 6.910308999999999e+52 3.815155e+52 8.732586 12.91317 4.162598 93.740124 193.444226 21.678139
0.116 6.635996e+52 6.917333e+52 3.7982900000000004e+52 8.767721 12.910608 4.155943 94.444859 193.337343 21.62498
0.117 6.720321e+52 6.927947e+52 3.783663e+52 8.807023 12.952484 4.154538 95.136873 194.554239 21.625045
0.118 6.791816e+52 6.890633e+52 3.752529e+52 8.841163 12.944467 4.154611 95.761243 194.414561 21.658413
0.119 6.713005e+52 6.852465e+52 3.742496e+52 8.817513 12.91592 4.146477 95.47859 193.677742 21.598281
0.12 6.5584e+52 6.841389e+52 3.714942e+52 8.807323 12.906863 4.148088 95.591195 193.44347 21.674097
0.121 6.451069e+52 6.848347999999999e+52 3.703763e+52 8.861362 12.933152 4.154521 96.643826 194.215355 21.76513
0.122 6.375752999999999e+52 6.856857e+52 3.674036e+52 8.896869 12.961345 4.163563 97.398576 194.906967 21.861869
0.123 6.368343e+52 6.911044e+52 3.662429e+52 8.954886 12.978692 4.173872 98.49107 195.159077 21.965223
0.124 6.382114e+52 6.937171e+52 3.610105e+52 8.957365 12.934187 4.159598 98.668066 193.86332 21.850894
0.125 6.521533e+52 6.990809999999999e+52 3.620595e+52 8.978949 12.92619 4.161085 99.123253 193.906848 21.889458
0.126 6.676072e+52 7.023263e+52 3.644461e+52 9.004433 12.966311 4.167899 99.714959 195.304691 21.974004
0.127 6.74554e+52 6.966014e+52 3.628186e+52 8.964598 12.953299 4.151027 99.104142 195.205767 21.814447
0.128 6.856873e+52 6.939013e+52 3.5657719999999997e+52 8.910789 12.875897 4.121301 98.019025 193.269323 21.57085
0.129 7.046361e+52 6.925704999999999e+52 3.564714e+52 8.862597 12.790988 4.090138 96.969326 191.17836 21.276532
0.13 6.975162e+52 6.878153000000001e+52 3.5708669999999995e+52 8.82229 12.689241 4.058395 96.207799 188.590913 20.964375
0.131 6.908295e+52 6.888053e+52 3.603003e+52 8.795281 12.642109 4.045638 95.570871 187.337745 20.827222
0.132 6.851632e+52 6.73294e+52 3.5281329999999997e+52 8.780614 12.572369 4.025371 95.308332 185.483409 20.642119
0.133 6.708608e+52 6.71023e+52 3.555658e+52 8.703241 12.515073 4.004185 93.833602 183.58322 20.422439
0.134 6.336698e+52 6.376293e+52 3.364569e+52 8.531021 12.34029 3.94165 90.597734 178.991223 19.860845
0.135 6.138409e+52 6.158073e+52 3.2554029999999997e+52 8.465548 12.229043 3.899447 89.494547 176.273177 19.530384
0.136 6.000083e+52 6.093270999999999e+52 3.194699e+52 8.413496 12.141491 3.882527 88.343305 173.762237 19.390863
0.137 5.910235e+52 6.0717e+52 3.1552190000000003e+52 8.370613 12.079767 3.862345 87.461234 172.142722 19.209825
0.138 5.846437e+52 6.085028e+52 3.138422e+52 8.341866 12.059035 3.854249 86.991408 171.728255 19.135658
0.139 5.758056e+52 6.109338e+52 3.1365280000000003e+52 8.34717 12.067633 3.848821 87.166822 172.089089 19.082182
0.14 5.648347e+52 6.095682e+52 3.124926e+52 8.365577 12.086403 3.844638 87.478088 172.715858 19.046114
0.141 5.506521e+52 6.057337999999999e+52 3.10001e+52 8.402649 12.109784 3.844876 88.250957 173.480984 19.059703
0.142 5.28447e+52 6.009028e+52 3.053822e+52 8.44653 12.09966 3.846183 89.334589 173.321256 19.108242
0.143 5.082373e+52 6.006058999999999e+52 2.998815e+52 8.486644 12.053532 3.845362 90.429761 172.134781 19.143907
0.144 5.016842e+52 6.112582e+52 2.96757e+52 8.52788 11.987084 3.842152 91.649036 170.343777 19.13611
0.145 5.144487999999999e+52 6.329943e+52 2.987479e+52 8.568462 11.942802 3.841494 92.515937 169.080446 19.112394
0.146 5.474281000000001e+52 6.585825e+52 3.027911e+52 8.627012 11.937837 3.859067 93.48519 168.995332 19.245329
0.147 5.847638e+52 6.892351e+52 3.1233279999999996e+52 8.696966 11.942991 3.881734 94.487576 168.762852 19.389985
0.148 6.213917e+52 7.397767e+52 3.3248989999999996e+52 8.825883 12.083369 3.945491 96.816232 171.996353 19.902118
0.149 6.218587e+52 7.491346e+52 3.361167e+52 8.865102 12.104574 3.959704 97.467279 172.498593 20.023373
0.15 6.068412e+52 7.368787e+52 3.313968e+52 8.854464 12.076614 3.947956 97.313232 171.869826 19.930304
0.151 5.998774e+52 7.223601000000001e+52 3.261692e+52 8.838983 12.076442 3.924143 97.032839 171.859495 19.702948
0.152 6.029768e+52 7.002408e+52 3.136211e+52 8.829186 12.072234 3.902175 96.89931 171.98716 19.522464
0.153 5.921592999999999e+52 6.854347e+52 3.106873e+52 8.751703 11.983162 3.864805 95.421788 169.467008 19.157226
0.154 5.928596e+52 6.855744e+52 3.113925e+52 8.718986 11.998042 3.85781 94.716434 170.000823 19.067499
0.155 5.905446e+52 6.829021e+52 3.099503e+52 8.729479 12.017827 3.856315 94.995813 170.482939 19.033532
0.156 5.867705e+52 6.807025000000001e+52 3.116406e+52 8.748482 12.014723 3.860878 95.442044 170.477624 19.068539
0.157 5.846658e+52 6.801727e+52 3.0646849999999997e+52 8.790443 12.024145 3.874219 96.431472 170.839118 19.228999
0.158 5.764609e+52 6.704353e+52 3.036721e+52 8.822048 11.97225 3.878725 97.100235 169.494431 19.313892
0.159 5.590963000000001e+52 6.699927e+52 3.071029e+52 8.812735 11.937663 3.875707 97.049068 168.740023 19.340932
0.16 5.577645000000001e+52 6.766878000000001e+52 3.097547e+52 8.845408 11.936678 3.870852 97.663055 169.076686 19.351111
0.161 5.555939000000001e+52 6.699047e+52 3.103652e+52 8.857015 11.901216 3.870494 97.946949 168.465328 19.392509
0.162 5.465622e+52 6.614329e+52 3.087761e+52 8.860799 11.921438 3.874435 98.040525 169.007588 19.451797
0.163 5.361201999999999e+52 6.52967e+52 3.055498e+52 8.880351 11.968861 3.877692 98.47548 170.233899 19.482583
0.164 5.34374e+52 6.466439e+52 3.0030990000000004e+52 8.907355 12.031915 3.888158 99.117136 172.000323 19.590702
0.165 5.424092e+52 6.583663999999999e+52 3.02886e+52 8.920867 12.056328 3.890632 99.505241 172.47512 19.608982
0.166 5.739995999999999e+52 6.807707e+52 3.107809e+52 9.002166 12.150671 3.906717 101.170755 175.003451 19.739684
0.167 6.056354e+52 6.93998e+52 3.142294e+52 9.064465 12.18595 3.910344 102.349462 175.838454 19.762853
0.168 6.274487e+52 7.052409e+52 3.165966e+52 9.064079 12.194568 3.92332 102.208859 176.008771 19.873683
0.169 6.39139e+52 7.166554e+52 3.170589e+52 9.055814 12.216908 3.932436 101.927982 176.522878 19.948425
0.17 6.425728e+52 7.268999e+52 3.183923e+52 9.045731 12.237968 3.931321 101.772696 176.991451 19.927431
0.171 6.423787e+52 7.245256e+52 3.182465e+52 9.025521 12.2408 3.92158 101.478196 177.08228 19.832598
0.172 6.396868e+52 7.084405e+52 3.160059e+52 9.015884 12.278267 3.917083 101.485623 178.276412 19.786295
0.173 6.338431e+52 6.893652999999999e+52 3.134151e+52 9.028237 12.349157 3.920842 101.767939 180.387349 19.822064
0.174 6.296188e+52 6.773945000000001e+52 3.1242969999999997e+52 9.060201 12.428931 3.931499 102.478319 182.690281 19.925597
0.175 6.231920999999999e+52 6.670096e+52 3.1236419999999995e+52 9.051202 12.471611 3.939991 102.290237 184.019794 20.009774
0.176 6.239549e+52 6.650691e+52 3.151584e+52 9.008894 12.482835 3.945597 101.409855 184.467273 20.04923
0.177 6.300754e+52 6.724014999999999e+52 3.193301e+52 8.988406 12.510936 3.962191 101.091595 185.271415 20.167921
0.178 6.408368e+52 6.833656999999999e+52 3.223168e+52 8.988635 12.546944 3.981969 101.189133 186.277 20.322284
0.179 6.604995e+52 7.014173000000001e+52 3.267354e+52 9.003577 12.569636 3.992817 101.711125 186.940252 20.409905
0.18 6.827929e+52 7.287863999999999e+52 3.345296e+52 9.083008 12.633587 4.017386 103.270577 188.661804 20.62776
0.181 7.069918999999999e+52 7.534185e+52 3.422406e+52 9.198791 12.692259 4.046894 105.651808 190.201238 20.908289
0.182 7.226197e+52 7.666332e+52 3.46476e+52 9.284068 12.68966 4.058752 107.35141 190.067527 21.028852
0.183 7.326312999999999e+52 7.710848999999999e+52 3.477654e+52 9.299395 12.652629 4.048141 107.574961 189.1102 20.946905
0.184 7.344579000000001e+52 7.679955999999999e+52 3.466787e+52 9.26328 12.620136 4.030552 106.743699 188.385132 20.788764
0.185 7.377712e+52 7.651431e+52 3.4636330000000003e+52 9.227943 12.6007 4.014837 106.012821 187.968422 20.631537
0.186 7.384911e+52 7.538782e+52 3.452531e+52 9.164095 12.572621 3.996872 104.777549 187.306841 20.449392
0.187 7.345866e+52 7.435578e+52 3.423481e+52 9.095814 12.548087 3.981554 103.31252 186.669592 20.29515
0.188 7.327828e+52 7.355042e+52 3.402546e+52 9.048585 12.522027 3.968241 102.405025 186.08702 20.154706
0.189 7.245548999999999e+52 7.199596e+52 3.38505e+52 8.994581 12.477451 3.950431 101.520243 185.1798 19.987212
0.19 7.120401000000001e+52 6.991051e+52 3.354239e+52 8.950429 12.425203 3.942689 100.853479 184.09823 19.943296
0.191 7.022458e+52 6.826864999999999e+52 3.333863e+52 8.902346 12.383438 3.94821 99.819444 183.13359 20.014516
0.192 6.983245e+52 6.786396e+52 3.314984e+52 8.862241 12.319202 3.95087 99.107887 181.243093 20.038083
0.193 7.044317e+52 6.821041000000001e+52 3.31488e+52 8.872345 12.267464 3.950758 99.348104 179.776945 20.026608
0.194 7.065848e+52 6.863775e+52 3.295314e+52 8.912622 12.225888 3.949537 100.035329 178.583398 20.012074
0.195 6.988107000000001e+52 6.947519e+52 3.26755e+52 8.978353 12.182834 3.950492 101.479359 177.344312 20.027315
0.196 6.913986000000001e+52 7.051852e+52 3.26113e+52 9.073411 12.184249 3.960271 103.212358 177.374736 20.13824
0.197 6.833384999999999e+52 7.095013e+52 3.244741e+52 9.171385 12.188389 3.96965 104.956897 177.525974 20.264539
0.198 6.684013e+52 7.06478e+52 3.22069e+52 9.241677 12.161749 3.976388 106.246382 176.865214 20.37224
0.199 6.452446e+52 6.959783e+52 3.180419e+52 9.306987 12.148444 3.984144 107.550135 176.61269 20.479682
0.2 6.233027e+52 6.837242e+52 3.1405389999999997e+52 9.348358 12.128987 3.985265 108.359895 176.203712 20.522841
0.201 6.083925e+52 6.789687e+52 3.104839e+52 9.378565 12.116908 3.983317 108.973588 175.933758 20.535266
0.202 6.06682e+52 6.897797999999999e+52 3.087994e+52 9.437325 12.124593 3.984079 110.125783 176.005715 20.551139
0.203 6.172800999999999e+52 7.094685e+52 3.105144e+52 9.481635 12.12827 3.972085 110.942465 176.072347 20.425353
0.204 6.355479e+52 7.258229e+52 3.116533e+52 9.512221 12.133609 3.954716 111.515686 176.221056 20.233651
0.205 6.54778e+52 7.367826e+52 3.128956e+52 9.491836 12.117548 3.933331 111.057541 175.687597 20.002253
0.206 6.734304e+52 7.416856e+52 3.1573289999999997e+52 9.466675 12.131904 3.927228 110.486123 175.950585 19.911266
0.207 6.867796e+52 7.418821999999999e+52 3.19074e+52 9.442164 12.16842 3.941075 109.912334 176.768192 19.988437
0.208 7.035164e+52 7.37769e+52 3.246336e+52 9.436007 12.232338 3.95841 109.882449 178.492507 20.111501
0.209 7.148898e+52 7.327365e+52 3.3030719999999996e+52 9.441133 12.35522 3.997699 110.276044 181.913504 20.463798
0.21 7.158033999999999e+52 7.244673e+52 3.342162e+52 9.437894 12.47142 4.033613 110.404931 185.362538 20.829253
0.211 7.077283e+52 7.075460999999999e+52 3.32576e+52 9.419871 12.498996 4.043867 110.491749 186.431216 20.990984
0.212 7.046187e+52 6.957957999999999e+52 3.3326850000000003e+52 9.431437 12.528939 4.057282 111.11355 187.604986 21.181269
0.213 6.83421e+52 6.773489e+52 3.275338e+52 9.401391 12.49204 4.042435 110.695473 186.941934 21.125403
0.214 6.594152e+52 6.642561e+52 3.2193640000000003e+52 9.413551 12.446296 4.024797 110.963645 185.892677 21.030094
0.215 6.382164999999999e+52 6.687848e+52 3.143711e+52 9.486838 12.412257 4.011536 112.477144 184.654458 20.96131
0.216 6.14857e+52 6.82583e+52 3.036282e+52 9.602478 12.354674 3.999701 114.928288 182.653754 20.89625
0.217 5.894611e+52 6.864035e+52 2.941049e+52 9.713723 12.260215 3.977446 117.451154 180.085177 20.713784
0.218 5.694608e+52 6.872201e+52 2.887732e+52 9.757088 12.222299 3.96047 118.177789 179.211171 20.553394
0.219 5.537507e+52 6.855598999999999e+52 2.872498e+52 9.745822 12.285913 3.962096 117.973418 180.886913 20.542083
0.22 5.5355e+52 6.912321e+52 2.8944480000000003e+52 9.726492 12.402482 3.98006 117.652191 183.862245 20.667351
0.221 5.731593e+52 6.94827e+52 2.91837e+52 9.751574 12.472461 4.004811 118.319303 185.842762 20.885162
0.222 5.897169e+52 6.914035e+52 2.910412e+52 9.754189 12.507944 4.012727 118.09772 187.034626 20.974505
0.223 5.97617e+52 6.928609e+52 2.9097680000000003e+52 9.706313 12.475427 4.010862 117.008338 186.068393 20.942839
0.224 6.041154e+52 6.923322e+52 2.909628e+52 9.693153 12.502715 3.999888 116.882967 186.686025 20.842059
0.225 6.038053e+52 6.89517e+52 2.895409e+52 9.695853 12.509163 3.996061 116.690291 186.972702 20.786463
0.226 6.115252e+52 6.96723e+52 2.898729e+52 9.703483 12.503094 3.988242 116.757223 186.802191 20.696854
0.227 6.20408e+52 7.029135e+52 2.926498e+52 9.733877 12.505179 3.997204 117.417606 186.816999 20.755267
0.228 6.254505e+52 7.017713e+52 2.9550320000000003e+52 9.736359 12.521822 4.007012 117.172316 187.297604 20.844463
0.229 6.272819e+52 7.003443e+52 2.986362e+52 9.724054 12.526819 4.011472 116.851654 187.642376 20.874124
0.23 6.3906e+52 7.134579999999999e+52 3.042276e+52 9.766609 12.556786 4.02957 117.70059 188.424818 21.022074
0.231 6.465468999999999e+52 7.175296e+52 3.059847e+52 9.784692 12.525657 4.040565 117.996607 187.640252 21.116704
0.232 6.447778999999999e+52 7.162549e+52 3.085303e+52 9.75522 12.485338 4.048037 117.343263 186.722952 21.194889
0.233 6.403083e+52 7.181274e+52 3.103481e+52 9.749255 12.456979 4.055258 117.231223 186.073488 21.269518
0.234 6.358682e+52 7.190932e+52 3.110773e+52 9.743125 12.433617 4.054601 117.170203 185.567073 21.26532
0.235 6.350148e+52 7.178790000000001e+52 3.107265e+52 9.715635 12.381458 4.049701 116.710774 184.253473 21.21749
0.236 6.371674e+52 7.225844e+52 3.1166399999999997e+52 9.700266 12.343592 4.043158 116.509488 183.162377 21.158835
0.237 6.410497000000001e+52 7.286262e+52 3.142708e+52 9.725644 12.353005 4.053904 117.112087 183.307938 21.259263
0.238 6.472966000000001e+52 7.306207e+52 3.1608990000000003e+52 9.755424 12.368185 4.066213 117.672295 183.64136 21.374272
0.239 6.56907e+52 7.294059999999999e+52 3.1618469999999996e+52 9.789705 12.390516 4.074665 118.302716 184.179102 21.451943
0.24 6.642657e+52 7.324261e+52 3.164651e+52 9.809946 12.396224 4.079618 118.656064 184.164239 21.502328
0.241 6.795757e+52 7.422961e+52 3.181702e+52 9.827503 12.393925 4.074699 118.954401 184.081165 21.46769
0.242 6.88653e+52 7.477014e+52 3.178119e+52 9.820291 12.352743 4.061204 118.744181 182.8761 21.356012
0.243 6.848397e+52 7.441712e+52 3.156702e+52 9.773485 12.284501 4.031763 117.725471 181.098158 21.092795
0.244 6.855618e+52 7.339971e+52 3.136674e+52 9.74067 12.274829 4.01514 117.089623 181.150251 20.945158
0.245 6.818474e+52 7.330846000000001e+52 3.168989e+52 9.707469 12.252651 3.996638 116.378971 180.532075 20.761752
0.246 6.948311000000001e+52 7.327191e+52 3.199497e+52 9.718032 12.258635 3.994559 116.616475 180.840172 20.720852
0.247 7.068539e+52 7.463286000000001e+52 3.2487240000000004e+52 9.716074 12.263906 3.997972 116.549145 180.717988 20.741265
0.248 7.250935e+52 7.582258e+52 3.325765e+52 9.729777 12.299679 4.013306 116.914708 181.716936 20.855088
0.249 7.260188e+52 7.607469e+52 3.3699469999999997e+52 9.744621 12.315799 4.024168 117.440005 182.209551 20.924304
0.25 7.232926e+52 7.560940000000001e+52 3.413264e+52 9.773349 12.331544 4.04007 118.138664 182.718815 21.036497
0.251 7.212417000000001e+52 7.572055e+52 3.463651e+52 9.808827 12.361036 4.050686 118.969746 183.674754 21.105991
0.252 7.26571e+52 7.705821e+52 3.501123e+52 9.857231 12.379227 4.061185 120.041361 184.075415 21.183158
0.253 7.38647e+52 7.766429999999999e+52 3.551226e+52 9.886587 12.388277 4.062851 120.554764 184.446951 21.174946
0.254 7.52187e+52 7.885615e+52 3.6000779999999996e+52 9.896181 12.415114 4.061935 120.782582 185.18156 21.160925
0.255 7.739837999999999e+52 8.030604000000001e+52 3.658355e+52 9.91119 12.446795 4.066907 121.130304 186.075082 21.19734
0.256 7.973979e+52 8.04318e+52 3.724111e+52 9.89125 12.490389 4.068636 120.816539 187.413989 21.198611
0.257 8.251455e+52 8.115211000000001e+52 3.804664e+52 9.867819 12.534898 4.068107 120.481008 188.823946 21.169896
0.258 8.581445e+52 8.286284e+52 3.901402e+52 9.84644 12.573266 4.072961 120.234146 190.023559 21.194018
0.259 8.888792e+52 8.455221e+52 3.995045e+52 9.833099 12.61881 4.079378 120.115194 191.322203 21.239355
0.26 9.004053000000001e+52 8.491519999999999e+52 4.0423340000000004e+52 9.795689 12.657141 4.083223 119.547193 192.454163 21.269666
0.261 9.113618000000001e+52 8.627539999999999e+52 4.101203e+52 9.810451 12.711041 4.080316 120.071479 193.897274 21.229361
0.262 9.304595000000001e+52 8.824794000000001e+52 4.1591250000000003e+52 9.820412 12.755628 4.074267 120.433535 195.160729 21.130659
0.263 9.788627999999999e+52 9.224031e+52 4.2890319999999995e+52 9.837676 12.842238 4.083886 121.094112 197.723114 21.161907
0.264 1.0337118e+53 9.60916e+52 4.4587440000000004e+52 9.856181 12.947933 4.122928 121.870765 201.106277 21.479295
0.265 1.085464e+53 1.0015926e+53 4.661554e+52 9.871998 13.080205 4.181472 122.785245 205.43674 22.037106
0.266 1.1193777000000002e+53 1.0242932e+53 4.80647e+52 9.842094 13.162527 4.237769 122.810643 208.221539 22.643908
0.267 1.1540542999999998e+53 1.0359282e+53 4.911401e+52 9.76564 13.208042 4.285324 121.522106 209.742461 23.199118
0.268 1.1771632e+53 1.0456989e+53 5.009299999999999e+52 9.708404 13.233028 4.318942 120.471321 210.559863 23.638409
0.269 1.1925263e+53 1.0421978e+53 5.030483e+52 9.758698 13.271433 4.339225 121.511361 211.784639 23.942668
0.27 1.2004784e+53 1.04893e+53 5.052520000000001e+52 9.90274 13.39564 4.350012 124.499486 215.449684 24.104335
0.271 1.2028187000000002e+53 1.058056e+53 5.023777e+52 9.985056 13.45236 4.358899 126.328176 217.463317 24.223246
0.272 1.2099405e+53 1.0598216000000002e+53 4.906082999999999e+52 10.01131 13.462634 4.347763 127.029809 217.931152 24.127573
0.273 1.1693153000000001e+53 1.0293251e+53 4.7703179999999997e+52 9.913261 13.369703 4.320205 125.325294 215.593372 23.915325
0.274 1.0659694e+53 9.785629e+52 4.517398e+52 9.716048 13.09639 4.255388 121.561613 207.556442 23.398952
0.275 1.0212684e+53 9.718311999999999e+52 4.326144e+52 9.686933 12.925421 4.197179 121.032053 202.20611 22.902052
0.276 1.0181354e+53 9.657339e+52 4.1654869999999996e+52 9.698989 12.763083 4.142813 120.993972 197.419951 22.379528
0.277 1.0564791e+53 9.740647e+52 4.161516e+52 9.637677 12.609941 4.096312 119.36875 193.195653 21.869573
0.278 1.1156727e+53 1.0069800000000001e+53 4.2858780000000004e+52 9.581488 12.535959 4.070881 117.719291 191.058074 21.523829
0.279 1.1508897e+53 1.0329463000000001e+53 4.4137940000000004e+52 9.554262 12.537601 4.075375 116.975969 190.99079 21.510644
0.28 1.1656046e+53 1.0520187999999999e+53 4.514079e+52 9.467642 12.449733 4.045245 115.013936 188.400754 21.167696
0.281 1.2037485e+53 1.0807222e+53 4.637392e+52 9.533817 12.501961 4.0609 116.359961 189.766984 21.235442
0.282 1.213537e+53 1.0877068e+53 4.7512020000000003e+52 9.502913 12.524474 4.06974 115.763121 190.573569 21.301911
0.283 1.1840022e+53 1.0575858e+53 4.72063e+52 9.47786 12.519893 4.076511 115.428322 190.700936 21.359651
0.284 1.1795528e+53 1.0627029e+53 4.769635e+52 9.441696 12.452061 4.066694 114.744445 188.992751 21.248808
0.285 1.2106074e+53 1.0869264e+53 4.922165e+52 9.410254 12.380763 4.062427 113.956341 187.200342 21.18246
0.286 1.2246447e+53 1.1094824e+53 5.013522e+52 9.398439 12.345382 4.055565 113.815543 186.385465 21.117796
0.287 1.2131733e+53 1.0975053e+53 5.002688e+52 9.37679 12.319325 4.04097 113.58433 185.843786 20.963424
0.288 1.1869453999999999e+53 1.0685007e+53 4.982839e+52 9.352536 12.347892 4.025233 113.243852 187.133893 20.808967
0.289 1.1242522e+53 1.0088078e+53 4.818351999999999e+52 9.33707 12.369336 4.016315 113.109046 188.010096 20.741986
0.29 1.0763545000000001e+53 9.648247e+52 4.704097e+52 9.317398 12.373781 4.005159 112.957211 188.190129 20.67249
0.291 1.0460305999999999e+53 9.389187e+52 4.607094e+52 9.298989 12.287633 3.967341 112.375722 185.648044 20.368155
0.292 1.0562571e+53 9.382937999999999e+52 4.6041350000000004e+52 9.315432 12.212713 3.931537 113.101602 183.293839 20.071874
0.293 1.0612271e+53 9.456062e+52 4.5358e+52 9.280263 12.096395 3.909697 111.292213 179.682662 19.863286
0.294 1.0289626e+53 9.270766e+52 4.4255649999999995e+52 9.204733 12.060916 3.911229 110.454553 178.282123 19.908116
0.295 9.802231e+52 8.930301e+52 4.296778e+52 9.180644 12.039959 3.91915 109.212562 177.215198 20.013189
0.296 9.420028999999999e+52 8.657705e+52 4.1836450000000003e+52 9.202683 12.0376 3.927107 109.757066 176.901691 20.119397
0.297 8.972441e+52 8.301618e+52 4.0006269999999995e+52 9.16834 12.040349 3.935287 109.683414 177.092826 20.297794
0.298 8.825987e+52 8.132712e+52 3.906269e+52 9.251165 12.101514 3.944625 113.767845 179.108457 20.430542
0.299 8.666318999999999e+52 8.08262e+52 3.8326989999999996e+52 9.234141 12.040666 3.916539 110.382955 176.938794 20.158142
0.3 8.409889e+52 7.896271e+52 3.7200510000000003e+52 9.180735 11.906971 3.890508 109.279144 173.266254 19.948307
0.301 8.138493999999999e+52 7.564093e+52 3.5436179999999997e+52 9.143873 11.813009 3.887761 109.780284 170.674573 19.967344
0.302 7.862624e+52 7.415994000000001e+52 3.3840530000000004e+52 9.137869 11.815539 3.884633 112.596658 170.335232 19.986678
0.303 7.773548e+52 7.32966e+52 3.292249e+52 9.189806 11.842006 3.885765 110.0438 171.021732 19.955605
0.304 7.781219e+52 7.317214e+52 3.2553079999999997e+52 9.227168 11.863676 3.896992 108.773421 171.416369 20.089679
0.305 7.721573000000001e+52 7.369787e+52 3.222583e+52 9.280585 11.887923 3.914891 111.371532 171.909085 20.282725
0.306 7.658234e+52 7.353952e+52 3.165751e+52 9.393475 11.902678 3.923809 114.300913 172.29008 20.414703
0.307 7.599616000000001e+52 7.416461e+52 3.1266189999999997e+52 9.493173 11.92824 3.923294 118.790215 173.015425 20.445693
0.308 7.539437999999999e+52 7.405692000000001e+52 3.126514e+52 9.536571 11.925424 3.929036 118.969076 172.93217 20.496228
0.309 7.491258e+52 7.299158e+52 3.11443e+52 9.523694 11.913555 3.93849 114.457066 172.606798 20.550004
0.31 7.436678e+52 7.246293e+52 3.165415e+52 9.539877 11.925822 3.933348 115.556025 173.075773 20.448188
0.311 7.425975e+52 7.286061e+52 3.1549710000000004e+52 9.571341 11.90798 3.930483 115.447107 172.302662 20.401755
0.312 7.74717e+52 7.428174e+52 3.1848390000000004e+52 9.659717 11.917734 3.941721 123.038849 172.855528 20.47566
0.313 7.889198e+52 7.670544e+52 3.204936e+52 9.698787 11.970377 3.964975 124.764565 174.460984 20.652548
0.314 8.017260999999999e+52 7.80042e+52 3.245479e+52 9.624364 11.979783 3.994376 118.366313 174.932414 20.915661
0.315 8.068237e+52 7.866872e+52 3.288037e+52 9.623929 12.04543 4.015442 119.123556 176.547563 21.109564
0.316 8.028079e+52 7.883683000000001e+52 3.315397e+52 9.654801 12.130284 4.046457 117.261422 178.877801 21.372571
0.317 8.199745999999999e+52 8.02193e+52 3.393564e+52 9.72009 12.224056 4.061507 122.349541 181.365264 21.516501
0.318 8.298284000000001e+52 8.128937e+52 3.453083e+52 9.747276 12.337423 4.091866 123.015003 184.653556 21.738619
0.319 8.314133999999999e+52 8.325691000000001e+52 3.4919570000000004e+52 9.790671 12.479831 4.110508 121.504376 188.994079 21.900867
0.32 8.40928e+52 8.364046999999999e+52 3.520108e+52 9.873516 12.554439 4.119711 124.441588 191.382129 22.000557
0.321 8.330932000000001e+52 8.133573999999999e+52 3.542119e+52 9.92097 12.569605 4.116298 127.153529 192.006125 21.96705
0.322 8.441815999999999e+52 8.206480000000001e+52 3.635037e+52 9.902402 12.60648 4.109261 124.695029 193.083477 21.911341
0.323 8.189038e+52 7.880625e+52 3.6285229999999997e+52 9.80089 12.53981 4.095513 121.520736 191.011174 21.792605
0.324 8.089164e+52 7.833766e+52 3.652079e+52 9.836602 12.56057 4.090105 122.586938 191.613269 21.717009
0.325 8.23561e+52 7.857431e+52 3.677809e+52 9.86366 12.61871 4.090756 123.147038 193.17552 21.741592
0.326 8.298648e+52 7.927159e+52 3.7146439999999997e+52 9.936017 12.592786 4.100829 125.046574 192.538964 21.820724
0.327 8.464688e+52 8.086100999999999e+52 3.7269100000000003e+52 10.001794 12.64782 4.112617 126.114404 193.831116 21.923489
0.328 8.546692000000001e+52 8.215629e+52 3.689923e+52 10.106093 12.756653 4.138175 128.871739 196.923574 22.175551
0.329 8.498752e+52 8.112488000000001e+52 3.660597e+52 10.184697 12.86147 4.159668 130.638885 200.242792 22.420307
0.33 8.094725999999999e+52 7.89542e+52 3.5629339999999996e+52 10.24164 12.893946 4.180474 131.89882 200.893337 22.639159
0.331 7.835744e+52 7.645155e+52 3.483816e+52 10.280653 12.890489 4.184582 132.946795 200.799616 22.678986
0.332 7.65644e+52 7.508199e+52 3.4066169999999996e+52 10.287553 12.833149 4.181234 132.853716 199.072567 22.671297
0.333 7.348166e+52 7.230627e+52 3.316734e+52 10.264266 12.738756 4.17264 132.062139 196.546171 22.612571
0.334 7.133575e+52 7.048484e+52 3.220449e+52 10.283426 12.695774 4.162863 132.485259 195.387005 22.572005
0.335 6.879837e+52 6.967589e+52 3.113689e+52 10.364829 12.683644 4.148258 134.133941 195.004741 22.480595
0.336 6.629623e+52 6.76583e+52 2.988503e+52 10.43914 12.665458 4.137786 135.484928 194.459248 22.427546
0.337 6.433374e+52 6.627831e+52 2.874337e+52 10.478462 12.6252 4.132866 136.205301 193.274002 22.426492
0.338 6.168216e+52 6.388048e+52 2.769628e+52 10.48458 12.56946 4.121075 136.151706 191.755812 22.353169
0.339 5.985444e+52 6.250878e+52 2.668202e+52 10.472451 12.537458 4.122048 135.830396 190.689032 22.390975
0.34 5.831558e+52 6.097218e+52 2.590478e+52 10.416763 12.530823 4.116053 134.656904 190.406458 22.365411
0.341 5.751591999999999e+52 6.044598999999999e+52 2.540312e+52 10.393897 12.55697 4.117954 134.40845 191.053797 22.400068
0.342 5.706693999999999e+52 5.916942999999999e+52 2.508363e+52 10.36791 12.577563 4.116535 133.865082 191.614731 22.392417
0.343 5.623379e+52 5.746953e+52 2.4898380000000004e+52 10.310927 12.580867 4.110989 132.599949 191.790551 22.329503
0.344 5.639257e+52 5.670564e+52 2.483906e+52 10.30089 12.606436 4.111435 132.305991 192.518964 22.309587
0.345 5.679872e+52 5.610719e+52 2.49176e+52 10.300664 12.650341 4.126402 132.277379 193.805901 22.429303
0.346 5.717749e+52 5.599661e+52 2.5151669999999997e+52 10.340495 12.706085 4.150374 133.284895 195.37488 22.654018
0.347 5.732506e+52 5.54118e+52 2.543343e+52 10.349804 12.768266 4.175953 133.612498 197.125217 22.895403
0.348 5.748207e+52 5.497122e+52 2.5668e+52 10.343719 12.792489 4.185025 133.597632 197.925229 22.982122
0.349 5.833662e+52 5.561776e+52 2.596608e+52 10.375609 12.827384 4.195791 134.237297 198.860044 23.090521
0.35 5.968684e+52 5.614345e+52 2.630519e+52 10.410834 12.882434 4.208365 135.072813 200.469337 23.222942
0.351 5.973569999999999e+52 5.589901e+52 2.655857e+52 10.457753 12.930568 4.227269 136.147392 201.933898 23.413999
0.352 5.940935e+52 5.594266e+52 2.682184e+52 10.518306 12.970809 4.237633 139.422011 203.122643 23.51676
0.353 5.996732e+52 5.725878e+52 2.709644e+52 10.561587 13.021561 4.249583 138.684718 204.346057 23.609023
0.354 6.036871999999999e+52 5.779045e+52 2.744026e+52 10.590481 13.055777 4.260932 139.513333 205.354743 23.698408
0.355 6.023304999999999e+52 5.764684e+52 2.782686e+52 10.601417 13.078102 4.269514 139.865034 206.211977 23.758453
0.356 5.950833e+52 5.692672e+52 2.802107e+52 10.565135 13.072895 4.263838 139.255074 206.308878 23.683114
0.357 6.025616999999999e+52 5.757118e+52 2.809224e+52 10.571515 13.096217 4.264534 139.467131 207.156607 23.666227
0.358 6.168636e+52 5.872520999999999e+52 2.797621e+52 10.642372 13.1515 4.266625 141.1089 208.658697 23.674036
0.359 6.196568e+52 5.895002e+52 2.756927e+52 10.753497 13.247856 4.26613 143.733583 211.138237 23.642039
0.36 6.095884e+52 5.816767999999999e+52 2.728033e+52 10.809318 13.353046 4.279709 145.19677 213.984479 23.703042
0.361 6.008725e+52 5.712842e+52 2.7232090000000004e+52 10.822158 13.426735 4.278276 145.629968 215.921703 23.651805
0.362 5.953826000000001e+52 5.645865e+52 2.74278e+52 10.831824 13.507912 4.278766 146.060949 218.178998 23.638286
0.363 5.982930999999999e+52 5.628256e+52 2.787542e+52 10.756122 13.489123 4.263279 144.433469 217.876725 23.466796
0.364 6.027711e+52 5.637867e+52 2.857954e+52 10.65602 13.369718 4.241923 141.807305 214.403367 23.23574
0.365 6.19224e+52 5.800485e+52 2.915721e+52 10.601555 13.247847 4.239408 140.319932 210.916166 23.245262
0.366 6.267145e+52 5.896309999999999e+52 2.92534e+52 10.585546 13.163685 4.243925 139.957329 208.644741 23.361365
0.367 6.154824e+52 5.831462e+52 2.893419e+52 10.605579 13.096758 4.239828 140.215909 206.861489 23.391625
0.368 6.052539e+52 5.855502e+52 2.826107e+52 10.664317 13.048883 4.222775 141.315875 205.43343 23.312802
0.369 5.941402e+52 5.835462999999999e+52 2.752807e+52 10.70041 12.949952 4.197143 141.875808 202.502202 23.150864
0.37 5.791251e+52 5.801279e+52 2.684902e+52 10.691658 12.855394 4.185191 141.572465 199.721418 23.102157
0.371 5.609823999999999e+52 5.658949e+52 2.607799e+52 10.695776 12.813406 4.189914 141.627132 198.445582 23.223871
0.372 5.484979e+52 5.616299e+52 2.5479709999999997e+52 10.800539 12.903382 4.206245 144.33312 200.925003 23.436336
0.373 5.491461e+52 5.625909e+52 2.529164e+52 10.92661 13.082794 4.249309 147.626647 206.314602 23.83221
0.374 5.289920999999999e+52 5.463488e+52 2.523651e+52 10.851871 13.060292 4.227916 146.002062 205.997652 23.570345
0.375 5.431805e+52 5.500763e+52 2.54689e+52 10.705298 12.886054 4.179795 142.165014 200.844807 23.065367
0.376 5.543624999999999e+52 5.593229e+52 2.565517e+52 10.676915 12.86564 4.18135 141.223731 199.937062 23.064003
0.377 5.497425e+52 5.567667000000001e+52 2.563125e+52 10.686263 12.954245 4.215961 141.467416 202.442515 23.410212
0.378 5.35582e+52 5.457172e+52 2.556608e+52 10.706544 13.070396 4.267529 142.16034 205.790808 23.944808
0.379 5.237509e+52 5.345453e+52 2.565185e+52 10.697742 13.129781 4.292319 141.869627 207.505046 24.207626
0.38 5.201935999999999e+52 5.332651e+52 2.605391e+52 10.65271 13.16085 4.302571 140.718739 208.302828 24.282085
0.381 5.200444e+52 5.343666e+52 2.657553e+52 10.610415 13.151648 4.304795 139.714579 208.012287 24.294364
0.382 5.108369e+52 5.272300000000001e+52 2.68113e+52 10.53877 13.108297 4.312318 137.896735 206.762476 24.393409
0.383 5.016678e+52 5.183538e+52 2.6903299999999997e+52 10.484259 13.095271 4.312323 136.440432 206.421046 24.406896
0.384 4.961801e+52 5.127234e+52 2.713145e+52 10.492082 13.104048 4.325547 136.577043 206.747044 24.549567
0.385 4.995967e+52 5.195333e+52 2.7519110000000004e+52 10.53708 13.172183 4.357647 137.674499 208.590754 24.842373
0.386 5.013329e+52 5.23612e+52 2.789396e+52 10.52213 13.190225 4.35517 137.500185 209.478997 24.779636
0.387 4.925504e+52 5.164448e+52 2.801015e+52 10.466918 13.135418 4.349309 136.396078 207.997908 24.730162
0.388 4.853185e+52 5.057494e+52 2.816344e+52 10.375274 13.035647 4.32922 134.129506 204.989546 24.55757
0.389 4.7790100000000003e+52 4.975603e+52 2.8217240000000003e+52 10.316329 12.965993 4.317155 132.741983 202.977035 24.426893
0.39 4.6709750000000005e+52 4.905138e+52 2.8126600000000004e+52 10.241349 12.889702 4.303917 130.990523 200.712255 24.314555
0.391 4.5476729999999997e+52 4.7781830000000004e+52 2.799221e+52 10.199979 12.86671 4.306511 129.915934 200.026398 24.343251
0.392 4.4448699999999996e+52 4.660402e+52 2.774527e+52 10.18583 12.874406 4.311161 129.571894 200.369884 24.391099
0.393 4.319295e+52 4.5452019999999997e+52 2.739254e+52 10.177505 12.869065 4.307791 129.606427 200.453921 24.357797
0.394 4.256908e+52 4.5006969999999994e+52 2.69507e+52 10.194127 12.865418 4.298924 129.868307 200.068134 24.258954
0.395 4.231662e+52 4.4393520000000006e+52 2.673661e+52 10.205003 12.862607 4.284447 130.128753 199.849897 24.140341
0.396 4.25439e+52 4.423175e+52 2.680839e+52 10.239659 12.872848 4.271895 131.080717 200.229375 24.053032
0.397 4.233468e+52 4.3562760000000005e+52 2.680232e+52 10.246581 12.868653 4.271594 131.165659 200.050358 24.055336
0.398 4.2346890000000005e+52 4.380611e+52 2.692048e+52 10.239088 12.875738 4.265206 130.922493 200.132165 23.987145
0.399 4.2939049999999994e+52 4.428825e+52 2.715894e+52 10.253331 12.880497 4.260375 130.919088 199.988728 23.929124
0.4 4.356038e+52 4.473084e+52 2.7451e+52 10.215457 12.839759 4.248539 129.755702 198.60674 23.781576
0.401 4.4052429999999994e+52 4.510758e+52 2.7806929999999997e+52 10.212858 12.837742 4.244175 129.54654 198.435689 23.718184
0.402 4.3850800000000003e+52 4.4915900000000003e+52 2.801334e+52 10.200115 12.8369 4.236112 129.098313 198.270167 23.618472
0.403 4.387537e+52 4.56294e+52 2.816382e+52 10.170221 12.833897 4.230388 128.349675 197.958999 23.523145
0.404 4.3951510000000003e+52 4.594855e+52 2.839802e+52 10.142264 12.831154 4.232014 127.602771 197.798918 23.510317
0.405 4.36212e+52 4.61193e+52 2.8660009999999995e+52 10.087847 12.808988 4.226754 126.192053 197.056963 23.414545
0.406 4.334693e+52 4.546963e+52 2.877624e+52 10.047912 12.798703 4.219574 125.077003 196.755726 23.329881
0.407 4.257974e+52 4.4037249999999995e+52 2.898138e+52 10.026765 12.788493 4.210124 124.638149 196.670181 23.214573
0.408 4.287592e+52 4.3776339999999995e+52 2.928537e+52 9.985896 12.75588 4.203236 123.808048 195.885141 23.125438
0.409 4.353453e+52 4.4240110000000003e+52 2.956165e+52 9.949194 12.740418 4.195886 122.930868 195.249506 23.0026
0.41 4.4806980000000004e+52 4.483828e+52 3.0165039999999996e+52 9.921247 12.721328 4.184691 122.422983 194.746881 22.833
0.411 4.584956e+52 4.544739e+52 3.0866359999999997e+52 9.880659 12.698105 4.18288 121.788689 194.351033 22.801031
0.412 4.6897580000000005e+52 4.6477259999999993e+52 3.167579e+52 9.873845 12.70626 4.189769 122.065838 194.874957 22.875401
0.413 4.823838000000001e+52 4.7678089999999997e+52 3.24308e+52 9.861884 12.707097 4.206753 122.114382 195.105735 23.079333
0.414 4.908559000000001e+52 4.833899e+52 3.32452e+52 9.851135 12.691066 4.225318 122.023453 194.825255 23.264029
0.415 5.005273e+52 4.926721e+52 3.407616e+52 9.839475 12.706347 4.251416 122.002381 195.4378 23.539298
0.416 5.058036999999999e+52 5.013650000000001e+52 3.4976790000000003e+52 9.829598 12.692926 4.261373 122.003097 195.373341 23.705903
0.417 5.16025e+52 5.124382e+52 3.635737e+52 9.79441 12.646037 4.288028 121.569713 194.685473 24.121121
0.418 5.25911e+52 5.225987e+52 3.777293e+52 9.742545 12.584265 4.318252 120.814532 193.591052 24.525485
0.419 5.341043e+52 5.34808e+52 3.833398e+52 9.691205 12.581583 4.325197 119.750163 193.440557 24.614619
0.42 5.219793000000001e+52 5.261302e+52 3.794621e+52 9.637989 12.490283 4.338583 118.399024 190.914073 24.814028
0.421 5.183135e+52 5.189463e+52 3.773321e+52 9.563055 12.421556 4.342938 116.754301 189.069056 24.942231
0.422 5.091654e+52 5.143941e+52 3.7763680000000003e+52 9.465034 12.329551 4.33298 114.745219 186.930202 25.016086
0.423 5.007085e+52 5.189329e+52 3.6728770000000003e+52 9.458044 12.296052 4.312256 114.704001 185.790761 24.918049
0.424 5.115956e+52 5.355737e+52 3.834898e+52 9.607573 12.415892 4.369862 118.433778 189.329768 25.566168
0.425 5.171263e+52 5.36578e+52 3.890349e+52 9.622563 12.450167 4.386077 119.266853 191.016833 25.722459
0.426 5.077114e+52 5.260866e+52 4.0263e+52 9.496001 12.37202 4.368227 116.160981 188.819829 25.610289
0.427 5.406862e+52 5.504845000000001e+52 4.2667799999999996e+52 9.541448 12.399508 4.402439 117.2699 189.782017 26.011857
0.428 5.545963e+52 5.640498e+52 4.464332e+52 9.546149 12.441508 4.468096 117.253562 191.054856 26.810399
0.429 5.52687e+52 5.627905e+52 4.520768e+52 9.481888 12.400207 4.475462 115.820301 189.870328 26.938333
0.43 5.203776e+52 5.237539e+52 4.446778e+52 9.336383 12.278261 4.464431 113.070334 187.198968 27.008478
0.431 5.04183e+52 5.098562e+52 4.3558399999999997e+52 9.311193 12.221496 4.496507 112.996072 186.356492 27.584003
0.432 5.229483e+52 5.353953e+52 4.492032e+52 9.421886 12.341988 4.551932 115.529691 189.771115 28.168385
0.433 5.476333e+52 5.656685e+52 4.621524e+52 9.573949 12.509385 4.605243 117.92783 192.783788 28.68431
0.434 5.835158e+52 6.062032e+52 4.714467e+52 9.624192 12.521712 4.619102 119.168018 192.984567 28.786042
0.435 5.775193e+52 6.014279e+52 4.631506e+52 9.645764 12.515011 4.64957 119.680041 192.759144 29.100398
0.436 5.520965000000001e+52 5.748385e+52 4.5484540000000005e+52 9.551401 12.359764 4.585487 117.699878 188.645813 28.412472
0.437 5.392513e+52 5.694722e+52 4.535124e+52 9.546183 12.348403 4.576982 117.897117 188.773487 28.35781
0.438 5.463794e+52 5.742418e+52 4.5858340000000003e+52 9.58515 12.375549 4.577443 118.873318 189.647805 28.387276
0.439 5.569597e+52 5.818552e+52 4.639968e+52 9.57914 12.380605 4.5811 118.68851 189.692364 28.425423
0.44 5.408142e+52 5.69891e+52 4.543273e+52 9.592334 12.439824 4.593456 119.264505 191.56554 28.544893
0.441 5.307745e+52 5.589167e+52 4.513035e+52 9.625485 12.476037 4.630733 119.86565 192.624177 29.046584
0.442 5.457606e+52 5.647583e+52 4.627567e+52 9.698443 12.508794 4.669909 121.697908 193.597942 29.515656
0.443 5.479856e+52 5.59325e+52 4.6464020000000004e+52 9.742391 12.57185 4.669297 122.904563 196.034515 29.52746
0.444 5.398327000000001e+52 5.478689e+52 4.5984819999999995e+52 9.757116 12.630085 4.633472 123.418735 197.768432 29.086925
0.445 5.328324000000001e+52 5.345329e+52 4.608263e+52 9.639941 12.469287 4.640698 120.967525 192.930009 29.259298
0.446 5.326037e+52 5.400867e+52 4.564191e+52 9.584993 12.403491 4.611885 119.57712 190.81797 28.926924
0.447 5.143481999999999e+52 5.18345e+52 4.5128630000000003e+52 9.546857 12.342746 4.571926 118.655815 189.49682 28.442119
0.448 4.969536999999999e+52 5.083192000000001e+52 4.4160769999999995e+52 9.450661 12.242849 4.548404 116.83661 187.028721 28.222941
0.449 4.778571e+52 4.916397e+52 4.316424e+52 9.421112 12.203065 4.548207 116.310752 185.687745 28.285231
0.45 4.817556999999999e+52 5.002717e+52 4.3240610000000005e+52 9.395138 12.17498 4.528498 116.080704 184.882439 28.095209
0.451 4.956397e+52 5.151301e+52 4.3508630000000003e+52 9.400477 12.18914 4.528729 115.838753 185.379422 28.096607
0.452 5.018595000000001e+52 5.237534e+52 4.3887770000000003e+52 9.339765 12.137882 4.51238 114.137569 183.567833 27.928671
0.453 4.911082e+52 5.090113e+52 4.3441910000000003e+52 9.315115 12.141654 4.52551 112.979121 183.429421 28.058088
0.454 4.818502e+52 4.964909e+52 4.237324e+52 9.261485 12.079368 4.481058 112.248538 181.893742 27.527497
0.455 4.708437e+52 4.74604e+52 4.0994669999999996e+52 9.226372 12.006737 4.410353 112.818024 180.245771 26.63196
0.456 4.5378369999999996e+52 4.522493e+52 4.01755e+52 9.114406 11.824425 4.341181 110.561272 176.120264 25.919059
0.457 4.4716269999999996e+52 4.535608e+52 4.001015e+52 9.105917 11.821343 4.349495 110.946007 176.061151 26.004972
0.458 4.553304e+52 4.639774e+52 4.003513e+52 9.202404 11.937387 4.352436 113.578341 179.666062 26.040609
0.459 4.730162e+52 4.75679e+52 4.0671369999999997e+52 9.272101 11.968616 4.363523 115.660613 180.676908 26.186961
0.46 4.768498e+52 4.839718e+52 4.084002e+52 9.322471 12.008737 4.364448 116.428323 181.726499 26.200901
0.461 4.6306760000000004e+52 4.729549e+52 4.0232739999999996e+52 9.238781 11.909387 4.339176 114.290758 178.632931 25.902263
0.462 4.5859379999999993e+52 4.740297e+52 4.0201789999999996e+52 9.183031 11.890832 4.333736 112.341548 177.626067 25.81613
0.463 4.525102e+52 4.6937009999999996e+52 3.9836070000000003e+52 9.153738 11.889331 4.334814 111.065402 177.359631 25.806975
0.464 4.551101e+52 4.7202400000000005e+52 4.022265e+52 9.283627 12.048311 4.362437 114.18925 182.242263 26.008909
0.465 4.590019e+52 4.778657e+52 4.0496189999999996e+52 9.295462 12.07074 4.366194 114.291197 183.157102 26.047878
0.466 4.780258e+52 4.939206999999999e+52 4.1582280000000004e+52 9.371077 12.152144 4.381181 116.028157 185.282433 26.175674
0.467 4.84229e+52 4.981617e+52 4.233754e+52 9.353752 12.123753 4.386472 114.77196 183.751623 26.236304
0.468 4.786948e+52 4.983181e+52 4.307716e+52 9.289665 12.072045 4.400079 114.052617 181.954285 26.408925
0.469 4.779638e+52 4.957429e+52 4.3436389999999994e+52 9.391599 12.161992 4.434243 116.901107 184.931039 26.752086
0.47 4.754911e+52 4.898824000000001e+52 4.379977e+52 9.412807 12.184278 4.427519 116.996981 186.046001 26.681439
0.471 4.761902e+52 4.928296999999999e+52 4.4038599999999997e+52 9.368996 12.142346 4.418329 115.735522 184.505289 26.601086
0.472 4.6205939999999996e+52 4.857895e+52 4.272832e+52 9.300599 12.105962 4.416237 113.522058 183.202838 26.634166
0.473 4.5333509999999997e+52 4.759971e+52 4.1449100000000003e+52 9.291122 12.105642 4.438575 113.043105 182.978698 26.857268
0.474 4.4482670000000005e+52 4.7607109999999994e+52 4.1536489999999995e+52 9.294623 12.128425 4.463821 113.333574 183.894081 27.13232
0.475 4.586097e+52 4.917100999999999e+52 4.2578250000000005e+52 9.328916 12.161268 4.451529 113.922716 184.944816 26.97306
0.476 4.7185829999999995e+52 5.032514e+52 4.359451e+52 9.323104 12.151943 4.44165 113.600547 184.453504 26.822747
0.477 4.6679690000000004e+52 4.857842e+52 4.2675850000000006e+52 9.253425 12.052292 4.390916 112.281738 181.824626 26.247093
0.478 4.609922e+52 4.802373e+52 4.192512e+52 9.278258 12.079525 4.370372 113.262568 183.159393 26.053357
0.479 4.4021689999999996e+52 4.6338540000000003e+52 4.098459e+52 9.289111 12.115712 4.395598 113.846865 184.761533 26.414071
0.48 4.293787e+52 4.505213e+52 3.976011e+52 9.253812 12.027779 4.381633 112.810615 182.113514 26.305659
0.481 4.331131e+52 4.6740909999999997e+52 3.956601e+52 9.274521 12.049476 4.3891 112.985785 182.234752 26.360672
0.482 4.419725e+52 4.6811999999999997e+52 4.063098e+52 9.399793 12.20809 4.424347 115.894273 186.932816 26.768106
0.483 4.4610760000000004e+52 4.6989799999999994e+52 4.161235e+52 9.291732 12.117008 4.449592 112.654035 183.371571 26.941515
0.484 4.507287e+52 4.849095e+52 4.1973070000000005e+52 9.329828 12.167005 4.47274 114.136751 185.196675 27.299893
0.485 4.3334260000000004e+52 4.6531440000000003e+52 4.1358189999999996e+52 9.351776 12.189066 4.473808 114.787548 185.919529 27.428064
0.486 4.410685e+52 4.739633e+52 4.1503949999999996e+52 9.282424 12.111589 4.476956 112.514619 183.074166 27.392875
0.487 4.3944989999999997e+52 4.794297000000001e+52 4.134649e+52 9.2439 12.060902 4.482403 111.670027 181.445785 27.453922
0.488 4.3902789999999997e+52 4.766555e+52 4.191171e+52 9.179709 11.971139 4.476845 110.480502 179.316554 27.457301
0.489 4.2933519999999997e+52 4.623671e+52 4.144667e+52 9.059918 11.838473 4.479749 108.322276 176.206908 27.611401
0.49 4.315572e+52 4.600716e+52 4.155007e+52 9.124976 11.914873 4.438587 110.031044 179.398779 27.134402
0.491 4.3612590000000005e+52 4.617908e+52 4.225674e+52 9.203371 12.019275 4.432503 111.691135 182.305397 27.069452
0.492 4.455883e+52 4.694453e+52 4.252498e+52 9.180287 12.017298 4.412363 110.891813 181.835892 26.73606
0.493 4.5131009999999997e+52 4.6733019999999997e+52 4.2132319999999995e+52 9.153873 11.988726 4.382977 110.012706 180.183136 26.405829
0.494 4.4760429999999996e+52 4.622232e+52 4.200392e+52 9.090878 11.911171 4.369329 108.600547 178.029842 26.211316
0.495 4.4607539999999996e+52 4.5602419999999994e+52 4.2002370000000006e+52 9.087766 11.926702 4.396369 108.64963 178.631033 26.551254
