####### LIGHTCURVES AND MEAN ENERGIES
####### 3 NEUTRINO SPECIES: NU_E, NUBAR_E AND N_X
####### ALL QUANTITIES ARE MEASURED AT 500 KM FROM THE CENTER
#######
####### FROM MODEL L2-0A (BUGLI ET AL. 2020,2021)
####### B0=1e12 G, l=2, r0=1.00e8 cm
####### UNITS: TIME [s], LUMINOSITY [erg/s], ENERGY [MeV]
# TIME	L_NU_E     	L_NU_BAR   	L_NU_X     	E_NU_E     	E_NU_BAR  	E_NU_X      	E2_NU_E    	E2_NU_BAR 	E2_NU_X
0.001 1.2167643999999999e+53 3.3000000000000003e+47 2.3e+47 11.062707 5.935587 0.869917 140.635271 47.126807 0.950867
0.002 8.710542999999999e+52 8.4633e+50 4.6595e+50 11.089987 9.758 2.346546 142.43966 109.868695 6.581321
0.003 4.3042994e+53 4.51247e+51 7.02963e+51 14.310186 14.057522 4.620199 234.551347 229.570621 26.248243
0.004 4.2296374e+53 3.0001800000000003e+51 7.420590000000001e+51 13.836295 12.212519 6.871253 222.449284 179.501466 68.992042
0.005 3.0500192999999998e+53 4.48151e+51 5.74743e+51 12.53314 11.838897 6.810466 181.738724 162.353954 72.084053
0.006 2.9461059e+53 5.4986199999999996e+51 5.04557e+51 12.510437 11.854182 5.913629 180.038101 162.657389 53.799151
0.007 2.4342925999999997e+53 6.45419e+51 5.95567e+51 12.002635 11.686583 5.040691 166.375105 158.044739 36.559414
0.008 2.671921e+53 6.503710000000001e+51 8.02901e+51 12.114888 11.840295 4.861454 168.444564 163.203123 31.354658
0.009 2.2422982999999997e+53 5.7977e+51 8.96113e+51 11.921986 11.678924 4.702949 166.643998 159.013219 28.805084
0.01 2.2964752e+53 5.0105999999999994e+51 9.09972e+51 11.674932 11.191509 4.482852 159.915175 147.46751 26.358688
0.011 2.0139835e+53 4.82559e+51 8.898169999999999e+51 10.910262 10.821371 4.330136 140.710355 137.277918 24.341493
0.012 1.8569741000000001e+53 5.4347e+51 8.552370000000001e+51 10.567037 10.593486 4.19306 131.689592 130.518541 22.599256
0.013 1.6011864e+53 6.35077e+51 8.80575e+51 9.959557 10.523824 4.117276 116.284984 128.594898 21.545991
0.014 1.3926637e+53 7.79941e+51 9.81213e+51 9.56365 10.572558 4.092125 106.912459 129.908829 21.05575
0.015 1.3824749000000001e+53 9.54956e+51 1.144213e+52 9.545197 10.735524 4.119865 105.940283 134.031549 21.251955
0.016 1.3671934e+53 1.13772e+52 1.2801519999999998e+52 9.655163 10.867263 4.161172 108.100645 137.893769 21.713117
0.017 1.3784712e+53 1.371371e+52 1.414754e+52 9.84515 11.105229 4.228521 112.233894 143.981436 22.43491
0.018 1.3515498e+53 1.544398e+52 1.52713e+52 9.92672 11.190643 4.253379 113.72216 146.170912 22.771731
0.019 1.3017742e+53 1.7233e+52 1.624205e+52 10.000993 11.303116 4.259392 115.391267 149.319426 22.91677
0.02 1.1382696e+53 1.8430249999999998e+52 1.713096e+52 9.919171 11.385669 4.243388 114.053855 151.202421 22.77029
0.021 1.0295709e+53 1.945141e+52 1.762469e+52 9.580152 11.417902 4.223597 107.036778 151.747438 22.587209
0.022 9.297326e+52 1.95326e+52 1.775439e+52 9.406846 11.338117 4.208089 103.496176 149.321163 22.412323
0.023 8.761808999999999e+52 1.9725029999999998e+52 1.809372e+52 9.22539 11.300645 4.186446 99.933248 148.263176 22.167895
0.024 8.205075e+52 1.963209e+52 1.834929e+52 8.9647 11.266064 4.162473 94.564238 147.272283 21.898815
0.025 7.643584e+52 1.935929e+52 1.8687139999999998e+52 8.811547 11.210346 4.160225 91.630682 145.585337 21.805757
0.026 7.666965e+52 1.8469070000000002e+52 1.885497e+52 8.72799 11.089547 4.146081 89.911873 142.663726 21.738365
0.027 7.47956e+52 1.860948e+52 1.954758e+52 8.670016 11.048443 4.135673 88.886811 141.473978 21.632499
0.028 7.465479e+52 1.910473e+52 2.043537e+52 8.572962 10.95207 4.132338 87.251715 139.122815 21.607828
0.029 7.658023e+52 2.033139e+52 2.143087e+52 8.55617 10.956997 4.145443 86.768163 138.974803 21.724862
0.03 7.597226e+52 2.202012e+52 2.206982e+52 8.541604 10.967118 4.148993 86.695706 139.206606 21.808852
0.031 7.179628e+52 2.299963e+52 2.2652739999999998e+52 8.484986 10.905007 4.133511 85.935902 137.873909 21.712252
0.032 7.12867e+52 2.456041e+52 2.3252169999999997e+52 8.484612 10.964022 4.13145 85.91109 139.580386 21.731968
0.033 6.50949e+52 2.677711e+52 2.336539e+52 8.435538 11.095367 4.130831 85.224372 142.43461 21.736587
0.034 6.120454e+52 2.830301e+52 2.309398e+52 8.409554 11.131368 4.110145 84.726645 143.223467 21.576
0.035 5.812818e+52 3.0031349999999997e+52 2.314959e+52 8.370436 11.228096 4.087412 83.89529 145.380319 21.302805
0.036 5.559366e+52 3.166437e+52 2.368792e+52 8.286656 11.314198 4.091272 82.404125 147.810802 21.32357
0.037 5.511441e+52 3.2898100000000003e+52 2.400956e+52 8.323791 11.421001 4.119039 82.990661 150.678118 21.584544
0.038 5.576132e+52 3.350662e+52 2.41072e+52 8.407609 11.509857 4.13557 84.603807 153.18619 21.745037
0.039 5.593708e+52 3.369168e+52 2.408119e+52 8.4418 11.584049 4.138899 85.412376 155.235832 21.756156
0.04 5.588018e+52 3.372214e+52 2.397305e+52 8.359489 11.614861 4.130301 83.963336 156.118053 21.637985
0.041 5.6243e+52 3.561531e+52 2.4878369999999996e+52 8.296224 11.740348 4.137079 82.825555 159.15276 21.613872
0.042 5.71631e+52 3.668387e+52 2.56426e+52 8.283127 11.792408 4.143333 82.570671 160.85457 21.670352
0.043 5.683434e+52 3.785203e+52 2.650568e+52 8.295274 11.822997 4.151661 82.992826 161.378671 21.66054
0.044 5.887347e+52 3.889645e+52 2.699971e+52 8.364115 11.872181 4.147541 84.081997 162.380646 21.591144
0.045 5.991065e+52 3.9712770000000003e+52 2.748583e+52 8.329745 11.85944 4.136837 83.359419 161.917353 21.496397
0.046 6.041861e+52 3.9921069999999997e+52 2.7654070000000003e+52 8.319176 11.811295 4.127032 83.319325 160.793649 21.448406
0.047 6.178915e+52 3.956738e+52 2.7643680000000003e+52 8.370767 11.782109 4.125467 84.144075 160.067722 21.448467
0.048 6.236312e+52 3.9129459999999997e+52 2.777486e+52 8.369007 11.753491 4.126275 84.178132 159.41664 21.455343
0.049 5.842668e+52 3.851444e+52 2.759422e+52 8.313527 11.670378 4.119778 83.291814 157.358404 21.400622
0.05 5.435143e+52 3.781212e+52 2.697385e+52 8.220251 11.59657 4.088175 81.720563 155.653473 21.154282
0.051 5.073327e+52 3.80341e+52 2.673497e+52 8.165043 11.607029 4.070012 80.513011 155.809594 21.023539
0.052 4.79836e+52 3.913685e+52 2.707137e+52 8.068004 11.584644 4.051315 78.647059 155.181219 20.872519
0.053 4.52185e+52 4.045179e+52 2.7390469999999997e+52 7.950357 11.573372 4.013455 76.603604 154.677475 20.492373
0.054 4.3642079999999995e+52 4.064342e+52 2.758573e+52 7.879437 11.53723 4.000428 75.250701 153.964405 20.359795
0.055 4.550842e+52 4.0595629999999996e+52 2.769568e+52 7.811194 11.523647 3.98252 73.972691 153.995549 20.149558
0.056 4.6947429999999997e+52 4.0273310000000003e+52 2.768649e+52 7.791074 11.599963 4.00247 73.764128 156.010293 20.262341
0.057 4.719939e+52 4.016493e+52 2.6892719999999997e+52 7.752718 11.713697 4.026109 73.244156 159.174421 20.505317
0.058 4.822429e+52 4.0877869999999995e+52 2.624659e+52 7.729759 11.753993 4.020106 72.814332 160.09766 20.43429
0.059 4.859123e+52 4.203401e+52 2.579813e+52 7.667341 11.840194 4.018461 71.722095 162.183647 20.422344
0.06 4.7537019999999997e+52 4.3234310000000004e+52 2.598578e+52 7.571245 11.815796 3.97461 70.050446 161.083168 19.932709
0.061 4.794765e+52 4.4035650000000003e+52 2.643059e+52 7.510124 11.873425 3.979433 68.960681 162.698683 19.951104
0.062 4.898884e+52 4.3468049999999997e+52 2.650444e+52 7.477097 11.864689 3.984667 68.521458 162.613922 20.013216
0.063 4.894388e+52 4.27113e+52 2.635983e+52 7.427462 11.841198 3.997909 67.681418 162.291489 20.191758
0.064 4.6808259999999997e+52 4.231428e+52 2.607534e+52 7.424193 11.857457 4.009985 67.761219 162.884741 20.339935
0.065 4.509405e+52 4.2247339999999997e+52 2.587415e+52 7.40166 11.880462 4.022534 67.518271 163.486758 20.468272
0.066 4.513662e+52 4.2337420000000005e+52 2.57991e+52 7.408265 11.898777 4.027845 67.63251 163.858086 20.508031
0.067 4.588143e+52 4.3611469999999996e+52 2.598376e+52 7.425515 11.878133 4.01982 67.950271 163.095975 20.434079
0.068 4.675871e+52 4.4965149999999995e+52 2.637376e+52 7.46396 11.84994 4.016117 68.664848 162.332356 20.417963
0.069 4.6709569999999993e+52 4.602003e+52 2.672483e+52 7.47427 11.824091 4.011239 68.862548 161.708426 20.399944
0.07 4.51309e+52 4.6575769999999996e+52 2.6883219999999996e+52 7.47205 11.815568 4.015428 68.850913 161.407485 20.44594
0.071 4.430275e+52 4.651008e+52 2.697451e+52 7.527574 11.849163 4.035753 69.841619 162.381716 20.665518
0.072 4.3927579999999994e+52 4.663551e+52 2.714474e+52 7.569585 11.900413 4.056399 70.587591 163.952708 20.896576
0.073 4.3866189999999994e+52 4.6679289999999997e+52 2.721042e+52 7.612905 11.941726 4.067962 71.401524 165.216785 21.048746
0.074 4.227577e+52 4.6300590000000003e+52 2.709263e+52 7.620786 11.944812 4.064091 71.674121 165.47569 21.047934
0.075 4.231319e+52 4.6783469999999994e+52 2.710008e+52 7.620367 11.947164 4.053162 71.648405 165.486521 20.949557
0.076 4.3183109999999994e+52 4.683459e+52 2.7271730000000003e+52 7.631304 11.974372 4.061366 71.819189 166.258441 21.001637
0.077 4.379798e+52 4.7230480000000003e+52 2.7342240000000004e+52 7.669709 11.967791 4.052266 72.483197 166.10652 20.879925
0.078 4.256093e+52 4.758716e+52 2.728661e+52 7.698325 11.969873 4.043835 73.035517 166.148503 20.793749
0.079 4.241497e+52 4.7714030000000005e+52 2.729429e+52 7.743208 11.968933 4.041975 73.815333 166.12957 20.775563
0.08 4.342955e+52 4.7294799999999996e+52 2.742257e+52 7.785589 11.970714 4.055826 74.545913 166.383653 20.909514
0.081 4.307243e+52 4.660299e+52 2.721723e+52 7.773718 11.96895 4.058468 74.315375 166.409293 20.959087
0.082 4.360036e+52 4.653696e+52 2.696449e+52 7.780887 11.966477 4.049334 74.597208 166.353535 20.865621
0.083 4.404891e+52 4.779915e+52 2.735491e+52 7.780849 11.978401 4.03953 74.544857 166.562459 20.774159
0.084 4.4213880000000003e+52 4.904804000000001e+52 2.763819e+52 7.805771 11.991607 4.02985 75.089221 166.891686 20.692862
0.085 4.564082e+52 5.023107e+52 2.819764e+52 7.860961 12.05592 4.049263 75.774663 168.575704 20.860299
0.086 4.594654e+52 5.014229000000001e+52 2.811818e+52 7.858266 12.087556 4.048741 75.747248 169.564692 20.849048
0.087 4.531892e+52 4.98492e+52 2.817916e+52 7.842634 12.08603 4.059692 75.822117 169.849347 20.99356
0.088 4.4690690000000003e+52 4.985649e+52 2.824926e+52 7.876113 12.113541 4.074002 76.408868 170.671388 21.145323
0.089 4.537784e+52 5.030284e+52 2.8487e+52 7.877973 12.123618 4.082103 77.725125 170.706744 21.19231
0.09 4.3903800000000003e+52 5.161664e+52 2.832838e+52 7.867738 12.135498 4.079315 76.644251 170.644646 21.148152
0.091 4.3491239999999997e+52 5.289793e+52 2.814637e+52 7.902002 12.046725 4.061178 78.00813 168.277582 20.9647
0.092 4.354922e+52 5.39161e+52 2.78531e+52 8.020983 11.997325 4.044263 83.413225 166.957615 20.794216
0.093 4.39289e+52 5.452974e+52 2.78524e+52 8.13594 11.99533 4.044534 86.611157 167.136462 20.770829
0.094 4.447932e+52 5.483221000000001e+52 2.777799e+52 8.219179 11.998442 4.03671 88.797637 167.200739 20.682192
0.095 4.4955129999999996e+52 5.546595e+52 2.79865e+52 8.207502 12.01524 4.038889 86.111144 167.611833 20.691892
0.096 4.623731e+52 5.609930000000001e+52 2.813563e+52 8.172995 12.059494 4.039939 84.151759 168.505576 20.711574
0.097 4.803627999999999e+52 5.602344999999999e+52 2.808919e+52 8.123791 12.146683 4.06915 81.094657 170.676568 21.011583
0.098 4.966799e+52 5.627146e+52 2.815877e+52 8.085828 12.247095 4.077249 81.053945 173.470044 21.107607
0.099 5.000235e+52 5.510583999999999e+52 2.747696e+52 8.015913 12.361138 4.087825 79.078157 176.653892 21.194629
0.1 4.998298e+52 5.446497e+52 2.7271869999999995e+52 7.968299 12.451787 4.103212 78.180501 179.145045 21.343488
0.101 5.056446e+52 5.40867e+52 2.729764e+52 7.952033 12.501373 4.106961 77.804838 180.422047 21.389212
0.102 4.855995e+52 5.342542e+52 2.7214779999999996e+52 7.949448 12.464692 4.10769 78.024418 179.587205 21.39562
0.103 4.7527359999999996e+52 5.189064e+52 2.6981929999999997e+52 7.933508 12.432944 4.1007 77.793755 179.191786 21.352374
0.104 4.710857e+52 5.102481e+52 2.682445e+52 7.948885 12.438538 4.104518 77.965926 179.34041 21.399279
0.105 4.6736069999999996e+52 5.113452e+52 2.6660379999999997e+52 7.939568 12.404795 4.098942 77.753908 178.245633 21.348001
0.106 4.6358360000000005e+52 5.155416e+52 2.6561949999999997e+52 7.941363 12.376177 4.089838 77.680373 177.328946 21.251547
0.107 4.6857860000000004e+52 5.241552000000001e+52 2.6553049999999997e+52 7.955243 12.344365 4.074024 77.813273 176.48096 21.091967
0.108 4.70862e+52 5.262057999999999e+52 2.646017e+52 7.927174 12.359006 4.064138 77.35053 176.962254 21.004303
0.109 4.541276e+52 5.187343e+52 2.6367889999999995e+52 7.830685 12.359066 4.056069 76.051013 177.089813 20.937557
0.11 4.389569e+52 5.070027999999999e+52 2.6070660000000003e+52 7.777317 12.346351 4.05237 75.294026 176.797244 20.920711
0.111 4.262664e+52 5.023794e+52 2.578461e+52 7.834249 12.342552 4.057596 76.1862 176.68528 20.96958
0.112 4.17086e+52 5.086193e+52 2.588161e+52 7.899595 12.342706 4.05374 77.25894 176.814041 20.934969
0.113 4.156967e+52 5.143969e+52 2.580452e+52 7.947044 12.424275 4.07045 78.102327 179.052468 21.094914
0.114 4.173932e+52 5.155575e+52 2.557675e+52 7.998661 12.416012 4.053393 79.142107 178.923755 20.940286
0.115 4.209808e+52 5.283862e+52 2.569729e+52 8.017666 12.48651 4.083057 79.550757 180.943029 21.243234
0.116 4.3557499999999994e+52 5.367142e+52 2.5954079999999997e+52 8.077517 12.483535 4.085301 80.693221 180.856942 21.242325
0.117 4.518933e+52 5.487761e+52 2.633337e+52 8.102149 12.497689 4.09983 81.092249 181.353436 21.377059
0.118 4.7264530000000004e+52 5.556007e+52 2.666898e+52 8.11318 12.526268 4.115121 81.30057 182.227864 21.512484
0.119 4.844882e+52 5.62042e+52 2.695506e+52 8.102191 12.561957 4.128947 81.101449 183.142359 21.614117
0.12 4.947548e+52 5.687573000000001e+52 2.7136520000000003e+52 8.104749 12.556998 4.134779 81.138373 182.873963 21.662997
0.121 4.919102999999999e+52 5.754837000000001e+52 2.727871e+52 8.092384 12.519652 4.130409 81.003376 181.722583 21.648429
0.122 4.861671e+52 5.726349e+52 2.735251e+52 8.092928 12.496588 4.132758 81.142767 181.072083 21.678731
0.123 4.7724460000000003e+52 5.639942999999999e+52 2.708174e+52 8.105132 12.462559 4.12944 81.396262 180.216296 21.676701
0.124 4.671065e+52 5.575478e+52 2.669714e+52 8.13413 12.455117 4.124107 81.849978 180.085906 21.653053
0.125 4.5416809999999994e+52 5.535345999999999e+52 2.625839e+52 8.148888 12.482014 4.11997 82.144722 180.923335 21.63825
0.126 4.4520920000000003e+52 5.507689e+52 2.5835020000000004e+52 8.164955 12.506347 4.114696 82.523046 181.675269 21.603053
0.127 4.5008910000000004e+52 5.564841000000001e+52 2.574423e+52 8.194848 12.552529 4.118045 83.09912 182.959385 21.644577
0.128 4.6636369999999996e+52 5.694067999999999e+52 2.592606e+52 8.256533 12.620276 4.123147 84.202668 184.876901 21.693045
0.129 4.799255e+52 5.86811e+52 2.637297e+52 8.288463 12.677842 4.136649 84.878774 186.356424 21.794995
0.13 4.881117e+52 5.974934e+52 2.671209e+52 8.301733 12.720977 4.152295 85.265998 187.493508 21.906741
0.131 5.071472e+52 6.148584e+52 2.7509269999999997e+52 8.312251 12.767168 4.176777 85.573703 188.710676 22.101314
0.132 5.238975e+52 6.144631e+52 2.728601e+52 8.351238 12.71505 4.183294 86.313782 187.451805 22.19124
0.133 5.271830999999999e+52 6.214021e+52 2.780631e+52 8.378277 12.601616 4.172113 86.722064 184.05632 22.061472
0.134 5.219597e+52 6.303963999999999e+52 2.8192e+52 8.387381 12.524243 4.174769 86.831437 182.198252 22.119389
0.135 5.015804e+52 6.257237e+52 2.811674e+52 8.356356 12.426107 4.176112 86.487796 179.592603 22.169096
0.136 4.808149e+52 6.205143e+52 2.793265e+52 8.317648 12.378404 4.191224 85.930672 178.355378 22.340351
0.137 4.745347e+52 6.204169e+52 2.790179e+52 8.342483 12.407154 4.195624 86.253131 179.146606 22.402253
0.138 4.6993580000000003e+52 6.239206e+52 2.7897759999999996e+52 8.392723 12.42824 4.192276 87.11633 179.641058 22.381334
0.139 4.573867e+52 6.276512e+52 2.766713e+52 8.45756 12.413836 4.181626 88.294408 179.315055 22.303311
0.14 4.4281689999999995e+52 6.329629e+52 2.739533e+52 8.51999 12.411405 4.162517 89.460611 179.350748 22.104812
0.141 4.3583629999999995e+52 6.405223e+52 2.726665e+52 8.557716 12.40985 4.144734 90.182343 179.332921 21.911166
0.142 4.419205e+52 6.482702e+52 2.713815e+52 8.607373 12.419383 4.133811 90.936845 179.628593 21.782939
0.143 4.505843e+52 6.526153e+52 2.699424e+52 8.641468 12.42399 4.120738 91.455482 179.664557 21.632396
0.144 4.551318e+52 6.476673e+52 2.686759e+52 8.658126 12.434463 4.113542 91.787183 179.888601 21.564333
0.145 4.5411919999999996e+52 6.387196999999999e+52 2.682196e+52 8.605047 12.426838 4.105729 90.974687 179.673827 21.484185
0.146 4.4886340000000004e+52 6.302242e+52 2.66025e+52 8.579638 12.458829 4.113995 90.673027 180.612809 21.591388
0.147 4.447957e+52 6.262832e+52 2.6432319999999997e+52 8.577631 12.471462 4.112455 90.595776 180.578085 21.561811
0.148 4.461694e+52 6.229379e+52 2.634865e+52 8.557874 12.547415 4.123106 90.159968 182.671292 21.671975
0.149 4.4929319999999995e+52 6.144679e+52 2.616521e+52 8.545911 12.605307 4.122248 90.00122 184.289704 21.680432
0.15 4.5022650000000005e+52 6.053757e+52 2.587033e+52 8.544272 12.667345 4.133065 90.066101 185.859467 21.79982
0.151 4.4865789999999997e+52 5.971172e+52 2.579323e+52 8.516818 12.695033 4.133647 89.645663 186.475911 21.800147
0.152 4.5252869999999994e+52 5.858301e+52 2.5327109999999997e+52 8.523119 12.750445 4.151315 89.755678 188.085335 21.994536
0.153 4.5630240000000004e+52 5.743969e+52 2.512181e+52 8.540023 12.710879 4.128376 90.066445 186.758611 21.772198
0.154 4.6277540000000006e+52 5.722099e+52 2.544067e+52 8.535885 12.789164 4.145065 89.845233 189.059097 21.928182
0.155 4.769504e+52 5.718479e+52 2.543493e+52 8.547103 12.828258 4.141559 90.099678 190.562426 21.917114
0.156 4.894717e+52 5.710879e+52 2.5789409999999997e+52 8.554859 12.879758 4.153047 90.37418 192.068237 22.002349
0.157 5.047436e+52 5.764344000000001e+52 2.611509e+52 8.545329 12.916004 4.174907 90.313888 193.217575 22.231787
0.158 5.237088e+52 5.803822e+52 2.656942e+52 8.596236 12.855808 4.184513 91.421219 191.371473 22.301825
0.159 5.396321999999999e+52 5.936271e+52 2.742403e+52 8.639895 12.812782 4.197784 92.266925 190.095585 22.435451
0.16 5.604717e+52 6.179331000000001e+52 2.856229e+52 8.665185 12.893258 4.227341 92.77603 192.641899 22.72834
0.161 5.439762e+52 6.062857e+52 2.831928e+52 8.677516 12.95918 4.256522 93.133034 194.749057 23.034624
0.162 5.342703000000001e+52 6.042382e+52 2.780735e+52 8.732474 13.011796 4.263996 94.095721 196.007966 23.146905
0.163 5.230643e+52 6.052754e+52 2.735212e+52 8.75442 13.024673 4.256517 94.459655 196.220211 23.121277
0.164 5.303248e+52 6.003186e+52 2.7044e+52 8.748622 12.941457 4.250637 94.030923 193.919993 23.120664
0.165 5.514964e+52 5.93809e+52 2.747605e+52 8.738556 12.884478 4.232035 93.678577 192.347363 22.92918
0.166 5.678332e+52 5.931698e+52 2.807121e+52 8.798028 12.904578 4.254081 94.922524 193.106094 23.140435
0.167 5.663211999999999e+52 6.184727999999999e+52 2.839759e+52 8.858397 12.84349 4.261654 96.236932 191.483452 23.280366
0.168 5.535711e+52 6.088007e+52 2.796635e+52 8.83126 12.79924 4.285142 95.767644 190.671303 23.600807
0.169 5.676226e+52 6.006315e+52 2.8291620000000004e+52 8.802502 12.958583 4.304092 95.113267 194.663086 23.786808
0.17 5.467695e+52 5.952907999999999e+52 2.850219e+52 8.842128 12.880183 4.316398 95.87958 192.82203 23.960048
0.171 5.33258e+52 5.914435e+52 2.856544e+52 8.881792 12.888143 4.352621 96.795373 193.453913 24.390174
0.172 5.269957999999999e+52 6.036383e+52 2.889313e+52 8.918905 12.945106 4.380172 97.672283 195.06218 24.664707
0.173 5.244808e+52 6.288261e+52 2.948773e+52 8.971849 12.971083 4.37734 98.899287 195.720054 24.583715
0.174 5.065023e+52 6.353780999999999e+52 2.948346e+52 8.993771 12.98027 4.376202 99.732949 196.126432 24.581846
0.175 4.859285e+52 6.171026999999999e+52 2.867261e+52 9.017035 13.056155 4.369198 100.097975 198.460321 24.527186
0.176 4.845223e+52 5.988535e+52 2.808048e+52 9.101849 13.092748 4.366231 101.513018 199.664121 24.476239
0.177 4.897861e+52 5.955171e+52 2.776068e+52 9.180271 13.055387 4.374231 103.254104 198.724771 24.552786
0.178 4.893396e+52 6.057258e+52 2.746819e+52 9.247084 13.002963 4.381095 104.929316 197.382158 24.613786
0.179 4.899389e+52 6.221649000000001e+52 2.731563e+52 9.385463 12.942133 4.364769 107.51056 195.631913 24.403302
0.18 4.855887e+52 6.348189e+52 2.705121e+52 9.50902 12.843679 4.346676 109.807553 192.868375 24.207054
0.181 4.83891e+52 6.54244e+52 2.730816e+52 9.629735 12.662259 4.347198 112.381605 188.026456 24.196767
0.182 4.978536e+52 6.721908e+52 2.77356e+52 9.729406 12.664293 4.345806 114.442378 188.393185 24.170775
0.183 4.920654e+52 6.602531e+52 2.7266210000000004e+52 9.719459 12.747035 4.352444 115.193905 190.64813 24.271219
0.184 4.6881940000000003e+52 6.207871e+52 2.5717629999999996e+52 9.547774 12.903919 4.342914 111.613156 194.263118 24.231674
0.185 4.5267109999999997e+52 5.884128999999999e+52 2.485048e+52 9.368992 13.072268 4.334058 108.916493 198.054219 24.151019
0.186 4.55137e+52 5.755061e+52 2.4912800000000003e+52 9.189892 13.2095 4.336113 104.729493 201.277862 24.167135
0.187 4.696518e+52 5.793926e+52 2.553448e+52 9.095299 13.295621 4.351773 102.528364 203.572095 24.293005
0.188 4.763836e+52 5.823453e+52 2.5946600000000003e+52 9.029981 13.283596 4.351389 101.015116 203.476955 24.312855
0.189 4.86336e+52 5.914457e+52 2.6310060000000003e+52 8.984684 13.270854 4.334765 99.904286 203.274105 24.164752
0.19 5.083859999999999e+52 5.944963e+52 2.657407e+52 8.987483 13.221896 4.307958 99.684917 201.937969 23.886851
0.191 5.055793000000001e+52 5.829238e+52 2.619318e+52 9.033643 13.17194 4.294156 100.458691 200.564609 23.724029
0.192 4.798582e+52 5.570693e+52 2.53154e+52 9.141609 13.152905 4.291152 102.541746 200.253612 23.678462
0.193 4.644729e+52 5.402675e+52 2.485344e+52 9.223014 13.13019 4.285429 104.037871 200.188736 23.661745
0.194 4.516514e+52 5.26336e+52 2.456243e+52 9.223701 13.068792 4.273347 103.984414 198.794508 23.526847
0.195 4.340574e+52 5.167017e+52 2.428768e+52 9.174569 13.001269 4.254961 103.271539 197.012788 23.316838
0.196 4.1886359999999995e+52 5.076673e+52 2.378912e+52 9.097461 12.903951 4.23452 101.900398 194.384174 23.113918
0.197 4.056076e+52 5.039082e+52 2.297624e+52 9.007641 12.755518 4.188745 100.239912 190.346938 22.697429
0.198 3.990608e+52 4.974406e+52 2.2355070000000002e+52 8.91674 12.54515 4.136505 98.241731 184.706786 22.194177
0.199 3.976134e+52 4.912861000000001e+52 2.190649e+52 8.776598 12.344737 4.090629 95.247195 179.610592 21.805643
0.2 3.9953500000000004e+52 4.811869e+52 2.144098e+52 8.545046 12.167794 4.043588 90.694814 175.298858 21.394262
0.201 4.0652419999999993e+52 4.797053e+52 2.106814e+52 8.345878 12.110474 4.010935 87.084869 174.029579 21.162075
0.202 3.9821430000000004e+52 4.683344e+52 2.0020690000000002e+52 8.138302 11.96621 3.941986 83.600817 170.275216 20.562333
0.203 3.9710559999999997e+52 4.6547850000000003e+52 1.9757629999999998e+52 8.063712 11.935103 3.90976 82.677869 169.40001 20.260216
0.204 4.084928e+52 4.675802e+52 1.992774e+52 8.082107 12.020808 3.920127 83.18241 171.496423 20.345361
0.205 4.382561e+52 4.856871e+52 2.091304e+52 8.176656 12.177248 3.975271 84.704268 175.333973 20.833136
0.206 4.5211e+52 5.024993e+52 2.136592e+52 8.169826 12.256716 3.99935 84.819644 177.374379 21.072021
0.207 4.617424e+52 5.151557e+52 2.161916e+52 8.163918 12.290158 4.01055 85.030741 178.425306 21.191838
0.208 4.749655e+52 5.333033e+52 2.197524e+52 8.252131 12.348401 4.022698 86.817183 179.96131 21.302073
0.209 4.881441e+52 5.547863e+52 2.229384e+52 8.380361 12.371232 4.034253 89.359482 180.437514 21.408875
0.21 4.887022e+52 5.876753e+52 2.2519209999999998e+52 8.447081 12.255084 4.04205 90.944699 177.101128 21.49616
0.211 4.902545e+52 5.911261999999999e+52 2.24961e+52 8.412453 12.145829 4.044592 90.315936 174.321753 21.500046
0.212 4.747166e+52 5.647547999999999e+52 2.174864e+52 8.312778 12.063672 4.028406 88.387702 171.899113 21.367926
0.213 4.5448029999999997e+52 5.415027e+52 2.132289e+52 8.280762 11.974514 4.013399 87.525517 169.505419 21.203832
0.214 4.325954e+52 5.241901e+52 2.085779e+52 8.26875 11.947255 4.011895 87.043314 168.884564 21.218719
0.215 4.2334610000000003e+52 5.078468e+52 2.0686550000000002e+52 8.301401 12.048182 4.015332 87.492394 171.890484 21.284513
0.216 4.276188e+52 4.977421e+52 2.0710660000000001e+52 8.347918 12.161139 4.031592 88.203823 175.313165 21.421967
0.217 4.4539619999999996e+52 5.016475e+52 2.091037e+52 8.427688 12.259205 4.056993 89.56894 178.251574 21.641323
0.218 4.784073e+52 5.309927e+52 2.163139e+52 8.500064 12.332971 4.073016 90.98523 180.476429 21.768091
0.219 4.93799e+52 5.562255000000001e+52 2.212263e+52 8.590434 12.372589 4.08433 92.929719 181.818944 21.880093
0.22 4.941731e+52 5.822498e+52 2.254502e+52 8.670284 12.358896 4.087273 94.753322 181.474329 21.906447
0.221 4.604888e+52 5.784463e+52 2.2076600000000003e+52 8.688268 12.27624 4.063816 95.247659 179.426052 21.728831
0.222 4.309712e+52 5.634842e+52 2.116321e+52 8.77522 12.259648 4.039667 96.865719 179.079777 21.544109
0.223 4.194101e+52 5.541449e+52 2.080806e+52 8.795458 12.219557 4.018584 96.933619 177.762195 21.341684
0.224 4.1561120000000003e+52 5.48506e+52 2.060985e+52 8.735319 12.183762 3.997947 95.648023 176.653585 21.160869
0.225 4.082543e+52 5.372999e+52 2.031597e+52 8.713938 12.17974 3.992417 95.270925 176.392504 21.105602
0.226 3.9788640000000004e+52 5.241182e+52 2.0029880000000002e+52 8.66434 12.142752 3.988863 94.273527 175.233574 21.050512
0.227 3.836585e+52 5.009431e+52 1.9560789999999998e+52 8.547772 12.071162 3.978821 91.837129 173.137768 20.922659
0.228 3.636082e+52 4.789694e+52 1.897182e+52 8.448201 12.019101 3.96977 89.70383 171.681972 20.825826
0.229 3.447301e+52 4.62164e+52 1.8402609999999998e+52 8.422938 12.019566 3.962789 89.191646 171.696505 20.758684
0.23 3.325638e+52 4.4686380000000004e+52 1.7808649999999998e+52 8.465052 12.005763 3.949372 89.903356 171.165981 20.629289
0.231 3.192527e+52 4.337987e+52 1.742394e+52 8.506665 12.01575 3.935622 90.732073 171.305906 20.478633
0.232 3.085958e+52 4.260961e+52 1.730774e+52 8.526741 12.029588 3.937735 91.011498 171.640071 20.451994
0.233 3.0010050000000004e+52 4.268705e+52 1.72173e+52 8.576016 12.099249 3.941461 92.020873 173.530123 20.478866
0.234 3.047983e+52 4.383914e+52 1.7340070000000002e+52 8.655856 12.147193 3.943532 93.418956 174.98569 20.512614
0.235 3.14231e+52 4.4716259999999997e+52 1.748073e+52 8.757272 12.202305 3.944091 95.22339 176.404847 20.512145
0.236 3.206745e+52 4.5577690000000003e+52 1.767548e+52 8.806777 12.172449 3.931639 96.061872 175.686247 20.391422
0.237 3.2611080000000003e+52 4.5821569999999996e+52 1.777368e+52 8.813566 12.17941 3.932173 96.222127 175.902981 20.377445
0.238 3.270113e+52 4.471818e+52 1.759597e+52 8.812785 12.198781 3.937402 96.336586 176.588776 20.431291
0.239 3.2805439999999997e+52 4.366867e+52 1.748725e+52 8.752682 12.196841 3.942285 95.345512 176.582792 20.501515
0.24 3.279257e+52 4.285069e+52 1.743669e+52 8.686317 12.185274 3.958591 94.304377 176.389464 20.673238
0.241 3.263159e+52 4.247447e+52 1.75221e+52 8.607023 12.18127 3.974721 93.129404 176.436014 20.867786
0.242 3.2145260000000004e+52 4.2272629999999995e+52 1.7641109999999998e+52 8.551233 12.197735 3.992678 92.351205 176.897629 21.059554
0.243 3.2445279999999996e+52 4.274725e+52 1.78271e+52 8.553038 12.243318 4.001796 92.377691 178.136913 21.175329
0.244 3.284873e+52 4.329425e+52 1.79131e+52 8.557176 12.269062 4.015615 92.37269 178.87475 21.350682
0.245 3.284309e+52 4.3609669999999995e+52 1.805223e+52 8.549916 12.219315 3.999149 92.143089 177.358916 21.214166
0.246 3.326477e+52 4.426843e+52 1.818569e+52 8.554222 12.231056 4.001593 92.009868 177.699401 21.274253
0.247 3.355426e+52 4.4874970000000003e+52 1.816927e+52 8.586058 12.213146 3.992816 92.36998 176.968923 21.187481
0.248 3.4085049999999996e+52 4.577508e+52 1.820343e+52 8.618545 12.219171 3.984966 92.864716 177.219033 21.11418
0.249 3.434305e+52 4.5396109999999996e+52 1.812385e+52 8.623053 12.19667 3.986219 92.960607 176.782648 21.113396
0.25 3.400649e+52 4.4949719999999995e+52 1.814324e+52 8.587442 12.167901 4.000485 92.294017 176.015932 21.253331
0.251 3.4209649999999995e+52 4.539529e+52 1.828942e+52 8.561218 12.196771 4.020687 91.890783 176.946756 21.475828
0.252 3.509136e+52 4.676361e+52 1.842867e+52 8.581642 12.242078 4.029973 92.330193 178.112356 21.591928
0.253 3.598961e+52 4.764767e+52 1.8549269999999999e+52 8.616058 12.235773 4.047994 93.04018 178.021804 21.78628
0.254 3.634114e+52 4.765054e+52 1.8613789999999998e+52 8.635484 12.225526 4.059026 93.425725 177.869427 21.890936
0.255 3.656681e+52 4.744204e+52 1.855294e+52 8.656911 12.228084 4.069939 93.85815 178.136654 22.006063
0.256 3.568317e+52 4.581544e+52 1.812903e+52 8.616596 12.189879 4.070398 93.258871 177.246833 22.036447
0.257 3.4390529999999997e+52 4.4448569999999997e+52 1.762415e+52 8.580351 12.111682 4.058121 92.620078 175.237404 21.943328
0.258 3.322868e+52 4.2980309999999997e+52 1.728027e+52 8.547689 12.034862 4.046932 91.810155 173.152632 21.827172
0.259 3.17726e+52 4.1426100000000004e+52 1.697146e+52 8.503497 11.97838 4.049085 90.876404 171.64548 21.82544
0.26 3.109634e+52 4.124307e+52 1.682836e+52 8.514192 11.986265 4.045522 90.902792 171.712813 21.754665
0.261 3.099448e+52 4.1594559999999995e+52 1.684108e+52 8.545749 12.05135 4.046731 91.543078 173.512592 21.747602
0.262 3.119391e+52 4.3122709999999997e+52 1.683024e+52 8.629847 12.129234 4.052849 93.331103 175.508821 21.846392
0.263 3.2838280000000004e+52 4.4978870000000005e+52 1.693872e+52 8.739838 12.164937 4.060943 95.481397 176.487162 21.946103
0.264 3.402172e+52 4.6339249999999996e+52 1.705502e+52 8.81323 12.209837 4.069897 96.968052 177.559515 22.045277
0.265 3.477634e+52 4.579649e+52 1.717422e+52 8.848203 12.226345 4.070668 97.638454 178.46506 22.064838
0.266 3.400951e+52 4.3742089999999995e+52 1.706297e+52 8.829859 12.197988 4.078615 97.628371 178.178006 22.143021
0.267 3.304362e+52 4.201937e+52 1.6760779999999998e+52 8.804927 12.245083 4.07718 97.263117 179.24406 22.133526
0.268 3.225528e+52 4.146621e+52 1.661766e+52 8.775191 12.227249 4.075221 96.745792 178.579299 22.127743
0.269 3.226158e+52 4.1904560000000003e+52 1.668976e+52 8.763596 12.216221 4.064623 96.423343 178.057278 22.002631
0.27 3.27548e+52 4.2716079999999996e+52 1.6684939999999998e+52 8.836509 12.285108 4.066545 97.645504 179.773977 21.963818
0.271 3.30553e+52 4.3502770000000003e+52 1.675009e+52 8.876237 12.327802 4.066463 98.358934 180.983899 21.929684
0.272 3.281191e+52 4.364518e+52 1.676041e+52 8.882977 12.3296 4.063314 98.452201 181.081856 21.886614
0.273 3.2146880000000003e+52 4.281529e+52 1.670439e+52 8.822115 12.260106 4.057233 97.324897 179.312316 21.839883
0.274 3.1454140000000003e+52 4.10014e+52 1.643625e+52 8.762339 12.213579 4.050232 96.265128 178.389638 21.826755
0.275 3.100438e+52 3.989627e+52 1.6090340000000002e+52 8.747712 12.183953 4.046627 96.010089 177.722696 21.841376
0.276 3.051667e+52 3.969001e+52 1.593556e+52 8.715135 12.128248 4.040654 95.372206 176.186513 21.829922
0.277 3.003583e+52 3.921605e+52 1.579981e+52 8.701519 12.089085 4.055679 95.092871 175.020478 21.952786
0.278 3.020207e+52 3.916965e+52 1.562002e+52 8.739157 12.129213 4.069823 95.782081 175.850738 22.079391
0.279 3.040919e+52 3.892638e+52 1.5578209999999998e+52 8.759562 12.139119 4.066196 96.149981 176.356347 22.042895
0.28 3.080761e+52 3.901587e+52 1.569966e+52 8.807345 12.231522 4.07062 97.102359 178.86843 22.047298
0.281 3.203172e+52 4.037879e+52 1.58093e+52 8.870966 12.251427 4.057407 98.208027 178.839787 21.938621
0.282 3.192625e+52 3.968408e+52 1.5648919999999998e+52 8.906597 12.206131 4.043124 99.195253 177.969504 21.873076
0.283 3.089051e+52 3.878556e+52 1.5669319999999999e+52 8.893096 12.086997 4.037662 98.904316 174.821094 21.822817
0.284 2.988588e+52 3.768049e+52 1.557248e+52 8.863249 12.038841 4.036982 98.281129 173.417974 21.854785
0.285 2.978604e+52 3.820614e+52 1.557192e+52 8.841971 11.994984 4.036053 97.710113 172.241073 21.894341
0.286 2.950633e+52 3.7619950000000003e+52 1.526044e+52 8.887753 12.035326 4.034344 98.533477 173.264119 21.919136
0.287 2.9667880000000004e+52 3.679936e+52 1.546931e+52 8.786675 11.9962 4.039763 96.686485 172.666881 21.879187
0.288 2.9493170000000003e+52 3.548422e+52 1.5564459999999999e+52 8.789373 12.169632 4.05814 96.862839 177.530294 21.95913
0.289 2.862273e+52 3.423493e+52 1.524961e+52 8.748066 12.194475 4.05271 96.254454 178.57922 21.883293
0.29 2.7774899999999997e+52 3.351073e+52 1.49632e+52 8.752071 12.2718 4.050749 96.513045 180.786339 21.902006
0.291 2.781063e+52 3.314764e+52 1.492413e+52 8.770946 12.296415 4.041151 97.018119 181.768548 21.821931
0.292 2.7630530000000003e+52 3.2736e+52 1.483992e+52 8.759911 12.252796 4.027608 96.785319 180.341016 21.7241
0.293 2.839558e+52 3.374641e+52 1.4779340000000002e+52 8.793398 12.266816 4.028717 97.229084 180.2052 21.777202
0.294 2.946524e+52 3.481412e+52 1.497646e+52 8.879302 12.345242 4.031411 98.845828 182.224519 21.810173
0.295 3.098975e+52 3.6542400000000003e+52 1.518513e+52 8.940996 12.39259 4.037948 100.053489 183.288616 21.886805
0.296 3.201702e+52 3.80518e+52 1.53072e+52 9.060146 12.376517 4.050992 102.409149 182.665986 22.061053
0.297 3.2215370000000003e+52 3.9636619999999997e+52 1.559613e+52 9.151815 12.320921 4.067499 104.193497 181.455283 22.250695
0.298 3.288765e+52 3.983979e+52 1.5837699999999998e+52 9.114165 12.342475 4.073944 103.586105 182.379261 22.354793
0.299 3.1487560000000003e+52 3.9076339999999996e+52 1.560586e+52 9.080904 12.369809 4.088943 103.069854 182.989076 22.551996
0.3 3.062037e+52 3.7832680000000003e+52 1.537778e+52 9.034795 12.370857 4.083009 102.172976 183.113876 22.539623
0.301 2.88169e+52 3.488484e+52 1.493673e+52 8.978455 12.397951 4.088096 101.277607 184.338326 22.631324
0.302 2.7443780000000003e+52 3.2615e+52 1.449693e+52 8.942774 12.36198 4.101923 100.574068 183.410558 22.86514
0.303 2.726209e+52 3.216152e+52 1.4477150000000001e+52 8.902537 12.331336 4.097081 99.765662 182.330272 22.863481
0.304 2.690655e+52 3.0750250000000003e+52 1.4069940000000001e+52 8.841837 12.234997 4.100656 98.47266 179.579618 22.970656
0.305 2.627215e+52 2.984216e+52 1.362478e+52 8.772513 12.284063 4.105398 97.074869 180.823092 23.045623
0.306 2.6740780000000003e+52 3.1452650000000003e+52 1.355399e+52 8.770904 12.429405 4.084663 96.990845 184.654577 22.702064
0.307 2.854448e+52 3.3138e+52 1.405109e+52 8.883088 12.645769 4.081698 99.538692 190.851163 22.502518
0.308 2.951683e+52 3.275163e+52 1.431818e+52 8.886122 12.815862 4.098743 99.692758 195.764698 22.543737
0.309 2.978108e+52 3.3172229999999997e+52 1.436369e+52 9.028249 12.965438 4.121654 102.692997 199.298818 22.776393
0.31 3.117364e+52 3.519889e+52 1.4954750000000002e+52 9.162929 12.777466 4.129722 105.439225 194.116046 22.881517
0.311 3.135433e+52 3.662308e+52 1.5259309999999998e+52 9.165977 12.658693 4.126369 105.441206 190.66599 22.908904
0.312 3.160932e+52 3.786887e+52 1.544e+52 9.208691 12.510747 4.161872 106.330629 186.462429 23.336841
0.313 3.190878e+52 3.703431e+52 1.573556e+52 8.982288 12.424261 4.162239 101.636091 184.676929 23.281734
0.314 3.072793e+52 3.629754e+52 1.555051e+52 8.894017 12.319783 4.149786 100.225526 181.877536 23.200824
0.315 2.99678e+52 3.760391e+52 1.576476e+52 8.967108 12.145135 4.138416 101.057115 177.111721 23.092171
0.316 2.82902e+52 3.688476e+52 1.530861e+52 8.942508 12.034553 4.128981 100.392703 174.591363 23.005172
0.317 2.6462850000000003e+52 3.5134e+52 1.499282e+52 8.947662 12.035317 4.119946 100.691001 174.959881 22.940971
0.318 2.501656e+52 3.261388e+52 1.446209e+52 8.962157 12.142036 4.122109 101.188883 177.916 22.971055
0.319 2.2351019999999998e+52 3.129956e+52 1.3893420000000002e+52 8.87723 12.180087 4.107116 99.765421 178.164748 22.758543
0.32 2.146147e+52 3.2829039999999997e+52 1.346189e+52 9.063575 12.151916 4.072031 103.224375 176.586153 22.4735
0.321 2.1966969999999998e+52 3.372803e+52 1.3326830000000001e+52 9.139829 11.967984 4.039847 104.068819 171.568727 22.140281
0.322 2.0988989999999997e+52 3.250936e+52 1.307663e+52 9.05089 11.77326 4.029711 102.171956 166.839581 22.034501
0.323 2.026752e+52 2.993594e+52 1.264783e+52 8.924326 11.850147 4.011181 99.582301 168.987864 21.80983
0.324 2.126385e+52 3.084911e+52 1.288602e+52 8.909028 12.072812 4.00871 99.45873 174.608121 21.707919
0.325 2.2386240000000002e+52 3.199516e+52 1.309667e+52 8.968717 12.167533 4.031533 100.593998 176.974203 21.921693
0.326 2.4172769999999996e+52 3.296577e+52 1.3310800000000001e+52 8.985601 12.268992 4.049153 101.028109 179.913627 22.132089
0.327 2.511342e+52 3.343559e+52 1.3427e+52 8.887204 12.250576 4.050977 99.364676 179.366036 22.167917
0.328 2.491492e+52 3.284682e+52 1.33171e+52 8.747205 12.194402 4.048075 96.974689 177.666531 22.164542
0.329 2.407628e+52 3.034834e+52 1.304001e+52 8.640656 12.070008 4.039948 94.995172 174.851407 22.151023
0.33 2.259048e+52 2.8623560000000004e+52 1.262447e+52 8.468936 12.024877 4.034313 91.656324 173.966091 22.20134
0.331 2.241268e+52 2.83535e+52 1.262404e+52 8.430653 12.068634 4.019885 90.857712 175.501184 22.166631
0.332 2.2643270000000003e+52 2.801004e+52 1.244331e+52 8.520702 11.978801 4.034552 92.56869 173.47029 22.431491
0.333 2.2341700000000002e+52 2.705418e+52 1.249729e+52 8.483313 11.935799 4.047298 91.950217 172.593906 22.558841
0.334 2.141098e+52 2.675296e+52 1.23755e+52 8.430622 11.964407 4.054627 91.183419 173.019237 22.57884
0.335 2.1254339999999997e+52 2.6893060000000003e+52 1.232037e+52 8.476339 12.011146 4.042242 91.971414 174.284005 22.448252
0.336 2.087263e+52 2.633914e+52 1.212334e+52 8.496262 12.046005 4.031546 92.426625 175.498265 22.299077
0.337 2.078237e+52 2.587756e+52 1.1876040000000001e+52 8.544054 12.089788 4.021238 93.326086 176.857974 22.137692
0.338 2.0922429999999998e+52 2.603069e+52 1.1719759999999999e+52 8.598189 12.111178 4.024859 94.429379 177.142389 22.135563
0.339 2.0837500000000002e+52 2.582903e+52 1.15941e+52 8.710093 12.23156 4.034342 96.988019 180.997671 22.179567
0.34 2.070329e+52 2.517787e+52 1.142559e+52 8.778127 12.258548 4.035965 98.624566 182.034083 22.209259
0.341 2.062284e+52 2.45192e+52 1.129059e+52 8.744454 12.205608 4.042503 97.942833 180.849597 22.304574
0.342 2.022325e+52 2.427573e+52 1.1166789999999999e+52 8.637039 12.139798 4.028607 95.849595 178.911653 22.214529
0.343 1.998583e+52 2.44094e+52 1.1123099999999998e+52 8.543175 12.127014 4.011234 93.896881 178.169626 22.054098
0.344 1.9696819999999998e+52 2.474332e+52 1.1099490000000001e+52 8.5086 12.167869 3.984306 93.360028 179.0364 21.818616
0.345 1.955899e+52 2.524505e+52 1.107219e+52 8.573532 12.155461 3.969386 94.767488 178.649409 21.71046
0.346 1.9752369999999998e+52 2.5469699999999997e+52 1.103e+52 8.618287 12.115269 3.959881 95.585487 177.530434 21.648627
0.347 2.041461e+52 2.5905070000000003e+52 1.120597e+52 8.64626 12.081956 3.950875 95.748211 176.495239 21.520411
0.348 2.0876329999999999e+52 2.531971e+52 1.1346909999999998e+52 8.579708 12.028671 3.947907 94.276665 175.292403 21.467426
0.349 2.1238950000000001e+52 2.5403899999999997e+52 1.154204e+52 8.492218 12.021677 3.963565 92.565721 174.893857 21.580309
0.35 2.159087e+52 2.579864e+52 1.166113e+52 8.486305 12.045032 3.989453 92.486213 175.44124 21.831272
0.351 2.194115e+52 2.772244e+52 1.1820999999999999e+52 8.523973 12.034719 3.990298 93.109713 174.7646 21.838628
0.352 2.215863e+52 2.879984e+52 1.1922049999999999e+52 8.561273 11.993525 3.995067 93.850812 173.822687 21.880895
0.353 2.241766e+52 2.965275e+52 1.216075e+52 8.571501 11.987794 4.007999 93.873327 173.528432 21.989356
0.354 2.266944e+52 2.89636e+52 1.214617e+52 8.57067 11.974117 3.999269 93.562108 173.63161 21.923114
0.355 2.185602e+52 2.741205e+52 1.1837e+52 8.503077 11.901459 3.985113 92.320891 171.765252 21.84143
0.356 2.0880339999999998e+52 2.626079e+52 1.15639e+52 8.408274 11.823161 3.964927 90.562005 169.79779 21.696287
0.357 2.065623e+52 2.6146759999999996e+52 1.1387640000000001e+52 8.370957 11.73602 3.932376 90.025408 167.505145 21.416916
0.358 2.071838e+52 2.5881729999999996e+52 1.115683e+52 8.354758 11.721169 3.920099 89.879104 166.948862 21.293593
0.359 2.064015e+52 2.540642e+52 1.099668e+52 8.36438 11.726886 3.912336 90.098427 167.299614 21.186773
0.36 2.0653209999999999e+52 2.564228e+52 1.1180589999999999e+52 8.389976 11.738986 3.895398 90.480993 168.034729 20.978219
0.361 2.064901e+52 2.5329579999999997e+52 1.12643e+52 8.456901 11.755336 3.889232 91.79151 168.887987 20.880096
0.362 2.0017779999999999e+52 2.445405e+52 1.1199790000000001e+52 8.459812 11.711524 3.898273 91.954597 168.156431 20.97007
0.363 1.928579e+52 2.397756e+52 1.1086290000000001e+52 8.444699 11.668856 3.912903 91.699861 167.042776 21.176671
0.364 1.879722e+52 2.359905e+52 1.097103e+52 8.425336 11.62014 3.932925 91.351841 165.446781 21.436165
0.365 1.845056e+52 2.3471769999999998e+52 1.090378e+52 8.418345 11.614073 3.970866 91.194979 164.864538 21.879768
0.366 1.8312669999999999e+52 2.368307e+52 1.092458e+52 8.441004 11.681373 3.989937 91.754038 166.66677 22.130907
0.367 1.853238e+52 2.414521e+52 1.091596e+52 8.507262 11.706571 3.991295 92.941842 167.058452 22.168779
0.368 1.8844110000000002e+52 2.4815670000000003e+52 1.109987e+52 8.564728 11.70523 3.988433 93.916103 167.322311 22.132479
0.369 1.935274e+52 2.5866169999999997e+52 1.1408389999999999e+52 8.629098 11.728255 4.000617 95.028487 168.093172 22.189663
0.37 1.9971369999999998e+52 2.669387e+52 1.169541e+52 8.728055 11.870344 4.055469 97.095707 171.701532 22.698215
0.371 2.07063e+52 2.761595e+52 1.2180960000000002e+52 8.789976 12.030749 4.129322 98.345146 175.891669 23.411111
0.372 2.086007e+52 2.700874e+52 1.239135e+52 8.757821 12.173943 4.193887 97.989175 180.041504 24.09843
0.373 2.0470890000000002e+52 2.640828e+52 1.2092449999999998e+52 8.729124 12.242704 4.213305 97.591013 181.739087 24.368402
0.374 2.044503e+52 2.618998e+52 1.206671e+52 8.744152 12.285269 4.204363 98.081423 183.534426 24.2489
0.375 2.026608e+52 2.546049e+52 1.198586e+52 8.772885 12.249973 4.202019 98.558488 182.575752 24.183713
0.376 1.969909e+52 2.486068e+52 1.1652070000000001e+52 8.74518 12.15412 4.17606 97.880654 180.030047 23.97197
0.377 1.901399e+52 2.415643e+52 1.1423829999999999e+52 8.75415 12.051345 4.142257 98.439548 177.507879 23.707904
0.378 1.832098e+52 2.41656e+52 1.1204709999999999e+52 8.764776 11.943952 4.134922 98.760995 174.284924 23.702233
0.379 1.8320620000000002e+52 2.511298e+52 1.102004e+52 8.765829 11.899807 4.09427 98.559775 172.931716 23.317785
0.38 1.858091e+52 2.607227e+52 1.089534e+52 8.822771 11.938121 4.070866 99.266921 173.960375 23.077418
0.381 1.8123229999999998e+52 2.457721e+52 1.056453e+52 8.848919 11.940574 4.047282 99.860506 174.352924 22.864903
0.382 1.7071369999999998e+52 2.339553e+52 1.019075e+52 8.792304 11.875689 4.014415 98.572801 172.001007 22.555754
0.383 1.650643e+52 2.2686630000000002e+52 9.948310000000001e+51 8.7153 11.831082 4.001688 96.718058 169.953178 22.352808
0.384 1.602198e+52 2.1082e+52 9.82562e+51 8.618842 11.782352 4.003638 94.730215 168.940129 22.343611
0.385 1.469346e+52 1.891019e+52 9.56298e+51 8.463702 11.77097 3.997448 92.221932 169.185681 22.303824
0.386 1.349394e+52 1.781933e+52 9.460619999999999e+51 8.362342 11.778177 3.973754 90.874451 169.931779 22.012112
0.387 1.348369e+52 1.877339e+52 9.487830000000001e+51 8.354724 11.839112 3.950589 90.589198 171.177193 21.694424
0.388 1.345554e+52 1.8739969999999998e+52 9.46028e+51 8.330128 11.82706 3.935345 89.920486 170.455689 21.486015
0.389 1.318711e+52 1.830545e+52 9.42627e+51 8.24889 11.695717 3.930664 88.264396 166.931177 21.428088
0.39 1.291519e+52 1.7625809999999998e+52 9.372270000000001e+51 8.149685 11.562054 3.932653 86.105381 163.207595 21.493665
0.391 1.280921e+52 1.712983e+52 9.29902e+51 8.11218 11.502896 3.954108 85.273346 161.66039 21.763001
0.392 1.285822e+52 1.744109e+52 9.158039999999999e+51 8.081152 11.435566 3.950129 84.425713 159.788845 21.805499
0.393 1.3346420000000002e+52 1.845122e+52 9.01797e+51 8.087184 11.46792 3.923497 84.521812 160.540126 21.51094
0.394 1.395503e+52 1.968138e+52 9.102249999999999e+51 8.116209 11.525055 3.896463 85.164678 161.758427 21.174742
0.395 1.437928e+52 2.0056409999999996e+52 9.24531e+51 8.2141 11.482628 3.893875 87.202774 161.084092 21.200021
0.396 1.40734e+52 1.956717e+52 9.18281e+51 8.264761 11.425847 3.918996 88.159792 159.890839 21.490798
0.397 1.3781730000000002e+52 1.93832e+52 9.15792e+51 8.283715 11.35221 3.930227 88.141411 157.708291 21.645496
0.398 1.379863e+52 1.941325e+52 9.10912e+51 8.276121 11.351211 3.920995 87.825556 157.561968 21.554469
0.399 1.401202e+52 1.892705e+52 9.12702e+51 8.304322 11.372615 3.915917 88.334074 158.43628 21.447468
0.4 1.385642e+52 1.92124e+52 9.20582e+51 8.32839 11.401711 3.907215 88.707811 159.335189 21.362488
0.401 1.355701e+52 1.9111519999999999e+52 9.256330000000001e+51 8.29387 11.354809 3.908106 88.180116 158.431033 21.395863
0.402 1.336851e+52 1.8603479999999997e+52 9.17059e+51 8.267815 11.292125 3.908817 87.77495 156.882593 21.430973
0.403 1.270685e+52 1.743114e+52 9.041979999999999e+51 8.161401 11.185369 3.908684 85.803998 153.991693 21.457501
0.404 1.168223e+52 1.602118e+52 8.82202e+51 8.050137 11.097632 3.93768 83.808761 151.785832 21.740648
0.405 1.1141950000000001e+52 1.5651420000000001e+52 8.48219e+51 7.991811 11.114221 3.926171 82.470247 151.697341 21.598136
0.406 1.1493709999999999e+52 1.592589e+52 8.54378e+51 7.983253 11.126302 3.89183 81.911488 151.916227 21.165228
0.407 1.1947350000000001e+52 1.615744e+52 8.728169999999999e+51 8.029489 11.281066 3.891689 82.720412 155.904974 21.067508
0.408 1.239288e+52 1.6412999999999999e+52 8.88113e+51 8.082583 11.378546 3.92387 83.977326 158.629375 21.433246
0.409 1.250216e+52 1.604586e+52 8.8552e+51 8.122782 11.385093 3.932955 84.896461 159.228269 21.575842
0.41 1.146175e+52 1.4742059999999998e+52 8.71867e+51 8.059982 11.380659 3.960171 84.126302 159.438904 21.891663
0.411 1.0773969999999999e+52 1.4343129999999999e+52 8.53151e+51 8.04917 11.359265 3.967823 83.90498 158.686773 22.018641
0.412 1.054415e+52 1.4151849999999998e+52 8.40983e+51 8.057934 11.351179 3.942144 83.873901 158.359566 21.776514
0.413 1.0495350000000001e+52 1.422802e+52 8.35165e+51 8.071321 11.364082 3.94333 83.819618 158.42202 21.788748
0.414 1.0611159999999999e+52 1.435185e+52 8.38499e+51 8.08819 11.398392 3.957667 83.882622 158.924518 21.924783
0.415 1.075477e+52 1.4505550000000002e+52 8.45612e+51 8.068049 11.450198 3.969868 83.598342 160.05129 22.028592
0.416 1.063028e+52 1.477673e+52 8.33307e+51 8.03871 11.410271 3.961973 82.95097 159.090171 21.998222
0.417 1.0729910000000001e+52 1.508524e+52 8.29279e+51 8.037931 11.311832 3.94908 82.999185 156.789861 21.90752
0.418 1.0455589999999999e+52 1.457936e+52 8.30259e+51 7.943313 11.227987 3.937764 81.478276 154.930846 21.775016
0.419 9.85461e+51 1.3601270000000002e+52 8.23695e+51 7.805466 11.066326 3.946457 79.291539 151.595492 21.91708
0.42 9.30293e+51 1.276347e+52 8.010389999999999e+51 7.680289 10.983476 3.92298 77.089675 149.552575 21.72638
0.421 9.25263e+51 1.272811e+52 7.95191e+51 7.643091 10.952025 3.909822 76.295833 148.544465 21.605794
0.422 9.59526e+51 1.342183e+52 8.03223e+51 7.709168 11.023277 3.932033 77.143227 149.89079 21.787669
0.423 9.88876e+51 1.3600179999999998e+52 8.08335e+51 7.745622 11.087208 3.93317 77.727163 151.509283 21.729829
0.424 1.0005919999999999e+52 1.3972119999999998e+52 7.95001e+51 7.784501 11.145099 3.911077 78.615372 153.005472 21.49528
0.425 9.72187e+51 1.385779e+52 7.8347e+51 7.748135 11.069839 3.882596 78.334256 151.155273 21.196184
0.426 9.6428e+51 1.3766480000000001e+52 7.84161e+51 7.782234 11.09035 3.910877 79.035986 151.638088 21.505901
0.427 9.26389e+51 1.293168e+52 7.86178e+51 7.754187 11.100255 3.943783 78.463967 152.258675 21.868272
0.428 8.8423e+51 1.279543e+52 7.86204e+51 7.717081 11.120629 3.946001 77.71958 152.846099 21.932194
0.429 8.91795e+51 1.315512e+52 7.9224e+51 7.74248 11.124289 3.940652 78.11877 152.785619 21.902266
0.43 9.19402e+51 1.3406599999999999e+52 7.813529999999999e+51 7.810865 11.157869 3.939148 79.240705 153.600507 21.938029
0.431 9.3008e+51 1.317774e+52 7.77177e+51 7.858033 11.188049 3.957396 80.140692 154.281698 22.108635
0.432 9.13723e+51 1.302745e+52 7.70692e+51 7.891864 11.074585 3.954224 80.67057 151.280562 22.071589
0.433 8.75712e+51 1.305179e+52 7.808310000000001e+51 7.834011 11.035819 3.962467 79.712956 150.406309 22.136077
0.434 8.29793e+51 1.272847e+52 7.73162e+51 7.79431 11.106992 3.993635 79.014223 152.106193 22.516687
0.435 8.41688e+51 1.262021e+52 7.6279e+51 7.845812 11.163917 3.988554 79.841746 153.340595 22.499253
0.436 8.72915e+51 1.2796229999999998e+52 7.69183e+51 7.869786 11.189876 3.966389 80.269577 153.763614 22.196361
0.437 8.639210000000001e+51 1.363073e+52 7.685899999999999e+51 7.885541 11.158341 3.950914 80.607279 152.912165 21.982404
0.438 8.83537e+51 1.3838630000000002e+52 7.74587e+51 7.935646 11.169558 3.959609 81.524901 153.208837 21.968297
0.439 8.85558e+51 1.3640509999999998e+52 7.70412e+51 7.906189 11.134442 3.962663 80.784861 152.446079 22.025344
0.44 8.82433e+51 1.409306e+52 7.78363e+51 7.88737 11.185698 3.971286 80.656172 153.734001 22.152499
0.441 9.07986e+51 1.451186e+52 8.04706e+51 7.965151 11.212673 4.003349 82.12593 154.378061 22.553219
0.442 8.60906e+51 1.423864e+52 7.91724e+51 8.013442 11.187998 4.024021 83.330352 154.313154 22.882041
0.443 8.03211e+51 1.377388e+52 7.7923e+51 8.039372 11.164664 4.013128 84.031266 153.895807 22.755869
0.444 7.9642e+51 1.326696e+52 7.756269999999999e+51 8.066157 11.212836 4.015954 84.408687 154.673504 22.81482
0.445 8.18107e+51 1.295546e+52 7.764250000000001e+51 8.069226 11.228487 4.028808 84.117417 155.1501 22.924577
0.446 8.163589999999999e+51 1.223431e+52 7.624379999999999e+51 7.958851 11.208592 4.020536 81.935829 154.69589 22.851354
0.447 8.03369e+51 1.185899e+52 7.59283e+51 7.855833 11.224984 4.014041 80.094428 155.402466 22.800264
0.448 8.0802e+51 1.21263e+52 7.58948e+51 7.827782 11.260676 4.023583 79.708182 156.777184 22.943896
0.449 8.083320000000001e+51 1.248037e+52 7.56474e+51 7.853526 11.348229 4.015417 80.324166 158.694456 22.855689
0.45 8.09957e+51 1.251352e+52 7.599050000000001e+51 7.909394 11.452068 4.029857 81.245799 161.051657 22.973095
0.451 8.14422e+51 1.236626e+52 7.70454e+51 7.973541 11.474447 4.035414 82.355521 161.688157 23.025369
0.452 8.13605e+51 1.241864e+52 7.81477e+51 7.995565 11.489534 4.042194 82.923067 162.133935 23.107997
0.453 8.05979e+51 1.246945e+52 7.88352e+51 8.027357 11.499138 4.056299 83.574964 162.685258 23.279637
0.454 8.0902e+51 1.236472e+52 7.91868e+51 8.049726 11.51886 4.076307 84.002603 162.903009 23.566356
0.455 7.90443e+51 1.188445e+52 7.761590000000001e+51 7.968371 11.45624 4.05774 82.28212 161.022047 23.420333
0.456 7.61314e+51 1.145026e+52 7.57433e+51 7.883295 11.413797 4.0196 80.921999 160.003981 22.999349
0.457 7.55903e+51 1.150644e+52 7.3382e+51 7.914211 11.397157 3.987134 81.487907 159.484885 22.577289
0.458 7.483220000000001e+51 1.191416e+52 7.28519e+51 7.988252 11.433774 3.971498 82.907151 160.335988 22.338426
0.459 7.88407e+51 1.2368969999999998e+52 7.53433e+51 8.06479 11.641406 3.976321 84.59816 166.102736 22.305337
0.46 8.01442e+51 1.208879e+52 7.56484e+51 8.079994 11.713488 3.980968 85.065106 167.952224 22.342981
0.461 8.097330000000001e+51 1.254554e+52 7.61157e+51 8.029373 11.607497 3.983983 83.933683 164.439413 22.340004
0.462 7.54637e+51 1.224356e+52 7.52344e+51 7.937393 11.358785 3.959453 82.156089 158.296019 22.107825
0.463 7.15174e+51 1.174882e+52 7.47124e+51 7.897784 11.289726 3.961861 81.522076 157.105507 22.195307
0.464 7.14153e+51 1.207627e+52 7.41116e+51 7.919802 11.297007 3.951643 81.617278 157.21029 22.082209
0.465 7.56941e+51 1.2525699999999999e+52 7.421050000000001e+51 8.012473 11.343619 3.948128 83.342133 158.601919 21.978147
0.466 7.36109e+51 1.178823e+52 7.36124e+51 7.982407 11.344801 3.947345 82.790629 158.453329 21.958665
0.467 6.751509999999999e+51 1.088433e+52 7.14915e+51 7.941003 11.316132 3.970411 82.053629 157.863473 22.239088
0.468 6.78328e+51 1.138061e+52 7.15422e+51 7.936811 11.32516 3.956279 81.818471 157.593838 22.065324
0.469 6.99391e+51 1.178813e+52 7.30591e+51 7.967354 11.361925 3.969376 82.339455 158.564597 22.126092
0.47 7.01906e+51 1.168113e+52 7.44923e+51 8.062296 11.440628 4.005975 84.33176 161.264469 22.472843
0.471 7.00133e+51 1.185192e+52 7.5812e+51 8.088431 11.516585 4.030845 84.961422 163.150149 22.751019
0.472 6.43507e+51 1.146625e+52 7.55168e+51 8.013238 11.357211 4.021924 83.308928 159.102392 22.670588
0.473 6.41405e+51 1.107042e+52 7.35665e+51 8.032837 11.235541 3.994443 83.410245 155.918301 22.419012
0.474 6.39043e+51 1.073496e+52 7.21678e+51 7.960602 11.186769 3.97941 82.127177 154.781548 22.287051
0.475 6.503069999999999e+51 1.0889200000000001e+52 7.089950000000001e+51 7.880321 11.230098 3.967601 80.534041 155.463339 22.133894
0.476 6.50235e+51 1.103045e+52 6.97349e+51 7.867887 11.215 3.96001 80.015431 154.92287 22.080684
0.477 6.56907e+51 1.106126e+52 6.94813e+51 7.930303 11.148285 3.95051 81.04195 152.992391 21.998981
0.478 6.55074e+51 1.1185899999999999e+52 6.92023e+51 7.971559 11.118495 3.94222 82.078925 152.574762 21.920522
0.479 6.39388e+51 1.08271e+52 6.83521e+51 7.957914 11.130921 3.967093 81.911814 153.324329 22.172465
0.48 6.645e+51 1.1168610000000001e+52 6.891350000000001e+51 8.003688 11.227855 3.973371 82.734751 155.632907 22.229015
0.481 6.852780000000001e+51 1.1480449999999999e+52 6.87998e+51 8.011993 11.270363 3.967202 83.085003 156.901192 22.186578
0.482 7.13621e+51 1.1656139999999999e+52 7.09041e+51 8.052962 11.360885 4.018262 83.890908 159.184332 22.706825
0.483 7.18636e+51 1.1502490000000001e+52 7.315169999999999e+51 8.059305 11.417746 4.032385 84.226909 160.889608 22.844704
0.484 6.994359999999999e+51 1.1152420000000001e+52 7.2098e+51 7.974153 11.340389 4.029822 82.670217 158.837644 22.847807
0.485 6.66165e+51 1.0685150000000002e+52 7.13238e+51 7.849424 11.26354 4.010795 80.259728 156.675759 22.604337
0.486 6.4759e+51 1.0743990000000001e+52 7.020929999999999e+51 7.84376 11.208976 4.013757 79.905245 155.206113 22.612235
0.487 6.27193e+51 1.0728999999999999e+52 6.913479999999999e+51 7.900482 11.234765 4.044011 80.907924 156.026569 22.940789
0.488 6.449949999999999e+51 1.145434e+52 7.00523e+51 8.047685 11.341687 4.058462 83.616104 158.877927 23.136306
0.489 6.65645e+51 1.1336189999999999e+52 7.10447e+51 8.12841 11.29722 4.045539 85.157811 157.873865 22.996443
0.49 6.585269999999999e+51 1.09599e+52 7.02215e+51 8.042097 11.252954 4.041656 83.494569 156.501796 22.911717
0.491 6.36751e+51 1.060118e+52 6.84476e+51 7.982746 11.242775 4.062117 82.452952 156.217472 23.166233
0.492 6.31984e+51 1.04126e+52 6.792709999999999e+51 7.982488 11.264861 4.07847 82.576638 156.81734 23.404475
0.493 6.403079999999999e+51 1.056967e+52 6.918720000000001e+51 7.978289 11.338615 4.066603 82.262338 158.774567 23.205596
0.494 6.39464e+51 1.0597810000000001e+52 6.974669999999999e+51 7.937522 11.369354 4.054408 81.493682 159.661679 23.010188
0.495 6.46908e+51 1.0436469999999999e+52 7.02506e+51 7.909584 11.354906 4.045696 80.967614 159.115689 22.909525
