####### LIGHTCURVES AND MEAN ENERGIES
####### 3 NEUTRINO SPECIES: NU_E, NUBAR_E AND N_X
####### ALL QUANTITIES ARE MEASURED AT 500 KM FROM THE CENTER
#######
####### FROM MODEL L2-0B (BUGLI ET AL. 2020,2021)
####### B0=1e12 G, l=2, r0=1.00e8 cm
####### UNITS: TIME [ms], LUMINOSITY [1e52 erg/s], ENERGY [MeV]
# TIME	L_NU_E     	L_NU_BAR   	L_NU_X     	E_NU_E     	E_NU_BAR  	E_NU_X      	E2_NU_E    	E2_NU_BAR 	E2_NU_X
0.001 15.641884 4e-05 2.4e-05 11.197225 6.198531 0.884886 143.293861 51.004192 1.012628
0.002 11.340272 0.107662 0.066334 11.340109 9.941341 2.614493 146.966746 115.26222 8.306652
0.003 54.708369 0.830343 1.159445 14.523826 14.045237 4.70293 241.100903 228.522437 28.138373
0.004 66.204352 0.53797 1.157528 14.333664 12.778874 6.371045 233.176305 191.281977 59.527973
0.005 43.163747 0.692744 0.843268 12.778706 12.249956 6.38414 186.037755 171.952234 62.406939
0.006 37.157714 0.791428 0.745502 12.805053 12.114234 5.714634 188.225356 168.336941 48.204482
0.007 36.124217 0.884884 0.856403 12.168088 12.015692 5.060834 169.151869 165.6021 35.221041
0.008 33.828055 0.88242 1.057457 12.360858 12.00988 4.865881 175.137166 166.371168 30.748935
0.009 31.175021 0.738568 1.202038 12.131843 11.84711 4.80186 169.090062 161.999076 29.196838
0.01 28.208903 0.580003 1.06816 12.27623 11.575459 4.618758 174.247385 154.889985 27.507632
0.011 21.225176 0.503792 1.005498 11.164519 11.02286 4.415582 147.859246 143.6804 25.222745
0.012 18.613786 0.556355 0.96272 10.885303 10.728521 4.211344 141.125044 134.338343 22.748512
0.013 15.501983 0.60348 1.001989 10.18416 10.494634 4.295059 121.60831 128.498654 23.328331
0.014 14.911016 0.740474 1.104547 10.069146 10.457275 4.209456 115.978132 127.298929 22.353326
0.015 9.519009 0.861587 1.24083 9.527861 10.476554 4.182835 106.441865 128.913407 22.217477
0.016 9.448911 1.060471 1.370367 9.758373 10.622244 4.155988 107.653594 131.719714 22.024174
0.017 7.276289 1.268973 1.499715 9.756521 10.722033 4.185872 109.826752 133.482982 22.346503
0.018 6.478498 1.414257 1.611213 10.063508 10.78524 4.189788 117.807945 135.296998 22.455362
0.019 6.385234 1.497772 1.718332 9.810626 10.662676 4.126425 112.698802 131.680233 21.909631
0.02 7.078464 1.553007 1.847447 9.774823 10.534078 4.053892 111.113631 128.788787 21.235528
0.021 7.617883 1.678208 2.053841 9.540593 10.829003 4.015458 105.877323 135.06459 20.526165
0.022 7.47925 1.83834 2.163095 9.080612 11.10375 3.97352 95.626985 140.797638 19.936212
0.023 7.514608 1.895084 2.226256 8.972941 11.197268 3.982594 93.576098 142.919467 19.902246
0.024 6.991339 1.948921 2.194452 8.582314 11.290746 3.999433 86.118748 146.219821 20.003584
0.025 6.829324 1.96723 2.180722 8.260284 11.264579 3.99595 80.56384 146.184224 19.981408
0.026 6.746936 1.906148 2.135908 7.905437 11.195364 3.985757 74.475611 144.768387 20.031716
0.027 7.061113 1.934977 2.154285 7.696033 11.162876 3.945339 70.554046 144.504034 19.66393
0.028 7.703772 1.988266 2.216756 7.651308 11.206275 3.902772 69.768053 146.019483 19.061735
0.029 8.035173 2.026364 2.314976 7.662827 11.355867 3.879948 70.391268 150.18859 18.75426
0.03 8.399979 2.417313 2.418401 7.764195 11.46095 3.834701 72.534788 152.372147 18.410619
0.031 8.794551 2.972134 2.63219 7.941283 11.539276 3.853825 75.639847 153.79593 18.561832
0.032 8.67997 3.371257 2.842384 8.207706 11.572488 3.87096 79.548318 154.109323 18.649926
0.033 8.360322 3.702862 2.933253 8.260869 11.598801 3.884959 80.353873 154.538944 18.693504
0.034 8.428965 3.974165 3.083122 8.263787 11.564589 3.914351 80.501535 153.782015 18.97542
0.035 8.573727 4.295939 3.24188 8.214077 11.606954 3.969883 79.541526 155.408056 19.509373
0.036 8.865165 4.659847 3.457074 8.330161 11.630192 3.979301 81.349112 156.468468 19.59607
0.037 8.677248 4.809387 3.579945 8.298116 11.687108 3.998802 81.117658 158.14313 19.777064
0.038 8.248843 4.918558 3.606622 8.304196 11.746838 3.991196 81.404035 159.609563 19.664855
0.039 8.029857 4.907656 3.527423 8.336226 11.723099 3.95499 81.903585 158.735125 19.377892
0.04 7.687867 4.799959 3.449556 8.268731 11.693714 3.948087 81.03125 158.107698 19.355298
0.041 7.416348 4.667926 3.316 8.182478 11.694951 3.934045 79.951214 158.12903 19.233298
0.042 7.609372 4.534034 3.143913 8.295528 11.658695 3.901283 81.660539 156.817653 18.98989
0.043 7.545736 4.545427 3.161019 8.247178 11.645683 3.901168 80.964852 156.315915 19.010922
0.044 7.512826 4.691614 3.216452 8.248338 11.656113 3.884759 81.020324 156.492313 18.814863
0.045 7.818581 4.81441 3.268464 8.38874 11.627241 3.879488 83.295296 155.800856 18.820103
0.046 8.027545 4.758016 3.24313 8.436381 11.599678 3.891831 84.023508 155.382943 18.978826
0.047 8.109045 4.73691 3.220222 8.460222 11.665993 3.909987 84.349131 157.481853 19.137358
0.048 7.95055 4.640152 3.173038 8.499301 11.702968 3.925883 84.826191 158.643341 19.349605
0.049 7.776051 4.61064 3.198299 8.495479 11.76408 3.947722 84.723176 160.256686 19.579365
0.05 7.487387 4.655033 3.275194 8.496077 11.856227 3.964804 85.065502 162.560464 19.736172
0.051 7.503165 4.715447 3.355702 8.533487 11.874128 3.966089 85.735085 162.806038 19.741537
0.052 7.213765 4.800808 3.457015 8.465358 11.911555 3.968765 84.89533 163.598931 19.740705
0.053 6.963824 4.835798 3.543339 8.37549 11.966161 3.984584 83.559934 164.873122 19.860609
0.054 7.111825 4.851376 3.605881 8.378955 12.009017 4.012682 83.651096 166.006757 20.124049
0.055 7.133599 4.985874 3.6515 8.357503 12.037092 4.022627 83.456045 166.616455 20.221738
0.056 6.894256 5.134397 3.663711 8.276628 12.047491 4.010991 82.207954 166.808724 20.133494
0.057 6.739064 5.248342 3.67134 8.225566 12.002028 3.999838 81.348684 165.74336 20.070506
0.058 6.554683 5.355007 3.706832 8.170984 12.019964 4.008933 80.547701 166.431034 20.203114
0.059 6.362617 5.450443 3.726216 8.144102 12.020693 4.006698 80.14054 166.400079 20.213184
0.06 6.108292 5.360014 3.690632 8.095875 12.010077 3.989637 79.434899 166.36365 20.03762
0.061 5.701797 5.252753 3.605777 8.052272 12.029348 3.970407 78.745223 166.76732 19.843296
0.062 5.362257 5.107907 3.492741 8.021455 12.004834 3.94037 78.104543 166.088438 19.602667
0.063 5.196929 5.019245 3.494861 8.022755 12.031741 3.9567 78.385723 166.850898 19.740578
0.064 5.20101 5.077735 3.562245 8.011162 12.123165 3.993413 78.330817 169.467216 20.029604
0.065 5.293949 5.268624 3.654271 7.997009 12.176796 4.030291 78.159473 170.94607 20.34206
0.066 5.453279 5.548801 3.736715 7.986527 12.200865 4.032477 78.050452 171.466309 20.318592
0.067 5.531503 5.73439 3.809841 7.999405 12.243722 4.055013 78.398546 172.618759 20.52565
0.068 5.554284 5.798589 3.835573 8.03051 12.296104 4.067645 79.143478 174.204406 20.658717
0.069 5.66012 5.84064 3.872578 8.072605 12.326138 4.085599 79.723501 175.042406 20.823016
0.07 5.65152 5.891892 3.886094 8.091108 12.353632 4.095244 80.050724 175.880055 20.922932
0.071 5.579677 5.966003 3.887856 8.093207 12.372308 4.095811 80.130339 176.527283 20.94251
0.072 5.642192 6.090081 3.930763 8.098705 12.364433 4.087622 80.204431 176.449175 20.869865
0.073 5.816814 6.294084 3.961191 8.130489 12.36382 4.07603 80.821343 176.453584 20.737941
0.074 5.910401 6.488023 3.997144 8.130846 12.384049 4.074349 80.883832 176.861637 20.692889
0.075 5.951978 6.652715 4.046961 8.103341 12.367493 4.067111 80.445807 176.343798 20.631128
0.076 6.049249 6.777804 4.07671 8.089099 12.396042 4.069427 80.266783 177.092215 20.673169
0.077 6.086713 6.865848 4.081024 8.105638 12.419037 4.065393 80.584612 177.691483 20.638398
0.078 6.116933 6.920478 4.063852 8.152581 12.412977 4.054101 81.414766 177.37908 20.517803
0.079 6.223701 6.915615 4.077419 8.171727 12.419709 4.048063 81.708949 177.644054 20.452511
0.08 6.284447 6.881804 4.112093 8.166857 12.447332 4.055808 81.638819 178.546856 20.515377
0.081 6.240177 6.870271 4.130917 8.171323 12.478935 4.056195 81.860605 179.354676 20.499476
0.082 6.150179 6.817659 4.109274 8.179874 12.497756 4.055772 82.022982 179.869153 20.508911
0.083 6.036085 6.758837 4.088669 8.196641 12.495896 4.060295 82.396901 179.976885 20.59731
0.084 5.876905 6.675609 4.079507 8.203167 12.500636 4.067784 82.608277 180.315875 20.712394
0.085 5.785152 6.557723 4.06721 8.21304 12.515932 4.072468 82.967537 181.016885 20.781623
0.086 5.80151 6.499671 4.059267 8.235959 12.525049 4.071128 83.344284 181.429918 20.781377
0.087 5.858909 6.485478 4.052651 8.268443 12.535109 4.068536 83.769906 181.808757 20.77312
0.088 6.021123 6.584045 4.087847 8.306811 12.569122 4.070559 84.6449 182.704027 20.782757
0.089 6.196241 6.775076 4.14364 8.331372 12.595942 4.084477 85.082631 183.247217 20.894686
0.09 6.31675 6.972581 4.210477 8.348548 12.588435 4.103166 85.445113 182.952914 21.048222
0.091 6.440658 7.115269 4.271964 8.359555 12.597956 4.1161 85.678247 183.296955 21.147741
0.092 6.530094 7.215503 4.321604 8.358785 12.62387 4.12989 85.726236 184.110943 21.265305
0.093 6.552469 7.292103 4.355723 8.329706 12.59594 4.131799 85.243719 183.429599 21.297302
0.094 6.562342 7.445481 4.400079 8.327639 12.581183 4.137178 85.360467 183.180869 21.381875
0.095 6.566276 7.435991 4.42722 8.322742 12.616557 4.151297 85.284652 184.470753 21.537774
0.096 6.58949 7.426719 4.455716 8.319228 12.651751 4.165654 85.251139 185.75107 21.696897
0.097 6.677953 7.377829 4.459719 8.346682 12.665594 4.172588 85.71298 186.326477 21.765318
0.098 6.783344 7.376321 4.458226 8.358891 12.66644 4.168764 85.893909 186.426171 21.742762
0.099 6.881438 7.395962 4.465592 8.343992 12.646579 4.158504 85.588072 185.930904 21.651137
0.1 6.87335 7.445592 4.468299 8.329101 12.601282 4.148729 85.41633 184.792105 21.59652
0.101 6.921272 7.474344 4.49381 8.325577 12.608665 4.154901 85.409131 185.220052 21.660403
0.102 6.922035 7.463456 4.499073 8.343615 12.614933 4.166905 85.8524 185.605151 21.815559
0.103 6.775868 7.412465 4.479812 8.352137 12.611717 4.167189 86.12997 185.651148 21.847787
0.104 6.553296 7.237252 4.335384 8.259945 12.445365 4.100863 84.589565 181.503162 21.286846
0.105 6.508112 7.117103 4.264898 8.17586 12.287444 4.04926 83.008064 177.633188 20.834566
0.106 6.511526 7.025586 4.222328 8.165487 12.220963 4.026148 82.897356 176.110045 20.63006
0.107 6.532724 6.990342 4.209339 8.184984 12.196083 4.019214 83.299721 175.630389 20.565829
0.108 6.465847 6.937864 4.184027 8.195005 12.194784 4.029301 83.535171 175.711019 20.657406
0.109 6.368929 6.937208 4.166904 8.190365 12.179901 4.032352 83.517522 175.384381 20.6817
0.11 6.053083 6.602987 3.960156 8.091707 12.009969 3.980209 81.667034 171.004826 20.201161
0.111 5.973241 6.434916 3.839384 8.030074 11.889783 3.93211 80.653708 168.070364 19.793946
0.112 5.989494 6.295692 3.764414 8.01824 11.846595 3.917748 80.455817 166.97303 19.646428
0.113 5.970029 6.219878 3.718806 8.00667 11.816772 3.909604 80.31668 166.234863 19.536896
0.114 5.952626 6.261846 3.700269 7.999807 11.808964 3.90705 80.121723 165.930001 19.490227
0.115 5.951481 6.346189 3.686971 8.002502 11.771659 3.90886 80.180335 164.750574 19.503175
0.116 5.972427 6.385471 3.670926 7.991036 11.714563 3.90317 80.004133 163.202858 19.441657
0.117 6.031553 6.504957 3.688309 7.999962 11.703136 3.904627 80.227081 162.802232 19.437755
0.118 6.136047 6.657882 3.73735 8.030002 11.731478 3.913389 80.79116 163.552064 19.5128
0.119 6.168526 6.786589 3.780268 8.065446 11.769246 3.925542 81.37976 164.559509 19.632659
0.12 6.292667 6.973532 3.881608 8.137376 11.856543 3.956268 82.678712 166.667801 19.893983
0.121 6.447983 7.090092 3.967662 8.212606 11.957926 3.990326 84.035962 169.09885 20.17451
0.122 6.501834 7.108797 3.989754 8.2455 12.003532 3.99872 84.649212 170.259259 20.250941
0.123 6.500324 7.103888 3.995401 8.25352 12.006912 3.993921 84.810343 170.430939 20.222282
0.124 6.502505 7.063924 4.000043 8.254358 12.004104 3.989661 84.832933 170.457972 20.187127
0.125 6.513663 7.005029 4.004473 8.243615 12.015802 3.985634 84.597337 170.851032 20.149705
0.126 6.539629 6.99238 3.99497 8.237252 12.025757 3.975729 84.515997 171.16392 20.058171
0.127 6.533877 7.038605 3.98208 8.224228 12.006568 3.964405 84.240483 170.575119 19.955168
0.128 6.502806 7.014415 3.951076 8.235599 12.00011 3.959357 84.637385 170.489434 19.921454
0.129 6.421489 6.957662 3.906363 8.224978 11.982279 3.944103 84.54163 170.194693 19.793415
0.13 6.348289 6.873716 3.883828 8.248098 12.021027 3.95134 85.176607 171.411619 19.873378
0.131 6.268488 6.786255 3.863392 8.26643 12.052131 3.956057 85.404344 172.415839 19.927385
0.132 6.232168 6.743136 3.83972 8.28834 12.082553 3.9588 85.987423 173.338146 19.964753
0.133 6.264348 6.792757 3.837846 8.303389 12.09524 3.958095 86.28606 173.751282 19.973845
0.134 6.335998 6.911906 3.84911 8.323545 12.09118 3.957399 86.717586 173.655011 19.972421
0.135 6.450738 7.066181 3.87764 8.356275 12.105134 3.963659 87.265011 173.918419 20.013946
0.136 6.590268 7.204867 3.922149 8.392372 12.14434 3.97524 88.001636 174.824925 20.091729
0.137 6.680287 7.325469 3.948541 8.414131 12.166913 3.979351 88.355704 175.272997 20.107242
0.138 6.768636 7.4205 3.955643 8.437605 12.166152 3.979914 88.834232 175.082617 20.09449
0.139 6.808672 7.419917 3.944498 8.449362 12.162581 3.978787 88.994005 175.003096 20.07126
0.14 6.769106 7.348388 3.911088 8.439655 12.152816 3.974539 89.054884 174.808512 20.028055
0.141 6.730839 7.282441 3.879823 8.409577 12.14526 3.968666 88.342139 174.694474 19.974814
0.142 6.783496 7.247127 3.845863 8.433432 12.158231 3.963812 88.688113 175.030142 19.920315
0.143 6.874212 7.243584 3.826396 8.449935 12.175484 3.960878 89.03183 175.448048 19.867982
0.144 7.018987 7.238783 3.817649 8.467814 12.196875 3.960868 89.323902 176.085884 19.84385
0.145 7.135257 7.301476 3.816797 8.476848 12.193912 3.95921 89.6123 176.00128 19.826279
0.146 7.218398 7.353892 3.810868 8.468937 12.155584 3.955298 89.451593 175.058334 19.806317
0.147 7.309858 7.317102 3.81427 8.446738 12.109186 3.951352 88.992688 174.053508 19.787228
0.148 7.308157 7.202524 3.789189 8.409782 12.067537 3.945861 88.372258 173.210984 19.763629
0.149 7.203673 7.032659 3.733462 8.389401 12.047466 3.937085 88.001123 172.874505 19.710727
0.15 7.06349 6.924858 3.71152 8.381326 12.05192 3.930053 87.997274 173.04282 19.662059
0.151 6.995269 6.900836 3.696613 8.403213 12.086072 3.932354 88.376113 174.015105 19.704831
0.152 7.005157 6.963938 3.704003 8.444952 12.10128 3.946788 89.277151 174.395081 19.84719
0.153 7.039387 7.044512 3.733948 8.503497 12.132445 3.96258 90.479982 175.147589 20.010433
0.154 7.127497 7.197705 3.809204 8.550101 12.174107 3.980615 91.509564 176.163129 20.182683
0.155 7.289909 7.254343 3.822291 8.575291 12.182672 3.980134 91.972313 176.312982 20.197991
0.156 7.481169 7.416793 3.886448 8.574585 12.210044 3.981285 91.933924 176.925562 20.221585
0.157 7.514539 7.429966 3.905119 8.60068 12.23941 3.983564 92.378025 177.722347 20.258061
0.158 7.326521 7.352172 3.889285 8.595386 12.245085 3.983013 92.407773 177.866965 20.273244
0.159 7.072273 7.199955 3.857527 8.58108 12.268949 3.982356 92.274648 178.673053 20.29331
0.16 6.965224 7.127809 3.840286 8.576352 12.299414 3.976899 92.344128 179.665734 20.262922
0.161 6.990326 7.153561 3.843608 8.565466 12.337006 3.974602 92.28396 180.724029 20.252043
0.162 7.176379 7.234581 3.862509 8.572816 12.35374 3.98268 92.464311 181.096251 20.317182
0.163 7.308303 7.286432 3.875647 8.553513 12.342417 3.997587 92.032104 180.750904 20.441199
0.164 7.364309 7.239932 3.898372 8.533872 12.34146 4.009482 91.675604 181.002303 20.536914
0.165 7.447763 7.269831 3.939856 8.566116 12.36871 4.016453 92.371234 181.905463 20.587374
0.166 7.602018 7.37183 3.990226 8.619852 12.381014 4.019413 93.336253 182.327419 20.604929
0.167 7.755528 7.476983 4.032701 8.640274 12.379156 4.021974 93.748596 182.437536 20.618275
0.168 7.786614 7.539752 4.048138 8.627394 12.361647 4.020301 93.520848 182.061552 20.605867
0.169 7.801189 7.580764 4.057916 8.644371 12.355617 4.02276 93.955265 181.93232 20.630048
0.17 7.878639 7.659776 4.087365 8.686685 12.36756 4.028801 94.724125 182.245861 20.684196
0.171 7.99228 7.699578 4.098851 8.738926 12.386722 4.047858 95.757523 182.916235 20.85621
0.172 8.05099 7.75297 4.121846 8.752825 12.367396 4.056606 96.007468 182.415633 20.935099
0.173 8.182357 7.916861 4.213154 8.755745 12.42866 4.078295 96.047542 184.18969 21.124532
0.174 8.271149 8.022106 4.222279 8.789981 12.474591 4.096887 96.813773 185.363477 21.299861
0.175 8.371368 8.132306 4.240814 8.833197 12.510362 4.106525 97.641208 186.145923 21.397946
0.176 8.418644 8.255178 4.272148 8.862527 12.493521 4.1141 98.222739 185.46916 21.461602
0.177 8.375951 8.311698 4.261801 8.87706 12.479451 4.114753 98.611482 184.901075 21.471145
0.178 8.344264 8.276495 4.242111 8.870157 12.472317 4.114823 98.537498 184.681738 21.481671
0.179 8.343142 8.361206 4.218769 8.867867 12.452487 4.11029 98.477784 183.912854 21.453188
0.18 8.395863 8.508152 4.206416 8.853402 12.423463 4.103985 98.217999 182.950105 21.403675
0.181 8.491363 8.62162 4.223168 8.898332 12.418497 4.093622 99.061404 182.824497 21.306637
0.182 8.595531 8.725166 4.241167 8.955541 12.431971 4.086395 100.274404 183.316846 21.237178
0.183 8.754908 8.846321 4.258499 8.991239 12.47009 4.085045 101.093696 184.338243 21.213068
0.184 8.891464 8.920047 4.271915 9.001775 12.474538 4.087448 101.32189 184.424384 21.22939
0.185 8.885518 8.860365 4.265528 9.007964 12.464328 4.083342 101.414461 184.192634 21.183989
0.186 8.800363 8.773636 4.269194 9.021949 12.453444 4.070359 101.678617 183.970774 21.04618
0.187 8.761666 8.722108 4.291918 9.022297 12.447976 4.062398 101.73041 183.85237 20.955463
0.188 8.726204 8.601618 4.286305 9.009446 12.456099 4.062207 101.521384 184.192432 20.968411
0.189 8.792994 8.591264 4.296345 8.999336 12.460552 4.071852 101.182918 184.388277 21.076747
0.19 8.983023 8.700413 4.345279 8.957406 12.451607 4.081262 100.434038 184.301199 21.187057
0.191 9.222513 8.824738 4.415684 8.92679 12.424316 4.084418 99.974498 183.714454 21.236975
0.192 9.500698 8.980044 4.485832 8.928145 12.431261 4.093049 99.951757 183.93497 21.324539
0.193 9.741125 9.097719 4.558692 8.938379 12.457673 4.101179 100.094109 184.722844 21.392619
0.194 9.904424 9.158279 4.615859 8.951671 12.494503 4.108043 100.32116 185.783799 21.437524
0.195 9.945709 9.211005 4.655795 8.955671 12.489486 4.110239 100.385006 185.633807 21.439145
0.196 9.97887 9.238049 4.675769 8.962607 12.506784 4.111783 100.519454 186.0933 21.444011
0.197 10.083277 9.316975 4.704093 8.985176 12.532646 4.110754 100.958706 186.780405 21.429586
0.198 10.062738 9.372671 4.682834 8.959108 12.467914 4.079188 100.517583 184.995998 21.138392
0.199 10.096054 9.438615 4.692263 8.933651 12.425213 4.06277 100.089273 183.877927 20.981936
0.2 10.072939 9.455071 4.705292 8.90805 12.411876 4.047277 99.664154 183.613013 20.826886
0.201 10.076592 9.435862 4.733738 8.893355 12.417448 4.035499 99.446539 183.932008 20.684836
0.202 10.068789 9.45322 4.762452 8.902359 12.406579 4.02999 99.676552 183.674025 20.593258
0.203 10.077263 9.506132 4.799396 8.928659 12.394635 4.02753 100.089465 183.340472 20.54475
0.204 10.259361 9.633289 4.854628 8.964489 12.407204 4.029779 100.699424 183.723818 20.550773
0.205 10.385778 9.731918 4.906226 8.961336 12.389658 4.031175 100.634774 183.274401 20.562723
0.206 10.36612 9.829332 4.95289 8.943369 12.399066 4.039181 100.497421 183.51724 20.655932
0.207 10.451572 9.994832 4.998982 8.938241 12.430544 4.05324 100.581325 184.355058 20.828001
0.208 10.574934 10.127203 5.049769 8.934684 12.477819 4.071674 100.765638 185.747023 21.034647
0.209 10.550716 10.153559 5.064648 8.944923 12.48388 4.075048 101.187995 186.152196 21.10496
0.21 10.527558 10.17168 5.075994 8.977509 12.483386 4.076763 101.93852 186.413153 21.149331
0.211 10.502138 10.143791 5.081224 9.031975 12.485179 4.07344 103.045707 186.737473 21.142659
0.212 10.465551 10.15234 5.088698 9.065026 12.45409 4.069417 103.705781 185.914967 21.117998
0.213 10.699613 10.242568 5.124717 9.10352 12.451597 4.07679 104.238113 185.812881 21.179664
0.214 10.917867 10.408246 5.146802 9.078613 12.41532 4.082755 103.738813 184.762216 21.255236
0.215 11.132581 10.592866 5.160277 9.06281 12.369705 4.084667 103.650632 183.508923 21.312622
0.216 11.243468 10.597048 5.137791 9.088094 12.345293 4.082365 104.300489 182.950733 21.336677
0.217 11.171624 10.544056 5.124547 9.108445 12.326725 4.073076 104.832589 182.649798 21.27864
0.218 11.139544 10.609283 5.13612 9.105285 12.271351 4.043705 104.85827 181.271109 21.016923
0.219 11.159517 10.631881 5.127647 9.117365 12.258817 4.031973 105.021474 181.013183 20.887009
0.22 11.14587 10.625664 5.1166 9.090089 12.244581 4.021719 104.420633 180.726055 20.748766
0.221 11.212739 10.708498 5.163184 9.067387 12.2345 4.022174 103.995842 180.603217 20.740209
0.222 11.429327 10.959279 5.265472 9.119737 12.317184 4.059285 105.012648 182.825043 21.079706
0.223 11.5075 11.10816 5.351561 9.203282 12.440092 4.105555 106.746652 186.221728 21.504856
0.224 11.411247 11.06228 5.360879 9.18452 12.399741 4.09645 106.407153 185.212877 21.405362
0.225 11.332713 11.033306 5.377248 9.160367 12.346468 4.082745 105.961831 183.788284 21.271863
0.226 11.354315 11.075218 5.387921 9.144464 12.315335 4.079168 105.688459 182.868385 21.250346
0.227 11.311378 11.041943 5.390959 9.105655 12.297458 4.077075 105.036995 182.335487 21.243069
0.228 11.369758 11.105552 5.399793 9.047439 12.263178 4.068567 103.938389 181.364859 21.165379
0.229 11.441273 11.051412 5.37655 8.983259 12.200449 4.05573 102.737063 179.747498 21.062585
0.23 11.315385 10.894408 5.322064 8.910951 12.11368 4.039971 101.481247 177.543618 20.955683
0.231 11.275544 10.799512 5.296997 8.882305 12.060032 4.027511 101.028955 176.311586 20.88889
0.232 11.208959 10.797018 5.309994 8.910647 12.040952 4.023078 101.691877 175.943986 20.882582
0.233 11.088274 10.804619 5.340557 8.956418 12.044989 4.020766 102.672045 176.089196 20.875025
0.234 11.002584 10.716874 5.249174 8.967478 11.997776 4.012167 102.93265 174.898328 20.800156
0.235 11.215111 11.194262 5.38014 8.991405 12.042513 4.010105 103.45027 176.104418 20.78279
0.236 11.292809 11.245489 5.369461 8.95932 12.004251 4.003526 102.925073 175.121169 20.719584
0.237 11.426303 11.504726 5.337632 8.926462 11.953677 3.992195 102.277542 173.650525 20.624775
0.238 11.441636 11.306193 5.370885 8.890236 11.927872 3.986743 101.280571 173.354517 20.555269
0.239 11.347519 11.581734 5.365575 8.867783 11.854595 3.980551 101.117522 171.153195 20.506478
0.24 11.676241 11.677908 5.423462 8.901008 11.856451 3.993855 101.548627 171.36247 20.64081
0.241 11.674538 11.726799 5.454562 8.885891 11.847681 4.009609 101.472012 171.195754 20.805116
0.242 11.831549 11.80935 5.461965 8.876168 11.816964 4.018528 101.095646 170.238042 20.89987
0.243 11.916003 11.923321 5.50162 8.893719 11.839048 4.037467 101.42928 170.946485 21.09673
0.244 12.099783 12.183182 5.519715 8.900514 11.84974 4.046429 101.529941 171.269516 21.219529
0.245 12.063521 12.107162 5.462132 8.892667 11.828666 4.037645 101.341729 170.82775 21.171365
0.246 11.810136 11.988128 5.396522 8.884149 11.785961 4.023211 101.19145 169.693083 21.067268
0.247 11.553726 11.80797 5.332139 8.885232 11.75107 4.009819 101.132602 168.640084 20.964187
0.248 11.394144 11.707895 5.29334 8.891733 11.72225 3.99897 101.265882 167.825324 20.871539
0.249 11.337776 11.641591 5.242291 8.873912 11.676844 3.983755 100.787226 166.513573 20.718682
0.25 11.288033 11.610676 5.232407 8.866805 11.66774 3.983691 100.472783 166.235354 20.72152
0.251 11.224176 11.604523 5.249013 8.907833 11.717334 3.983235 101.240514 167.570207 20.693638
0.252 11.03321 11.3954 5.195696 8.878396 11.69135 3.953632 100.547947 167.033749 20.401779
0.253 10.868066 11.335694 5.226067 8.856657 11.690316 3.945463 100.2531 167.174266 20.319741
0.254 10.851352 11.348882 5.314998 8.879845 11.716 3.952545 100.858842 168.040611 20.386802
0.255 10.8868 11.228652 5.3004 8.892016 11.68758 3.950039 101.252808 167.434248 20.358724
0.256 11.007118 11.504338 5.41532 8.917601 11.730164 3.959024 101.848543 168.714654 20.425304
0.257 11.007022 11.093134 5.396601 8.953075 11.736997 3.975438 103.004227 169.320851 20.549938
0.258 11.144841 11.662925 5.55179 8.99746 11.825468 4.001299 103.910986 171.698741 20.813784
0.259 10.54342 10.70379 5.408885 8.974956 11.764696 4.019496 103.635661 170.423107 20.960315
0.26 11.571834 12.113159 5.465184 9.071886 11.932351 4.037039 105.403391 173.898796 21.195452
0.261 10.642069 10.851974 5.294049 9.009251 11.787423 4.017064 104.20313 170.586691 20.976747
0.262 11.883302 12.078901 5.373671 9.058632 11.942187 4.03383 104.357325 173.927248 21.172542
0.263 10.442174 10.976117 5.208257 8.9565 11.744927 3.991378 102.64497 168.905956 20.762893
0.264 11.350099 11.251063 5.184135 8.952212 11.849515 3.985274 101.615818 171.389899 20.665454
0.265 10.038166 10.611706 5.1024 8.838013 11.691493 3.962079 100.281614 167.449348 20.440736
0.266 10.309711 10.570201 5.143683 8.797222 11.772691 3.97187 98.869881 169.625025 20.539301
0.267 9.383054 10.123863 5.035419 8.806482 11.706834 3.961016 99.866114 167.89954 20.461547
0.268 9.626652 10.154094 4.995073 8.855535 11.770628 3.959578 100.032107 169.284277 20.462758
0.269 9.180369 9.72868 4.861312 8.887069 11.751636 3.952722 101.098193 168.837318 20.385597
0.27 9.689661 9.900162 4.844526 8.941728 11.819436 3.947294 101.899896 170.446645 20.33917
0.271 9.574222 9.716409 4.743675 8.878311 11.774246 3.939161 100.555636 169.133953 20.217461
0.272 9.674767 9.705445 4.782348 8.830693 11.808606 3.930734 99.561624 170.267517 20.123732
0.273 9.791812 10.110294 4.787062 8.851138 11.779303 3.938514 100.429525 169.098353 20.185969
0.274 9.820291 9.907862 4.828766 8.844036 11.811808 3.947294 100.273721 170.476373 20.267713
0.275 9.976965 10.306926 4.881162 8.922391 11.825113 3.952609 102.008391 170.589639 20.327254
0.276 10.071726 10.101383 4.961712 9.001855 11.909533 3.974242 103.844583 173.403787 20.469306
0.277 10.601258 10.659397 5.013876 9.027934 11.932701 3.988698 103.820584 173.329571 20.647889
0.278 10.31765 9.816412 4.906076 9.004626 11.918184 3.993911 103.735928 173.384027 20.654356
0.279 11.040183 10.526619 5.042578 9.012764 11.95801 3.998182 103.416096 173.907346 20.740791
0.28 10.312342 9.766662 4.968857 8.9777 11.922287 4.011624 103.139833 173.173854 20.848211
0.281 10.775309 10.077854 5.139811 9.047602 11.990974 4.007135 104.33257 175.378631 20.825042
0.282 10.311179 9.84644 5.071776 9.016577 11.935736 4.012585 103.612456 173.365368 20.859703
0.283 10.118296 9.852704 5.195773 9.041138 11.986033 4.001328 104.326891 174.99749 20.721114
0.284 10.46085 10.28226 5.188316 9.054516 11.956828 4.01163 104.256854 173.811971 20.830865
0.285 10.352476 9.876887 5.148059 9.135677 11.972574 4.016843 106.293928 174.531387 20.901426
0.286 10.322631 10.138789 5.074562 9.118799 11.966606 4.029558 105.745031 174.191515 21.056639
0.287 9.781575 9.639634 4.991041 9.11333 11.910559 4.025463 105.969287 172.908253 21.010139
0.288 9.910442 9.835526 4.926404 9.129236 11.94138 4.023498 105.858639 173.46148 21.065111
0.289 9.565129 9.54654 4.861083 9.163562 11.949053 4.040677 107.12513 173.954677 21.234506
0.29 9.635388 9.679841 4.849492 9.206906 12.022433 4.062284 107.786521 176.045875 21.509148
0.291 9.500972 9.761108 4.798787 9.22909 12.073005 4.079746 108.60571 177.514914 21.68207
0.292 9.33083 9.632973 4.728592 9.260343 12.140528 4.085321 108.968728 179.141729 21.755595
0.293 9.086268 9.284192 4.568688 9.249487 12.120688 4.084485 108.774401 178.569261 21.743778
0.294 9.082469 9.196924 4.547796 9.301284 12.168426 4.055619 109.958312 180.335971 21.488082
0.295 8.959373 9.119609 4.395194 9.244762 12.06578 4.040035 108.597989 176.940833 21.31916
0.296 8.998443 8.985091 4.373552 9.318626 12.139603 4.027046 110.608382 179.791905 21.184071
0.297 8.920006 9.291452 4.267593 9.189291 12.077915 4.024656 107.077221 177.428966 21.220126
0.298 9.180546 9.313554 4.299091 9.230107 12.121285 4.021634 108.424265 179.094025 21.146703
0.299 9.20653 9.481475 4.238542 9.179485 12.040264 4.005196 106.942982 176.514504 21.037037
0.3 9.104316 9.106285 4.247468 9.148905 11.984049 3.988321 106.728821 175.636801 20.83998
0.301 9.18798 9.415863 4.23619 9.109198 11.964842 3.963559 105.706435 174.66711 20.600005
0.302 8.924745 9.049017 4.226799 9.123057 11.961074 3.958211 106.053661 174.636411 20.506973
0.303 9.082277 9.245261 4.268665 9.108885 11.917411 3.940081 105.386709 173.110285 20.322951
0.304 9.033009 9.164741 4.292743 9.077666 11.883758 3.924092 104.77254 172.448251 20.17311
0.305 9.092928 9.24523 4.292751 9.073106 11.855015 3.91711 104.993885 171.830184 20.11462
0.306 8.937855 9.087347 4.239901 9.020932 11.798413 3.916754 103.813512 170.443069 20.116926
0.307 8.768044 8.956736 4.217784 8.977266 11.736774 3.906265 103.148231 169.101984 20.004881
0.308 8.825424 9.111805 4.244702 9.017124 11.787051 3.906856 104.232023 170.604986 20.004975
0.309 8.764893 9.041796 4.219227 9.024966 11.758498 3.890794 104.610954 169.974658 19.845859
0.31 8.897118 9.154071 4.213246 9.040261 11.761487 3.888027 104.867935 169.927551 19.815664
0.311 8.896156 9.133598 4.233073 9.085618 11.803554 3.895636 105.808284 171.024042 19.870118
0.312 9.028297 9.153403 4.255165 9.144456 11.82248 3.901347 106.86723 171.377301 19.919898
0.313 8.881055 9.104239 4.288 9.142645 11.844859 3.919324 106.964628 172.055647 20.083161
0.314 8.724839 8.990853 4.298944 9.19053 11.907334 3.943573 108.06387 173.65303 20.296147
0.315 8.601698 8.904226 4.310758 9.200687 11.915794 3.959983 108.323909 173.774743 20.458489
0.316 8.549597 8.799177 4.272744 9.212625 11.939856 3.967658 108.346071 174.172979 20.52516
0.317 8.605719 8.906468 4.27919 9.260802 12.000243 3.981839 109.406699 175.767569 20.653497
0.318 8.724554 9.024936 4.312123 9.303468 12.036255 3.995534 110.414806 176.827481 20.788919
0.319 8.854762 9.137072 4.318845 9.323336 12.071201 4.007212 110.970074 177.84585 20.924146
0.32 8.769219 9.061436 4.319898 9.304199 12.087422 4.018024 110.743159 178.53939 21.053607
0.321 8.647108 8.999328 4.328716 9.306936 12.122943 4.040442 111.037787 179.604962 21.312318
0.322 8.773411 9.155311 4.395681 9.340415 12.159865 4.059954 111.9245 181.018541 21.527327
0.323 9.146494 9.532235 4.509165 9.380734 12.195844 4.068838 113.069455 182.369412 21.603891
0.324 9.454054 9.711725 4.608528 9.382109 12.229104 4.080846 113.223652 183.48001 21.733153
0.325 9.403995 9.68488 4.664033 9.369093 12.214319 4.090897 113.030495 183.172289 21.864618
0.326 9.47315 9.843296 4.726342 9.390878 12.208815 4.09483 113.555842 182.860263 21.892687
0.327 9.76986 9.973825 4.756382 9.409211 12.178119 4.097866 113.79738 181.864135 21.891668
0.328 9.886652 10.020544 4.786429 9.357766 12.145024 4.10738 112.526986 180.89949 21.966991
0.329 9.77681 9.86855 4.7931 9.3147 12.143139 4.114727 111.958057 181.050793 22.055341
0.33 9.538916 9.61355 4.751585 9.279488 12.105277 4.107102 110.930538 180.074446 22.015384
0.331 9.327676 9.476285 4.711824 9.274546 12.107544 4.095425 110.866491 180.180918 21.936529
0.332 9.228157 9.376634 4.653096 9.239789 12.06368 4.09192 109.973566 178.83485 21.895366
0.333 8.998384 9.105159 4.568794 9.180898 11.991411 4.083061 108.512984 176.693721 21.822974
0.334 8.68193 8.738988 4.47773 9.132019 11.925693 4.067026 107.244742 174.917547 21.666029
0.335 8.451094 8.622348 4.422716 9.113428 11.908361 4.061631 106.846564 174.337186 21.589999
0.336 8.271849 8.484306 4.389343 9.103764 11.922422 4.060211 106.710955 174.539802 21.592592
0.337 8.217884 8.399694 4.39898 9.14233 11.952673 4.056642 107.501983 175.611914 21.569395
0.338 8.263963 8.469825 4.438553 9.190851 11.986572 4.066323 108.678224 176.706869 21.68986
0.339 8.116467 8.341486 4.447449 9.185085 11.965856 4.069258 108.52537 176.203643 21.747047
0.34 8.03608 8.367588 4.478553 9.175062 11.922543 4.079009 108.383524 174.987826 21.846781
0.341 8.075779 8.408099 4.495925 9.151273 11.885476 4.072319 107.829405 174.035217 21.781153
0.342 8.160731 8.448002 4.473944 9.176895 11.883314 4.078242 108.577461 174.022897 21.861902
0.343 8.120615 8.40724 4.461581 9.167089 11.854525 4.069966 108.406985 173.209425 21.791775
0.344 8.162794 8.466603 4.501961 9.113444 11.839154 4.063708 107.22339 172.824158 21.752884
0.345 8.075281 8.408696 4.557428 9.077261 11.81636 4.057265 106.545274 172.325414 21.68906
0.346 8.022661 8.388789 4.591208 9.026074 11.766219 4.069881 105.379997 170.982448 21.81033
0.347 7.892787 8.29304 4.614648 9.010105 11.769909 4.098834 105.238408 171.211012 22.136051
0.348 7.787684 8.177199 4.647908 8.99837 11.755727 4.132728 105.075041 171.063043 22.57915
0.349 7.818126 8.160417 4.674603 9.021642 11.765363 4.144418 105.687684 171.32136 22.744609
0.35 7.800054 8.114161 4.628635 9.036201 11.772519 4.131839 105.863052 171.49068 22.614868
0.351 7.698639 8.062126 4.567134 9.040122 11.805835 4.134287 105.774397 172.183162 22.652283
0.352 7.486537 7.739025 4.457303 9.001478 11.793586 4.136255 104.689008 171.79857 22.718731
0.353 7.054127 7.324066 4.308097 8.955799 11.734975 4.120898 103.701877 170.380361 22.606455
0.354 6.80838 7.1586 4.20679 8.961931 11.716429 4.113597 104.196644 170.109211 22.53051
0.355 6.830296 7.118938 4.134806 8.974717 11.699333 4.093657 104.354564 169.781804 22.306613
0.356 6.735473 6.995268 4.028916 8.975955 11.708649 4.092424 104.639553 170.301305 22.28062
0.357 6.751737 7.021685 3.959591 9.012985 11.773656 4.094119 105.327548 171.998713 22.31733
0.358 6.898067 7.226316 3.919761 9.084854 11.861348 4.094473 106.775059 174.17501 22.326813
0.359 6.89614 7.326046 3.914932 9.099018 11.925111 4.079528 107.258359 175.966863 22.165561
0.36 6.987828 7.394014 3.903535 9.108375 11.932758 4.065487 107.37562 176.39868 21.981311
0.361 7.106717 7.577021 3.92662 9.066682 11.851855 4.0729 105.856205 173.40356 22.026348
0.362 7.104081 7.207314 3.970938 9.064381 11.873864 4.094662 105.753581 174.765317 22.268018
0.363 6.734692 7.109877 3.998005 9.154962 11.959337 4.107197 108.607241 177.678678 22.421701
0.364 6.662322 7.084282 4.031463 9.21242 11.966795 4.113672 110.186119 177.9623 22.481756
0.365 6.681315 7.059061 4.041451 9.214003 11.948337 4.106479 110.082312 177.367475 22.388124
0.366 6.589849 7.025561 4.081202 9.185039 11.934625 4.11361 109.572105 177.029521 22.455663
0.367 6.487024 7.036949 4.096201 9.172832 11.937999 4.127113 109.340866 177.035251 22.606831
0.368 6.45251 7.148562 4.050716 9.14192 11.918611 4.13883 108.383521 175.973658 22.772621
0.369 6.568704 7.211652 4.047485 9.181663 11.967737 4.143951 109.206457 177.19313 22.84899
0.37 6.737022 7.245705 4.087146 9.189155 12.02316 4.162552 108.741849 178.583903 23.018854
0.371 6.795804 7.298267 4.121899 9.175553 11.997192 4.176468 108.32648 177.751587 23.10701
0.372 6.673257 7.225389 4.146172 9.149365 11.978753 4.181485 108.030642 177.096979 23.199082
0.373 6.547129 7.060968 4.196963 9.185287 12.02033 4.180139 109.033071 178.906422 23.202421
0.374 6.243237 6.801391 4.176639 9.108656 11.970451 4.168788 107.632859 178.009646 23.071717
0.375 6.267575 6.88084 4.135886 9.07696 11.975743 4.187374 106.679297 177.843578 23.265937
0.376 6.428896 6.928443 4.193888 9.151125 12.007359 4.178233 108.739715 179.166852 23.215519
0.377 6.435531 6.958035 4.22904 9.160228 11.993101 4.17148 108.829418 178.972309 23.133723
0.378 6.388334 6.958188 4.186668 9.174979 11.961295 4.171479 109.576949 178.031952 23.168485
0.379 6.750844 7.41799 4.271605 9.24938 12.082087 4.20273 111.109515 181.180564 23.504623
0.38 6.825495 7.499932 4.282648 9.229454 12.092828 4.216659 110.16639 180.900555 23.68483
0.381 6.597229 7.236376 4.264119 9.257287 12.119776 4.226363 111.168192 182.20062 23.805484
0.382 6.44927 7.152449 4.266729 9.247054 12.126919 4.233289 110.870611 182.607869 23.84855
0.383 6.439158 7.054779 4.289928 9.218918 12.100794 4.251068 110.368741 181.930614 24.018084
0.384 6.365069 6.927124 4.362711 9.209566 12.129634 4.232153 110.359855 182.77249 23.872956
0.385 6.312118 6.955003 4.410964 9.25961 12.193204 4.256589 111.635319 184.94539 24.114
0.386 6.46608 7.068054 4.375324 9.191998 12.137309 4.278376 109.996535 182.669894 24.321824
0.387 6.284728 6.846335 4.319224 9.215178 12.156903 4.26125 110.428671 183.215278 24.227682
0.388 6.151673 6.689396 4.268676 9.161723 12.075853 4.275278 109.439335 180.988768 24.419144
0.389 6.265814 6.751755 4.311604 9.197799 12.089827 4.295745 110.241173 181.0851 24.638232
0.39 6.327555 6.76906 4.385944 9.253532 12.1469 4.316054 111.637766 182.787916 24.858953
0.391 6.243765 6.688452 4.405563 9.325731 12.229216 4.329083 113.420433 185.815667 25.025533
0.392 6.198117 6.586997 4.342792 9.313055 12.160781 4.326163 113.209574 183.83069 24.993384
0.393 6.284597 6.693479 4.367065 9.384615 12.211914 4.334083 115.194117 185.620422 25.093144
0.394 6.375157 6.817842 4.369356 9.362667 12.193221 4.34186 114.198008 184.645351 25.216604
0.395 6.372364 6.837008 4.35384 9.351954 12.1771 4.335433 113.594884 183.562798 25.129735
0.396 6.223026 6.64836 4.324027 9.336908 12.142831 4.334899 113.298505 182.700133 25.149928
0.397 6.407272 6.853075 4.316287 9.338487 12.138469 4.358379 113.286711 182.306554 25.418636
0.398 6.469646 6.844443 4.326559 9.383857 12.17503 4.372001 114.110774 183.32793 25.56032
0.399 6.418241 6.798135 4.324859 9.343806 12.186789 4.379209 112.992297 183.73458 25.607401
0.4 6.268218 6.673486 4.320113 9.269843 12.140156 4.364284 111.225926 182.206612 25.402707
0.401 6.106221 6.483435 4.289113 9.269461 12.120376 4.345895 111.239718 181.765972 25.197868
0.402 6.13022 6.414454 4.256346 9.230559 12.037948 4.320509 110.251964 179.169508 24.935251
0.403 6.06417 6.344648 4.217263 9.181039 11.961855 4.311436 108.93434 176.919438 24.845965
0.404 6.020217 6.34399 4.191076 9.157772 11.932184 4.30513 108.430994 175.937663 24.781001
0.405 5.887958 6.161203 4.163796 9.201781 11.9633 4.293206 109.531542 177.333649 24.667772
0.406 5.961705 6.287809 4.149095 9.220305 11.951091 4.288544 109.664884 176.618075 24.611072
0.407 6.074631 6.413266 4.168375 9.246452 11.983695 4.305189 110.353029 177.506741 24.732462
0.408 6.099664 6.479741 4.176049 9.28354 12.034965 4.331642 111.178992 178.913333 25.014763
0.409 6.202111 6.674476 4.15582 9.330311 12.100611 4.360184 112.387866 180.951358 25.378968
0.41 6.139968 6.588546 4.102201 9.319205 12.076252 4.354375 112.238216 180.132111 25.395375
0.411 5.96534 6.385484 4.084639 9.310164 12.069226 4.34558 112.192625 180.172127 25.295993
0.412 5.994945 6.430092 4.119387 9.339593 12.121259 4.333284 113.157942 182.00674 25.168443
0.413 5.812156 6.280398 4.121843 9.258236 12.029308 4.336027 111.000218 179.133146 25.226587
0.414 5.769294 6.203245 4.150989 9.258303 12.020814 4.358689 111.040726 178.78373 25.496753
0.415 5.737623 6.11049 4.182298 9.326334 12.108436 4.371651 112.803082 181.752171 25.750156
0.416 5.84085 6.159392 4.145493 9.364734 12.109918 4.35683 113.518807 181.484953 25.617789
0.417 5.974743 6.244352 4.165539 9.328323 12.062921 4.328673 112.543023 180.239333 25.265408
0.418 5.941561 6.244303 4.079399 9.306349 12.059733 4.332918 112.162945 180.376319 25.325451
0.419 5.890896 6.24148 3.981828 9.300728 12.03603 4.306889 111.987419 179.218378 25.015631
0.42 5.952285 6.225169 4.008542 9.328533 12.046933 4.321896 112.461278 179.256454 25.182865
0.421 5.761478 5.999152 4.021847 9.278916 12.004469 4.316391 111.560909 178.629593 25.127821
0.422 5.70845 5.998526 4.059781 9.263079 11.9906 4.324653 111.033522 178.02779 25.181428
0.423 5.522802 5.776633 3.972985 9.237142 11.959277 4.311611 110.471329 177.49954 25.058182
0.424 5.261833 5.536063 3.864714 9.102669 11.817924 4.276709 107.686234 173.469048 24.752331
0.425 5.08316 5.289085 3.837793 9.086534 11.804334 4.272883 107.633206 173.421941 24.724221
0.426 5.15199 5.328372 3.85412 9.139778 11.863971 4.260352 108.855053 175.534683 24.646619
0.427 5.239309 5.510578 3.855802 9.123931 11.881428 4.263626 107.803098 175.342525 24.66732
0.428 5.33606 5.494218 3.907083 9.125912 11.861731 4.267678 107.724097 174.617805 24.683764
0.429 5.333835 5.509721 3.913862 9.150456 11.873841 4.273922 108.553525 175.128607 24.700703
0.43 5.346253 5.570589 3.917778 9.092646 11.827808 4.278396 106.957673 173.415662 24.748345
0.431 5.180006 5.409386 3.866691 9.070688 11.820101 4.260962 106.585584 173.389591 24.572904
0.432 5.019107 5.392069 3.798078 9.06368 11.802964 4.252647 106.675892 173.121821 24.509696
0.433 5.120248 5.300262 3.787652 9.047207 11.762222 4.254496 106.056718 171.861566 24.537258
0.434 4.961167 5.166228 3.76779 9.028777 11.733685 4.268107 105.908513 171.527673 24.762534
0.435 4.782697 5.037265 3.727285 9.050271 11.780659 4.270873 106.495273 172.787297 24.801512
0.436 4.753112 4.996572 3.700431 9.087025 11.804335 4.278391 107.178139 173.126727 24.81054
0.437 4.814903 5.008798 3.707701 9.153574 11.841703 4.267587 108.944092 174.235259 24.661088
0.438 4.791124 5.010134 3.73137 9.134766 11.807687 4.272908 108.480468 173.190327 24.738587
0.439 4.796011 4.982006 3.732755 9.103632 11.77073 4.267898 107.615275 172.145283 24.668709
0.44 4.865195 4.96043 3.706139 9.10921 11.785191 4.254359 107.651144 172.588852 24.495199
0.441 4.796498 4.876872 3.668226 9.09902 11.783092 4.241381 107.495381 172.610321 24.353558
0.442 4.739298 4.839584 3.631705 9.088883 11.764317 4.227312 107.11785 171.998963 24.156611
0.443 4.657981 4.746883 3.579301 9.073032 11.748954 4.21879 106.733613 171.584101 24.037715
0.444 4.581008 4.675891 3.552466 9.074494 11.737589 4.194592 107.149827 171.574953 23.797303
0.445 4.595652 4.735544 3.58987 9.10563 11.785729 4.201804 107.81098 172.953887 23.841813
0.446 4.654554 4.842671 3.590484 9.142601 11.820322 4.210089 108.846526 174.087656 23.960351
0.447 4.66769 4.824069 3.57449 9.081192 11.741121 4.236244 106.56475 170.918143 24.295566
0.448 4.611609 4.776749 3.520107 9.088127 11.753286 4.241102 107.162101 171.391119 24.37537
0.449 4.538081 4.762352 3.51263 9.133241 11.826114 4.239726 108.179461 173.582803 24.331801
0.45 4.666446 4.793215 3.521456 9.195418 11.844763 4.241642 109.7494 174.112582 24.287105
0.451 4.628383 4.80625 3.532633 9.244726 11.913635 4.243129 111.270663 176.236358 24.327892
0.452 4.506376 4.659247 3.555316 9.244816 11.908475 4.263926 111.294588 176.240227 24.603917
0.453 4.62298 4.765451 3.593043 9.256126 11.929094 4.289852 111.316157 176.38272 24.902035
0.454 4.663633 4.826013 3.626762 9.324685 12.026074 4.301817 112.983215 179.296897 25.043755
0.455 4.699634 4.922333 3.623137 9.309637 12.016989 4.301396 112.35249 178.871213 25.106635
0.456 4.713086 5.002202 3.628487 9.271933 11.99902 4.305088 111.598911 178.472396 25.230977
0.457 4.817434 5.120563 3.666003 9.310403 12.010295 4.310419 112.596401 178.882263 25.282601
0.458 4.943271 5.204434 3.746393 9.346177 12.06049 4.323035 113.644549 180.627759 25.406417
0.459 4.99612 5.235862 3.803245 9.341466 12.047174 4.319414 113.707837 180.658474 25.369317
0.46 4.989875 5.146252 3.812189 9.318256 12.007401 4.321767 113.217252 179.779516 25.41766
0.461 4.899643 4.959112 3.827722 9.315523 12.011056 4.320282 113.389195 180.402253 25.422152
0.462 4.809555 4.839536 3.818214 9.2403 11.938131 4.310681 111.602585 178.464794 25.35122
0.463 4.784287 4.787953 3.856343 9.183812 11.869464 4.309787 110.419882 176.524595 25.375516
0.464 4.843413 4.768963 3.930445 9.179611 11.84963 4.341661 109.939945 175.631254 25.744661
0.465 4.768724 4.679429 3.910669 9.143363 11.857154 4.344141 109.007915 175.865019 25.776821
0.466 4.741103 4.659197 3.955538 9.166153 11.904503 4.35645 109.604687 177.236141 25.898808
0.467 4.734505 4.746451 3.993811 9.217357 11.971177 4.397779 110.661439 178.573496 26.331847
0.468 4.785378 4.799049 4.058211 9.262779 12.031537 4.433771 111.831354 180.495881 26.789102
0.469 4.799963 4.874049 4.105236 9.292631 12.088576 4.440114 112.637653 182.393977 26.89945
0.47 4.894364 5.015895 4.140211 9.293664 12.079628 4.46056 112.484391 181.960398 27.188767
0.471 4.93009 5.108168 4.14113 9.28213 12.068582 4.466824 111.866259 181.448217 27.301629
0.472 5.021404 5.169737 4.112417 9.31718 12.078424 4.44618 113.128209 182.010015 27.114201
0.473 4.955998 5.079281 4.077631 9.369453 12.101898 4.442646 114.422478 183.03547 27.10441
0.474 5.091796 5.256308 4.084604 9.385443 12.103514 4.438331 114.219717 182.163736 26.984076
0.475 5.047103 5.213852 4.016107 9.323774 12.021833 4.412378 112.644556 179.59178 26.614352
0.476 4.907006 5.223971 3.965006 9.257303 11.988992 4.406444 111.378811 178.954982 26.552274
0.477 5.042888 5.290117 3.996008 9.262249 11.99333 4.419661 111.351331 178.910636 26.645168
0.478 5.160801 5.371873 4.017453 9.357318 12.058892 4.431597 113.908201 181.174873 26.788914
0.479 4.996815 5.25721 3.928112 9.381941 12.061647 4.410063 114.686947 181.408153 26.661039
0.48 4.926569 5.144754 3.83851 9.3041 11.907926 4.36606 112.56975 176.761623 26.254577
0.481 4.881245 5.076092 3.755916 9.236236 11.871668 4.358727 111.455528 176.084489 26.074655
0.482 4.856131 5.001417 3.706434 9.244789 11.882509 4.364354 111.567479 176.299535 26.119293
0.483 4.833798 4.94306 3.722935 9.266728 11.934239 4.365539 111.944113 177.831842 26.149698
0.484 4.870134 4.95415 3.732832 9.317099 11.94533 4.352456 113.270612 178.062244 25.992955
0.485 4.915962 4.936342 3.842002 9.366423 12.005354 4.371593 114.557126 180.179816 26.17275
0.486 4.987903 4.977719 3.899742 9.454352 12.127648 4.395721 116.581463 183.725224 26.413294
0.487 4.99891 4.902474 3.91259 9.408488 12.071109 4.407199 115.296045 181.685649 26.51286
0.488 4.929951 4.862492 3.987346 9.379843 12.114597 4.416666 114.571701 183.13174 26.629028
0.489 4.882164 4.812066 3.949836 9.367052 12.084431 4.420999 114.322093 182.225422 26.762324
0.49 4.850968 4.824177 3.905118 9.282612 11.976764 4.394144 111.747648 178.355514 26.398472
0.491 5.02042 5.009649 3.969021 9.407731 12.115711 4.426279 115.006335 182.639897 26.690923
0.492 4.871014 4.910336 3.980382 9.474677 12.226578 4.455288 116.79179 186.252686 27.015137
0.493 4.736727 4.744806 3.908663 9.428513 12.162677 4.437337 115.813192 184.669563 26.851648
0.494 4.840575 4.780032 3.967448 9.39857 12.118283 4.433577 115.163316 183.381201 26.830054
0.495 4.984878 4.961224 4.028075 9.441506 12.170642 4.439073 116.191278 184.633521 26.920912
0.496 4.98819 4.952313 4.019388 9.450741 12.16627 4.461782 116.422964 184.508908 27.234832
0.497 4.921197 4.920776 3.975083 9.43458 12.141407 4.471782 115.961252 183.747502 27.385197
0.498 4.758418 4.840425 3.876451 9.402836 12.116013 4.4649 115.320382 183.152198 27.339628
0.499 4.623703 4.747642 3.805181 9.362094 12.080093 4.45868 114.626767 182.479385 27.321171
0.5 4.591178 4.755887 3.788462 9.373937 12.105659 4.479658 114.945295 182.977709 27.581919
0.501 4.57609 4.74149 3.802139 9.374279 12.125661 4.507742 114.909076 183.523548 27.941912
0.502 4.620034 4.805876 3.847589 9.394623 12.15971 4.524538 115.314219 184.348768 28.170679
0.503 4.618135 4.786297 3.872648 9.399959 12.153271 4.536786 115.720416 184.388742 28.286199
0.504 4.664841 4.802626 3.87726 9.443465 12.160657 4.535297 116.457757 184.402464 28.237955
0.505 4.673351 4.849372 3.900676 9.442502 12.2034 4.541173 116.193675 185.68858 28.292481
0.506 4.657035 4.831625 3.887094 9.409151 12.165358 4.523372 115.714254 184.718771 28.064146
0.507 4.710122 4.866965 3.900538 9.426195 12.182949 4.522698 116.12631 185.118731 28.065354
0.508 4.745898 4.883844 3.888673 9.438888 12.193899 4.527239 116.177206 185.229714 28.114878
0.509 4.649222 4.806833 3.826726 9.370501 12.108198 4.50538 114.915781 182.819089 27.864507
0.51 4.65417 4.853337 3.849019 9.395241 12.13848 4.519623 115.527443 183.917044 28.069938
0.511 4.634258 4.844219 3.864405 9.392927 12.154223 4.534671 115.377689 184.337272 28.19612
0.512 4.629545 4.805944 3.844167 9.381495 12.125224 4.518602 115.031038 183.303449 28.022639
0.513 4.643954 4.830832 3.824481 9.378516 12.11362 4.521516 114.84296 182.773364 28.067091
0.514 4.678086 4.859655 3.81669 9.366607 12.092637 4.516187 114.488645 182.128474 27.981743
0.515 4.676339 4.855692 3.813566 9.416951 12.179184 4.53541 115.764863 184.681655 28.191465
0.516 4.72549 4.882424 3.832946 9.432057 12.163933 4.546434 116.017904 184.355003 28.283921
0.517 4.711342 4.864646 3.848062 9.455889 12.20229 4.543535 116.749551 185.753508 28.271637
0.518 4.632955 4.789284 3.827258 9.469888 12.222049 4.545541 117.53614 186.872916 28.264215
0.519 4.639732 4.774531 3.84405 9.471038 12.217672 4.539318 117.60465 186.805835 28.195944
0.52 4.738127 4.860737 3.881158 9.511426 12.247222 4.544289 118.372291 187.445365 28.213747
0.521 4.765931 4.854442 3.879175 9.533018 12.275673 4.533777 118.82015 188.214557 28.106171
0.522 4.859953 4.930371 3.896661 9.595604 12.331759 4.52619 120.125864 189.66534 28.025461
0.523 4.970947 5.017234 3.953648 9.653703 12.369259 4.538937 121.424002 190.457415 28.124327
0.524 4.95468 5.030748 4.009938 9.678335 12.420813 4.568941 122.187523 191.765854 28.367613
0.525 4.866166 4.95412 4.007408 9.637007 12.398525 4.583382 121.414092 191.508117 28.58294
0.526 4.778455 4.938441 3.967157 9.597544 12.377709 4.583351 120.766334 191.456584 28.663245
0.527 4.784873 4.980276 3.967527 9.642232 12.387162 4.607146 121.237597 191.690715 28.801837
0.528 4.721582 4.948841 3.943691 9.603962 12.359558 4.607256 120.497757 190.734184 28.724079
0.529 4.648229 4.923582 3.890983 9.590886 12.374284 4.562452 120.467232 190.997394 28.267685
0.53 4.536616 4.822869 3.827626 9.595097 12.378296 4.528259 121.53146 191.563171 27.917783
0.531 4.529573 4.791236 3.811612 9.560834 12.342317 4.516468 120.708046 190.472621 27.739803
0.532 4.515433 4.768529 3.812608 9.517512 12.324253 4.511721 119.87273 190.225008 27.694928
0.533 4.466373 4.721273 3.747435 9.523518 12.342283 4.509697 119.685871 190.482498 27.680713
0.534 4.366202 4.662658 3.688499 9.48533 12.32774 4.496253 118.951082 190.254144 27.56113
0.535 4.28778 4.562865 3.666202 9.470933 12.307843 4.492452 118.61121 190.106407 27.52835
0.536 4.281345 4.576111 3.678571 9.506172 12.372899 4.500837 119.337936 191.860061 27.626142
0.537 4.287466 4.545872 3.711591 9.565557 12.426595 4.516304 120.750365 193.432515 27.761711
0.538 4.231603 4.449868 3.658095 9.516579 12.36115 4.515832 119.341737 191.590894 27.81534
0.539 4.190523 4.446277 3.632264 9.488302 12.360724 4.50715 118.597542 191.58367 27.769638
0.54 4.212479 4.531484 3.667739 9.475241 12.368557 4.511275 118.081648 191.322257 27.781699
0.541 4.259975 4.577474 3.689541 9.4691 12.331854 4.516683 117.473652 189.914647 27.790821
0.542 4.215413 4.510381 3.70443 9.408368 12.293372 4.521941 115.827015 188.645856 27.856749
0.543 4.151865 4.452556 3.701967 9.406838 12.303996 4.525977 115.890748 189.063071 27.959469
0.544 4.134684 4.410508 3.704147 9.422186 12.299601 4.53951 116.278253 189.083009 28.126637
0.545 4.132034 4.380775 3.708184 9.410633 12.278388 4.553542 116.004241 188.374727 28.308997
0.546 4.076521 4.31495 3.715492 9.386744 12.258763 4.560656 115.539987 188.014317 28.427355
0.547 4.101086 4.298913 3.706999 9.444903 12.294235 4.534059 117.039025 189.229552 28.115422
0.548 4.172805 4.342609 3.788776 9.465737 12.314777 4.519348 117.568061 189.782549 27.881572
0.549 4.256412 4.412221 3.849622 9.52517 12.358423 4.522862 119.049115 191.28883 27.87576
0.55 4.427761 4.564384 3.908389 9.588201 12.434115 4.542413 120.160024 193.178625 28.081163
0.551 4.444294 4.629077 3.88175 9.581516 12.434576 4.544723 119.837116 192.85301 28.128391
0.552 4.410648 4.602903 3.850185 9.579941 12.417108 4.547686 119.72469 191.879587 28.133761
0.553 4.330363 4.52323 3.821667 9.522736 12.365429 4.545254 118.170121 190.243044 28.086158
0.554 4.199937 4.393897 3.794215 9.510476 12.356039 4.541668 118.545927 190.789108 28.064557
0.555 4.253305 4.458979 3.813873 9.644215 12.491598 4.559951 121.865794 194.926086 28.263035
0.556 4.334484 4.56866 3.891168 9.711714 12.587655 4.604616 123.419799 197.561978 28.759983
0.557 4.31296 4.615821 3.903493 9.70145 12.620639 4.626709 122.838641 198.30323 29.043072
0.558 4.334519 4.640693 3.947096 9.737036 12.671209 4.629669 123.905083 199.860504 29.080474
0.559 4.276536 4.560985 3.921779 9.679053 12.591884 4.618009 122.858363 197.763877 28.954889
0.56 4.276574 4.590314 3.862588 9.653948 12.538609 4.596012 122.128877 196.066646 28.666256
0.561 4.293724 4.609134 3.808101 9.681846 12.553023 4.560643 123.083473 196.818657 28.189279
0.562 4.265534 4.553412 3.806738 9.675473 12.550941 4.575939 123.102402 196.642079 28.396675
0.563 4.221396 4.470593 3.828069 9.69025 12.608025 4.598445 123.2752 198.499329 28.722598
0.564 4.220856 4.430375 3.847255 9.736548 12.661753 4.611888 124.665917 200.087458 28.878167
0.565 4.2707 4.43442 3.842551 9.789059 12.709799 4.607931 125.846993 201.704855 28.851553
0.566 4.336047 4.480896 3.839427 9.840143 12.738468 4.603189 126.750089 202.389651 28.743166
0.567 4.27081 4.388976 3.788077 9.811208 12.694899 4.583416 126.239183 201.358639 28.497171
0.568 4.259707 4.327763 3.727443 9.768689 12.616639 4.54952 125.143332 198.979829 28.046005
0.569 4.260637 4.307057 3.689045 9.742473 12.582164 4.523327 124.5632 198.000593 27.659657
0.57 4.219822 4.280447 3.665703 9.706635 12.530423 4.522414 123.806028 196.146202 27.650375
0.571 4.179217 4.258529 3.611052 9.684112 12.504799 4.50751 123.321515 195.406698 27.445019
0.572 4.204719 4.298562 3.600494 9.707453 12.585425 4.522132 123.291327 197.638643 27.518929
0.573 4.21681 4.38969 3.626981 9.722259 12.642162 4.555458 123.399822 199.213572 27.892168
0.574 4.186013 4.417251 3.638088 9.731276 12.652914 4.572529 123.424957 199.211891 28.123896
0.575 4.136297 4.358878 3.621816 9.69763 12.596228 4.586556 122.465293 197.382105 28.37975
0.576 4.056476 4.293854 3.60699 9.685354 12.575701 4.603531 122.807165 197.017579 28.670858
0.577 4.123572 4.388296 3.631401 9.736434 12.624044 4.600213 124.248451 198.678236 28.656121
0.578 4.226309 4.458778 3.679317 9.775984 12.704432 4.605096 125.184822 201.416526 28.708517
0.579 4.252451 4.444618 3.688365 9.791337 12.712957 4.604723 125.458331 201.973305 28.695682
0.58 4.25841 4.499929 3.733073 9.741513 12.658275 4.583698 124.059526 199.849075 28.400435
0.581 4.299193 4.565583 3.722154 9.689508 12.588146 4.560613 122.111282 197.384931 28.147501
0.582 4.344878 4.629361 3.688027 9.669207 12.534923 4.549624 121.182941 195.083386 28.068585
0.583 4.203291 4.50274 3.600511 9.608912 12.464241 4.531096 120.302548 193.745171 27.857125
0.584 4.18345 4.494344 3.580141 9.647872 12.484167 4.523275 121.294617 194.4706 27.763257
0.585 4.171622 4.490643 3.566723 9.668946 12.525922 4.54149 122.356609 196.1948 28.025219
0.586 4.159695 4.449888 3.540469 9.668974 12.515928 4.517575 122.212353 196.025545 27.755125
0.587 4.133435 4.366435 3.537542 9.678844 12.542455 4.535018 122.278169 196.630897 27.891827
0.588 4.096789 4.30808 3.590056 9.728381 12.604818 4.565922 123.777695 198.810403 28.277893
0.589 4.130049 4.392861 3.619451 9.774411 12.60254 4.591928 124.859554 198.365393 28.624035
0.59 4.17668 4.456801 3.590765 9.844203 12.669019 4.614618 126.4011 200.253432 28.884445
0.591 4.226137 4.49203 3.589338 9.890668 12.72809 4.621792 127.519635 201.930379 28.90498
0.592 4.235736 4.494399 3.607787 9.890246 12.741308 4.621877 127.479398 202.288385 28.89479
0.593 4.188609 4.424611 3.636384 9.794841 12.659278 4.600057 125.308524 200.242957 28.683849
0.594 4.220222 4.418505 3.62587 9.751533 12.570423 4.586465 123.871091 197.14419 28.55931
0.595 4.1486 4.358065 3.637916 9.671833 12.513509 4.586063 122.043296 195.73363 28.570789
0.596 4.095573 4.371029 3.616971 9.683766 12.545724 4.580616 122.591578 196.919765 28.475144
0.597 4.068811 4.357192 3.593843 9.654609 12.511091 4.573073 121.722276 195.604555 28.394922
0.598 4.00748 4.253417 3.533024 9.63551 12.473214 4.544839 121.584605 194.945374 28.042004
0.599 3.997213 4.25675 3.535289 9.621732 12.487198 4.543974 121.412545 195.147092 28.047333
