# 1:time 2:Lum 3:eave 4:erms 5:eskw
0.0100 6.82415e-24 1.02760e+01 1.17318e+01 1.32862e+01
0.0110 8.17292e-24 1.04205e+01 1.18552e+01 1.33874e+01
0.0120 9.69374e-24 1.05050e+01 1.18861e+01 1.33213e+01
0.0130 1.20567e-23 1.07483e+01 1.21693e+01 1.36510e+01
0.0140 1.43703e-23 1.10172e+01 1.24856e+01 1.40201e+01
0.0150 1.61292e-23 1.11565e+01 1.26259e+01 1.41533e+01
0.0160 1.72827e-23 1.11715e+01 1.26298e+01 1.41492e+01
0.0170 1.83537e-23 1.11746e+01 1.26402e+01 1.41700e+01
0.0180 1.98683e-23 1.11951e+01 1.26313e+01 1.41231e+01
0.0190 2.20533e-23 1.13695e+01 1.28483e+01 1.43848e+01
0.0200 2.35381e-23 1.13743e+01 1.28321e+01 1.43531e+01
0.0210 2.49006e-23 1.14629e+01 1.29374e+01 1.44695e+01
0.0220 2.58401e-23 1.15067e+01 1.29886e+01 1.45327e+01
0.0230 2.59820e-23 1.14449e+01 1.29161e+01 1.44505e+01
0.0240 2.76459e-23 1.16188e+01 1.31208e+01 1.46677e+01
0.0250 2.82575e-23 1.15268e+01 1.29856e+01 1.44930e+01
0.0260 2.92088e-23 1.15489e+01 1.29978e+01 1.44900e+01
0.0270 3.00739e-23 1.15906e+01 1.30497e+01 1.45536e+01
0.0280 3.09607e-23 1.16326e+01 1.31026e+01 1.46199e+01
0.0290 3.16148e-23 1.16310e+01 1.30880e+01 1.45875e+01
0.0300 3.22450e-23 1.16770e+01 1.31550e+01 1.46798e+01
0.0310 3.32000e-23 1.17426e+01 1.32059e+01 1.47021e+01
0.0320 3.28577e-23 1.16432e+01 1.30980e+01 1.45908e+01
0.0330 3.33185e-23 1.16596e+01 1.31174e+01 1.46149e+01
0.0340 3.38668e-23 1.16545e+01 1.30939e+01 1.45717e+01
0.0350 3.45182e-23 1.16839e+01 1.31310e+01 1.46139e+01
0.0360 3.51782e-23 1.17219e+01 1.31749e+01 1.46623e+01
0.0370 3.60994e-23 1.18014e+01 1.32576e+01 1.47432e+01
0.0380 3.59803e-23 1.17402e+01 1.31894e+01 1.46718e+01
0.0390 3.63729e-23 1.17539e+01 1.32032e+01 1.46839e+01
0.0400 3.66477e-23 1.17675e+01 1.32209e+01 1.47059e+01
0.0410 3.68998e-23 1.17671e+01 1.32147e+01 1.46927e+01
0.0420 3.71585e-23 1.17762e+01 1.32265e+01 1.47079e+01
0.0430 3.73769e-23 1.17793e+01 1.32262e+01 1.47024e+01
0.0440 3.77486e-23 1.17979e+01 1.32460e+01 1.47228e+01
0.0450 3.80719e-23 1.18030e+01 1.32492e+01 1.47244e+01
0.0460 3.83766e-23 1.18147e+01 1.32601e+01 1.47335e+01
0.0470 3.86242e-23 1.18180e+01 1.32597e+01 1.47285e+01
0.0480 3.89556e-23 1.18711e+01 1.33395e+01 1.48397e+01
0.0490 3.92186e-23 1.18572e+01 1.33097e+01 1.47889e+01
0.0500 3.94840e-23 1.18623e+01 1.33085e+01 1.47809e+01
0.0510 3.97188e-23 1.18720e+01 1.33174e+01 1.47880e+01
0.0520 3.99291e-23 1.18998e+01 1.33559e+01 1.48396e+01
0.0530 4.01408e-23 1.18981e+01 1.33471e+01 1.48213e+01
0.0540 4.04286e-23 1.19264e+01 1.33844e+01 1.48691e+01
0.0550 4.06221e-23 1.19313e+01 1.33848e+01 1.48632e+01
0.0560 4.07736e-23 1.19329e+01 1.33864e+01 1.48652e+01
0.0570 4.13727e-23 1.20041e+01 1.34730e+01 1.49679e+01
0.0580 4.12258e-23 1.19671e+01 1.34239e+01 1.49046e+01
0.0590 4.13084e-23 1.19668e+01 1.34200e+01 1.48966e+01
0.0600 4.15386e-23 1.19908e+01 1.34489e+01 1.49305e+01
0.0610 4.17022e-23 1.20058e+01 1.34696e+01 1.49579e+01
0.0620 4.18222e-23 1.20101e+01 1.34670e+01 1.49459e+01
0.0630 4.20104e-23 1.20150e+01 1.34703e+01 1.49475e+01
0.0640 4.21958e-23 1.20379e+01 1.34988e+01 1.49817e+01
0.0650 4.23974e-23 1.20498e+01 1.35090e+01 1.49893e+01
0.0660 4.25020e-23 1.20640e+01 1.35274e+01 1.50126e+01
0.0670 4.26344e-23 1.20793e+01 1.35430e+01 1.50276e+01
0.0680 4.27269e-23 1.20956e+01 1.35672e+01 1.50613e+01
0.0690 4.27889e-23 1.20976e+01 1.35611e+01 1.50445e+01
0.0700 4.30182e-23 1.21312e+01 1.36055e+01 1.51017e+01
0.0710 4.30566e-23 1.21411e+01 1.36138e+01 1.51067e+01
0.0720 4.29173e-23 1.21322e+01 1.35996e+01 1.50869e+01
0.0730 4.29707e-23 1.21560e+01 1.36277e+01 1.51192e+01
0.0740 4.28284e-23 1.21580e+01 1.36305e+01 1.51231e+01
0.0750 4.27063e-23 1.21631e+01 1.36369e+01 1.51306e+01
0.0760 4.28448e-23 1.21830e+01 1.36589e+01 1.51540e+01
0.0770 4.27576e-23 1.21915e+01 1.36672e+01 1.51617e+01
0.0780 4.26331e-23 1.21928e+01 1.36699e+01 1.51660e+01
0.0790 4.26386e-23 1.22057e+01 1.36836e+01 1.51798e+01
0.0800 4.25540e-23 1.22089e+01 1.36874e+01 1.51843e+01
0.0810 4.25754e-23 1.22258e+01 1.37105e+01 1.52147e+01
0.0820 4.26711e-23 1.22447e+01 1.37323e+01 1.52386e+01
0.0830 4.24846e-23 1.22352e+01 1.37190e+01 1.52209e+01
0.0840 4.24517e-23 1.22419e+01 1.37259e+01 1.52272e+01
0.0850 4.23207e-23 1.22445e+01 1.37296e+01 1.52320e+01
0.0860 4.22736e-23 1.22549e+01 1.37407e+01 1.52434e+01
0.0870 4.21153e-23 1.22557e+01 1.37409e+01 1.52427e+01
0.0880 4.20376e-23 1.22615e+01 1.37472e+01 1.52493e+01
0.0890 4.18900e-23 1.22540e+01 1.37331e+01 1.52273e+01
0.0900 4.18810e-23 1.22666e+01 1.37489e+01 1.52465e+01
0.0910 4.18138e-23 1.22667e+01 1.37444e+01 1.52364e+01
0.0920 4.17970e-23 1.22771e+01 1.37571e+01 1.52513e+01
0.0930 4.17528e-23 1.22812e+01 1.37599e+01 1.52523e+01
0.0940 4.17419e-23 1.22887e+01 1.37674e+01 1.52593e+01
0.0950 4.17153e-23 1.22964e+01 1.37756e+01 1.52677e+01
0.0960 4.17362e-23 1.23104e+01 1.37929e+01 1.52886e+01
0.0970 4.17644e-23 1.23252e+01 1.38109e+01 1.53098e+01
0.0980 4.17398e-23 1.23358e+01 1.38239e+01 1.53253e+01
0.0990 4.17307e-23 1.23478e+01 1.38385e+01 1.53424e+01
0.1000 4.17033e-23 1.23607e+01 1.38549e+01 1.53626e+01
0.1010 4.16711e-23 1.23728e+01 1.38696e+01 1.53800e+01
0.1020 4.15965e-23 1.23823e+01 1.38817e+01 1.53948e+01
0.1030 4.15233e-23 1.23943e+01 1.38972e+01 1.54142e+01
0.1040 4.14310e-23 1.24033e+01 1.39084e+01 1.54277e+01
0.1050 4.13599e-23 1.24137e+01 1.39210e+01 1.54426e+01
0.1060 4.12893e-23 1.24247e+01 1.39345e+01 1.54587e+01
0.1070 4.11895e-23 1.24351e+01 1.39472e+01 1.54737e+01
0.1080 4.11190e-23 1.24460e+01 1.39605e+01 1.54895e+01
0.1090 4.10459e-23 1.24563e+01 1.39728e+01 1.55038e+01
0.1100 4.09431e-23 1.24653e+01 1.39831e+01 1.55152e+01
0.1110 4.08236e-23 1.24712e+01 1.39894e+01 1.55214e+01
0.1120 4.07071e-23 1.24779e+01 1.39972e+01 1.55302e+01
0.1130 4.06460e-23 1.24869e+01 1.40069e+01 1.55403e+01
0.1140 4.05793e-23 1.24963e+01 1.40173e+01 1.55516e+01
0.1150 4.05083e-23 1.25052e+01 1.40268e+01 1.55616e+01
0.1160 4.04238e-23 1.25138e+01 1.40365e+01 1.55722e+01
0.1170 4.03917e-23 1.25258e+01 1.40507e+01 1.55885e+01
0.1180 4.03970e-23 1.25400e+01 1.40673e+01 1.56076e+01
0.1190 4.03736e-23 1.25547e+01 1.40846e+01 1.56273e+01
0.1200 4.02763e-23 1.25640e+01 1.40964e+01 1.56418e+01
0.1210 4.01583e-23 1.25716e+01 1.41059e+01 1.56533e+01
0.1220 4.00791e-23 1.25818e+01 1.41182e+01 1.56675e+01
0.1230 4.00259e-23 1.25943e+01 1.41330e+01 1.56846e+01
0.1240 3.98820e-23 1.26003e+01 1.41399e+01 1.56922e+01
0.1250 3.97129e-23 1.26042e+01 1.41447e+01 1.56976e+01
0.1260 3.95892e-23 1.26109e+01 1.41525e+01 1.57069e+01
0.1270 3.94783e-23 1.26183e+01 1.41614e+01 1.57170e+01
0.1280 3.93953e-23 1.26265e+01 1.41697e+01 1.57250e+01
0.1290 3.93247e-23 1.26341e+01 1.41775e+01 1.57327e+01
0.1300 3.92608e-23 1.26429e+01 1.41863e+01 1.57412e+01
0.1310 3.92189e-23 1.26538e+01 1.41981e+01 1.57539e+01
0.1320 3.92582e-23 1.26695e+01 1.42150e+01 1.57719e+01
0.1330 3.92350e-23 1.26833e+01 1.42304e+01 1.57883e+01
0.1340 3.91087e-23 1.26902e+01 1.42382e+01 1.57971e+01
0.1350 3.89793e-23 1.26972e+01 1.42459e+01 1.58052e+01
0.1360 3.88553e-23 1.27068e+01 1.42577e+01 1.58196e+01
0.1370 3.87508e-23 1.27194e+01 1.42732e+01 1.58383e+01
0.1380 3.86446e-23 1.27297e+01 1.42857e+01 1.58530e+01
0.1390 3.85579e-23 1.27411e+01 1.42995e+01 1.58695e+01
0.1400 3.84580e-23 1.27537e+01 1.43154e+01 1.58890e+01
0.1410 3.83640e-23 1.27660e+01 1.43307e+01 1.59078e+01
0.1420 3.83156e-23 1.27823e+01 1.43508e+01 1.59320e+01
0.1430 3.82475e-23 1.27947e+01 1.43655e+01 1.59491e+01
0.1440 3.81134e-23 1.28029e+01 1.43749e+01 1.59592e+01
0.1450 3.79643e-23 1.28106e+01 1.43837e+01 1.59687e+01
0.1460 3.78122e-23 1.28168e+01 1.43898e+01 1.59741e+01
0.1470 3.75793e-23 1.28164e+01 1.43878e+01 1.59697e+01
0.1480 3.73953e-23 1.28203e+01 1.43917e+01 1.59733e+01
0.1490 3.73178e-23 1.28296e+01 1.44025e+01 1.59855e+01
0.1500 3.72766e-23 1.28475e+01 1.44238e+01 1.60100e+01
0.1510 3.71061e-23 1.28520e+01 1.44281e+01 1.60136e+01
0.1520 3.69260e-23 1.28564e+01 1.44321e+01 1.60169e+01
0.1530 3.67645e-23 1.28598e+01 1.44347e+01 1.60181e+01
0.1540 3.66223e-23 1.28646e+01 1.44378e+01 1.60183e+01
0.1550 3.64497e-23 1.28673e+01 1.44386e+01 1.60166e+01
0.1560 3.63008e-23 1.28704e+01 1.44398e+01 1.60150e+01
0.1570 3.62623e-23 1.28837e+01 1.44538e+01 1.60291e+01
0.1580 3.61696e-23 1.28963e+01 1.44694e+01 1.60481e+01
0.1590 3.60079e-23 1.29020e+01 1.44764e+01 1.60563e+01
0.1600 3.58511e-23 1.29076e+01 1.44831e+01 1.60636e+01
0.1610 3.57198e-23 1.29164e+01 1.44937e+01 1.60759e+01
0.1620 3.55783e-23 1.29229e+01 1.45014e+01 1.60846e+01
0.1630 3.54393e-23 1.29312e+01 1.45118e+01 1.60971e+01
0.1640 3.53699e-23 1.29427e+01 1.45251e+01 1.61121e+01
0.1650 3.52911e-23 1.29560e+01 1.45417e+01 1.61320e+01
0.1660 3.50478e-23 1.29547e+01 1.45410e+01 1.61318e+01
0.1670 3.48938e-23 1.29597e+01 1.45487e+01 1.61425e+01
0.1680 3.49325e-23 1.29814e+01 1.45741e+01 1.61716e+01
0.1690 3.48895e-23 1.29980e+01 1.45941e+01 1.61950e+01
0.1700 3.47380e-23 1.30012e+01 1.45970e+01 1.61972e+01
0.1710 3.45483e-23 1.30026e+01 1.45977e+01 1.61966e+01
0.1720 3.43588e-23 1.30029e+01 1.45974e+01 1.61955e+01
0.1730 3.42196e-23 1.30099e+01 1.46058e+01 1.62051e+01
0.1740 3.41082e-23 1.30183e+01 1.46152e+01 1.62149e+01
0.1750 3.39915e-23 1.30260e+01 1.46226e+01 1.62216e+01
0.1760 3.38700e-23 1.30322e+01 1.46287e+01 1.62271e+01
0.1770 3.37951e-23 1.30452e+01 1.46436e+01 1.62434e+01
0.1780 3.36754e-23 1.30539e+01 1.46549e+01 1.62575e+01
0.1790 3.33925e-23 1.30484e+01 1.46492e+01 1.62517e+01
0.1800 3.32286e-23 1.30509e+01 1.46523e+01 1.62554e+01
0.1810 3.31822e-23 1.30638e+01 1.46671e+01 1.62721e+01
0.1820 3.31352e-23 1.30785e+01 1.46841e+01 1.62910e+01
0.1830 3.29981e-23 1.30821e+01 1.46883e+01 1.62959e+01
0.1840 3.29671e-23 1.30996e+01 1.47103e+01 1.63224e+01
0.1850 3.29202e-23 1.31137e+01 1.47280e+01 1.63439e+01
0.1860 3.28510e-23 1.31284e+01 1.47472e+01 1.63678e+01
0.1870 3.27523e-23 1.31399e+01 1.47627e+01 1.63878e+01
0.1880 3.26175e-23 1.31505e+01 1.47771e+01 1.64064e+01
0.1890 3.24430e-23 1.31546e+01 1.47835e+01 1.64151e+01
0.1900 3.22312e-23 1.31543e+01 1.47840e+01 1.64163e+01
0.1910 3.20076e-23 1.31521e+01 1.47813e+01 1.64128e+01
0.1920 3.18905e-23 1.31608e+01 1.47902e+01 1.64215e+01
0.1930 3.18370e-23 1.31755e+01 1.48085e+01 1.64434e+01
0.1940 3.16161e-23 1.31752e+01 1.48095e+01 1.64459e+01
0.1950 3.14835e-23 1.31804e+01 1.48165e+01 1.64548e+01
0.1960 3.15259e-23 1.32023e+01 1.48421e+01 1.64836e+01
0.1970 3.13220e-23 1.32056e+01 1.48462e+01 1.64884e+01
0.1980 3.11687e-23 1.32076e+01 1.48487e+01 1.64914e+01
0.1990 3.11428e-23 1.32247e+01 1.48688e+01 1.65141e+01
0.2000 3.08745e-23 1.32178e+01 1.48603e+01 1.65037e+01
0.2010 3.07767e-23 1.32216e+01 1.48635e+01 1.65059e+01
0.2020 3.07084e-23 1.32337e+01 1.48776e+01 1.65212e+01
0.2030 3.06004e-23 1.32399e+01 1.48841e+01 1.65279e+01
0.2040 3.04677e-23 1.32435e+01 1.48865e+01 1.65284e+01
0.2050 3.03309e-23 1.32478e+01 1.48902e+01 1.65310e+01
0.2060 3.01965e-23 1.32509e+01 1.48923e+01 1.65314e+01
0.2070 2.99325e-23 1.32432e+01 1.48823e+01 1.65183e+01
0.2080 2.97784e-23 1.32442e+01 1.48835e+01 1.65194e+01
0.2090 2.96278e-23 1.32453e+01 1.48838e+01 1.65183e+01
0.2100 2.93801e-23 1.32379e+01 1.48745e+01 1.65066e+01
0.2110 2.93521e-23 1.32496e+01 1.48870e+01 1.65192e+01
0.2120 2.91475e-23 1.32461e+01 1.48819e+01 1.65122e+01
0.2130 2.90339e-23 1.32491e+01 1.48838e+01 1.65121e+01
0.2140 2.89585e-23 1.32581e+01 1.48942e+01 1.65237e+01
0.2150 2.88819e-23 1.32674e+01 1.49053e+01 1.65365e+01
0.2160 2.87798e-23 1.32712e+01 1.49080e+01 1.65376e+01
0.2170 2.86697e-23 1.32763e+01 1.49133e+01 1.65428e+01
0.2180 2.85679e-23 1.32827e+01 1.49203e+01 1.65499e+01
0.2190 2.83776e-23 1.32810e+01 1.49181e+01 1.65469e+01
0.2200 2.82928e-23 1.32896e+01 1.49282e+01 1.65586e+01
0.2210 2.82163e-23 1.32987e+01 1.49389e+01 1.65707e+01
0.2220 2.80166e-23 1.32930e+01 1.49310e+01 1.65599e+01
0.2230 2.79450e-23 1.33017e+01 1.49412e+01 1.65712e+01
0.2240 2.78697e-23 1.33126e+01 1.49549e+01 1.65876e+01
0.2250 2.76896e-23 1.33090e+01 1.49504e+01 1.65822e+01
0.2260 2.75853e-23 1.33126e+01 1.49544e+01 1.65861e+01
0.2270 2.75202e-23 1.33231e+01 1.49663e+01 1.65992e+01
0.2280 2.74029e-23 1.33263e+01 1.49706e+01 1.66044e+01
0.2290 2.71653e-23 1.33152e+01 1.49584e+01 1.65909e+01
0.2300 2.70729e-23 1.33195e+01 1.49627e+01 1.65947e+01
0.2310 2.71087e-23 1.33390e+01 1.49859e+01 1.66214e+01
0.2320 2.70980e-23 1.33549e+01 1.50054e+01 1.66446e+01
0.2330 2.70000e-23 1.33612e+01 1.50128e+01 1.66528e+01
0.2340 2.68708e-23 1.33632e+01 1.50153e+01 1.66555e+01
0.2350 2.67261e-23 1.33671e+01 1.50204e+01 1.66615e+01
0.2360 2.66333e-23 1.33742e+01 1.50287e+01 1.66710e+01
0.2370 2.64176e-23 1.33633e+01 1.50165e+01 1.66570e+01
0.2380 2.63108e-23 1.33613e+01 1.50147e+01 1.66560e+01
0.2390 2.62182e-23 1.33738e+01 1.50286e+01 1.66719e+01
0.2400 2.61750e-23 1.33805e+01 1.50360e+01 1.66804e+01
0.2410 2.59822e-23 1.33688e+01 1.50212e+01 1.66633e+01
0.2420 2.59754e-23 1.33822e+01 1.50359e+01 1.66801e+01
0.2430 2.59036e-23 1.33861e+01 1.50390e+01 1.66832e+01
0.2440 2.57761e-23 1.33795e+01 1.50297e+01 1.66721e+01
0.2450 2.56472e-23 1.33767e+01 1.50242e+01 1.66642e+01
0.2460 2.54799e-23 1.33689e+01 1.50116e+01 1.66475e+01
0.2470 2.53872e-23 1.33724e+01 1.50121e+01 1.66449e+01
0.2480 2.52613e-23 1.33666e+01 1.50003e+01 1.66269e+01
0.2490 2.51952e-23 1.33613e+01 1.49895e+01 1.66115e+01
0.2500 2.50506e-23 1.33554e+01 1.49793e+01 1.65969e+01
0.2510 2.49430e-23 1.33585e+01 1.49809e+01 1.65969e+01
0.2520 2.48627e-23 1.33652e+01 1.49854e+01 1.65986e+01
0.2530 2.47802e-23 1.33645e+01 1.49821e+01 1.65927e+01
0.2540 2.46184e-23 1.33670e+01 1.49828e+01 1.65911e+01
0.2550 2.45080e-23 1.33656e+01 1.49780e+01 1.65819e+01
0.2560 2.44223e-23 1.33666e+01 1.49760e+01 1.65763e+01
0.2570 2.42884e-23 1.33674e+01 1.49768e+01 1.65773e+01
0.2580 2.42087e-23 1.33696e+01 1.49767e+01 1.65736e+01
0.2590 2.40786e-23 1.33616e+01 1.49652e+01 1.65578e+01
0.2600 2.39902e-23 1.33636e+01 1.49641e+01 1.65527e+01
0.2610 2.38836e-23 1.33641e+01 1.49631e+01 1.65496e+01
0.2620 2.38097e-23 1.33622e+01 1.49587e+01 1.65425e+01
0.2630 2.36892e-23 1.33613e+01 1.49558e+01 1.65370e+01
0.2640 2.36864e-23 1.33763e+01 1.49729e+01 1.65560e+01
0.2650 2.35597e-23 1.33743e+01 1.49713e+01 1.65551e+01
0.2660 2.34739e-23 1.33776e+01 1.49756e+01 1.65601e+01
0.2670 2.33467e-23 1.33762e+01 1.49738e+01 1.65580e+01
0.2680 2.32541e-23 1.33814e+01 1.49803e+01 1.65657e+01
0.2690 2.31280e-23 1.33806e+01 1.49783e+01 1.65623e+01
0.2700 2.30565e-23 1.33849e+01 1.49837e+01 1.65689e+01
0.2710 2.28877e-23 1.33761e+01 1.49718e+01 1.65534e+01
0.2720 2.28677e-23 1.33886e+01 1.49859e+01 1.65685e+01
0.2730 2.27520e-23 1.33840e+01 1.49799e+01 1.65608e+01
0.2740 2.26500e-23 1.33843e+01 1.49806e+01 1.65616e+01
0.2750 2.25259e-23 1.33834e+01 1.49783e+01 1.65575e+01
0.2760 2.24526e-23 1.33867e+01 1.49818e+01 1.65609e+01
0.2770 2.23353e-23 1.33847e+01 1.49777e+01 1.65543e+01
0.2780 2.22758e-23 1.33903e+01 1.49838e+01 1.65608e+01
0.2790 2.21545e-23 1.33869e+01 1.49803e+01 1.65571e+01
0.2800 2.20655e-23 1.33839e+01 1.49743e+01 1.65475e+01
0.2810 2.19473e-23 1.33774e+01 1.49651e+01 1.65347e+01
0.2820 2.19221e-23 1.33882e+01 1.49772e+01 1.65481e+01
0.2830 2.17900e-23 1.33832e+01 1.49714e+01 1.65411e+01
0.2840 2.17326e-23 1.33873e+01 1.49765e+01 1.65468e+01
0.2850 2.16594e-23 1.33882e+01 1.49762e+01 1.65451e+01
0.2860 2.15822e-23 1.33873e+01 1.49737e+01 1.65407e+01
0.2870 2.15047e-23 1.33882e+01 1.49735e+01 1.65386e+01
0.2880 2.13724e-23 1.33794e+01 1.49609e+01 1.65219e+01
0.2890 2.12725e-23 1.33787e+01 1.49596e+01 1.65198e+01
0.2900 2.12084e-23 1.33825e+01 1.49639e+01 1.65243e+01
0.2910 2.11144e-23 1.33813e+01 1.49633e+01 1.65248e+01
0.2920 2.09991e-23 1.33772e+01 1.49586e+01 1.65194e+01
0.2930 2.09208e-23 1.33775e+01 1.49600e+01 1.65225e+01
0.2940 2.08394e-23 1.33767e+01 1.49588e+01 1.65210e+01
0.2950 2.07760e-23 1.33774e+01 1.49573e+01 1.65165e+01
0.2960 2.06408e-23 1.33692e+01 1.49469e+01 1.65036e+01
0.2970 2.05869e-23 1.33751e+01 1.49515e+01 1.65061e+01
0.2980 2.05255e-23 1.33779e+01 1.49528e+01 1.65061e+01
0.2990 2.04600e-23 1.33781e+01 1.49530e+01 1.65060e+01
0.3000 2.03516e-23 1.33745e+01 1.49504e+01 1.65044e+01
0.3010 2.02905e-23 1.33793e+01 1.49571e+01 1.65136e+01
0.3020 2.02014e-23 1.33807e+01 1.49577e+01 1.65127e+01
0.3030 2.01194e-23 1.33789e+01 1.49537e+01 1.65060e+01
0.3040 2.00355e-23 1.33773e+01 1.49500e+01 1.64996e+01
0.3050 1.99498e-23 1.33748e+01 1.49467e+01 1.64956e+01
0.3060 1.98632e-23 1.33716e+01 1.49404e+01 1.64855e+01
0.3070 1.98231e-23 1.33768e+01 1.49453e+01 1.64898e+01
0.3080 1.97460e-23 1.33750e+01 1.49426e+01 1.64862e+01
0.3090 1.96755e-23 1.33737e+01 1.49399e+01 1.64820e+01
0.3100 1.96301e-23 1.33732e+01 1.49383e+01 1.64786e+01
0.3110 1.95430e-23 1.33702e+01 1.49335e+01 1.64721e+01
0.3120 1.94599e-23 1.33690e+01 1.49310e+01 1.64684e+01
0.3130 1.93849e-23 1.33717e+01 1.49341e+01 1.64716e+01
0.3140 1.92793e-23 1.33665e+01 1.49270e+01 1.64623e+01
0.3150 1.92122e-23 1.33679e+01 1.49269e+01 1.64603e+01
0.3160 1.91553e-23 1.33697e+01 1.49273e+01 1.64586e+01
0.3170 1.90743e-23 1.33658e+01 1.49206e+01 1.64481e+01
0.3180 1.89990e-23 1.33617e+01 1.49136e+01 1.64375e+01
0.3190 1.89181e-23 1.33581e+01 1.49081e+01 1.64299e+01
0.3200 1.88696e-23 1.33594e+01 1.49072e+01 1.64261e+01
0.3210 1.88051e-23 1.33574e+01 1.49037e+01 1.64207e+01
0.3220 1.87259e-23 1.33530e+01 1.48968e+01 1.64107e+01
0.3230 1.86891e-23 1.33580e+01 1.49007e+01 1.64130e+01
0.3240 1.86155e-23 1.33574e+01 1.48973e+01 1.64064e+01
0.3250 1.85575e-23 1.33586e+01 1.48964e+01 1.64031e+01
0.3260 1.84944e-23 1.33600e+01 1.48968e+01 1.64021e+01
0.3270 1.84429e-23 1.33682e+01 1.49053e+01 1.64106e+01
0.3280 1.83870e-23 1.33707e+01 1.49070e+01 1.64110e+01
0.3290 1.83019e-23 1.33663e+01 1.49020e+01 1.64051e+01
0.3300 1.82675e-23 1.33718e+01 1.49078e+01 1.64115e+01
0.3310 1.81849e-23 1.33686e+01 1.49034e+01 1.64059e+01
0.3320 1.81315e-23 1.33664e+01 1.49006e+01 1.64029e+01
0.3330 1.80614e-23 1.33631e+01 1.48960e+01 1.63964e+01
0.3340 1.79978e-23 1.33608e+01 1.48924e+01 1.63909e+01
0.3350 1.79471e-23 1.33603e+01 1.48915e+01 1.63895e+01
0.3360 1.79002e-23 1.33609e+01 1.48915e+01 1.63888e+01
0.3370 1.78597e-23 1.33638e+01 1.48937e+01 1.63901e+01
0.3380 1.78026e-23 1.33620e+01 1.48905e+01 1.63852e+01
0.3390 1.77512e-23 1.33603e+01 1.48873e+01 1.63798e+01
0.3400 1.77056e-23 1.33611e+01 1.48868e+01 1.63773e+01
0.3410 1.76711e-23 1.33628e+01 1.48873e+01 1.63764e+01
0.3420 1.76299e-23 1.33624e+01 1.48849e+01 1.63715e+01
0.3430 1.75936e-23 1.33633e+01 1.48844e+01 1.63693e+01
0.3440 1.75606e-23 1.33653e+01 1.48862e+01 1.63711e+01
0.3450 1.75259e-23 1.33686e+01 1.48894e+01 1.63742e+01
0.3460 1.74856e-23 1.33703e+01 1.48908e+01 1.63750e+01
0.3470 1.74381e-23 1.33740e+01 1.48936e+01 1.63764e+01
0.3480 1.73836e-23 1.33754e+01 1.48946e+01 1.63770e+01
0.3490 1.73286e-23 1.33775e+01 1.48956e+01 1.63764e+01
0.3500 1.72734e-23 1.33784e+01 1.48956e+01 1.63755e+01
0.3510 1.72205e-23 1.33797e+01 1.48965e+01 1.63757e+01
0.3520 1.71827e-23 1.33813e+01 1.48982e+01 1.63773e+01
0.3530 1.71403e-23 1.33823e+01 1.48985e+01 1.63770e+01
0.3540 1.71011e-23 1.33834e+01 1.48987e+01 1.63762e+01
0.3550 1.70624e-23 1.33844e+01 1.48993e+01 1.63761e+01
0.3560 1.70310e-23 1.33849e+01 1.48996e+01 1.63762e+01
0.3570 1.70044e-23 1.33866e+01 1.49013e+01 1.63777e+01
0.3580 1.69634e-23 1.33871e+01 1.49019e+01 1.63780e+01
0.3590 1.69324e-23 1.33908e+01 1.49057e+01 1.63819e+01
0.3600 1.68992e-23 1.33953e+01 1.49107e+01 1.63872e+01
0.3610 1.68640e-23 1.33994e+01 1.49153e+01 1.63923e+01
0.3620 1.68256e-23 1.34013e+01 1.49169e+01 1.63935e+01
0.3630 1.67903e-23 1.34040e+01 1.49191e+01 1.63951e+01
0.3640 1.67505e-23 1.34061e+01 1.49209e+01 1.63964e+01
0.3650 1.67178e-23 1.34091e+01 1.49237e+01 1.63989e+01
0.3660 1.66820e-23 1.34105e+01 1.49251e+01 1.64000e+01
0.3670 1.66571e-23 1.34141e+01 1.49291e+01 1.64045e+01
0.3680 1.66281e-23 1.34159e+01 1.49303e+01 1.64046e+01
0.3690 1.66063e-23 1.34184e+01 1.49318e+01 1.64050e+01
0.3700 1.65782e-23 1.34198e+01 1.49321e+01 1.64042e+01
0.3710 1.65488e-23 1.34229e+01 1.49349e+01 1.64064e+01
0.3720 1.65155e-23 1.34246e+01 1.49359e+01 1.64066e+01
0.3730 1.64828e-23 1.34254e+01 1.49362e+01 1.64065e+01
0.3740 1.64436e-23 1.34276e+01 1.49381e+01 1.64075e+01
0.3750 1.64092e-23 1.34297e+01 1.49394e+01 1.64079e+01
0.3760 1.63731e-23 1.34303e+01 1.49400e+01 1.64086e+01
0.3770 1.63369e-23 1.34298e+01 1.49392e+01 1.64076e+01
0.3780 1.62996e-23 1.34284e+01 1.49372e+01 1.64048e+01
0.3790 1.62718e-23 1.34312e+01 1.49404e+01 1.64084e+01
0.3800 1.62413e-23 1.34339e+01 1.49430e+01 1.64106e+01
0.3810 1.62179e-23 1.34359e+01 1.49455e+01 1.64138e+01
0.3820 1.61951e-23 1.34391e+01 1.49488e+01 1.64169e+01
0.3830 1.61724e-23 1.34419e+01 1.49516e+01 1.64194e+01
0.3840 1.61460e-23 1.34435e+01 1.49525e+01 1.64193e+01
0.3850 1.61138e-23 1.34456e+01 1.49547e+01 1.64215e+01
0.3860 1.60826e-23 1.34493e+01 1.49592e+01 1.64269e+01
0.3870 1.60478e-23 1.34515e+01 1.49625e+01 1.64316e+01
0.3880 1.60130e-23 1.34525e+01 1.49641e+01 1.64339e+01
0.3890 1.59799e-23 1.34545e+01 1.49668e+01 1.64370e+01
0.3900 1.59577e-23 1.34559e+01 1.49686e+01 1.64389e+01
0.3910 1.59297e-23 1.34564e+01 1.49692e+01 1.64395e+01
0.3920 1.59005e-23 1.34586e+01 1.49718e+01 1.64425e+01
0.3930 1.58771e-23 1.34629e+01 1.49764e+01 1.64473e+01
0.3940 1.58528e-23 1.34653e+01 1.49795e+01 1.64514e+01
0.3950 1.58235e-23 1.34667e+01 1.49810e+01 1.64529e+01
0.3960 1.57923e-23 1.34684e+01 1.49825e+01 1.64542e+01
0.3970 1.57742e-23 1.34702e+01 1.49849e+01 1.64573e+01
0.3980 1.57533e-23 1.34733e+01 1.49887e+01 1.64619e+01
0.3990 1.57243e-23 1.34755e+01 1.49911e+01 1.64641e+01
0.4000 1.56970e-23 1.34768e+01 1.49915e+01 1.64633e+01
0.4010 1.56716e-23 1.34796e+01 1.49940e+01 1.64653e+01
0.4020 1.56470e-23 1.34819e+01 1.49969e+01 1.64685e+01
0.4030 1.56196e-23 1.34835e+01 1.49988e+01 1.64706e+01
0.4040 1.55987e-23 1.34861e+01 1.50025e+01 1.64757e+01
0.4050 1.55804e-23 1.34873e+01 1.50038e+01 1.64773e+01
0.4060 1.55609e-23 1.34887e+01 1.50057e+01 1.64798e+01
0.4070 1.55322e-23 1.34911e+01 1.50085e+01 1.64832e+01
0.4080 1.55018e-23 1.34938e+01 1.50115e+01 1.64863e+01
0.4090 1.54737e-23 1.34961e+01 1.50151e+01 1.64913e+01
0.4100 1.54458e-23 1.34992e+01 1.50189e+01 1.64959e+01
0.4110 1.54216e-23 1.35014e+01 1.50220e+01 1.64999e+01
0.4120 1.54070e-23 1.35052e+01 1.50270e+01 1.65061e+01
0.4130 1.53759e-23 1.35073e+01 1.50297e+01 1.65094e+01
0.4140 1.53508e-23 1.35087e+01 1.50321e+01 1.65125e+01
0.4150 1.53264e-23 1.35097e+01 1.50335e+01 1.65143e+01
0.4160 1.53121e-23 1.35089e+01 1.50329e+01 1.65138e+01
0.4170 1.52976e-23 1.35113e+01 1.50359e+01 1.65175e+01
0.4180 1.52752e-23 1.35127e+01 1.50374e+01 1.65190e+01
0.4190 1.52537e-23 1.35161e+01 1.50413e+01 1.65229e+01
0.4200 1.52329e-23 1.35184e+01 1.50431e+01 1.65241e+01
0.4210 1.52043e-23 1.35188e+01 1.50434e+01 1.65237e+01
0.4220 1.51870e-23 1.35198e+01 1.50444e+01 1.65246e+01
0.4230 1.51674e-23 1.35220e+01 1.50463e+01 1.65263e+01
0.4240 1.51437e-23 1.35243e+01 1.50484e+01 1.65281e+01
0.4250 1.51149e-23 1.35264e+01 1.50512e+01 1.65317e+01
0.4260 1.50907e-23 1.35293e+01 1.50555e+01 1.65376e+01
0.4270 1.50764e-23 1.35330e+01 1.50607e+01 1.65442e+01
0.4280 1.50601e-23 1.35357e+01 1.50640e+01 1.65486e+01
0.4290 1.50349e-23 1.35366e+01 1.50653e+01 1.65502e+01
0.4300 1.50183e-23 1.35398e+01 1.50695e+01 1.65552e+01
0.4310 1.50053e-23 1.35406e+01 1.50705e+01 1.65561e+01
0.4320 1.49842e-23 1.35429e+01 1.50737e+01 1.65601e+01
0.4330 1.49701e-23 1.35471e+01 1.50786e+01 1.65657e+01
0.4340 1.49495e-23 1.35505e+01 1.50826e+01 1.65697e+01
0.4350 1.49300e-23 1.35521e+01 1.50844e+01 1.65716e+01
0.4360 1.49116e-23 1.35525e+01 1.50847e+01 1.65719e+01
0.4370 1.48917e-23 1.35549e+01 1.50873e+01 1.65746e+01
0.4380 1.48651e-23 1.35569e+01 1.50891e+01 1.65760e+01
0.4390 1.48342e-23 1.35588e+01 1.50907e+01 1.65774e+01
0.4400 1.47959e-23 1.35599e+01 1.50926e+01 1.65800e+01
0.4410 1.47556e-23 1.35610e+01 1.50939e+01 1.65815e+01
0.4420 1.47283e-23 1.35629e+01 1.50959e+01 1.65838e+01
0.4430 1.46981e-23 1.35635e+01 1.50970e+01 1.65853e+01
0.4440 1.46753e-23 1.35646e+01 1.50982e+01 1.65860e+01
0.4450 1.46546e-23 1.35665e+01 1.51001e+01 1.65879e+01
0.4460 1.46374e-23 1.35699e+01 1.51038e+01 1.65919e+01
0.4470 1.46203e-23 1.35732e+01 1.51080e+01 1.65969e+01
0.4480 1.46011e-23 1.35763e+01 1.51118e+01 1.66014e+01
0.4490 1.45804e-23 1.35782e+01 1.51146e+01 1.66053e+01
0.4500 1.45672e-23 1.35817e+01 1.51190e+01 1.66110e+01
0.4510 1.45541e-23 1.35851e+01 1.51239e+01 1.66176e+01
0.4520 1.45405e-23 1.35871e+01 1.51272e+01 1.66221e+01
0.4530 1.45289e-23 1.35895e+01 1.51301e+01 1.66256e+01
0.4540 1.45115e-23 1.35915e+01 1.51324e+01 1.66279e+01
0.4550 1.44949e-23 1.35959e+01 1.51377e+01 1.66340e+01
0.4560 1.44827e-23 1.36011e+01 1.51430e+01 1.66397e+01
0.4570 1.44701e-23 1.36047e+01 1.51480e+01 1.66459e+01
0.4580 1.44625e-23 1.36055e+01 1.51496e+01 1.66481e+01
0.4590 1.44512e-23 1.36069e+01 1.51518e+01 1.66511e+01
0.4600 1.44455e-23 1.36116e+01 1.51573e+01 1.66578e+01
0.4610 1.44381e-23 1.36167e+01 1.51646e+01 1.66677e+01
0.4620 1.44280e-23 1.36243e+01 1.51750e+01 1.66813e+01
0.4630 1.44192e-23 1.36305e+01 1.51843e+01 1.66943e+01
0.4640 1.44049e-23 1.36377e+01 1.51950e+01 1.67096e+01
0.4650 1.43895e-23 1.36460e+01 1.52081e+01 1.67285e+01
0.4660 1.43739e-23 1.36552e+01 1.52213e+01 1.67457e+01
0.4670 1.43496e-23 1.36578e+01 1.52265e+01 1.67540e+01
0.4680 1.43269e-23 1.36592e+01 1.52295e+01 1.67589e+01
0.4690 1.43041e-23 1.36608e+01 1.52327e+01 1.67644e+01
0.4700 1.42936e-23 1.36670e+01 1.52417e+01 1.67761e+01
0.4710 1.42783e-23 1.36728e+01 1.52493e+01 1.67853e+01
0.4720 1.42677e-23 1.36792e+01 1.52572e+01 1.67949e+01
0.4730 1.42586e-23 1.36838e+01 1.52657e+01 1.68074e+01
0.4740 1.42501e-23 1.36908e+01 1.52756e+01 1.68207e+01
0.4750 1.42176e-23 1.36908e+01 1.52770e+01 1.68233e+01
0.4760 1.41936e-23 1.36963e+01 1.52827e+01 1.68284e+01
0.4770 1.41724e-23 1.36996e+01 1.52869e+01 1.68336e+01
0.4780 1.41395e-23 1.36989e+01 1.52877e+01 1.68359e+01
0.4790 1.41129e-23 1.36973e+01 1.52868e+01 1.68357e+01
0.4800 1.40969e-23 1.36974e+01 1.52879e+01 1.68381e+01
0.4810 1.40761e-23 1.37033e+01 1.52947e+01 1.68461e+01
0.4820 1.40540e-23 1.37053e+01 1.52975e+01 1.68493e+01
0.4830 1.40277e-23 1.37062e+01 1.52976e+01 1.68478e+01
0.4840 1.40004e-23 1.37039e+01 1.52944e+01 1.68434e+01
0.4850 1.39771e-23 1.37015e+01 1.52929e+01 1.68426e+01
0.4860 1.39565e-23 1.36996e+01 1.52908e+01 1.68398e+01
0.4870 1.39460e-23 1.37014e+01 1.52921e+01 1.68401e+01
0.4880 1.39392e-23 1.37025e+01 1.52919e+01 1.68381e+01
0.4890 1.39149e-23 1.37002e+01 1.52879e+01 1.68320e+01
0.4900 1.38971e-23 1.36978e+01 1.52836e+01 1.68255e+01
0.4910 1.38790e-23 1.36989e+01 1.52840e+01 1.68250e+01
0.4920 1.38640e-23 1.37001e+01 1.52836e+01 1.68226e+01
0.4930 1.38382e-23 1.37005e+01 1.52831e+01 1.68209e+01
0.4940 1.38145e-23 1.37008e+01 1.52821e+01 1.68184e+01
0.4950 1.37955e-23 1.36984e+01 1.52788e+01 1.68140e+01
0.4960 1.37790e-23 1.36968e+01 1.52757e+01 1.68092e+01
0.4970 1.37633e-23 1.36943e+01 1.52721e+01 1.68043e+01
0.4980 1.37481e-23 1.36929e+01 1.52690e+01 1.67993e+01
0.4990 1.37330e-23 1.36940e+01 1.52695e+01 1.67991e+01
0.5000 1.37252e-23 1.36949e+01 1.52704e+01 1.67999e+01
0.5010 1.37162e-23 1.36977e+01 1.52727e+01 1.68017e+01
0.5020 1.37011e-23 1.36980e+01 1.52716e+01 1.67991e+01
0.5030 1.36904e-23 1.36992e+01 1.52723e+01 1.67991e+01
0.5040 1.36787e-23 1.37003e+01 1.52727e+01 1.67990e+01
0.5050 1.36623e-23 1.37038e+01 1.52759e+01 1.68011e+01
0.5060 1.36452e-23 1.37042e+01 1.52758e+01 1.68004e+01
0.5070 1.36200e-23 1.37063e+01 1.52783e+01 1.68033e+01
0.5080 1.35906e-23 1.37090e+01 1.52814e+01 1.68066e+01
0.5090 1.35616e-23 1.37109e+01 1.52826e+01 1.68073e+01
0.5100 1.35297e-23 1.37106e+01 1.52822e+01 1.68070e+01
0.5110 1.35017e-23 1.37105e+01 1.52823e+01 1.68071e+01
0.5120 1.34884e-23 1.37110e+01 1.52817e+01 1.68051e+01
0.5130 1.34696e-23 1.37102e+01 1.52795e+01 1.68011e+01
0.5140 1.34553e-23 1.37092e+01 1.52763e+01 1.67952e+01
0.5150 1.34355e-23 1.37073e+01 1.52727e+01 1.67893e+01
0.5160 1.34164e-23 1.37055e+01 1.52693e+01 1.67842e+01
0.5170 1.33978e-23 1.37052e+01 1.52668e+01 1.67791e+01
0.5180 1.33814e-23 1.37043e+01 1.52636e+01 1.67732e+01
0.5190 1.33575e-23 1.37045e+01 1.52620e+01 1.67697e+01
0.5200 1.33303e-23 1.37059e+01 1.52614e+01 1.67667e+01
0.5210 1.33039e-23 1.37037e+01 1.52576e+01 1.67613e+01
0.5220 1.32880e-23 1.37024e+01 1.52549e+01 1.67569e+01
0.5230 1.32807e-23 1.36994e+01 1.52502e+01 1.67502e+01
0.5240 1.32778e-23 1.36988e+01 1.52479e+01 1.67461e+01
0.5250 1.32744e-23 1.36989e+01 1.52468e+01 1.67435e+01
0.5260 1.32710e-23 1.37006e+01 1.52470e+01 1.67419e+01
0.5270 1.32644e-23 1.37036e+01 1.52485e+01 1.67417e+01
0.5280 1.32508e-23 1.37052e+01 1.52493e+01 1.67415e+01
0.5290 1.32314e-23 1.37079e+01 1.52507e+01 1.67418e+01
0.5300 1.32065e-23 1.37087e+01 1.52506e+01 1.67407e+01
0.5310 1.31784e-23 1.37094e+01 1.52506e+01 1.67398e+01
0.5320 1.31532e-23 1.37092e+01 1.52495e+01 1.67376e+01
0.5330 1.31348e-23 1.37063e+01 1.52458e+01 1.67330e+01
0.5340 1.31218e-23 1.37063e+01 1.52452e+01 1.67318e+01
0.5350 1.31195e-23 1.37069e+01 1.52453e+01 1.67313e+01
0.5360 1.31150e-23 1.37089e+01 1.52468e+01 1.67323e+01
0.5370 1.31071e-23 1.37102e+01 1.52476e+01 1.67326e+01
0.5380 1.30968e-23 1.37122e+01 1.52490e+01 1.67334e+01
0.5390 1.30889e-23 1.37117e+01 1.52480e+01 1.67318e+01
0.5400 1.30785e-23 1.37131e+01 1.52492e+01 1.67327e+01
0.5410 1.30753e-23 1.37141e+01 1.52503e+01 1.67340e+01
0.5420 1.30715e-23 1.37175e+01 1.52543e+01 1.67386e+01
0.5430 1.30685e-23 1.37208e+01 1.52588e+01 1.67444e+01
0.5440 1.30678e-23 1.37232e+01 1.52622e+01 1.67488e+01
0.5450 1.30620e-23 1.37251e+01 1.52651e+01 1.67528e+01
0.5460 1.30521e-23 1.37264e+01 1.52671e+01 1.67554e+01
0.5470 1.30391e-23 1.37295e+01 1.52701e+01 1.67585e+01
0.5480 1.30235e-23 1.37295e+01 1.52702e+01 1.67587e+01
0.5490 1.30031e-23 1.37322e+01 1.52730e+01 1.67615e+01
0.5500 1.29784e-23 1.37347e+01 1.52747e+01 1.67623e+01
0.5510 1.29487e-23 1.37347e+01 1.52753e+01 1.67636e+01
0.5520 1.29230e-23 1.37343e+01 1.52749e+01 1.67632e+01
0.5530 1.28996e-23 1.37350e+01 1.52751e+01 1.67628e+01
0.5540 1.28804e-23 1.37354e+01 1.52756e+01 1.67633e+01
0.5550 1.28671e-23 1.37359e+01 1.52761e+01 1.67637e+01
0.5560 1.28574e-23 1.37370e+01 1.52770e+01 1.67641e+01
0.5570 1.28455e-23 1.37380e+01 1.52778e+01 1.67647e+01
0.5580 1.28344e-23 1.37386e+01 1.52778e+01 1.67641e+01
0.5590 1.28190e-23 1.37393e+01 1.52783e+01 1.67643e+01
0.5600 1.28065e-23 1.37423e+01 1.52813e+01 1.67670e+01
0.5610 1.27936e-23 1.37441e+01 1.52825e+01 1.67676e+01
0.5620 1.27771e-23 1.37458e+01 1.52838e+01 1.67683e+01
0.5630 1.27587e-23 1.37452e+01 1.52830e+01 1.67673e+01
0.5640 1.27444e-23 1.37464e+01 1.52840e+01 1.67680e+01
0.5650 1.27274e-23 1.37480e+01 1.52858e+01 1.67700e+01
0.5660 1.27093e-23 1.37484e+01 1.52863e+01 1.67708e+01
0.5670 1.26927e-23 1.37516e+01 1.52898e+01 1.67745e+01
0.5680 1.26776e-23 1.37559e+01 1.52942e+01 1.67794e+01
0.5690 1.26597e-23 1.37590e+01 1.52982e+01 1.67843e+01
0.5700 1.26425e-23 1.37601e+01 1.53004e+01 1.67879e+01
0.5710 1.26286e-23 1.37623e+01 1.53043e+01 1.67939e+01
0.5720 1.26131e-23 1.37635e+01 1.53076e+01 1.67995e+01
0.5730 1.25929e-23 1.37662e+01 1.53117e+01 1.68052e+01
0.5740 1.25734e-23 1.37662e+01 1.53117e+01 1.68054e+01
0.5750 1.25553e-23 1.37685e+01 1.53156e+01 1.68108e+01
0.5760 1.25398e-23 1.37694e+01 1.53186e+01 1.68163e+01
0.5770 1.25271e-23 1.37713e+01 1.53226e+01 1.68224e+01
0.5780 1.25207e-23 1.37776e+01 1.53306e+01 1.68324e+01
0.5790 1.25156e-23 1.37822e+01 1.53374e+01 1.68420e+01
0.5800 1.24993e-23 1.37838e+01 1.53407e+01 1.68472e+01
0.5810 1.24761e-23 1.37826e+01 1.53397e+01 1.68464e+01
0.5820 1.24468e-23 1.37808e+01 1.53368e+01 1.68419e+01
0.5830 1.24244e-23 1.37815e+01 1.53367e+01 1.68411e+01
0.5840 1.24071e-23 1.37803e+01 1.53351e+01 1.68387e+01
0.5850 1.23955e-23 1.37783e+01 1.53321e+01 1.68344e+01
0.5860 1.23833e-23 1.37763e+01 1.53296e+01 1.68312e+01
0.5870 1.23717e-23 1.37771e+01 1.53291e+01 1.68293e+01
0.5880 1.23550e-23 1.37764e+01 1.53272e+01 1.68262e+01
0.5890 1.23408e-23 1.37748e+01 1.53243e+01 1.68217e+01
0.5900 1.23266e-23 1.37745e+01 1.53227e+01 1.68186e+01
0.5910 1.23146e-23 1.37730e+01 1.53198e+01 1.68142e+01
0.5920 1.23023e-23 1.37737e+01 1.53191e+01 1.68120e+01
0.5930 1.22891e-23 1.37734e+01 1.53180e+01 1.68099e+01
0.5940 1.22738e-23 1.37730e+01 1.53161e+01 1.68063e+01
0.5950 1.22593e-23 1.37719e+01 1.53130e+01 1.68011e+01
0.5960 1.22464e-23 1.37703e+01 1.53093e+01 1.67952e+01
0.5970 1.22396e-23 1.37703e+01 1.53074e+01 1.67911e+01
0.5980 1.22307e-23 1.37706e+01 1.53056e+01 1.67870e+01
0.5990 1.22134e-23 1.37724e+01 1.53058e+01 1.67854e+01
0.6000 1.21913e-23 1.37733e+01 1.53055e+01 1.67837e+01
0.6010 1.21736e-23 1.37720e+01 1.53029e+01 1.67796e+01
0.6020 1.21600e-23 1.37718e+01 1.53010e+01 1.67760e+01
0.6030 1.21472e-23 1.37705e+01 1.52983e+01 1.67718e+01
0.6040 1.21347e-23 1.37686e+01 1.52949e+01 1.67667e+01
0.6050 1.21186e-23 1.37674e+01 1.52925e+01 1.67632e+01
0.6060 1.20998e-23 1.37675e+01 1.52915e+01 1.67610e+01
0.6070 1.20793e-23 1.37668e+01 1.52905e+01 1.67593e+01
0.6080 1.20659e-23 1.37655e+01 1.52882e+01 1.67561e+01
0.6090 1.20580e-23 1.37645e+01 1.52861e+01 1.67527e+01
0.6100 1.20462e-23 1.37635e+01 1.52841e+01 1.67498e+01
0.6110 1.20332e-23 1.37636e+01 1.52835e+01 1.67483e+01
0.6120 1.20178e-23 1.37640e+01 1.52827e+01 1.67464e+01
0.6130 1.19966e-23 1.37643e+01 1.52820e+01 1.67447e+01
0.6140 1.19708e-23 1.37637e+01 1.52804e+01 1.67417e+01
0.6150 1.19455e-23 1.37624e+01 1.52781e+01 1.67385e+01
0.6160 1.19268e-23 1.37608e+01 1.52761e+01 1.67359e+01
0.6170 1.19157e-23 1.37611e+01 1.52758e+01 1.67350e+01
0.6180 1.19040e-23 1.37624e+01 1.52765e+01 1.67350e+01
0.6190 1.18879e-23 1.37622e+01 1.52757e+01 1.67336e+01
0.6200 1.18741e-23 1.37608e+01 1.52736e+01 1.67308e+01
0.6210 1.18629e-23 1.37601e+01 1.52720e+01 1.67283e+01
0.6220 1.18514e-23 1.37598e+01 1.52707e+01 1.67259e+01
0.6230 1.18393e-23 1.37601e+01 1.52700e+01 1.67243e+01
0.6240 1.18270e-23 1.37600e+01 1.52688e+01 1.67220e+01
0.6250 1.18129e-23 1.37605e+01 1.52687e+01 1.67211e+01
0.6260 1.17968e-23 1.37615e+01 1.52690e+01 1.67207e+01
0.6270 1.17798e-23 1.37610e+01 1.52683e+01 1.67197e+01
0.6280 1.17681e-23 1.37612e+01 1.52681e+01 1.67190e+01
0.6290 1.17587e-23 1.37618e+01 1.52684e+01 1.67190e+01
0.6300 1.17508e-23 1.37624e+01 1.52685e+01 1.67187e+01
0.6310 1.17438e-23 1.37629e+01 1.52685e+01 1.67182e+01
0.6320 1.17378e-23 1.37631e+01 1.52686e+01 1.67182e+01
0.6330 1.17321e-23 1.37641e+01 1.52696e+01 1.67191e+01
0.6340 1.17251e-23 1.37650e+01 1.52705e+01 1.67201e+01
0.6350 1.17142e-23 1.37676e+01 1.52727e+01 1.67221e+01
0.6360 1.16936e-23 1.37696e+01 1.52749e+01 1.67243e+01
0.6370 1.16711e-23 1.37694e+01 1.52745e+01 1.67238e+01
0.6380 1.16570e-23 1.37675e+01 1.52725e+01 1.67215e+01
0.6390 1.16541e-23 1.37678e+01 1.52726e+01 1.67216e+01
0.6400 1.16574e-23 1.37688e+01 1.52734e+01 1.67223e+01
0.6410 1.16586e-23 1.37709e+01 1.52755e+01 1.67243e+01
0.6420 1.16503e-23 1.37738e+01 1.52782e+01 1.67270e+01
0.6430 1.16334e-23 1.37759e+01 1.52809e+01 1.67302e+01
0.6440 1.16146e-23 1.37772e+01 1.52826e+01 1.67322e+01
0.6450 1.15944e-23 1.37795e+01 1.52852e+01 1.67353e+01
0.6460 1.15725e-23 1.37800e+01 1.52862e+01 1.67367e+01
0.6470 1.15578e-23 1.37801e+01 1.52865e+01 1.67375e+01
0.6480 1.15466e-23 1.37816e+01 1.52885e+01 1.67400e+01
0.6490 1.15329e-23 1.37841e+01 1.52918e+01 1.67443e+01
0.6500 1.15181e-23 1.37854e+01 1.52939e+01 1.67472e+01
0.6510 1.15075e-23 1.37872e+01 1.52965e+01 1.67507e+01
0.6520 1.14903e-23 1.37894e+01 1.52996e+01 1.67547e+01
0.6530 1.14703e-23 1.37904e+01 1.53011e+01 1.67567e+01
0.6540 1.14506e-23 1.37913e+01 1.53028e+01 1.67593e+01
0.6550 1.14331e-23 1.37921e+01 1.53043e+01 1.67615e+01
0.6560 1.14207e-23 1.37928e+01 1.53055e+01 1.67633e+01
0.6570 1.14131e-23 1.37955e+01 1.53089e+01 1.67675e+01
0.6580 1.14037e-23 1.37983e+01 1.53125e+01 1.67720e+01
0.6590 1.13889e-23 1.38019e+01 1.53174e+01 1.67782e+01
0.6600 1.13709e-23 1.38049e+01 1.53216e+01 1.67838e+01
0.6610 1.13518e-23 1.38066e+01 1.53247e+01 1.67881e+01
0.6620 1.13390e-23 1.38074e+01 1.53264e+01 1.67907e+01
0.6630 1.13316e-23 1.38078e+01 1.53279e+01 1.67933e+01
0.6640 1.13292e-23 1.38077e+01 1.53293e+01 1.67966e+01
0.6650 1.13326e-23 1.38111e+01 1.53343e+01 1.68034e+01
0.6660 1.13306e-23 1.38156e+01 1.53406e+01 1.68119e+01
0.6670 1.13273e-23 1.38246e+01 1.53531e+01 1.68281e+01
0.6680 1.13348e-23 1.38333e+01 1.53662e+01 1.68466e+01
0.6690 1.13282e-23 1.38345e+01 1.53706e+01 1.68545e+01
0.6700 1.13343e-23 1.38407e+01 1.53815e+01 1.68708e+01
0.6710 1.13301e-23 1.38474e+01 1.53931e+01 1.68875e+01
0.6720 1.13113e-23 1.38494e+01 1.53978e+01 1.68948e+01
0.6730 1.12944e-23 1.38529e+01 1.54051e+01 1.69056e+01
0.6740 1.12701e-23 1.38566e+01 1.54109e+01 1.69131e+01
0.6750 1.12497e-23 1.38612e+01 1.54185e+01 1.69234e+01
0.6760 1.12349e-23 1.38637e+01 1.54222e+01 1.69280e+01
0.6770 1.12135e-23 1.38653e+01 1.54248e+01 1.69318e+01
0.6780 1.11945e-23 1.38659e+01 1.54256e+01 1.69323e+01
0.6790 1.11695e-23 1.38663e+01 1.54254e+01 1.69316e+01
0.6800 1.11439e-23 1.38665e+01 1.54250e+01 1.69303e+01
0.6810 1.11163e-23 1.38619e+01 1.54193e+01 1.69232e+01
0.6820 1.10936e-23 1.38594e+01 1.54151e+01 1.69173e+01
0.6830 1.10725e-23 1.38572e+01 1.54110e+01 1.69110e+01
0.6840 1.10568e-23 1.38553e+01 1.54076e+01 1.69060e+01
0.6850 1.10509e-23 1.38540e+01 1.54046e+01 1.69011e+01
0.6860 1.10407e-23 1.38512e+01 1.53999e+01 1.68944e+01
0.6870 1.10371e-23 1.38490e+01 1.53956e+01 1.68880e+01
0.6880 1.10370e-23 1.38488e+01 1.53939e+01 1.68846e+01
0.6890 1.10336e-23 1.38471e+01 1.53909e+01 1.68801e+01
0.6900 1.10277e-23 1.38448e+01 1.53873e+01 1.68755e+01
0.6910 1.10192e-23 1.38439e+01 1.53858e+01 1.68734e+01
0.6920 1.10083e-23 1.38425e+01 1.53829e+01 1.68690e+01
0.6930 1.09986e-23 1.38426e+01 1.53821e+01 1.68671e+01
0.6940 1.09866e-23 1.38419e+01 1.53802e+01 1.68640e+01
0.6950 1.09713e-23 1.38416e+01 1.53790e+01 1.68621e+01
0.6960 1.09536e-23 1.38406e+01 1.53770e+01 1.68592e+01
0.6970 1.09374e-23 1.38402e+01 1.53764e+01 1.68584e+01
0.6980 1.09238e-23 1.38392e+01 1.53745e+01 1.68558e+01
0.6990 1.09111e-23 1.38387e+01 1.53738e+01 1.68549e+01
0.7000 1.09022e-23 1.38396e+01 1.53746e+01 1.68558e+01
0.7010 1.08927e-23 1.38423e+01 1.53776e+01 1.68593e+01
0.7020 1.08837e-23 1.38443e+01 1.53804e+01 1.68627e+01
0.7030 1.08797e-23 1.38458e+01 1.53822e+01 1.68649e+01
0.7040 1.08795e-23 1.38459e+01 1.53830e+01 1.68666e+01
0.7050 1.08812e-23 1.38474e+01 1.53847e+01 1.68690e+01
0.7060 1.08783e-23 1.38507e+01 1.53880e+01 1.68723e+01
0.7070 1.08741e-23 1.38525e+01 1.53893e+01 1.68730e+01
0.7080 1.08691e-23 1.38541e+01 1.53913e+01 1.68752e+01
0.7090 1.08626e-23 1.38560e+01 1.53939e+01 1.68787e+01
0.7100 1.08489e-23 1.38577e+01 1.53964e+01 1.68817e+01
0.7110 1.08306e-23 1.38580e+01 1.53975e+01 1.68836e+01
0.7120 1.08157e-23 1.38580e+01 1.53977e+01 1.68838e+01
0.7130 1.08082e-23 1.38560e+01 1.53957e+01 1.68819e+01
0.7140 1.08071e-23 1.38558e+01 1.53950e+01 1.68808e+01
0.7150 1.08084e-23 1.38572e+01 1.53964e+01 1.68820e+01
0.7160 1.08082e-23 1.38585e+01 1.53973e+01 1.68824e+01
0.7170 1.08045e-23 1.38595e+01 1.53980e+01 1.68825e+01
0.7180 1.07958e-23 1.38604e+01 1.53983e+01 1.68823e+01
0.7190 1.07871e-23 1.38600e+01 1.53976e+01 1.68811e+01
0.7200 1.07795e-23 1.38591e+01 1.53963e+01 1.68794e+01
0.7210 1.07732e-23 1.38601e+01 1.53966e+01 1.68790e+01
0.7220 1.07583e-23 1.38608e+01 1.53970e+01 1.68792e+01
0.7230 1.07373e-23 1.38615e+01 1.53971e+01 1.68787e+01
0.7240 1.07186e-23 1.38623e+01 1.53976e+01 1.68787e+01
0.7250 1.07021e-23 1.38622e+01 1.53969e+01 1.68774e+01
0.7260 1.06835e-23 1.38623e+01 1.53968e+01 1.68770e+01
0.7270 1.06651e-23 1.38618e+01 1.53961e+01 1.68759e+01
0.7280 1.06482e-23 1.38593e+01 1.53934e+01 1.68731e+01
0.7290 1.06417e-23 1.38589e+01 1.53928e+01 1.68723e+01
0.7300 1.06387e-23 1.38580e+01 1.53918e+01 1.68713e+01
0.7310 1.06414e-23 1.38574e+01 1.53914e+01 1.68711e+01
0.7320 1.06452e-23 1.38581e+01 1.53925e+01 1.68727e+01
0.7330 1.06501e-23 1.38595e+01 1.53941e+01 1.68747e+01
0.7340 1.06529e-23 1.38604e+01 1.53953e+01 1.68763e+01
0.7350 1.06533e-23 1.38619e+01 1.53968e+01 1.68779e+01
0.7360 1.06481e-23 1.38626e+01 1.53974e+01 1.68785e+01
0.7370 1.06371e-23 1.38640e+01 1.53990e+01 1.68803e+01
0.7380 1.06216e-23 1.38665e+01 1.54019e+01 1.68836e+01
0.7390 1.06001e-23 1.38681e+01 1.54038e+01 1.68856e+01
0.7400 1.05812e-23 1.38691e+01 1.54050e+01 1.68870e+01
0.7410 1.05643e-23 1.38696e+01 1.54055e+01 1.68876e+01
0.7420 1.05518e-23 1.38699e+01 1.54058e+01 1.68877e+01
0.7430 1.05447e-23 1.38701e+01 1.54057e+01 1.68872e+01
0.7440 1.05358e-23 1.38711e+01 1.54064e+01 1.68875e+01
0.7450 1.05242e-23 1.38718e+01 1.54069e+01 1.68877e+01
0.7460 1.05102e-23 1.38715e+01 1.54062e+01 1.68866e+01
0.7470 1.04975e-23 1.38706e+01 1.54053e+01 1.68858e+01
0.7480 1.04911e-23 1.38697e+01 1.54041e+01 1.68842e+01
0.7490 1.04866e-23 1.38687e+01 1.54027e+01 1.68824e+01
0.7500 1.04807e-23 1.38688e+01 1.54023e+01 1.68814e+01
0.7510 1.04694e-23 1.38695e+01 1.54025e+01 1.68811e+01
0.7520 1.04561e-23 1.38706e+01 1.54033e+01 1.68816e+01
0.7530 1.04439e-23 1.38709e+01 1.54033e+01 1.68812e+01
0.7540 1.04330e-23 1.38712e+01 1.54032e+01 1.68809e+01
0.7550 1.04253e-23 1.38722e+01 1.54040e+01 1.68814e+01
0.7560 1.04159e-23 1.38714e+01 1.54031e+01 1.68804e+01
0.7570 1.04119e-23 1.38714e+01 1.54030e+01 1.68801e+01
0.7580 1.04085e-23 1.38719e+01 1.54030e+01 1.68796e+01
0.7590 1.04030e-23 1.38725e+01 1.54029e+01 1.68788e+01
0.7600 1.03919e-23 1.38727e+01 1.54025e+01 1.68779e+01
0.7610 1.03804e-23 1.38727e+01 1.54024e+01 1.68776e+01
0.7620 1.03704e-23 1.38725e+01 1.54021e+01 1.68772e+01
0.7630 1.03650e-23 1.38717e+01 1.54011e+01 1.68761e+01
0.7640 1.03643e-23 1.38727e+01 1.54022e+01 1.68772e+01
0.7650 1.03633e-23 1.38739e+01 1.54034e+01 1.68785e+01
0.7660 1.03651e-23 1.38759e+01 1.54057e+01 1.68810e+01
0.7670 1.03634e-23 1.38786e+01 1.54086e+01 1.68842e+01
0.7680 1.03543e-23 1.38816e+01 1.54118e+01 1.68876e+01
0.7690 1.03362e-23 1.38847e+01 1.54152e+01 1.68914e+01
0.7700 1.03145e-23 1.38844e+01 1.54152e+01 1.68918e+01
0.7710 1.02969e-23 1.38853e+01 1.54164e+01 1.68934e+01
0.7720 1.02826e-23 1.38863e+01 1.54180e+01 1.68956e+01
0.7730 1.02703e-23 1.38870e+01 1.54192e+01 1.68972e+01
0.7740 1.02615e-23 1.38874e+01 1.54200e+01 1.68985e+01
0.7750 1.02561e-23 1.38881e+01 1.54210e+01 1.68997e+01
0.7760 1.02529e-23 1.38890e+01 1.54221e+01 1.69010e+01
0.7770 1.02467e-23 1.38901e+01 1.54235e+01 1.69027e+01
0.7780 1.02355e-23 1.38901e+01 1.54241e+01 1.69039e+01
0.7790 1.02225e-23 1.38904e+01 1.54250e+01 1.69055e+01
0.7800 1.02070e-23 1.38909e+01 1.54262e+01 1.69075e+01
0.7810 1.01961e-23 1.38913e+01 1.54274e+01 1.69095e+01
0.7820 1.01855e-23 1.38920e+01 1.54285e+01 1.69110e+01
0.7830 1.01757e-23 1.38929e+01 1.54296e+01 1.69123e+01
0.7840 1.01614e-23 1.38942e+01 1.54310e+01 1.69139e+01
0.7850 1.01475e-23 1.38940e+01 1.54309e+01 1.69139e+01
0.7860 1.01412e-23 1.38945e+01 1.54314e+01 1.69144e+01
0.7870 1.01397e-23 1.38956e+01 1.54324e+01 1.69153e+01
0.7880 1.01353e-23 1.38969e+01 1.54338e+01 1.69167e+01
0.7890 1.01250e-23 1.38994e+01 1.54367e+01 1.69202e+01
0.7900 1.01137e-23 1.39001e+01 1.54380e+01 1.69224e+01
0.7910 1.01008e-23 1.39001e+01 1.54388e+01 1.69241e+01
0.7920 1.00889e-23 1.39010e+01 1.54403e+01 1.69264e+01
0.7930 1.00757e-23 1.39030e+01 1.54434e+01 1.69309e+01
0.7940 1.00673e-23 1.39049e+01 1.54474e+01 1.69372e+01
0.7950 1.00551e-23 1.39058e+01 1.54495e+01 1.69409e+01
0.7960 1.00395e-23 1.39065e+01 1.54513e+01 1.69439e+01
0.7970 1.00310e-23 1.39075e+01 1.54539e+01 1.69482e+01
0.7980 1.00227e-23 1.39096e+01 1.54573e+01 1.69529e+01
0.7990 1.00172e-23 1.39115e+01 1.54604e+01 1.69574e+01
0.8000 1.00096e-23 1.39141e+01 1.54643e+01 1.69627e+01
0.8010 1.00041e-23 1.39178e+01 1.54691e+01 1.69688e+01
0.8020 9.99547e-24 1.39188e+01 1.54718e+01 1.69732e+01
0.8030 9.98641e-24 1.39191e+01 1.54733e+01 1.69758e+01
0.8040 9.98331e-24 1.39210e+01 1.54763e+01 1.69799e+01
0.8050 9.98167e-24 1.39217e+01 1.54779e+01 1.69823e+01
0.8060 9.98093e-24 1.39243e+01 1.54810e+01 1.69857e+01
0.8070 9.97316e-24 1.39262e+01 1.54835e+01 1.69890e+01
0.8080 9.96029e-24 1.39297e+01 1.54878e+01 1.69939e+01
0.8090 9.94101e-24 1.39315e+01 1.54905e+01 1.69974e+01
0.8100 9.92047e-24 1.39314e+01 1.54910e+01 1.69985e+01
0.8110 9.90520e-24 1.39320e+01 1.54916e+01 1.69993e+01
0.8120 9.88738e-24 1.39329e+01 1.54933e+01 1.70016e+01
0.8130 9.87211e-24 1.39330e+01 1.54942e+01 1.70035e+01
0.8140 9.86040e-24 1.39326e+01 1.54951e+01 1.70059e+01
0.8150 9.85483e-24 1.39327e+01 1.54956e+01 1.70068e+01
0.8160 9.85282e-24 1.39360e+01 1.54997e+01 1.70118e+01
0.8170 9.85241e-24 1.39402e+01 1.55052e+01 1.70188e+01
0.8180 9.85149e-24 1.39440e+01 1.55113e+01 1.70272e+01
0.8190 9.85088e-24 1.39503e+01 1.55206e+01 1.70397e+01
0.8200 9.84551e-24 1.39546e+01 1.55285e+01 1.70514e+01
0.8210 9.84334e-24 1.39577e+01 1.55356e+01 1.70629e+01
0.8220 9.84207e-24 1.39576e+01 1.55373e+01 1.70668e+01
0.8230 9.84106e-24 1.39609e+01 1.55427e+01 1.70742e+01
0.8240 9.84309e-24 1.39637e+01 1.55471e+01 1.70800e+01
0.8250 9.83883e-24 1.39685e+01 1.55529e+01 1.70865e+01
0.8260 9.82803e-24 1.39693e+01 1.55538e+01 1.70872e+01
0.8270 9.81380e-24 1.39701e+01 1.55549e+01 1.70883e+01
0.8280 9.79299e-24 1.39706e+01 1.55551e+01 1.70879e+01
0.8290 9.77160e-24 1.39708e+01 1.55554e+01 1.70881e+01
0.8300 9.75515e-24 1.39715e+01 1.55561e+01 1.70887e+01
0.8310 9.74321e-24 1.39728e+01 1.55576e+01 1.70903e+01
0.8320 9.74093e-24 1.39729e+01 1.55578e+01 1.70906e+01
0.8330 9.73933e-24 1.39723e+01 1.55577e+01 1.70909e+01
0.8340 9.74921e-24 1.39728e+01 1.55584e+01 1.70919e+01
0.8350 9.75618e-24 1.39728e+01 1.55589e+01 1.70931e+01
0.8360 9.76011e-24 1.39754e+01 1.55616e+01 1.70959e+01
0.8370 9.75335e-24 1.39770e+01 1.55630e+01 1.70971e+01
0.8380 9.73983e-24 1.39769e+01 1.55627e+01 1.70965e+01
0.8390 9.72588e-24 1.39777e+01 1.55630e+01 1.70962e+01
0.8400 9.71267e-24 1.39786e+01 1.55639e+01 1.70970e+01
0.8410 9.70375e-24 1.39794e+01 1.55652e+01 1.70988e+01
0.8420 9.70201e-24 1.39803e+01 1.55662e+01 1.71003e+01
0.8430 9.69923e-24 1.39820e+01 1.55682e+01 1.71026e+01
0.8440 9.69226e-24 1.39836e+01 1.55702e+01 1.71052e+01
0.8450 9.68431e-24 1.39867e+01 1.55737e+01 1.71090e+01
0.8460 9.67542e-24 1.39878e+01 1.55747e+01 1.71100e+01
0.8470 9.66355e-24 1.39880e+01 1.55753e+01 1.71106e+01
0.8480 9.65275e-24 1.39884e+01 1.55757e+01 1.71109e+01
0.8490 9.63950e-24 1.39874e+01 1.55745e+01 1.71095e+01
0.8500 9.62793e-24 1.39865e+01 1.55738e+01 1.71090e+01
0.8510 9.61883e-24 1.39863e+01 1.55736e+01 1.71089e+01
0.8520 9.61129e-24 1.39874e+01 1.55748e+01 1.71101e+01
0.8530 9.60119e-24 1.39886e+01 1.55760e+01 1.71113e+01
0.8540 9.59478e-24 1.39896e+01 1.55770e+01 1.71123e+01
0.8550 9.58345e-24 1.39909e+01 1.55778e+01 1.71124e+01
0.8560 9.56829e-24 1.39918e+01 1.55783e+01 1.71124e+01
0.8570 9.55615e-24 1.39906e+01 1.55763e+01 1.71096e+01
0.8580 9.55287e-24 1.39903e+01 1.55752e+01 1.71073e+01
0.8590 9.55489e-24 1.39892e+01 1.55737e+01 1.71054e+01
0.8600 9.56267e-24 1.39894e+01 1.55735e+01 1.71049e+01
0.8610 9.56462e-24 1.39916e+01 1.55753e+01 1.71062e+01
0.8620 9.55563e-24 1.39931e+01 1.55758e+01 1.71057e+01
0.8630 9.53836e-24 1.39916e+01 1.55733e+01 1.71022e+01
0.8640 9.52289e-24 1.39895e+01 1.55705e+01 1.70988e+01
0.8650 9.51100e-24 1.39877e+01 1.55685e+01 1.70967e+01
0.8660 9.50490e-24 1.39868e+01 1.55669e+01 1.70945e+01
0.8670 9.49983e-24 1.39879e+01 1.55674e+01 1.70944e+01
0.8680 9.49056e-24 1.39890e+01 1.55680e+01 1.70947e+01
0.8690 9.47878e-24 1.39916e+01 1.55708e+01 1.70977e+01
0.8700 9.45912e-24 1.39953e+01 1.55757e+01 1.71041e+01
0.8710 9.44278e-24 1.39983e+01 1.55807e+01 1.71115e+01
0.8720 9.42945e-24 1.40023e+01 1.55881e+01 1.71228e+01
0.8730 9.41447e-24 1.40073e+01 1.55962e+01 1.71349e+01
0.8740 9.40550e-24 1.40055e+01 1.55966e+01 1.71375e+01
0.8750 9.40155e-24 1.40085e+01 1.56006e+01 1.71421e+01
0.8760 9.39996e-24 1.40111e+01 1.56047e+01 1.71475e+01
0.8770 9.40184e-24 1.40136e+01 1.56095e+01 1.71549e+01
0.8780 9.40295e-24 1.40190e+01 1.56184e+01 1.71672e+01
0.8790 9.40369e-24 1.40210e+01 1.56224e+01 1.71737e+01
0.8800 9.40442e-24 1.40251e+01 1.56298e+01 1.71843e+01
0.8810 9.40254e-24 1.40260e+01 1.56328e+01 1.71896e+01
0.8820 9.40795e-24 1.40253e+01 1.56335e+01 1.71916e+01
0.8830 9.40914e-24 1.40240e+01 1.56327e+01 1.71915e+01
0.8840 9.40714e-24 1.40231e+01 1.56312e+01 1.71891e+01
0.8850 9.40698e-24 1.40247e+01 1.56330e+01 1.71911e+01
0.8860 9.40018e-24 1.40253e+01 1.56335e+01 1.71912e+01
0.8870 9.38557e-24 1.40249e+01 1.56332e+01 1.71910e+01
0.8880 9.36890e-24 1.40279e+01 1.56363e+01 1.71940e+01
0.8890 9.35283e-24 1.40249e+01 1.56334e+01 1.71916e+01
0.8900 9.34174e-24 1.40232e+01 1.56332e+01 1.71932e+01
0.8910 9.34378e-24 1.40240e+01 1.56361e+01 1.71988e+01
0.8920 9.34664e-24 1.40263e+01 1.56407e+01 1.72066e+01
0.8930 9.33834e-24 1.40308e+01 1.56480e+01 1.72176e+01
0.8940 9.32541e-24 1.40301e+01 1.56473e+01 1.72163e+01
0.8950 9.31737e-24 1.40256e+01 1.56418e+01 1.72094e+01
0.8960 9.31571e-24 1.40279e+01 1.56447e+01 1.72129e+01
0.8970 9.32140e-24 1.40308e+01 1.56482e+01 1.72170e+01
0.8980 9.32395e-24 1.40338e+01 1.56508e+01 1.72188e+01
0.8990 9.32369e-24 1.40371e+01 1.56542e+01 1.72221e+01
0.9000 9.30785e-24 1.40378e+01 1.56535e+01 1.72197e+01
0.9010 9.29429e-24 1.40382e+01 1.56525e+01 1.72164e+01
0.9020 9.28108e-24 1.40357e+01 1.56495e+01 1.72126e+01
0.9030 9.26794e-24 1.40335e+01 1.56457e+01 1.72071e+01
0.9040 9.25538e-24 1.40331e+01 1.56439e+01 1.72036e+01
0.9050 9.23547e-24 1.40294e+01 1.56378e+01 1.71952e+01
0.9060 9.22168e-24 1.40257e+01 1.56320e+01 1.71871e+01
0.9070 9.21178e-24 1.40248e+01 1.56285e+01 1.71806e+01
0.9080 9.20321e-24 1.40229e+01 1.56246e+01 1.71749e+01
0.9090 9.19436e-24 1.40200e+01 1.56205e+01 1.71694e+01
0.9100 9.18795e-24 1.40179e+01 1.56166e+01 1.71638e+01
0.9110 9.17993e-24 1.40143e+01 1.56109e+01 1.71558e+01
0.9120 9.17754e-24 1.40114e+01 1.56063e+01 1.71495e+01
0.9130 9.17776e-24 1.40115e+01 1.56052e+01 1.71471e+01
0.9140 9.17957e-24 1.40116e+01 1.56045e+01 1.71456e+01
0.9150 9.18255e-24 1.40104e+01 1.56026e+01 1.71431e+01
0.9160 9.18607e-24 1.40100e+01 1.56012e+01 1.71407e+01
0.9170 9.19200e-24 1.40105e+01 1.56014e+01 1.71406e+01
0.9180 9.19978e-24 1.40115e+01 1.56022e+01 1.71410e+01
0.9190 9.20153e-24 1.40136e+01 1.56039e+01 1.71425e+01
0.9200 9.19800e-24 1.40165e+01 1.56067e+01 1.71451e+01
0.9210 9.18952e-24 1.40203e+01 1.56098e+01 1.71476e+01
0.9220 9.16868e-24 1.40215e+01 1.56109e+01 1.71485e+01
0.9230 9.15010e-24 1.40227e+01 1.56115e+01 1.71485e+01
0.9240 9.12809e-24 1.40222e+01 1.56111e+01 1.71481e+01
0.9250 9.10997e-24 1.40197e+01 1.56083e+01 1.71451e+01
0.9260 9.09828e-24 1.40176e+01 1.56061e+01 1.71428e+01
0.9270 9.08824e-24 1.40168e+01 1.56051e+01 1.71415e+01
0.9280 9.08117e-24 1.40167e+01 1.56044e+01 1.71402e+01
0.9290 9.07013e-24 1.40160e+01 1.56030e+01 1.71379e+01
0.9300 9.05620e-24 1.40154e+01 1.56026e+01 1.71374e+01
0.9310 9.04530e-24 1.40136e+01 1.56003e+01 1.71346e+01
0.9320 9.03844e-24 1.40140e+01 1.56004e+01 1.71346e+01
0.9330 9.03478e-24 1.40157e+01 1.56019e+01 1.71357e+01
0.9340 9.03304e-24 1.40168e+01 1.56026e+01 1.71358e+01
0.9350 9.02868e-24 1.40174e+01 1.56033e+01 1.71368e+01
0.9360 9.02416e-24 1.40192e+01 1.56052e+01 1.71385e+01
0.9370 9.01892e-24 1.40197e+01 1.56057e+01 1.71392e+01
0.9380 9.01856e-24 1.40193e+01 1.56061e+01 1.71404e+01
0.9390 9.02094e-24 1.40206e+01 1.56081e+01 1.71433e+01
0.9400 9.01972e-24 1.40227e+01 1.56108e+01 1.71467e+01
0.9410 9.01739e-24 1.40267e+01 1.56158e+01 1.71527e+01
0.9420 9.00913e-24 1.40284e+01 1.56187e+01 1.71572e+01
0.9430 9.00054e-24 1.40312e+01 1.56231e+01 1.71635e+01
0.9440 8.98865e-24 1.40327e+01 1.56264e+01 1.71688e+01
0.9450 8.97760e-24 1.40338e+01 1.56294e+01 1.71742e+01
0.9460 8.97330e-24 1.40349e+01 1.56329e+01 1.71803e+01
0.9470 8.97194e-24 1.40384e+01 1.56377e+01 1.71863e+01
0.9480 8.97208e-24 1.40405e+01 1.56408e+01 1.71902e+01
0.9490 8.96949e-24 1.40414e+01 1.56426e+01 1.71928e+01
0.9500 8.96789e-24 1.40434e+01 1.56456e+01 1.71967e+01
0.9510 8.96169e-24 1.40449e+01 1.56472e+01 1.71983e+01
0.9520 8.94350e-24 1.40445e+01 1.56466e+01 1.71970e+01
0.9530 8.92251e-24 1.40419e+01 1.56433e+01 1.71927e+01
0.9540 8.90801e-24 1.40398e+01 1.56409e+01 1.71899e+01
0.9550 8.89414e-24 1.40389e+01 1.56387e+01 1.71861e+01
0.9560 8.88036e-24 1.40372e+01 1.56357e+01 1.71816e+01
0.9570 8.86344e-24 1.40356e+01 1.56336e+01 1.71787e+01
0.9580 8.84837e-24 1.40347e+01 1.56323e+01 1.71772e+01
0.9590 8.83194e-24 1.40325e+01 1.56294e+01 1.71735e+01
0.9600 8.81039e-24 1.40306e+01 1.56270e+01 1.71708e+01
0.9610 8.79664e-24 1.40302e+01 1.56251e+01 1.71673e+01
0.9620 8.78216e-24 1.40294e+01 1.56234e+01 1.71646e+01
0.9630 8.76862e-24 1.40268e+01 1.56197e+01 1.71598e+01
0.9640 8.75847e-24 1.40222e+01 1.56142e+01 1.71535e+01
0.9650 8.75154e-24 1.40204e+01 1.56119e+01 1.71507e+01
0.9660 8.75185e-24 1.40178e+01 1.56092e+01 1.71475e+01
0.9670 8.75838e-24 1.40172e+01 1.56085e+01 1.71468e+01
0.9680 8.76720e-24 1.40188e+01 1.56096e+01 1.71475e+01
0.9690 8.76488e-24 1.40194e+01 1.56105e+01 1.71487e+01
0.9700 8.76366e-24 1.40190e+01 1.56104e+01 1.71488e+01
0.9710 8.76161e-24 1.40184e+01 1.56100e+01 1.71485e+01
0.9720 8.76394e-24 1.40195e+01 1.56107e+01 1.71490e+01
0.9730 8.76094e-24 1.40222e+01 1.56129e+01 1.71505e+01
0.9740 8.74900e-24 1.40240e+01 1.56141e+01 1.71511e+01
0.9750 8.73485e-24 1.40268e+01 1.56166e+01 1.71533e+01
0.9760 8.71868e-24 1.40277e+01 1.56166e+01 1.71523e+01
0.9770 8.70505e-24 1.40275e+01 1.56156e+01 1.71505e+01
0.9780 8.69597e-24 1.40268e+01 1.56147e+01 1.71495e+01
0.9790 8.69386e-24 1.40270e+01 1.56150e+01 1.71499e+01
0.9800 8.69247e-24 1.40269e+01 1.56149e+01 1.71497e+01
0.9810 8.69425e-24 1.40261e+01 1.56138e+01 1.71485e+01
0.9820 8.69523e-24 1.40261e+01 1.56145e+01 1.71497e+01
0.9830 8.69561e-24 1.40264e+01 1.56149e+01 1.71504e+01
0.9840 8.69346e-24 1.40279e+01 1.56163e+01 1.71518e+01
0.9850 8.68682e-24 1.40284e+01 1.56168e+01 1.71523e+01
0.9860 8.67213e-24 1.40309e+01 1.56188e+01 1.71538e+01
0.9870 8.64419e-24 1.40294e+01 1.56177e+01 1.71529e+01
0.9880 8.61784e-24 1.40264e+01 1.56150e+01 1.71505e+01
0.9890 8.60576e-24 1.40232e+01 1.56114e+01 1.71468e+01
0.9900 8.60311e-24 1.40236e+01 1.56122e+01 1.71482e+01
0.9910 8.60111e-24 1.40274e+01 1.56178e+01 1.71559e+01
0.9920 8.60045e-24 1.40307e+01 1.56226e+01 1.71626e+01
0.9930 8.58838e-24 1.40310e+01 1.56243e+01 1.71656e+01
0.9940 8.58057e-24 1.40301e+01 1.56238e+01 1.71654e+01
0.9950 8.57366e-24 1.40316e+01 1.56256e+01 1.71675e+01
0.9960 8.56537e-24 1.40319e+01 1.56269e+01 1.71698e+01
0.9970 8.56017e-24 1.40343e+01 1.56303e+01 1.71741e+01
0.9980 8.55123e-24 1.40362e+01 1.56338e+01 1.71792e+01
0.9990 8.54325e-24 1.40379e+01 1.56361e+01 1.71822e+01
1.0000 8.54158e-24 1.40401e+01 1.56399e+01 1.71876e+01
1.0010 8.54181e-24 1.40429e+01 1.56436e+01 1.71923e+01
1.0020 8.54536e-24 1.40456e+01 1.56476e+01 1.71977e+01
1.0030 8.55110e-24 1.40479e+01 1.56518e+01 1.72042e+01
1.0040 8.56254e-24 1.40524e+01 1.56589e+01 1.72140e+01
1.0050 8.57444e-24 1.40590e+01 1.56686e+01 1.72272e+01
1.0060 8.57896e-24 1.40589e+01 1.56694e+01 1.72287e+01
1.0070 8.58092e-24 1.40609e+01 1.56723e+01 1.72325e+01
1.0080 8.57895e-24 1.40632e+01 1.56754e+01 1.72363e+01
1.0090 8.57417e-24 1.40670e+01 1.56804e+01 1.72425e+01
1.0100 8.56821e-24 1.40685e+01 1.56838e+01 1.72478e+01
1.0110 8.56527e-24 1.40711e+01 1.56872e+01 1.72521e+01
1.0120 8.56322e-24 1.40740e+01 1.56907e+01 1.72563e+01
1.0130 8.55965e-24 1.40767e+01 1.56940e+01 1.72602e+01
1.0140 8.55909e-24 1.40788e+01 1.56965e+01 1.72630e+01
1.0150 8.55691e-24 1.40800e+01 1.56980e+01 1.72649e+01
1.0160 8.55070e-24 1.40831e+01 1.57019e+01 1.72696e+01
1.0170 8.54316e-24 1.40817e+01 1.57009e+01 1.72690e+01
1.0180 8.53686e-24 1.40808e+01 1.57001e+01 1.72682e+01
1.0190 8.53136e-24 1.40799e+01 1.56996e+01 1.72684e+01
1.0200 8.53384e-24 1.40803e+01 1.56999e+01 1.72686e+01
1.0210 8.53297e-24 1.40826e+01 1.57024e+01 1.72712e+01
1.0220 8.52866e-24 1.40842e+01 1.57036e+01 1.72720e+01
1.0230 8.51988e-24 1.40867e+01 1.57069e+01 1.72759e+01
1.0240 8.50479e-24 1.40850e+01 1.57067e+01 1.72772e+01
1.0250 8.49027e-24 1.40846e+01 1.57063e+01 1.72771e+01
1.0260 8.47882e-24 1.40837e+01 1.57061e+01 1.72776e+01
1.0270 8.47133e-24 1.40836e+01 1.57070e+01 1.72798e+01
1.0280 8.46885e-24 1.40862e+01 1.57111e+01 1.72859e+01
1.0290 8.46618e-24 1.40878e+01 1.57140e+01 1.72903e+01
1.0300 8.45845e-24 1.40892e+01 1.57168e+01 1.72946e+01
1.0310 8.45400e-24 1.40912e+01 1.57205e+01 1.73002e+01
1.0320 8.44870e-24 1.40943e+01 1.57260e+01 1.73087e+01
1.0330 8.44778e-24 1.40976e+01 1.57318e+01 1.73173e+01
1.0340 8.45322e-24 1.41009e+01 1.57372e+01 1.73252e+01
1.0350 8.46991e-24 1.41078e+01 1.57490e+01 1.73423e+01
1.0360 8.48891e-24 1.41178e+01 1.57652e+01 1.73658e+01
1.0370 8.50264e-24 1.41316e+01 1.57873e+01 1.73975e+01
1.0380 8.50942e-24 1.41420e+01 1.58048e+01 1.74233e+01
1.0390 8.50706e-24 1.41548e+01 1.58239e+01 1.74490e+01
1.0400 8.50473e-24 1.41662e+01 1.58430e+01 1.74764e+01
1.0410 8.49932e-24 1.41753e+01 1.58603e+01 1.75033e+01
1.0420 8.50299e-24 1.41816e+01 1.58745e+01 1.75257e+01
1.0430 8.50730e-24 1.41882e+01 1.58884e+01 1.75470e+01
1.0440 8.51383e-24 1.41947e+01 1.59008e+01 1.75646e+01
1.0450 8.50815e-24 1.42056e+01 1.59154e+01 1.75822e+01
1.0460 8.50723e-24 1.42103e+01 1.59252e+01 1.75968e+01
1.0470 8.49121e-24 1.42138e+01 1.59339e+01 1.76100e+01
1.0480 8.48202e-24 1.42139e+01 1.59353e+01 1.76120e+01
1.0490 8.46542e-24 1.42112e+01 1.59333e+01 1.76096e+01
1.0500 8.44930e-24 1.42103e+01 1.59327e+01 1.76088e+01
1.0510 8.43854e-24 1.42086e+01 1.59296e+01 1.76045e+01
1.0520 8.41820e-24 1.42099e+01 1.59307e+01 1.76056e+01
1.0530 8.39227e-24 1.42089e+01 1.59308e+01 1.76065e+01
1.0540 8.36947e-24 1.42094e+01 1.59319e+01 1.76080e+01
1.0550 8.35064e-24 1.42081e+01 1.59304e+01 1.76062e+01
1.0560 8.34400e-24 1.42023e+01 1.59247e+01 1.76002e+01
1.0570 8.33362e-24 1.41985e+01 1.59206e+01 1.75966e+01
1.0580 8.31685e-24 1.42013e+01 1.59237e+01 1.76001e+01
1.0590 8.30791e-24 1.42053e+01 1.59274e+01 1.76033e+01
1.0600 8.28896e-24 1.42049e+01 1.59259e+01 1.76005e+01
1.0610 8.27934e-24 1.42004e+01 1.59201e+01 1.75938e+01
1.0620 8.27006e-24 1.41994e+01 1.59195e+01 1.75934e+01
1.0630 8.26529e-24 1.42015e+01 1.59237e+01 1.76005e+01
1.0640 8.26031e-24 1.42070e+01 1.59316e+01 1.76118e+01
1.0650 8.25200e-24 1.42122e+01 1.59397e+01 1.76239e+01
1.0660 8.23927e-24 1.42185e+01 1.59526e+01 1.76455e+01
1.0670 8.22606e-24 1.42149e+01 1.59493e+01 1.76421e+01
1.0680 8.21762e-24 1.42103e+01 1.59449e+01 1.76371e+01
1.0690 8.21749e-24 1.42153e+01 1.59516e+01 1.76456e+01
1.0700 8.21122e-24 1.42154e+01 1.59542e+01 1.76516e+01
1.0710 8.20874e-24 1.42211e+01 1.59604e+01 1.76580e+01
1.0720 8.20774e-24 1.42296e+01 1.59697e+01 1.76675e+01
1.0730 8.20718e-24 1.42331e+01 1.59769e+01 1.76797e+01
1.0740 8.20145e-24 1.42390e+01 1.59868e+01 1.76941e+01
1.0750 8.20807e-24 1.42503e+01 1.60040e+01 1.77188e+01
1.0760 8.20258e-24 1.42564e+01 1.60119e+01 1.77289e+01
1.0770 8.19808e-24 1.42565e+01 1.60129e+01 1.77297e+01
1.0780 8.19055e-24 1.42491e+01 1.60037e+01 1.77177e+01
1.0790 8.17836e-24 1.42469e+01 1.60002e+01 1.77126e+01
1.0800 8.16647e-24 1.42443e+01 1.59964e+01 1.77072e+01
1.0810 8.16082e-24 1.42424e+01 1.59934e+01 1.77032e+01
1.0820 8.15580e-24 1.42414e+01 1.59900e+01 1.76966e+01
1.0830 8.14961e-24 1.42341e+01 1.59791e+01 1.76818e+01
1.0840 8.14510e-24 1.42303e+01 1.59723e+01 1.76713e+01
1.0850 8.15059e-24 1.42320e+01 1.59731e+01 1.76708e+01
1.0860 8.14349e-24 1.42308e+01 1.59708e+01 1.76668e+01
1.0870 8.14212e-24 1.42288e+01 1.59680e+01 1.76635e+01
1.0880 8.12538e-24 1.42270e+01 1.59659e+01 1.76618e+01
1.0890 8.11870e-24 1.42286e+01 1.59680e+01 1.76644e+01
1.0900 8.09757e-24 1.42337e+01 1.59744e+01 1.76722e+01
1.0910 8.08294e-24 1.42327e+01 1.59712e+01 1.76677e+01
1.0920 8.08034e-24 1.42304e+01 1.59706e+01 1.76690e+01
1.0930 8.06883e-24 1.42309e+01 1.59712e+01 1.76694e+01
1.0940 8.05439e-24 1.42341e+01 1.59752e+01 1.76741e+01
1.0950 8.04551e-24 1.42393e+01 1.59822e+01 1.76829e+01
1.0960 8.04466e-24 1.42446e+01 1.59869e+01 1.76867e+01
1.0970 8.04630e-24 1.42462e+01 1.59875e+01 1.76856e+01
1.0980 8.04543e-24 1.42413e+01 1.59829e+01 1.76807e+01
1.0990 8.05041e-24 1.42391e+01 1.59799e+01 1.76769e+01
1.1000 8.05830e-24 1.42364e+01 1.59757e+01 1.76714e+01
1.1010 8.06772e-24 1.42345e+01 1.59744e+01 1.76714e+01
1.1020 8.08136e-24 1.42374e+01 1.59784e+01 1.76762e+01
1.1030 8.10279e-24 1.42423e+01 1.59832e+01 1.76817e+01
1.1040 8.10173e-24 1.42404e+01 1.59811e+01 1.76796e+01
1.1050 8.10581e-24 1.42460e+01 1.59860e+01 1.76836e+01
1.1060 8.09547e-24 1.42379e+01 1.59785e+01 1.76770e+01
1.1070 8.09235e-24 1.42386e+01 1.59787e+01 1.76762e+01
1.1080 8.08344e-24 1.42426e+01 1.59802e+01 1.76748e+01
1.1090 8.06943e-24 1.42410e+01 1.59769e+01 1.76697e+01
1.1100 8.04685e-24 1.42365e+01 1.59690e+01 1.76582e+01
1.1110 8.02932e-24 1.42378e+01 1.59693e+01 1.76576e+01
1.1120 8.01198e-24 1.42356e+01 1.59650e+01 1.76509e+01
1.1130 7.99194e-24 1.42333e+01 1.59615e+01 1.76463e+01
1.1140 7.98255e-24 1.42312e+01 1.59581e+01 1.76416e+01
1.1150 7.97786e-24 1.42279e+01 1.59517e+01 1.76321e+01
1.1160 7.97211e-24 1.42246e+01 1.59470e+01 1.76258e+01
1.1170 7.97329e-24 1.42213e+01 1.59412e+01 1.76169e+01
1.1180 7.98038e-24 1.42188e+01 1.59380e+01 1.76132e+01
1.1190 7.98752e-24 1.42204e+01 1.59391e+01 1.76137e+01
1.1200 7.99555e-24 1.42202e+01 1.59388e+01 1.76135e+01
1.1210 7.99229e-24 1.42194e+01 1.59383e+01 1.76133e+01
1.1220 7.98649e-24 1.42210e+01 1.59404e+01 1.76160e+01
1.1230 7.97579e-24 1.42240e+01 1.59434e+01 1.76187e+01
1.1240 7.96138e-24 1.42235e+01 1.59426e+01 1.76172e+01
1.1250 7.95468e-24 1.42201e+01 1.59378e+01 1.76107e+01
1.1260 7.95340e-24 1.42169e+01 1.59327e+01 1.76036e+01
1.1270 7.94994e-24 1.42130e+01 1.59275e+01 1.75971e+01
1.1280 7.94188e-24 1.42140e+01 1.59287e+01 1.75993e+01
1.1290 7.93469e-24 1.42166e+01 1.59316e+01 1.76026e+01
1.1300 7.92883e-24 1.42198e+01 1.59363e+01 1.76094e+01
1.1310 7.92349e-24 1.42259e+01 1.59445e+01 1.76201e+01
1.1320 7.91961e-24 1.42266e+01 1.59477e+01 1.76262e+01
1.1330 7.91414e-24 1.42291e+01 1.59526e+01 1.76341e+01
1.1340 7.91273e-24 1.42421e+01 1.59708e+01 1.76584e+01
1.1350 7.91731e-24 1.42484e+01 1.59830e+01 1.76777e+01
1.1360 7.92182e-24 1.42520e+01 1.59912e+01 1.76918e+01
1.1370 7.91798e-24 1.42581e+01 1.60013e+01 1.77053e+01
1.1380 7.91581e-24 1.42645e+01 1.60109e+01 1.77184e+01
1.1390 7.92492e-24 1.42696e+01 1.60188e+01 1.77288e+01
1.1400 7.92462e-24 1.42662e+01 1.60170e+01 1.77293e+01
1.1410 7.91831e-24 1.42666e+01 1.60187e+01 1.77316e+01
1.1420 7.91907e-24 1.42686e+01 1.60208e+01 1.77336e+01
1.1430 7.91051e-24 1.42643e+01 1.60170e+01 1.77296e+01
1.1440 7.91473e-24 1.42697e+01 1.60238e+01 1.77382e+01
1.1450 7.92731e-24 1.42757e+01 1.60338e+01 1.77532e+01
1.1460 7.93423e-24 1.42799e+01 1.60408e+01 1.77629e+01
1.1470 7.93475e-24 1.42892e+01 1.60521e+01 1.77763e+01
1.1480 7.90779e-24 1.42835e+01 1.60456e+01 1.77689e+01
1.1490 7.89451e-24 1.42936e+01 1.60584e+01 1.77847e+01
1.1500 7.86848e-24 1.42971e+01 1.60623e+01 1.77871e+01
1.1510 7.82079e-24 1.42960e+01 1.60623e+01 1.77874e+01
1.1520 7.80131e-24 1.42907e+01 1.60551e+01 1.77769e+01
1.1530 7.78160e-24 1.42911e+01 1.60553e+01 1.77769e+01
1.1540 7.77401e-24 1.42866e+01 1.60491e+01 1.77681e+01
1.1550 7.76678e-24 1.42928e+01 1.60566e+01 1.77766e+01
1.1560 7.75741e-24 1.42917e+01 1.60509e+01 1.77660e+01
1.1570 7.75179e-24 1.42856e+01 1.60435e+01 1.77568e+01
1.1580 7.73726e-24 1.42845e+01 1.60430e+01 1.77569e+01
1.1590 7.73974e-24 1.42842e+01 1.60443e+01 1.77609e+01
1.1600 7.74429e-24 1.42954e+01 1.60551e+01 1.77710e+01
1.1610 7.74935e-24 1.42942e+01 1.60551e+01 1.77731e+01
1.1620 7.76051e-24 1.42989e+01 1.60632e+01 1.77857e+01
1.1630 7.75358e-24 1.42957e+01 1.60615e+01 1.77861e+01
1.1640 7.72929e-24 1.42843e+01 1.60498e+01 1.77739e+01
1.1650 7.72118e-24 1.42805e+01 1.60440e+01 1.77661e+01
1.1660 7.71592e-24 1.42747e+01 1.60368e+01 1.77579e+01
1.1670 7.72049e-24 1.42734e+01 1.60339e+01 1.77531e+01
1.1680 7.71180e-24 1.42749e+01 1.60356e+01 1.77543e+01
1.1690 7.70261e-24 1.42686e+01 1.60244e+01 1.77376e+01
1.1700 7.69297e-24 1.42625e+01 1.60156e+01 1.77252e+01
1.1710 7.68969e-24 1.42606e+01 1.60103e+01 1.77161e+01
1.1720 7.68283e-24 1.42569e+01 1.60041e+01 1.77066e+01
1.1730 7.67652e-24 1.42538e+01 1.59992e+01 1.77003e+01
1.1740 7.66680e-24 1.42467e+01 1.59908e+01 1.76914e+01
1.1750 7.65600e-24 1.42515e+01 1.59950e+01 1.76953e+01
1.1760 7.63966e-24 1.42531e+01 1.59958e+01 1.76954e+01
1.1770 7.61947e-24 1.42516e+01 1.59931e+01 1.76910e+01
1.1780 7.60738e-24 1.42519e+01 1.59901e+01 1.76844e+01
1.1790 7.59325e-24 1.42445e+01 1.59805e+01 1.76722e+01
1.1800 7.58387e-24 1.42414e+01 1.59737e+01 1.76612e+01
1.1810 7.57340e-24 1.42384e+01 1.59687e+01 1.76535e+01
1.1820 7.56288e-24 1.42338e+01 1.59619e+01 1.76447e+01
1.1830 7.56352e-24 1.42306e+01 1.59553e+01 1.76346e+01
1.1840 7.56752e-24 1.42297e+01 1.59541e+01 1.76330e+01
1.1850 7.57657e-24 1.42327e+01 1.59546e+01 1.76313e+01
1.1860 7.57211e-24 1.42332e+01 1.59524e+01 1.76264e+01
1.1870 7.55389e-24 1.42308e+01 1.59489e+01 1.76222e+01
1.1880 7.53347e-24 1.42298e+01 1.59469e+01 1.76191e+01
1.1890 7.50794e-24 1.42253e+01 1.59441e+01 1.76184e+01
1.1900 7.49035e-24 1.42216e+01 1.59398e+01 1.76132e+01
1.1910 7.47667e-24 1.42210e+01 1.59366e+01 1.76070e+01
1.1920 7.46614e-24 1.42147e+01 1.59283e+01 1.75970e+01
1.1930 7.46105e-24 1.42121e+01 1.59225e+01 1.75877e+01
1.1940 7.45875e-24 1.42138e+01 1.59232e+01 1.75872e+01
1.1950 7.45545e-24 1.42141e+01 1.59230e+01 1.75871e+01
1.1960 7.45244e-24 1.42146e+01 1.59250e+01 1.75907e+01
1.1970 7.45317e-24 1.42136e+01 1.59268e+01 1.75960e+01
1.1980 7.45783e-24 1.42194e+01 1.59366e+01 1.76105e+01
1.1990 7.47803e-24 1.42233e+01 1.59480e+01 1.76317e+01
1.2000 7.49255e-24 1.42354e+01 1.59702e+01 1.76661e+01
1.2010 7.50311e-24 1.42430e+01 1.59870e+01 1.76930e+01
1.2020 7.50363e-24 1.42507e+01 1.60010e+01 1.77136e+01
1.2030 7.49466e-24 1.42575e+01 1.60129e+01 1.77305e+01
1.2040 7.48564e-24 1.42551e+01 1.60119e+01 1.77310e+01
1.2050 7.47485e-24 1.42568e+01 1.60172e+01 1.77408e+01
1.2060 7.46976e-24 1.42547e+01 1.60206e+01 1.77503e+01
1.2070 7.46397e-24 1.42555e+01 1.60263e+01 1.77614e+01
1.2080 7.46929e-24 1.42575e+01 1.60331e+01 1.77740e+01
1.2090 7.46854e-24 1.42669e+01 1.60442e+01 1.77875e+01
1.2100 7.47449e-24 1.42724e+01 1.60514e+01 1.77968e+01
1.2110 7.48853e-24 1.42906e+01 1.60776e+01 1.78347e+01
1.2120 7.48997e-24 1.43027e+01 1.60951e+01 1.78590e+01
1.2130 7.48583e-24 1.43141e+01 1.61082e+01 1.78739e+01
1.2140 7.46108e-24 1.43159e+01 1.61113e+01 1.78783e+01
1.2150 7.46753e-24 1.43121e+01 1.61088e+01 1.78773e+01
1.2160 7.44870e-24 1.43093e+01 1.61076e+01 1.78783e+01
1.2170 7.42886e-24 1.43014e+01 1.60968e+01 1.78626e+01
1.2180 7.42142e-24 1.43017e+01 1.60964e+01 1.78614e+01
1.2190 7.41475e-24 1.43063e+01 1.61013e+01 1.78676e+01
1.2200 7.42391e-24 1.43134e+01 1.61108e+01 1.78803e+01
1.2210 7.40480e-24 1.43028e+01 1.60966e+01 1.78608e+01
1.2220 7.40284e-24 1.42926e+01 1.60841e+01 1.78440e+01
1.2230 7.40009e-24 1.42835e+01 1.60705e+01 1.78258e+01
1.2240 7.40067e-24 1.42778e+01 1.60627e+01 1.78160e+01
1.2250 7.37775e-24 1.42796e+01 1.60597e+01 1.78073e+01
1.2260 7.36280e-24 1.42681e+01 1.60424e+01 1.77828e+01
1.2270 7.34424e-24 1.42602e+01 1.60298e+01 1.77644e+01
1.2280 7.32801e-24 1.42583e+01 1.60274e+01 1.77614e+01
1.2290 7.30499e-24 1.42419e+01 1.60047e+01 1.77304e+01
1.2300 7.30076e-24 1.42395e+01 1.59962e+01 1.77141e+01
1.2310 7.28558e-24 1.42375e+01 1.59905e+01 1.77045e+01
1.2320 7.27622e-24 1.42395e+01 1.59932e+01 1.77083e+01
1.2330 7.26372e-24 1.42344e+01 1.59852e+01 1.76962e+01
1.2340 7.25603e-24 1.42296e+01 1.59759e+01 1.76808e+01
1.2350 7.25445e-24 1.42249e+01 1.59668e+01 1.76659e+01
1.2360 7.25819e-24 1.42217e+01 1.59610e+01 1.76575e+01
1.2370 7.25583e-24 1.42160e+01 1.59525e+01 1.76457e+01
1.2380 7.25489e-24 1.42126e+01 1.59450e+01 1.76341e+01
1.2390 7.25041e-24 1.42180e+01 1.59508e+01 1.76407e+01
1.2400 7.24014e-24 1.42207e+01 1.59567e+01 1.76508e+01
1.2410 7.21728e-24 1.42127e+01 1.59480e+01 1.76416e+01
1.2420 7.21030e-24 1.42128e+01 1.59495e+01 1.76453e+01
1.2430 7.20983e-24 1.42076e+01 1.59438e+01 1.76380e+01
1.2440 7.21122e-24 1.42111e+01 1.59495e+01 1.76467e+01
1.2450 7.20608e-24 1.42161e+01 1.59549e+01 1.76518e+01
1.2460 7.20194e-24 1.42165e+01 1.59548e+01 1.76511e+01
1.2470 7.19584e-24 1.42180e+01 1.59568e+01 1.76526e+01
1.2480 7.19073e-24 1.42134e+01 1.59506e+01 1.76439e+01
1.2490 7.19237e-24 1.42120e+01 1.59495e+01 1.76429e+01
1.2500 7.19997e-24 1.42147e+01 1.59541e+01 1.76491e+01
1.2510 7.20360e-24 1.42150e+01 1.59551e+01 1.76503e+01
1.2520 7.20807e-24 1.42172e+01 1.59572e+01 1.76520e+01
1.2530 7.20943e-24 1.42144e+01 1.59533e+01 1.76463e+01
1.2540 7.21661e-24 1.42128e+01 1.59502e+01 1.76416e+01
1.2550 7.21853e-24 1.42114e+01 1.59481e+01 1.76392e+01
1.2560 7.22487e-24 1.42107e+01 1.59479e+01 1.76401e+01
1.2570 7.21916e-24 1.42122e+01 1.59490e+01 1.76412e+01
1.2580 7.21544e-24 1.42098e+01 1.59459e+01 1.76381e+01
1.2590 7.21941e-24 1.42138e+01 1.59509e+01 1.76445e+01
1.2600 7.22638e-24 1.42215e+01 1.59596e+01 1.76543e+01
1.2610 7.22370e-24 1.42225e+01 1.59600e+01 1.76552e+01
1.2620 7.20660e-24 1.42255e+01 1.59639e+01 1.76595e+01
1.2630 7.19413e-24 1.42222e+01 1.59600e+01 1.76547e+01
1.2640 7.18189e-24 1.42199e+01 1.59588e+01 1.76548e+01
1.2650 7.18170e-24 1.42219e+01 1.59601e+01 1.76553e+01
1.2660 7.18726e-24 1.42229e+01 1.59600e+01 1.76539e+01
1.2670 7.19919e-24 1.42217e+01 1.59601e+01 1.76563e+01
1.2680 7.20118e-24 1.42238e+01 1.59621e+01 1.76591e+01
1.2690 7.19759e-24 1.42282e+01 1.59651e+01 1.76597e+01
1.2700 7.19836e-24 1.42326e+01 1.59701e+01 1.76656e+01
1.2710 7.19013e-24 1.42334e+01 1.59701e+01 1.76648e+01
1.2720 7.17618e-24 1.42311e+01 1.59707e+01 1.76689e+01
1.2730 7.15735e-24 1.42238e+01 1.59586e+01 1.76502e+01
1.2740 7.15715e-24 1.42206e+01 1.59524e+01 1.76399e+01
1.2750 7.15138e-24 1.42129e+01 1.59409e+01 1.76239e+01
1.2760 7.14385e-24 1.42098e+01 1.59364e+01 1.76177e+01
1.2770 7.13887e-24 1.42088e+01 1.59338e+01 1.76134e+01
1.2780 7.13241e-24 1.42084e+01 1.59315e+01 1.76093e+01
1.2790 7.12636e-24 1.42053e+01 1.59270e+01 1.76034e+01
1.2800 7.13138e-24 1.42012e+01 1.59209e+01 1.75960e+01
1.2810 7.14635e-24 1.41999e+01 1.59185e+01 1.75928e+01
1.2820 7.15790e-24 1.42090e+01 1.59301e+01 1.76076e+01
1.2830 7.17031e-24 1.42115e+01 1.59351e+01 1.76160e+01
1.2840 7.18242e-24 1.42142e+01 1.59403e+01 1.76248e+01
1.2850 7.19207e-24 1.42259e+01 1.59553e+01 1.76442e+01
1.2860 7.19203e-24 1.42284e+01 1.59625e+01 1.76581e+01
1.2870 7.18403e-24 1.42342e+01 1.59722e+01 1.76729e+01
1.2880 7.18327e-24 1.42424e+01 1.59850e+01 1.76902e+01
1.2890 7.16929e-24 1.42388e+01 1.59847e+01 1.76930e+01
1.2900 7.16962e-24 1.42471e+01 1.59984e+01 1.77128e+01
1.2910 7.17821e-24 1.42526e+01 1.60076e+01 1.77251e+01
1.2920 7.17973e-24 1.42529e+01 1.60098e+01 1.77275e+01
1.2930 7.17828e-24 1.42578e+01 1.60142e+01 1.77307e+01
1.2940 7.18353e-24 1.42643e+01 1.60244e+01 1.77443e+01
1.2950 7.18970e-24 1.42651e+01 1.60245e+01 1.77428e+01
1.2960 7.20519e-24 1.42719e+01 1.60340e+01 1.77549e+01
1.2970 7.22241e-24 1.42839e+01 1.60526e+01 1.77815e+01
1.2980 7.22121e-24 1.42884e+01 1.60602e+01 1.77914e+01
1.2990 7.23207e-24 1.42971e+01 1.60734e+01 1.78102e+01
1.3000 7.22766e-24 1.42948e+01 1.60716e+01 1.78082e+01
1.3010 7.21738e-24 1.43024e+01 1.60811e+01 1.78198e+01
1.3020 7.21080e-24 1.43065e+01 1.60906e+01 1.78368e+01
1.3030 7.19579e-24 1.42998e+01 1.60811e+01 1.78234e+01
1.3040 7.18722e-24 1.42943e+01 1.60698e+01 1.78041e+01
1.3050 7.17175e-24 1.42901e+01 1.60629e+01 1.77940e+01
1.3060 7.15794e-24 1.42829e+01 1.60534e+01 1.77819e+01
1.3070 7.14454e-24 1.42785e+01 1.60463e+01 1.77721e+01
1.3080 7.13030e-24 1.42778e+01 1.60446e+01 1.77700e+01
1.3090 7.10877e-24 1.42740e+01 1.60391e+01 1.77628e+01
1.3100 7.08191e-24 1.42691e+01 1.60325e+01 1.77538e+01
1.3110 7.05472e-24 1.42683e+01 1.60267e+01 1.77423e+01
1.3120 7.03782e-24 1.42735e+01 1.60350e+01 1.77546e+01
1.3130 7.03401e-24 1.42707e+01 1.60355e+01 1.77606e+01
1.3140 7.03592e-24 1.42732e+01 1.60389e+01 1.77649e+01
1.3150 7.03928e-24 1.42574e+01 1.60181e+01 1.77383e+01
1.3160 7.04691e-24 1.42526e+01 1.60084e+01 1.77212e+01
1.3170 7.06213e-24 1.42526e+01 1.60044e+01 1.77116e+01
1.3180 7.07283e-24 1.42485e+01 1.59971e+01 1.77010e+01
1.3190 7.08301e-24 1.42418e+01 1.59856e+01 1.76839e+01
1.3200 7.08920e-24 1.42385e+01 1.59784e+01 1.76728e+01
1.3210 7.08439e-24 1.42379e+01 1.59752e+01 1.76668e+01
1.3220 7.07156e-24 1.42379e+01 1.59730e+01 1.76622e+01
1.3230 7.06117e-24 1.42363e+01 1.59694e+01 1.76569e+01
1.3240 7.04531e-24 1.42328e+01 1.59643e+01 1.76502e+01
1.3250 7.02811e-24 1.42330e+01 1.59644e+01 1.76514e+01
1.3260 7.01458e-24 1.42340e+01 1.59683e+01 1.76593e+01
1.3270 7.00403e-24 1.42386e+01 1.59732e+01 1.76644e+01
1.3280 7.00922e-24 1.42400e+01 1.59787e+01 1.76753e+01
1.3290 7.00891e-24 1.42384e+01 1.59803e+01 1.76801e+01
1.3300 7.00791e-24 1.42400e+01 1.59833e+01 1.76843e+01
1.3310 7.00767e-24 1.42370e+01 1.59797e+01 1.76797e+01
1.3320 7.00421e-24 1.42360e+01 1.59754e+01 1.76709e+01
1.3330 6.99409e-24 1.42307e+01 1.59686e+01 1.76623e+01
1.3340 6.97933e-24 1.42337e+01 1.59706e+01 1.76630e+01
1.3350 6.96555e-24 1.42323e+01 1.59680e+01 1.76587e+01
1.3360 6.94151e-24 1.42289e+01 1.59623e+01 1.76505e+01
1.3370 6.91804e-24 1.42296e+01 1.59615e+01 1.76471e+01
1.3380 6.89971e-24 1.42175e+01 1.59448e+01 1.76257e+01
1.3390 6.88670e-24 1.42105e+01 1.59366e+01 1.76159e+01
1.3400 6.88589e-24 1.42065e+01 1.59301e+01 1.76070e+01
1.3410 6.87183e-24 1.42021e+01 1.59250e+01 1.76008e+01
1.3420 6.85307e-24 1.41968e+01 1.59175e+01 1.75906e+01
1.3430 6.83669e-24 1.41971e+01 1.59156e+01 1.75863e+01
1.3440 6.82094e-24 1.41931e+01 1.59098e+01 1.75789e+01
1.3450 6.81387e-24 1.41858e+01 1.59001e+01 1.75671e+01
1.3460 6.80898e-24 1.41865e+01 1.58998e+01 1.75659e+01
1.3470 6.79867e-24 1.41811e+01 1.58935e+01 1.75588e+01
1.3480 6.79487e-24 1.41783e+01 1.58924e+01 1.75606e+01
1.3490 6.80717e-24 1.41768e+01 1.58937e+01 1.75658e+01
1.3500 6.83102e-24 1.41904e+01 1.59143e+01 1.75961e+01
1.3510 6.84149e-24 1.41893e+01 1.59183e+01 1.76059e+01
1.3520 6.84933e-24 1.41901e+01 1.59211e+01 1.76101e+01
1.3530 6.86395e-24 1.41889e+01 1.59203e+01 1.76087e+01
1.3540 6.87527e-24 1.41975e+01 1.59305e+01 1.76196e+01
1.3550 6.88634e-24 1.42047e+01 1.59379e+01 1.76269e+01
1.3560 6.87561e-24 1.42028e+01 1.59342e+01 1.76205e+01
1.3570 6.84640e-24 1.42064e+01 1.59396e+01 1.76275e+01
1.3580 6.82922e-24 1.42030e+01 1.59366e+01 1.76253e+01
1.3590 6.82216e-24 1.42056e+01 1.59441e+01 1.76397e+01
1.3600 6.81122e-24 1.42101e+01 1.59524e+01 1.76531e+01
1.3610 6.79854e-24 1.42111e+01 1.59540e+01 1.76550e+01
1.3620 6.79642e-24 1.42114e+01 1.59570e+01 1.76614e+01
1.3630 6.79801e-24 1.42211e+01 1.59714e+01 1.76807e+01
1.3640 6.80050e-24 1.42218e+01 1.59725e+01 1.76820e+01
1.3650 6.80243e-24 1.42302e+01 1.59848e+01 1.76991e+01
1.3660 6.80593e-24 1.42353e+01 1.59921e+01 1.77091e+01
1.3670 6.80910e-24 1.42326e+01 1.59896e+01 1.77073e+01
1.3680 6.82231e-24 1.42346e+01 1.59914e+01 1.77080e+01
1.3690 6.83545e-24 1.42305e+01 1.59877e+01 1.77047e+01
1.3700 6.84808e-24 1.42349e+01 1.59932e+01 1.77107e+01
1.3710 6.85107e-24 1.42416e+01 1.60000e+01 1.77174e+01
1.3720 6.84723e-24 1.42352e+01 1.59921e+01 1.77073e+01
1.3730 6.84059e-24 1.42320e+01 1.59860e+01 1.76975e+01
1.3740 6.83620e-24 1.42352e+01 1.59875e+01 1.76967e+01
1.3750 6.83456e-24 1.42329e+01 1.59845e+01 1.76925e+01
1.3760 6.82773e-24 1.42285e+01 1.59763e+01 1.76801e+01
1.3770 6.82855e-24 1.42245e+01 1.59723e+01 1.76762e+01
1.3780 6.82420e-24 1.42265e+01 1.59729e+01 1.76752e+01
1.3790 6.82245e-24 1.42249e+01 1.59697e+01 1.76701e+01
1.3800 6.81149e-24 1.42187e+01 1.59606e+01 1.76578e+01
1.3810 6.80641e-24 1.42126e+01 1.59519e+01 1.76463e+01
1.3820 6.80021e-24 1.42032e+01 1.59366e+01 1.76243e+01
1.3830 6.80461e-24 1.41950e+01 1.59237e+01 1.76059e+01
1.3840 6.80532e-24 1.41894e+01 1.59131e+01 1.75903e+01
1.3850 6.80030e-24 1.41887e+01 1.59108e+01 1.75861e+01
1.3860 6.78662e-24 1.41936e+01 1.59140e+01 1.75880e+01
1.3870 6.76467e-24 1.41942e+01 1.59150e+01 1.75891e+01
1.3880 6.76633e-24 1.42140e+01 1.59420e+01 1.76258e+01
1.3890 6.76476e-24 1.42196e+01 1.59552e+01 1.76485e+01
1.3900 6.77999e-24 1.42345e+01 1.59845e+01 1.76948e+01
1.3910 6.77670e-24 1.42381e+01 1.59937e+01 1.77100e+01
1.3920 6.77578e-24 1.42462e+01 1.60038e+01 1.77212e+01
1.3930 6.75542e-24 1.42451e+01 1.60029e+01 1.77187e+01
1.3940 6.74592e-24 1.42424e+01 1.59999e+01 1.77155e+01
1.3950 6.74985e-24 1.42455e+01 1.60102e+01 1.77347e+01
1.3960 6.75231e-24 1.42507e+01 1.60210e+01 1.77522e+01
1.3970 6.77439e-24 1.42615e+01 1.60416e+01 1.77842e+01
1.3980 6.79617e-24 1.42721e+01 1.60621e+01 1.78159e+01
1.3990 6.81640e-24 1.42787e+01 1.60763e+01 1.78391e+01
1.4000 6.83129e-24 1.42836e+01 1.60827e+01 1.78471e+01
1.4010 6.83123e-24 1.42825e+01 1.60812e+01 1.78444e+01
1.4020 6.82021e-24 1.42824e+01 1.60802e+01 1.78402e+01
1.4030 6.81641e-24 1.42740e+01 1.60693e+01 1.78256e+01
1.4040 6.81623e-24 1.42763e+01 1.60667e+01 1.78166e+01
1.4050 6.82077e-24 1.42709e+01 1.60577e+01 1.78040e+01
1.4060 6.81537e-24 1.42709e+01 1.60567e+01 1.78010e+01
1.4070 6.79865e-24 1.42712e+01 1.60534e+01 1.77938e+01
1.4080 6.77377e-24 1.42686e+01 1.60478e+01 1.77849e+01
1.4090 6.74766e-24 1.42538e+01 1.60308e+01 1.77665e+01
1.4100 6.71901e-24 1.42414e+01 1.60148e+01 1.77469e+01
1.4110 6.69747e-24 1.42278e+01 1.59984e+01 1.77276e+01
1.4120 6.70039e-24 1.42277e+01 1.59970e+01 1.77255e+01
1.4130 6.70466e-24 1.42289e+01 1.59955e+01 1.77207e+01
1.4140 6.72175e-24 1.42313e+01 1.59910e+01 1.77088e+01
1.4150 6.72811e-24 1.42321e+01 1.59879e+01 1.77008e+01
1.4160 6.72981e-24 1.42378e+01 1.59908e+01 1.76999e+01
1.4170 6.72075e-24 1.42362e+01 1.59867e+01 1.76930e+01
1.4180 6.70676e-24 1.42323e+01 1.59795e+01 1.76823e+01
1.4190 6.69991e-24 1.42323e+01 1.59780e+01 1.76798e+01
1.4200 6.70114e-24 1.42286e+01 1.59752e+01 1.76782e+01
1.4210 6.70403e-24 1.42304e+01 1.59757e+01 1.76778e+01
1.4220 6.70514e-24 1.42298e+01 1.59724e+01 1.76712e+01
1.4230 6.68899e-24 1.42267e+01 1.59682e+01 1.76663e+01
1.4240 6.67863e-24 1.42301e+01 1.59724e+01 1.76709e+01
1.4250 6.67280e-24 1.42277e+01 1.59698e+01 1.76683e+01
1.4260 6.67212e-24 1.42261e+01 1.59680e+01 1.76667e+01
1.4270 6.68125e-24 1.42303e+01 1.59701e+01 1.76661e+01
1.4280 6.68436e-24 1.42315e+01 1.59679e+01 1.76601e+01
1.4290 6.69351e-24 1.42335e+01 1.59665e+01 1.76550e+01
1.4300 6.69318e-24 1.42261e+01 1.59576e+01 1.76446e+01
1.4310 6.68939e-24 1.42231e+01 1.59528e+01 1.76377e+01
1.4320 6.69311e-24 1.42243e+01 1.59545e+01 1.76405e+01
1.4330 6.69882e-24 1.42260e+01 1.59563e+01 1.76425e+01
1.4340 6.70684e-24 1.42273e+01 1.59559e+01 1.76403e+01
1.4350 6.71122e-24 1.42331e+01 1.59630e+01 1.76485e+01
1.4360 6.70891e-24 1.42345e+01 1.59647e+01 1.76509e+01
1.4370 6.70590e-24 1.42341e+01 1.59660e+01 1.76541e+01
1.4380 6.70108e-24 1.42322e+01 1.59632e+01 1.76505e+01
1.4390 6.70127e-24 1.42278e+01 1.59580e+01 1.76443e+01
1.4400 6.70385e-24 1.42257e+01 1.59542e+01 1.76383e+01
1.4410 6.71555e-24 1.42273e+01 1.59550e+01 1.76381e+01
1.4420 6.72510e-24 1.42235e+01 1.59482e+01 1.76279e+01
1.4430 6.73736e-24 1.42207e+01 1.59430e+01 1.76204e+01
1.4440 6.75342e-24 1.42227e+01 1.59438e+01 1.76202e+01
1.4450 6.76056e-24 1.42225e+01 1.59428e+01 1.76183e+01
1.4460 6.76468e-24 1.42227e+01 1.59422e+01 1.76169e+01
1.4470 6.76138e-24 1.42311e+01 1.59502e+01 1.76239e+01
1.4480 6.74115e-24 1.42286e+01 1.59473e+01 1.76206e+01
1.4490 6.71267e-24 1.42323e+01 1.59508e+01 1.76236e+01
1.4500 6.68113e-24 1.42290e+01 1.59475e+01 1.76205e+01
1.4510 6.65145e-24 1.42255e+01 1.59444e+01 1.76178e+01
1.4520 6.62694e-24 1.42170e+01 1.59356e+01 1.76083e+01
1.4530 6.60331e-24 1.42132e+01 1.59313e+01 1.76035e+01
1.4540 6.58100e-24 1.42081e+01 1.59255e+01 1.75972e+01
1.4550 6.57435e-24 1.42057e+01 1.59235e+01 1.75954e+01
1.4560 6.57501e-24 1.42063e+01 1.59230e+01 1.75938e+01
1.4570 6.57346e-24 1.42098e+01 1.59243e+01 1.75926e+01
1.4580 6.56524e-24 1.42096e+01 1.59222e+01 1.75879e+01
1.4590 6.55816e-24 1.42068e+01 1.59176e+01 1.75818e+01
1.4600 6.55636e-24 1.42021e+01 1.59124e+01 1.75763e+01
1.4610 6.55854e-24 1.42070e+01 1.59173e+01 1.75811e+01
1.4620 6.55917e-24 1.42082e+01 1.59188e+01 1.75830e+01
1.4630 6.55926e-24 1.42083e+01 1.59177e+01 1.75806e+01
1.4640 6.56491e-24 1.42054e+01 1.59141e+01 1.75765e+01
1.4650 6.57604e-24 1.42020e+01 1.59098e+01 1.75718e+01
1.4660 6.58562e-24 1.42015e+01 1.59075e+01 1.75676e+01
1.4670 6.59254e-24 1.42005e+01 1.59035e+01 1.75607e+01
1.4680 6.58713e-24 1.42036e+01 1.59045e+01 1.75593e+01
1.4690 6.56141e-24 1.42028e+01 1.59019e+01 1.75544e+01
1.4700 6.53201e-24 1.41964e+01 1.58943e+01 1.75451e+01
1.4710 6.52418e-24 1.41902e+01 1.58870e+01 1.75366e+01
1.4720 6.53512e-24 1.41888e+01 1.58843e+01 1.75325e+01
1.4730 6.56224e-24 1.41894e+01 1.58842e+01 1.75317e+01
1.4740 6.58908e-24 1.41914e+01 1.58866e+01 1.75347e+01
1.4750 6.61005e-24 1.41937e+01 1.58885e+01 1.75364e+01
1.4760 6.62455e-24 1.41947e+01 1.58896e+01 1.75379e+01
1.4770 6.62933e-24 1.41964e+01 1.58916e+01 1.75403e+01
1.4780 6.62978e-24 1.41992e+01 1.58940e+01 1.75424e+01
1.4790 6.62067e-24 1.41999e+01 1.58937e+01 1.75404e+01
1.4800 6.60772e-24 1.41997e+01 1.58935e+01 1.75406e+01
1.4810 6.59449e-24 1.42017e+01 1.58954e+01 1.75421e+01
1.4820 6.57046e-24 1.42051e+01 1.59002e+01 1.75484e+01
1.4830 6.54363e-24 1.42076e+01 1.59055e+01 1.75566e+01
1.4840 6.51899e-24 1.42138e+01 1.59161e+01 1.75723e+01
1.4850 6.49539e-24 1.42201e+01 1.59275e+01 1.75889e+01
1.4860 6.48014e-24 1.42222e+01 1.59346e+01 1.76008e+01
1.4870 6.47903e-24 1.42311e+01 1.59481e+01 1.76192e+01
1.4880 6.48529e-24 1.42413e+01 1.59666e+01 1.76470e+01
1.4890 6.48033e-24 1.42536e+01 1.59919e+01 1.76877e+01
1.4900 6.48027e-24 1.42781e+01 1.60330e+01 1.77491e+01
1.4910 6.46245e-24 1.42800e+01 1.60425e+01 1.77669e+01
1.4920 6.47225e-24 1.42960e+01 1.60701e+01 1.78053e+01
1.4930 6.47410e-24 1.43028e+01 1.60849e+01 1.78280e+01
1.4940 6.49018e-24 1.43148e+01 1.61070e+01 1.78607e+01
1.4950 6.49443e-24 1.43198e+01 1.61177e+01 1.78765e+01
1.4960 6.50052e-24 1.43190e+01 1.61234e+01 1.78885e+01
1.4970 6.49675e-24 1.43202e+01 1.61276e+01 1.78952e+01
1.4980 6.50175e-24 1.43280e+01 1.61404e+01 1.79146e+01
1.4990 6.51092e-24 1.43293e+01 1.61432e+01 1.79205e+01
1.5000 6.51245e-24 1.43303e+01 1.61475e+01 1.79287e+01
1.5010 6.50071e-24 1.43324e+01 1.61512e+01 1.79341e+01
1.5020 6.48993e-24 1.43288e+01 1.61451e+01 1.79247e+01
1.5030 6.47178e-24 1.43143e+01 1.61248e+01 1.78972e+01
1.5040 6.45523e-24 1.43108e+01 1.61198e+01 1.78901e+01
1.5050 6.43246e-24 1.43099e+01 1.61192e+01 1.78893e+01
1.5060 6.42116e-24 1.43135e+01 1.61228e+01 1.78940e+01
1.5070 6.40000e-24 1.43109e+01 1.61216e+01 1.78953e+01
1.5080 6.39036e-24 1.43050e+01 1.61146e+01 1.78875e+01
1.5090 6.39291e-24 1.42996e+01 1.61066e+01 1.78771e+01
1.5100 6.40826e-24 1.42890e+01 1.60931e+01 1.78602e+01
1.5110 6.42132e-24 1.42841e+01 1.60879e+01 1.78555e+01
1.5120 6.42974e-24 1.42858e+01 1.60870e+01 1.78507e+01
1.5130 6.43244e-24 1.42732e+01 1.60670e+01 1.78216e+01
1.5140 6.43685e-24 1.42684e+01 1.60617e+01 1.78167e+01
1.5150 6.43072e-24 1.42664e+01 1.60533e+01 1.78006e+01
1.5160 6.41337e-24 1.42690e+01 1.60521e+01 1.77954e+01
1.5170 6.39358e-24 1.42600e+01 1.60377e+01 1.77744e+01
1.5180 6.36869e-24 1.42570e+01 1.60288e+01 1.77589e+01
1.5190 6.33550e-24 1.42510e+01 1.60200e+01 1.77468e+01
1.5200 6.30883e-24 1.42435e+01 1.60097e+01 1.77342e+01
1.5210 6.29211e-24 1.42400e+01 1.60031e+01 1.77252e+01
1.5220 6.28289e-24 1.42295e+01 1.59902e+01 1.77094e+01
1.5230 6.28185e-24 1.42199e+01 1.59795e+01 1.76979e+01
1.5240 6.28258e-24 1.42152e+01 1.59729e+01 1.76895e+01
1.5250 6.28359e-24 1.42143e+01 1.59701e+01 1.76846e+01
1.5260 6.29159e-24 1.42178e+01 1.59717e+01 1.76844e+01
1.5270 6.29566e-24 1.42189e+01 1.59713e+01 1.76829e+01
1.5280 6.28290e-24 1.42225e+01 1.59738e+01 1.76838e+01
1.5290 6.25457e-24 1.42141e+01 1.59649e+01 1.76747e+01
1.5300 6.22151e-24 1.42110e+01 1.59623e+01 1.76728e+01
1.5310 6.20000e-24 1.42068e+01 1.59570e+01 1.76658e+01
1.5320 6.18702e-24 1.42026e+01 1.59525e+01 1.76602e+01
1.5330 6.18454e-24 1.41990e+01 1.59476e+01 1.76545e+01
1.5340 6.19145e-24 1.41989e+01 1.59483e+01 1.76566e+01
1.5350 6.19378e-24 1.41968e+01 1.59474e+01 1.76576e+01
1.5360 6.19458e-24 1.41977e+01 1.59463e+01 1.76535e+01
1.5370 6.18845e-24 1.41971e+01 1.59433e+01 1.76473e+01
1.5380 6.17818e-24 1.41914e+01 1.59349e+01 1.76358e+01
1.5390 6.16719e-24 1.41856e+01 1.59252e+01 1.76218e+01
1.5400 6.16072e-24 1.41860e+01 1.59237e+01 1.76183e+01
1.5410 6.15512e-24 1.41801e+01 1.59157e+01 1.76081e+01
1.5420 6.15435e-24 1.41744e+01 1.59066e+01 1.75956e+01
1.5430 6.15100e-24 1.41687e+01 1.58997e+01 1.75878e+01
1.5440 6.14893e-24 1.41641e+01 1.58940e+01 1.75809e+01
1.5450 6.15147e-24 1.41632e+01 1.58908e+01 1.75753e+01
1.5460 6.14974e-24 1.41603e+01 1.58869e+01 1.75698e+01
1.5470 6.15271e-24 1.41638e+01 1.58888e+01 1.75702e+01
1.5480 6.15538e-24 1.41633e+01 1.58873e+01 1.75678e+01
1.5490 6.15472e-24 1.41600e+01 1.58834e+01 1.75635e+01
1.5500 6.15189e-24 1.41654e+01 1.58874e+01 1.75661e+01
1.5510 6.14242e-24 1.41729e+01 1.58934e+01 1.75702e+01
1.5520 6.12355e-24 1.41697e+01 1.58900e+01 1.75668e+01
1.5530 6.10904e-24 1.41735e+01 1.58957e+01 1.75749e+01
1.5540 6.10003e-24 1.41751e+01 1.58995e+01 1.75814e+01
1.5550 6.09132e-24 1.41807e+01 1.59107e+01 1.75990e+01
1.5560 6.08525e-24 1.41796e+01 1.59138e+01 1.76074e+01
1.5570 6.09766e-24 1.41782e+01 1.59196e+01 1.76214e+01
1.5580 6.10351e-24 1.41792e+01 1.59260e+01 1.76338e+01
1.5590 6.10392e-24 1.41862e+01 1.59367e+01 1.76492e+01
1.5600 6.10479e-24 1.41924e+01 1.59473e+01 1.76654e+01
1.5610 6.11315e-24 1.41968e+01 1.59562e+01 1.76788e+01
1.5620 6.13223e-24 1.42025e+01 1.59673e+01 1.76963e+01
1.5630 6.15355e-24 1.41990e+01 1.59650e+01 1.76947e+01
1.5640 6.17154e-24 1.42003e+01 1.59642e+01 1.76904e+01
1.5650 6.18763e-24 1.42103e+01 1.59743e+01 1.76997e+01
1.5660 6.18514e-24 1.42139e+01 1.59766e+01 1.76999e+01
1.5670 6.16931e-24 1.42178e+01 1.59804e+01 1.77031e+01
1.5680 6.15572e-24 1.42265e+01 1.59896e+01 1.77133e+01
1.5690 6.14594e-24 1.42296e+01 1.59951e+01 1.77235e+01
1.5700 6.12327e-24 1.42253e+01 1.59917e+01 1.77210e+01
1.5710 6.09058e-24 1.42193e+01 1.59829e+01 1.77092e+01
1.5720 6.05891e-24 1.42146e+01 1.59788e+01 1.77059e+01
1.5730 6.03693e-24 1.42097e+01 1.59713e+01 1.76948e+01
1.5740 6.02547e-24 1.42021e+01 1.59604e+01 1.76799e+01
1.5750 6.02038e-24 1.42001e+01 1.59560e+01 1.76727e+01
1.5760 6.02664e-24 1.42018e+01 1.59553e+01 1.76703e+01
1.5770 6.03732e-24 1.42040e+01 1.59543e+01 1.76653e+01
1.5780 6.04671e-24 1.42021e+01 1.59494e+01 1.76565e+01
1.5790 6.06136e-24 1.41996e+01 1.59439e+01 1.76485e+01
1.5800 6.07235e-24 1.41983e+01 1.59411e+01 1.76438e+01
1.5810 6.07709e-24 1.42019e+01 1.59424e+01 1.76421e+01
1.5820 6.07135e-24 1.41997e+01 1.59378e+01 1.76349e+01
1.5830 6.05429e-24 1.42014e+01 1.59387e+01 1.76348e+01
1.5840 6.02841e-24 1.41993e+01 1.59379e+01 1.76353e+01
1.5850 6.00117e-24 1.41967e+01 1.59343e+01 1.76305e+01
1.5860 5.97535e-24 1.42004e+01 1.59413e+01 1.76410e+01
1.5870 5.96990e-24 1.42033e+01 1.59473e+01 1.76507e+01
1.5880 5.95959e-24 1.42093e+01 1.59564e+01 1.76638e+01
1.5890 5.95951e-24 1.42108e+01 1.59595e+01 1.76684e+01
1.5900 5.96203e-24 1.42112e+01 1.59591e+01 1.76661e+01
1.5910 5.95749e-24 1.42088e+01 1.59538e+01 1.76570e+01
1.5920 5.94942e-24 1.42088e+01 1.59527e+01 1.76545e+01
1.5930 5.93623e-24 1.42106e+01 1.59552e+01 1.76575e+01
1.5940 5.92569e-24 1.42197e+01 1.59673e+01 1.76737e+01
1.5950 5.92946e-24 1.42350e+01 1.59903e+01 1.77056e+01
1.5960 5.91918e-24 1.42291e+01 1.59873e+01 1.77047e+01
1.5970 5.90768e-24 1.42189e+01 1.59761e+01 1.76918e+01
1.5980 5.89745e-24 1.42200e+01 1.59767e+01 1.76917e+01
1.5990 5.88466e-24 1.42212e+01 1.59779e+01 1.76920e+01
1.6000 5.86843e-24 1.42232e+01 1.59811e+01 1.76962e+01
1.6010 5.84727e-24 1.42226e+01 1.59830e+01 1.77013e+01
1.6020 5.82642e-24 1.42230e+01 1.59855e+01 1.77063e+01
1.6030 5.80596e-24 1.42172e+01 1.59774e+01 1.76958e+01
1.6040 5.79373e-24 1.42142e+01 1.59758e+01 1.76960e+01
1.6050 5.79212e-24 1.42187e+01 1.59803e+01 1.77000e+01
1.6060 5.79834e-24 1.42182e+01 1.59790e+01 1.76980e+01
1.6070 5.80081e-24 1.42164e+01 1.59760e+01 1.76933e+01
1.6080 5.81279e-24 1.42191e+01 1.59781e+01 1.76959e+01
1.6090 5.82888e-24 1.42247e+01 1.59843e+01 1.77049e+01
1.6100 5.83580e-24 1.42250e+01 1.59858e+01 1.77088e+01
1.6110 5.86573e-24 1.42241e+01 1.59862e+01 1.77107e+01
1.6120 5.88484e-24 1.42282e+01 1.59895e+01 1.77130e+01
1.6130 5.90025e-24 1.42263e+01 1.59866e+01 1.77086e+01
1.6140 5.91273e-24 1.42284e+01 1.59874e+01 1.77084e+01
1.6150 5.92402e-24 1.42322e+01 1.59885e+01 1.77063e+01
1.6160 5.92517e-24 1.42321e+01 1.59862e+01 1.77021e+01
1.6170 5.92158e-24 1.42357e+01 1.59888e+01 1.77036e+01
1.6180 5.91426e-24 1.42437e+01 1.59969e+01 1.77113e+01
1.6190 5.89453e-24 1.42454e+01 1.59970e+01 1.77099e+01
1.6200 5.86895e-24 1.42399e+01 1.59910e+01 1.77030e+01
1.6210 5.83909e-24 1.42372e+01 1.59888e+01 1.77015e+01
1.6220 5.81588e-24 1.42364e+01 1.59922e+01 1.77093e+01
1.6230 5.80379e-24 1.42353e+01 1.59907e+01 1.77071e+01
1.6240 5.79387e-24 1.42315e+01 1.59842e+01 1.76971e+01
1.6250 5.77522e-24 1.42267e+01 1.59782e+01 1.76896e+01
1.6260 5.75538e-24 1.42181e+01 1.59674e+01 1.76774e+01
1.6270 5.73871e-24 1.42215e+01 1.59714e+01 1.76819e+01
1.6280 5.72640e-24 1.42175e+01 1.59667e+01 1.76752e+01
1.6290 5.73146e-24 1.42108e+01 1.59586e+01 1.76662e+01
1.6300 5.75653e-24 1.42132e+01 1.59615e+01 1.76690e+01
1.6310 5.78432e-24 1.42102e+01 1.59581e+01 1.76661e+01
1.6320 5.81472e-24 1.42163e+01 1.59643e+01 1.76728e+01
1.6330 5.84902e-24 1.42229e+01 1.59704e+01 1.76785e+01
1.6340 5.86864e-24 1.42281e+01 1.59742e+01 1.76814e+01
1.6350 5.87954e-24 1.42303e+01 1.59743e+01 1.76794e+01
1.6360 5.87108e-24 1.42310e+01 1.59697e+01 1.76679e+01
1.6370 5.85145e-24 1.42269e+01 1.59595e+01 1.76510e+01
1.6380 5.81837e-24 1.42201e+01 1.59510e+01 1.76404e+01
1.6390 5.78680e-24 1.42213e+01 1.59502e+01 1.76371e+01
1.6400 5.76656e-24 1.42250e+01 1.59552e+01 1.76444e+01
1.6410 5.75157e-24 1.42328e+01 1.59687e+01 1.76645e+01
1.6420 5.73780e-24 1.42292e+01 1.59696e+01 1.76704e+01
1.6430 5.73135e-24 1.42298e+01 1.59767e+01 1.76842e+01
1.6440 5.73782e-24 1.42370e+01 1.59886e+01 1.77006e+01
1.6450 5.75044e-24 1.42382e+01 1.59923e+01 1.77082e+01
1.6460 5.77181e-24 1.42568e+01 1.60142e+01 1.77336e+01
1.6470 5.77904e-24 1.42571e+01 1.60169e+01 1.77397e+01
1.6480 5.78411e-24 1.42590e+01 1.60227e+01 1.77502e+01
1.6490 5.79126e-24 1.42478e+01 1.60081e+01 1.77315e+01
1.6500 5.80252e-24 1.42479e+01 1.60043e+01 1.77214e+01
1.6510 5.81305e-24 1.42433e+01 1.59960e+01 1.77087e+01
1.6520 5.82627e-24 1.42448e+01 1.59941e+01 1.77026e+01
1.6530 5.83681e-24 1.42453e+01 1.59942e+01 1.77019e+01
1.6540 5.84341e-24 1.42522e+01 1.60027e+01 1.77124e+01
1.6550 5.85546e-24 1.42627e+01 1.60154e+01 1.77284e+01
1.6560 5.86877e-24 1.42635e+01 1.60172e+01 1.77318e+01
1.6570 5.88003e-24 1.42642e+01 1.60183e+01 1.77332e+01
1.6580 5.88410e-24 1.42670e+01 1.60196e+01 1.77339e+01
1.6590 5.87308e-24 1.42727e+01 1.60242e+01 1.77366e+01
1.6600 5.85497e-24 1.42754e+01 1.60273e+01 1.77402e+01
1.6610 5.83529e-24 1.42864e+01 1.60432e+01 1.77619e+01
1.6620 5.80715e-24 1.42926e+01 1.60529e+01 1.77757e+01
1.6630 5.78711e-24 1.42923e+01 1.60540e+01 1.77779e+01
1.6640 5.76987e-24 1.42917e+01 1.60577e+01 1.77863e+01
1.6650 5.75884e-24 1.42865e+01 1.60540e+01 1.77835e+01
1.6660 5.74319e-24 1.42799e+01 1.60472e+01 1.77763e+01
1.6670 5.73497e-24 1.42742e+01 1.60376e+01 1.77604e+01
1.6680 5.73038e-24 1.42645e+01 1.60252e+01 1.77452e+01
1.6690 5.73223e-24 1.42526e+01 1.60105e+01 1.77285e+01
1.6700 5.74327e-24 1.42475e+01 1.60036e+01 1.77196e+01
1.6710 5.75091e-24 1.42502e+01 1.60039e+01 1.77172e+01
1.6720 5.75636e-24 1.42528e+01 1.60041e+01 1.77149e+01
1.6730 5.75686e-24 1.42558e+01 1.60038e+01 1.77108e+01
1.6740 5.74537e-24 1.42501e+01 1.59953e+01 1.76995e+01
1.6750 5.73803e-24 1.42478e+01 1.59915e+01 1.76941e+01
1.6760 5.73895e-24 1.42437e+01 1.59841e+01 1.76830e+01
1.6770 5.73459e-24 1.42356e+01 1.59732e+01 1.76693e+01
1.6780 5.74029e-24 1.42411e+01 1.59770e+01 1.76710e+01
1.6790 5.74641e-24 1.42414e+01 1.59754e+01 1.76677e+01
1.6800 5.74640e-24 1.42414e+01 1.59751e+01 1.76677e+01
1.6810 5.75379e-24 1.42472e+01 1.59817e+01 1.76747e+01
1.6820 5.75024e-24 1.42478e+01 1.59846e+01 1.76801e+01
1.6830 5.75406e-24 1.42513e+01 1.59914e+01 1.76905e+01
1.6840 5.76056e-24 1.42512e+01 1.59926e+01 1.76942e+01
1.6850 5.76073e-24 1.42556e+01 1.59994e+01 1.77046e+01
1.6860 5.75669e-24 1.42674e+01 1.60146e+01 1.77239e+01
1.6870 5.74447e-24 1.42701e+01 1.60216e+01 1.77354e+01
1.6880 5.73067e-24 1.42611e+01 1.60148e+01 1.77311e+01
1.6890 5.71243e-24 1.42578e+01 1.60156e+01 1.77363e+01
1.6900 5.69865e-24 1.42495e+01 1.60084e+01 1.77305e+01
1.6910 5.69739e-24 1.42521e+01 1.60106e+01 1.77316e+01
1.6920 5.70256e-24 1.42584e+01 1.60200e+01 1.77434e+01
1.6930 5.71046e-24 1.42565e+01 1.60177e+01 1.77398e+01
1.6940 5.72654e-24 1.42518e+01 1.60133e+01 1.77361e+01
1.6950 5.73851e-24 1.42489e+01 1.60099e+01 1.77317e+01
1.6960 5.74092e-24 1.42412e+01 1.60010e+01 1.77211e+01
1.6970 5.74810e-24 1.42385e+01 1.59988e+01 1.77198e+01
1.6980 5.74974e-24 1.42380e+01 1.59975e+01 1.77178e+01
1.6990 5.75246e-24 1.42364e+01 1.59970e+01 1.77186e+01
1.7000 5.75578e-24 1.42417e+01 1.60036e+01 1.77272e+01
1.7010 5.76084e-24 1.42407e+01 1.60019e+01 1.77240e+01
1.7020 5.77091e-24 1.42477e+01 1.60094e+01 1.77326e+01
1.7030 5.77722e-24 1.42495e+01 1.60143e+01 1.77412e+01
1.7040 5.77729e-24 1.42534e+01 1.60203e+01 1.77499e+01
1.7050 5.78391e-24 1.42536e+01 1.60208e+01 1.77502e+01
1.7060 5.78456e-24 1.42495e+01 1.60138e+01 1.77397e+01
1.7070 5.77822e-24 1.42431e+01 1.60048e+01 1.77271e+01
1.7080 5.77736e-24 1.42423e+01 1.59994e+01 1.77162e+01
1.7090 5.78296e-24 1.42391e+01 1.59929e+01 1.77062e+01
1.7100 5.78626e-24 1.42366e+01 1.59888e+01 1.77004e+01
1.7110 5.77977e-24 1.42352e+01 1.59855e+01 1.76947e+01
1.7120 5.77288e-24 1.42305e+01 1.59798e+01 1.76881e+01
1.7130 5.75642e-24 1.42251e+01 1.59724e+01 1.76782e+01
1.7140 5.74325e-24 1.42132e+01 1.59565e+01 1.76578e+01
1.7150 5.74229e-24 1.42004e+01 1.59406e+01 1.76389e+01
1.7160 5.74800e-24 1.41978e+01 1.59369e+01 1.76344e+01
1.7170 5.75958e-24 1.41987e+01 1.59345e+01 1.76292e+01
1.7180 5.76116e-24 1.41965e+01 1.59287e+01 1.76186e+01
1.7190 5.75719e-24 1.41929e+01 1.59230e+01 1.76103e+01
1.7200 5.75382e-24 1.41895e+01 1.59160e+01 1.75996e+01
1.7210 5.75754e-24 1.41877e+01 1.59116e+01 1.75921e+01
1.7220 5.76557e-24 1.41875e+01 1.59087e+01 1.75860e+01
1.7230 5.77325e-24 1.41881e+01 1.59065e+01 1.75808e+01
1.7240 5.77502e-24 1.41843e+01 1.59003e+01 1.75717e+01
1.7250 5.77160e-24 1.41833e+01 1.58969e+01 1.75659e+01
1.7260 5.77175e-24 1.41780e+01 1.58892e+01 1.75559e+01
1.7270 5.78015e-24 1.41748e+01 1.58830e+01 1.75466e+01
1.7280 5.78703e-24 1.41702e+01 1.58769e+01 1.75388e+01
1.7290 5.79833e-24 1.41650e+01 1.58700e+01 1.75303e+01
1.7300 5.80615e-24 1.41635e+01 1.58663e+01 1.75246e+01
1.7310 5.81491e-24 1.41615e+01 1.58618e+01 1.75179e+01
1.7320 5.81695e-24 1.41633e+01 1.58630e+01 1.75185e+01
1.7330 5.81242e-24 1.41634e+01 1.58619e+01 1.75163e+01
1.7340 5.80638e-24 1.41626e+01 1.58602e+01 1.75138e+01
1.7350 5.79964e-24 1.41620e+01 1.58592e+01 1.75127e+01
1.7360 5.78868e-24 1.41626e+01 1.58591e+01 1.75119e+01
1.7370 5.76869e-24 1.41637e+01 1.58612e+01 1.75148e+01
1.7380 5.74460e-24 1.41586e+01 1.58570e+01 1.75117e+01
1.7390 5.72731e-24 1.41545e+01 1.58537e+01 1.75096e+01
1.7400 5.71866e-24 1.41538e+01 1.58553e+01 1.75138e+01
1.7410 5.71678e-24 1.41553e+01 1.58593e+01 1.75206e+01
1.7420 5.72000e-24 1.41573e+01 1.58638e+01 1.75278e+01
1.7430 5.72692e-24 1.41574e+01 1.58662e+01 1.75321e+01
1.7440 5.73743e-24 1.41565e+01 1.58662e+01 1.75334e+01
1.7450 5.74890e-24 1.41596e+01 1.58705e+01 1.75390e+01
1.7460 5.75690e-24 1.41693e+01 1.58822e+01 1.75529e+01
1.7470 5.76060e-24 1.41791e+01 1.58945e+01 1.75689e+01
1.7480 5.75724e-24 1.41827e+01 1.59018e+01 1.75801e+01
1.7490 5.76014e-24 1.41863e+01 1.59091e+01 1.75906e+01
1.7500 5.75882e-24 1.41848e+01 1.59124e+01 1.75997e+01
1.7510 5.75773e-24 1.41840e+01 1.59166e+01 1.76089e+01
1.7520 5.75461e-24 1.41876e+01 1.59238e+01 1.76195e+01
1.7530 5.74564e-24 1.41876e+01 1.59252e+01 1.76224e+01
1.7540 5.72721e-24 1.41857e+01 1.59246e+01 1.76229e+01
1.7550 5.71352e-24 1.41804e+01 1.59208e+01 1.76219e+01
1.7560 5.71534e-24 1.41784e+01 1.59196e+01 1.76213e+01
1.7570 5.72260e-24 1.41692e+01 1.59078e+01 1.76064e+01
1.7580 5.73940e-24 1.41660e+01 1.59019e+01 1.75970e+01
1.7590 5.75048e-24 1.41615e+01 1.58949e+01 1.75867e+01
1.7600 5.75336e-24 1.41602e+01 1.58930e+01 1.75843e+01
1.7610 5.75335e-24 1.41567e+01 1.58886e+01 1.75795e+01
1.7620 5.75160e-24 1.41589e+01 1.58917e+01 1.75833e+01
1.7630 5.74971e-24 1.41573e+01 1.58894e+01 1.75803e+01
1.7640 5.74551e-24 1.41598e+01 1.58913e+01 1.75812e+01
1.7650 5.74694e-24 1.41541e+01 1.58847e+01 1.75738e+01
1.7660 5.75002e-24 1.41523e+01 1.58849e+01 1.75766e+01
1.7670 5.75209e-24 1.41495e+01 1.58816e+01 1.75731e+01
1.7680 5.74898e-24 1.41474e+01 1.58795e+01 1.75705e+01
1.7690 5.74948e-24 1.41427e+01 1.58735e+01 1.75632e+01
1.7700 5.75074e-24 1.41432e+01 1.58739e+01 1.75641e+01
1.7710 5.75020e-24 1.41454e+01 1.58752e+01 1.75643e+01
1.7720 5.74680e-24 1.41467e+01 1.58750e+01 1.75622e+01
1.7730 5.73293e-24 1.41453e+01 1.58743e+01 1.75619e+01
1.7740 5.71947e-24 1.41435e+01 1.58725e+01 1.75601e+01
