# 1:time 2:Lum 3:eave 4:erms 5:eskw
0.0100 1.43683e-22 1.07147e+01 1.19929e+01 1.32419e+01
0.0110 1.18770e-22 1.01919e+01 1.13812e+01 1.25087e+01
0.0120 9.93323e-23 9.85369e+00 1.09879e+01 1.20597e+01
0.0130 9.05986e-23 9.59554e+00 1.07122e+01 1.17813e+01
0.0140 8.35766e-23 9.48603e+00 1.06007e+01 1.16774e+01
0.0150 7.87787e-23 9.41882e+00 1.05335e+01 1.16136e+01
0.0160 7.24709e-23 9.21201e+00 1.02950e+01 1.13575e+01
0.0170 6.64800e-23 8.98537e+00 1.00395e+01 1.10853e+01
0.0180 6.24724e-23 8.83963e+00 9.85732e+00 1.08740e+01
0.0190 5.82331e-23 8.76064e+00 9.77603e+00 1.07940e+01
0.0200 5.49437e-23 8.64035e+00 9.62634e+00 1.06183e+01
0.0210 5.32036e-23 8.60254e+00 9.58796e+00 1.05812e+01
0.0220 5.15178e-23 8.53491e+00 9.51785e+00 1.05114e+01
0.0230 4.96320e-23 8.49876e+00 9.49204e+00 1.04971e+01
0.0240 4.89760e-23 8.59958e+00 9.67923e+00 1.07959e+01
0.0250 4.69270e-23 8.51178e+00 9.61095e+00 1.07933e+01
0.0260 4.62689e-23 8.49907e+00 9.58683e+00 1.07537e+01
0.0270 4.59073e-23 8.52013e+00 9.62013e+00 1.08031e+01
0.0280 4.51333e-23 8.51832e+00 9.62618e+00 1.08204e+01
0.0290 4.40633e-23 8.47522e+00 9.57011e+00 1.07467e+01
0.0300 4.34632e-23 8.48417e+00 9.59213e+00 1.07872e+01
0.0310 4.34769e-23 8.51719e+00 9.62552e+00 1.08098e+01
0.0320 4.19379e-23 8.42610e+00 9.51175e+00 1.06754e+01
0.0330 4.13216e-23 8.39775e+00 9.48406e+00 1.06506e+01
0.0340 4.06576e-23 8.35604e+00 9.42883e+00 1.05796e+01
0.0350 4.04339e-23 8.37857e+00 9.45521e+00 1.06066e+01
0.0360 4.03978e-23 8.39305e+00 9.47269e+00 1.06276e+01
0.0370 4.10496e-23 8.45492e+00 9.54510e+00 1.07071e+01
0.0380 4.02292e-23 8.39935e+00 9.47725e+00 1.06287e+01
0.0390 4.01032e-23 8.40505e+00 9.48574e+00 1.06398e+01
0.0400 3.99454e-23 8.41313e+00 9.49891e+00 1.06593e+01
0.0410 3.97203e-23 8.41109e+00 9.49330e+00 1.06484e+01
0.0420 3.95817e-23 8.42120e+00 9.50859e+00 1.06703e+01
0.0430 3.94277e-23 8.42417e+00 9.51044e+00 1.06696e+01
0.0440 3.92417e-23 8.42866e+00 9.51658e+00 1.06777e+01
0.0450 3.91166e-23 8.43812e+00 9.52905e+00 1.06941e+01
0.0460 3.90472e-23 8.44682e+00 9.54023e+00 1.07073e+01
0.0470 3.90031e-23 8.45562e+00 9.54901e+00 1.07152e+01
0.0480 3.90707e-23 8.49064e+00 9.60534e+00 1.07996e+01
0.0490 3.90106e-23 8.49017e+00 9.59555e+00 1.07760e+01
0.0500 3.90122e-23 8.49578e+00 9.60006e+00 1.07783e+01
0.0510 3.90160e-23 8.50731e+00 9.61373e+00 1.07935e+01
0.0520 3.90744e-23 8.53283e+00 9.64794e+00 1.08387e+01
0.0530 3.90718e-23 8.53541e+00 9.64832e+00 1.08354e+01
0.0540 3.91219e-23 8.56053e+00 9.68326e+00 1.08829e+01
0.0550 3.91489e-23 8.57075e+00 9.69339e+00 1.08915e+01
0.0560 3.91271e-23 8.58597e+00 9.71464e+00 1.09199e+01
0.0570 3.94407e-23 8.63354e+00 9.77452e+00 1.09934e+01
0.0580 3.91486e-23 8.61555e+00 9.74873e+00 1.09580e+01
0.0590 3.91471e-23 8.62837e+00 9.76377e+00 1.09749e+01
0.0600 3.92041e-23 8.64419e+00 9.78204e+00 1.09958e+01
0.0610 3.91840e-23 8.66733e+00 9.81585e+00 1.10430e+01
0.0620 3.92276e-23 8.67174e+00 9.81275e+00 1.10286e+01
0.0630 3.92272e-23 8.68800e+00 9.83491e+00 1.10581e+01
0.0640 3.93090e-23 8.70979e+00 9.86171e+00 1.10898e+01
0.0650 3.93444e-23 8.72206e+00 9.87525e+00 1.11045e+01
0.0660 3.93803e-23 8.74283e+00 9.90316e+00 1.11405e+01
0.0670 3.94974e-23 8.76228e+00 9.92577e+00 1.11659e+01
0.0680 3.95136e-23 8.78336e+00 9.95586e+00 1.12072e+01
0.0690 3.95697e-23 8.79155e+00 9.96049e+00 1.12057e+01
0.0700 3.96946e-23 8.82551e+00 1.00087e+01 1.12716e+01
0.0710 3.97557e-23 8.83704e+00 1.00204e+01 1.12819e+01
0.0720 3.97114e-23 8.84482e+00 1.00311e+01 1.12958e+01
0.0730 3.98370e-23 8.86528e+00 1.00571e+01 1.13275e+01
0.0740 3.98654e-23 8.87998e+00 1.00776e+01 1.13550e+01
0.0750 3.98382e-23 8.89194e+00 1.00929e+01 1.13736e+01
0.0760 3.98749e-23 8.90795e+00 1.01141e+01 1.14004e+01
0.0770 3.99289e-23 8.92606e+00 1.01355e+01 1.14243e+01
0.0780 3.98639e-23 8.93579e+00 1.01500e+01 1.14449e+01
0.0790 3.98930e-23 8.95241e+00 1.01691e+01 1.14658e+01
0.0800 3.98804e-23 8.96989e+00 1.01917e+01 1.14937e+01
0.0810 3.98504e-23 8.99053e+00 1.02200e+01 1.15310e+01
0.0820 3.98616e-23 9.00902e+00 1.02439e+01 1.15600e+01
0.0830 3.97573e-23 9.01854e+00 1.02553e+01 1.15728e+01
0.0840 3.96299e-23 9.02365e+00 1.02605e+01 1.15773e+01
0.0850 3.94971e-23 9.03638e+00 1.02778e+01 1.15996e+01
0.0860 3.93339e-23 9.04359e+00 1.02853e+01 1.16065e+01
0.0870 3.91746e-23 9.05020e+00 1.02926e+01 1.16140e+01
0.0880 3.90085e-23 9.05871e+00 1.03032e+01 1.16267e+01
0.0890 3.87981e-23 9.05786e+00 1.02969e+01 1.16127e+01
0.0900 3.87048e-23 9.07243e+00 1.03158e+01 1.16368e+01
0.0910 3.86075e-23 9.08057e+00 1.03222e+01 1.16396e+01
0.0920 3.85460e-23 9.09615e+00 1.03416e+01 1.16631e+01
0.0930 3.84835e-23 9.10987e+00 1.03572e+01 1.16797e+01
0.0940 3.84745e-23 9.12733e+00 1.03782e+01 1.17038e+01
0.0950 3.84580e-23 9.14462e+00 1.03994e+01 1.17284e+01
0.0960 3.84678e-23 9.16616e+00 1.04275e+01 1.17632e+01
0.0970 3.85037e-23 9.18915e+00 1.04571e+01 1.17997e+01
0.0980 3.85219e-23 9.21079e+00 1.04850e+01 1.18339e+01
0.0990 3.85374e-23 9.23154e+00 1.05114e+01 1.18659e+01
0.1000 3.85559e-23 9.25383e+00 1.05409e+01 1.19030e+01
0.1010 3.85348e-23 9.27163e+00 1.05637e+01 1.19310e+01
0.1020 3.85019e-23 9.28813e+00 1.05853e+01 1.19577e+01
0.1030 3.84784e-23 9.30590e+00 1.06088e+01 1.19872e+01
0.1040 3.84294e-23 9.32109e+00 1.06285e+01 1.20113e+01
0.1050 3.83726e-23 9.33503e+00 1.06466e+01 1.20333e+01
0.1060 3.83416e-23 9.34989e+00 1.06657e+01 1.20565e+01
0.1070 3.83013e-23 9.36283e+00 1.06824e+01 1.20767e+01
0.1080 3.82633e-23 9.37594e+00 1.06993e+01 1.20969e+01
0.1090 3.82286e-23 9.38945e+00 1.07162e+01 1.21165e+01
0.1100 3.81987e-23 9.40256e+00 1.07321e+01 1.21347e+01
0.1110 3.81531e-23 9.41389e+00 1.07453e+01 1.21490e+01
0.1120 3.80931e-23 9.42566e+00 1.07595e+01 1.21648e+01
0.1130 3.80426e-23 9.43914e+00 1.07753e+01 1.21821e+01
0.1140 3.79969e-23 9.45456e+00 1.07936e+01 1.22026e+01
0.1150 3.79401e-23 9.46800e+00 1.08093e+01 1.22200e+01
0.1160 3.78923e-23 9.48124e+00 1.08254e+01 1.22385e+01
0.1170 3.78634e-23 9.49769e+00 1.08460e+01 1.22629e+01
0.1180 3.78306e-23 9.51633e+00 1.08690e+01 1.22900e+01
0.1190 3.78200e-23 9.53483e+00 1.08922e+01 1.23177e+01
0.1200 3.77905e-23 9.55027e+00 1.09123e+01 1.23424e+01
0.1210 3.77220e-23 9.56287e+00 1.09287e+01 1.23627e+01
0.1220 3.76420e-23 9.57573e+00 1.09447e+01 1.23817e+01
0.1230 3.75890e-23 9.59129e+00 1.09642e+01 1.24051e+01
0.1240 3.75094e-23 9.60410e+00 1.09798e+01 1.24233e+01
0.1250 3.73877e-23 9.61286e+00 1.09903e+01 1.24355e+01
0.1260 3.72595e-23 9.62193e+00 1.10013e+01 1.24484e+01
0.1270 3.71451e-23 9.63426e+00 1.10164e+01 1.24661e+01
0.1280 3.70390e-23 9.64734e+00 1.10318e+01 1.24835e+01
0.1290 3.69455e-23 9.65956e+00 1.10456e+01 1.24983e+01
0.1300 3.68799e-23 9.67382e+00 1.10624e+01 1.25173e+01
0.1310 3.68345e-23 9.69090e+00 1.10832e+01 1.25414e+01
0.1320 3.68206e-23 9.71019e+00 1.11066e+01 1.25683e+01
0.1330 3.68453e-23 9.73198e+00 1.11330e+01 1.25988e+01
0.1340 3.68076e-23 9.74692e+00 1.11517e+01 1.26209e+01
0.1350 3.67509e-23 9.75950e+00 1.11671e+01 1.26388e+01
0.1360 3.66815e-23 9.77297e+00 1.11842e+01 1.26593e+01
0.1370 3.66329e-23 9.78815e+00 1.12042e+01 1.26842e+01
0.1380 3.65717e-23 9.80233e+00 1.12224e+01 1.27062e+01
0.1390 3.65263e-23 9.81754e+00 1.12416e+01 1.27295e+01
0.1400 3.64787e-23 9.83195e+00 1.12612e+01 1.27544e+01
0.1410 3.64353e-23 9.84741e+00 1.12821e+01 1.27808e+01
0.1420 3.64139e-23 9.86570e+00 1.13060e+01 1.28101e+01
0.1430 3.63903e-23 9.88155e+00 1.13260e+01 1.28342e+01
0.1440 3.63449e-23 9.89412e+00 1.13418e+01 1.28530e+01
0.1450 3.62587e-23 9.90553e+00 1.13558e+01 1.28692e+01
0.1460 3.61201e-23 9.91317e+00 1.13636e+01 1.28768e+01
0.1470 3.59667e-23 9.91639e+00 1.13665e+01 1.28792e+01
0.1480 3.58134e-23 9.92045e+00 1.13712e+01 1.28845e+01
0.1490 3.56794e-23 9.93025e+00 1.13835e+01 1.28991e+01
0.1500 3.56585e-23 9.95029e+00 1.14081e+01 1.29279e+01
0.1510 3.55502e-23 9.95887e+00 1.14179e+01 1.29387e+01
0.1520 3.54053e-23 9.96423e+00 1.14233e+01 1.29440e+01
0.1530 3.52680e-23 9.97108e+00 1.14303e+01 1.29506e+01
0.1540 3.51092e-23 9.97497e+00 1.14325e+01 1.29503e+01
0.1550 3.49964e-23 9.98083e+00 1.14378e+01 1.29543e+01
0.1560 3.48656e-23 9.98595e+00 1.14422e+01 1.29574e+01
0.1570 3.47917e-23 9.99939e+00 1.14572e+01 1.29732e+01
0.1580 3.47576e-23 1.00176e+01 1.14805e+01 1.30011e+01
0.1590 3.46466e-23 1.00250e+01 1.14899e+01 1.30125e+01
0.1600 3.45112e-23 1.00315e+01 1.14979e+01 1.30220e+01
0.1610 3.43975e-23 1.00412e+01 1.15104e+01 1.30371e+01
0.1620 3.42505e-23 1.00461e+01 1.15167e+01 1.30447e+01
0.1630 3.41561e-23 1.00560e+01 1.15301e+01 1.30612e+01
0.1640 3.40689e-23 1.00689e+01 1.15461e+01 1.30799e+01
0.1650 3.39772e-23 1.00819e+01 1.15629e+01 1.31003e+01
0.1660 3.38343e-23 1.00835e+01 1.15655e+01 1.31041e+01
0.1670 3.36785e-23 1.00886e+01 1.15736e+01 1.31154e+01
0.1680 3.36475e-23 1.01096e+01 1.15998e+01 1.31462e+01
0.1690 3.36702e-23 1.01332e+01 1.16294e+01 1.31813e+01
0.1700 3.35613e-23 1.01401e+01 1.16372e+01 1.31897e+01
0.1710 3.33967e-23 1.01421e+01 1.16385e+01 1.31902e+01
0.1720 3.32464e-23 1.01435e+01 1.16394e+01 1.31901e+01
0.1730 3.31026e-23 1.01496e+01 1.16468e+01 1.31986e+01
0.1740 3.30147e-23 1.01589e+01 1.16577e+01 1.32107e+01
0.1750 3.29070e-23 1.01676e+01 1.16674e+01 1.32208e+01
0.1760 3.28272e-23 1.01770e+01 1.16782e+01 1.32325e+01
0.1770 3.27507e-23 1.01908e+01 1.16948e+01 1.32513e+01
0.1780 3.26401e-23 1.02000e+01 1.17063e+01 1.32650e+01
0.1790 3.24212e-23 1.01943e+01 1.16989e+01 1.32560e+01
0.1800 3.22663e-23 1.01969e+01 1.17018e+01 1.32591e+01
0.1810 3.21842e-23 1.02101e+01 1.17178e+01 1.32777e+01
0.1820 3.21788e-23 1.02295e+01 1.17413e+01 1.33048e+01
0.1830 3.20725e-23 1.02358e+01 1.17494e+01 1.33145e+01
0.1840 3.20653e-23 1.02553e+01 1.17750e+01 1.33460e+01
0.1850 3.20387e-23 1.02727e+01 1.17979e+01 1.33741e+01
0.1860 3.20131e-23 1.02917e+01 1.18229e+01 1.34047e+01
0.1870 3.19502e-23 1.03038e+01 1.18399e+01 1.34267e+01
0.1880 3.18626e-23 1.03149e+01 1.18553e+01 1.34465e+01
0.1890 3.17083e-23 1.03167e+01 1.18589e+01 1.34519e+01
0.1900 3.15116e-23 1.03139e+01 1.18553e+01 1.34475e+01
0.1910 3.13150e-23 1.03095e+01 1.18494e+01 1.34401e+01
0.1920 3.12071e-23 1.03168e+01 1.18573e+01 1.34484e+01
0.1930 3.11509e-23 1.03320e+01 1.18761e+01 1.34703e+01
0.1940 3.09939e-23 1.03301e+01 1.18742e+01 1.34687e+01
0.1950 3.08935e-23 1.03370e+01 1.18842e+01 1.34818e+01
0.1960 3.08653e-23 1.03578e+01 1.19091e+01 1.35097e+01
0.1970 3.08094e-23 1.03668e+01 1.19198e+01 1.35221e+01
0.1980 3.06371e-23 1.03667e+01 1.19186e+01 1.35197e+01
0.1990 3.05891e-23 1.03845e+01 1.19396e+01 1.35433e+01
0.2000 3.04098e-23 1.03795e+01 1.19332e+01 1.35353e+01
0.2010 3.02740e-23 1.03810e+01 1.19338e+01 1.35347e+01
0.2020 3.02163e-23 1.03954e+01 1.19512e+01 1.35546e+01
0.2030 3.01549e-23 1.04052e+01 1.19628e+01 1.35676e+01
0.2040 3.00226e-23 1.04066e+01 1.19626e+01 1.35655e+01
0.2050 2.99188e-23 1.04104e+01 1.19653e+01 1.35670e+01
0.2060 2.97501e-23 1.04086e+01 1.19606e+01 1.35589e+01
0.2070 2.95517e-23 1.03992e+01 1.19477e+01 1.35422e+01
0.2080 2.93775e-23 1.03978e+01 1.19449e+01 1.35379e+01
0.2090 2.92065e-23 1.03949e+01 1.19392e+01 1.35291e+01
0.2100 2.89997e-23 1.03855e+01 1.19274e+01 1.35146e+01
0.2110 2.88828e-23 1.03925e+01 1.19342e+01 1.35209e+01
0.2120 2.87562e-23 1.03911e+01 1.19318e+01 1.35177e+01
0.2130 2.86062e-23 1.03897e+01 1.19285e+01 1.35120e+01
0.2140 2.85379e-23 1.04007e+01 1.19420e+01 1.35277e+01
0.2150 2.84865e-23 1.04130e+01 1.19567e+01 1.35447e+01
0.2160 2.83986e-23 1.04173e+01 1.19601e+01 1.35469e+01
0.2170 2.83272e-23 1.04259e+01 1.19702e+01 1.35581e+01
0.2180 2.82181e-23 1.04282e+01 1.19721e+01 1.35595e+01
0.2190 2.80789e-23 1.04262e+01 1.19690e+01 1.35552e+01
0.2200 2.79941e-23 1.04334e+01 1.19768e+01 1.35633e+01
0.2210 2.79244e-23 1.04419e+01 1.19869e+01 1.35748e+01
0.2220 2.77623e-23 1.04345e+01 1.19764e+01 1.35612e+01
0.2230 2.76868e-23 1.04419e+01 1.19850e+01 1.35709e+01
0.2240 2.76082e-23 1.04492e+01 1.19944e+01 1.35819e+01
0.2250 2.74524e-23 1.04433e+01 1.19866e+01 1.35727e+01
0.2260 2.73447e-23 1.04466e+01 1.19902e+01 1.35761e+01
0.2270 2.72985e-23 1.04589e+01 1.20049e+01 1.35925e+01
0.2280 2.71662e-23 1.04581e+01 1.20033e+01 1.35901e+01
0.2290 2.69538e-23 1.04433e+01 1.19850e+01 1.35685e+01
0.2300 2.68381e-23 1.04442e+01 1.19854e+01 1.35681e+01
0.2310 2.68743e-23 1.04683e+01 1.20158e+01 1.36046e+01
0.2320 2.68938e-23 1.04894e+01 1.20424e+01 1.36366e+01
0.2330 2.68277e-23 1.04961e+01 1.20511e+01 1.36468e+01
0.2340 2.66852e-23 1.04932e+01 1.20471e+01 1.36415e+01
0.2350 2.65747e-23 1.04931e+01 1.20468e+01 1.36411e+01
0.2360 2.64408e-23 1.04923e+01 1.20449e+01 1.36379e+01
0.2370 2.62866e-23 1.04801e+01 1.20287e+01 1.36176e+01
0.2380 2.61356e-23 1.04727e+01 1.20180e+01 1.36043e+01
0.2390 2.60613e-23 1.04847e+01 1.20311e+01 1.36192e+01
0.2400 2.59851e-23 1.04894e+01 1.20349e+01 1.36227e+01
0.2410 2.58174e-23 1.04749e+01 1.20147e+01 1.35981e+01
0.2420 2.57584e-23 1.04878e+01 1.20281e+01 1.36128e+01
0.2430 2.57309e-23 1.04937e+01 1.20333e+01 1.36182e+01
0.2440 2.55805e-23 1.04853e+01 1.20202e+01 1.36012e+01
0.2450 2.54885e-23 1.04823e+01 1.20126e+01 1.35897e+01
0.2460 2.53056e-23 1.04698e+01 1.19925e+01 1.35629e+01
0.2470 2.52278e-23 1.04709e+01 1.19888e+01 1.35550e+01
0.2480 2.50959e-23 1.04616e+01 1.19715e+01 1.35298e+01
0.2490 2.50223e-23 1.04587e+01 1.19632e+01 1.35165e+01
0.2500 2.49067e-23 1.04520e+01 1.19508e+01 1.34986e+01
0.2510 2.47782e-23 1.04517e+01 1.19473e+01 1.34918e+01
0.2520 2.47041e-23 1.04552e+01 1.19483e+01 1.34901e+01
0.2530 2.46088e-23 1.04535e+01 1.19436e+01 1.34823e+01
0.2540 2.44551e-23 1.04507e+01 1.19369e+01 1.34712e+01
0.2550 2.43595e-23 1.04457e+01 1.19277e+01 1.34573e+01
0.2560 2.42639e-23 1.04444e+01 1.19229e+01 1.34483e+01
0.2570 2.41751e-23 1.04432e+01 1.19211e+01 1.34464e+01
0.2580 2.40817e-23 1.04420e+01 1.19167e+01 1.34373e+01
0.2590 2.39761e-23 1.04334e+01 1.19028e+01 1.34175e+01
0.2600 2.38830e-23 1.04337e+01 1.18992e+01 1.34092e+01
0.2610 2.38007e-23 1.04329e+01 1.18964e+01 1.34041e+01
0.2620 2.37099e-23 1.04290e+01 1.18884e+01 1.33912e+01
0.2630 2.36256e-23 1.04299e+01 1.18872e+01 1.33869e+01
0.2640 2.35899e-23 1.04440e+01 1.19036e+01 1.34059e+01
0.2650 2.35038e-23 1.04419e+01 1.19012e+01 1.34037e+01
0.2660 2.33886e-23 1.04388e+01 1.18963e+01 1.33968e+01
0.2670 2.32621e-23 1.04346e+01 1.18912e+01 1.33912e+01
0.2680 2.31539e-23 1.04322e+01 1.18877e+01 1.33865e+01
0.2690 2.30343e-23 1.04272e+01 1.18801e+01 1.33760e+01
0.2700 2.29415e-23 1.04265e+01 1.18781e+01 1.33730e+01
0.2710 2.27919e-23 1.04131e+01 1.18591e+01 1.33477e+01
0.2720 2.27638e-23 1.04254e+01 1.18731e+01 1.33632e+01
0.2730 2.26413e-23 1.04166e+01 1.18614e+01 1.33480e+01
0.2740 2.25378e-23 1.04144e+01 1.18576e+01 1.33427e+01
0.2750 2.24108e-23 1.04048e+01 1.18435e+01 1.33237e+01
0.2760 2.23159e-23 1.04031e+01 1.18401e+01 1.33186e+01
0.2770 2.22139e-23 1.03977e+01 1.18308e+01 1.33049e+01
0.2780 2.21326e-23 1.03992e+01 1.18321e+01 1.33060e+01
0.2790 2.20199e-23 1.03918e+01 1.18225e+01 1.32941e+01
0.2800 2.18958e-23 1.03833e+01 1.18082e+01 1.32733e+01
0.2810 2.17751e-23 1.03738e+01 1.17936e+01 1.32525e+01
0.2820 2.17282e-23 1.03830e+01 1.18045e+01 1.32650e+01
0.2830 2.16124e-23 1.03751e+01 1.17932e+01 1.32496e+01
0.2840 2.15100e-23 1.03726e+01 1.17895e+01 1.32445e+01
0.2850 2.14222e-23 1.03708e+01 1.17853e+01 1.32379e+01
0.2860 2.13313e-23 1.03674e+01 1.17796e+01 1.32298e+01
0.2870 2.12513e-23 1.03657e+01 1.17756e+01 1.32223e+01
0.2880 2.11145e-23 1.03496e+01 1.17517e+01 1.31898e+01
0.2890 2.10203e-23 1.03437e+01 1.17431e+01 1.31783e+01
0.2900 2.09469e-23 1.03425e+01 1.17412e+01 1.31754e+01
0.2910 2.08691e-23 1.03396e+01 1.17384e+01 1.31733e+01
0.2920 2.07627e-23 1.03287e+01 1.17236e+01 1.31545e+01
0.2930 2.06819e-23 1.03253e+01 1.17199e+01 1.31515e+01
0.2940 2.06024e-23 1.03235e+01 1.17163e+01 1.31461e+01
0.2950 2.05194e-23 1.03200e+01 1.17091e+01 1.31342e+01
0.2960 2.03936e-23 1.03065e+01 1.16902e+01 1.31091e+01
0.2970 2.03277e-23 1.03077e+01 1.16883e+01 1.31033e+01
0.2980 2.02784e-23 1.03088e+01 1.16874e+01 1.31004e+01
0.2990 2.02087e-23 1.03072e+01 1.16846e+01 1.30964e+01
0.3000 2.01105e-23 1.02994e+01 1.16764e+01 1.30879e+01
0.3010 2.00449e-23 1.02997e+01 1.16774e+01 1.30903e+01
0.3020 1.99684e-23 1.02972e+01 1.16727e+01 1.30829e+01
0.3030 1.98871e-23 1.02901e+01 1.16607e+01 1.30652e+01
0.3040 1.97998e-23 1.02860e+01 1.16528e+01 1.30527e+01
0.3050 1.97098e-23 1.02797e+01 1.16435e+01 1.30407e+01
0.3060 1.96114e-23 1.02708e+01 1.16288e+01 1.30191e+01
0.3070 1.95670e-23 1.02744e+01 1.16317e+01 1.30214e+01
0.3080 1.94838e-23 1.02691e+01 1.16235e+01 1.30104e+01
0.3090 1.93990e-23 1.02634e+01 1.16147e+01 1.29980e+01
0.3100 1.93360e-23 1.02605e+01 1.16102e+01 1.29916e+01
0.3110 1.92512e-23 1.02521e+01 1.15977e+01 1.29751e+01
0.3120 1.91667e-23 1.02443e+01 1.15861e+01 1.29595e+01
0.3130 1.90955e-23 1.02434e+01 1.15839e+01 1.29556e+01
0.3140 1.89906e-23 1.02309e+01 1.15666e+01 1.29336e+01
0.3150 1.89347e-23 1.02302e+01 1.15629e+01 1.29265e+01
0.3160 1.88776e-23 1.02296e+01 1.15604e+01 1.29213e+01
0.3170 1.87979e-23 1.02221e+01 1.15471e+01 1.29008e+01
0.3180 1.87104e-23 1.02136e+01 1.15339e+01 1.28819e+01
0.3190 1.86307e-23 1.02063e+01 1.15222e+01 1.28653e+01
0.3200 1.85711e-23 1.02043e+01 1.15166e+01 1.28549e+01
0.3210 1.85067e-23 1.01996e+01 1.15087e+01 1.28435e+01
0.3220 1.84172e-23 1.01927e+01 1.14971e+01 1.28262e+01
0.3230 1.83723e-23 1.01928e+01 1.14956e+01 1.28229e+01
0.3240 1.83030e-23 1.01874e+01 1.14854e+01 1.28072e+01
0.3250 1.82381e-23 1.01850e+01 1.14796e+01 1.27975e+01
0.3260 1.81918e-23 1.01843e+01 1.14762e+01 1.27914e+01
0.3270 1.81478e-23 1.01885e+01 1.14802e+01 1.27947e+01
0.3280 1.80881e-23 1.01860e+01 1.14750e+01 1.27861e+01
0.3290 1.80135e-23 1.01784e+01 1.14642e+01 1.27718e+01
0.3300 1.79729e-23 1.01797e+01 1.14651e+01 1.27728e+01
0.3310 1.79019e-23 1.01732e+01 1.14551e+01 1.27595e+01
0.3320 1.78534e-23 1.01693e+01 1.14497e+01 1.27527e+01
0.3330 1.77803e-23 1.01617e+01 1.14382e+01 1.27364e+01
0.3340 1.77176e-23 1.01562e+01 1.14301e+01 1.27248e+01
0.3350 1.76655e-23 1.01530e+01 1.14256e+01 1.27188e+01
0.3360 1.76148e-23 1.01512e+01 1.14223e+01 1.27138e+01
0.3370 1.75778e-23 1.01522e+01 1.14215e+01 1.27112e+01
0.3380 1.75148e-23 1.01473e+01 1.14140e+01 1.27003e+01
0.3390 1.74560e-23 1.01427e+01 1.14058e+01 1.26875e+01
0.3400 1.73993e-23 1.01408e+01 1.14014e+01 1.26800e+01
0.3410 1.73569e-23 1.01418e+01 1.14004e+01 1.26768e+01
0.3420 1.72982e-23 1.01385e+01 1.13938e+01 1.26664e+01
0.3430 1.72456e-23 1.01372e+01 1.13899e+01 1.26595e+01
0.3440 1.71976e-23 1.01369e+01 1.13889e+01 1.26579e+01
0.3450 1.71429e-23 1.01366e+01 1.13879e+01 1.26568e+01
0.3460 1.70915e-23 1.01361e+01 1.13860e+01 1.26532e+01
0.3470 1.70474e-23 1.01344e+01 1.13824e+01 1.26475e+01
0.3480 1.70005e-23 1.01330e+01 1.13801e+01 1.26442e+01
0.3490 1.69648e-23 1.01316e+01 1.13762e+01 1.26376e+01
0.3500 1.69241e-23 1.01312e+01 1.13737e+01 1.26326e+01
0.3510 1.68845e-23 1.01311e+01 1.13722e+01 1.26293e+01
0.3520 1.68492e-23 1.01316e+01 1.13723e+01 1.26289e+01
0.3530 1.68059e-23 1.01302e+01 1.13700e+01 1.26260e+01
0.3540 1.67673e-23 1.01284e+01 1.13662e+01 1.26206e+01
0.3550 1.67277e-23 1.01286e+01 1.13651e+01 1.26177e+01
0.3560 1.66914e-23 1.01282e+01 1.13633e+01 1.26143e+01
0.3570 1.66463e-23 1.01284e+01 1.13630e+01 1.26132e+01
0.3580 1.65964e-23 1.01255e+01 1.13586e+01 1.26069e+01
0.3590 1.65552e-23 1.01273e+01 1.13606e+01 1.26091e+01
0.3600 1.65239e-23 1.01288e+01 1.13619e+01 1.26103e+01
0.3610 1.64896e-23 1.01308e+01 1.13645e+01 1.26137e+01
0.3620 1.64543e-23 1.01305e+01 1.13631e+01 1.26109e+01
0.3630 1.64233e-23 1.01311e+01 1.13624e+01 1.26090e+01
0.3640 1.63904e-23 1.01320e+01 1.13626e+01 1.26082e+01
0.3650 1.63567e-23 1.01337e+01 1.13635e+01 1.26084e+01
0.3660 1.63198e-23 1.01344e+01 1.13634e+01 1.26075e+01
0.3670 1.62917e-23 1.01375e+01 1.13671e+01 1.26120e+01
0.3680 1.62584e-23 1.01385e+01 1.13663e+01 1.26092e+01
0.3690 1.62185e-23 1.01383e+01 1.13648e+01 1.26058e+01
0.3700 1.61774e-23 1.01385e+01 1.13634e+01 1.26028e+01
0.3710 1.61477e-23 1.01390e+01 1.13631e+01 1.26016e+01
0.3720 1.61123e-23 1.01385e+01 1.13610e+01 1.25978e+01
0.3730 1.60832e-23 1.01390e+01 1.13610e+01 1.25975e+01
0.3740 1.60486e-23 1.01380e+01 1.13586e+01 1.25931e+01
0.3750 1.60185e-23 1.01374e+01 1.13568e+01 1.25901e+01
0.3760 1.59882e-23 1.01380e+01 1.13569e+01 1.25900e+01
0.3770 1.59598e-23 1.01373e+01 1.13551e+01 1.25870e+01
0.3780 1.59198e-23 1.01361e+01 1.13524e+01 1.25825e+01
0.3790 1.58921e-23 1.01371e+01 1.13534e+01 1.25837e+01
0.3800 1.58573e-23 1.01381e+01 1.13540e+01 1.25837e+01
0.3810 1.58311e-23 1.01397e+01 1.13554e+01 1.25849e+01
0.3820 1.57981e-23 1.01416e+01 1.13570e+01 1.25863e+01
0.3830 1.57735e-23 1.01438e+01 1.13584e+01 1.25862e+01
0.3840 1.57366e-23 1.01433e+01 1.13567e+01 1.25831e+01
0.3850 1.57072e-23 1.01434e+01 1.13568e+01 1.25832e+01
0.3860 1.56914e-23 1.01461e+01 1.13604e+01 1.25880e+01
0.3870 1.56737e-23 1.01476e+01 1.13629e+01 1.25919e+01
0.3880 1.56529e-23 1.01483e+01 1.13639e+01 1.25932e+01
0.3890 1.56339e-23 1.01499e+01 1.13657e+01 1.25950e+01
0.3900 1.56147e-23 1.01525e+01 1.13682e+01 1.25973e+01
0.3910 1.55912e-23 1.01530e+01 1.13688e+01 1.25979e+01
0.3920 1.55664e-23 1.01545e+01 1.13703e+01 1.25995e+01
0.3930 1.55440e-23 1.01578e+01 1.13743e+01 1.26040e+01
0.3940 1.55239e-23 1.01589e+01 1.13765e+01 1.26077e+01
0.3950 1.54988e-23 1.01599e+01 1.13769e+01 1.26074e+01
0.3960 1.54726e-23 1.01609e+01 1.13773e+01 1.26070e+01
0.3970 1.54472e-23 1.01628e+01 1.13801e+01 1.26110e+01
0.3980 1.54261e-23 1.01659e+01 1.13835e+01 1.26149e+01
0.3990 1.53955e-23 1.01661e+01 1.13833e+01 1.26140e+01
0.4000 1.53710e-23 1.01658e+01 1.13815e+01 1.26101e+01
0.4010 1.53448e-23 1.01675e+01 1.13829e+01 1.26110e+01
0.4020 1.53262e-23 1.01703e+01 1.13861e+01 1.26144e+01
0.4030 1.53050e-23 1.01728e+01 1.13883e+01 1.26165e+01
0.4040 1.52820e-23 1.01747e+01 1.13913e+01 1.26211e+01
0.4050 1.52582e-23 1.01754e+01 1.13921e+01 1.26222e+01
0.4060 1.52339e-23 1.01758e+01 1.13930e+01 1.26241e+01
0.4070 1.52087e-23 1.01764e+01 1.13943e+01 1.26262e+01
0.4080 1.51916e-23 1.01785e+01 1.13963e+01 1.26281e+01
0.4090 1.51798e-23 1.01805e+01 1.13990e+01 1.26317e+01
0.4100 1.51596e-23 1.01835e+01 1.14025e+01 1.26358e+01
0.4110 1.51404e-23 1.01853e+01 1.14048e+01 1.26390e+01
0.4120 1.51265e-23 1.01881e+01 1.14091e+01 1.26450e+01
0.4130 1.51023e-23 1.01897e+01 1.14110e+01 1.26471e+01
0.4140 1.50816e-23 1.01917e+01 1.14132e+01 1.26497e+01
0.4150 1.50544e-23 1.01932e+01 1.14152e+01 1.26517e+01
0.4160 1.50249e-23 1.01940e+01 1.14157e+01 1.26517e+01
0.4170 1.49897e-23 1.01941e+01 1.14163e+01 1.26527e+01
0.4180 1.49592e-23 1.01930e+01 1.14147e+01 1.26503e+01
0.4190 1.49350e-23 1.01959e+01 1.14176e+01 1.26530e+01
0.4200 1.49166e-23 1.01973e+01 1.14184e+01 1.26528e+01
0.4210 1.48931e-23 1.01970e+01 1.14171e+01 1.26498e+01
0.4220 1.48716e-23 1.01987e+01 1.14186e+01 1.26510e+01
0.4230 1.48483e-23 1.01994e+01 1.14193e+01 1.26517e+01
0.4240 1.48305e-23 1.02001e+01 1.14199e+01 1.26521e+01
0.4250 1.48151e-23 1.02021e+01 1.14224e+01 1.26556e+01
0.4260 1.48028e-23 1.02060e+01 1.14280e+01 1.26636e+01
0.4270 1.47929e-23 1.02104e+01 1.14340e+01 1.26716e+01
0.4280 1.47758e-23 1.02136e+01 1.14382e+01 1.26770e+01
0.4290 1.47466e-23 1.02129e+01 1.14373e+01 1.26758e+01
0.4300 1.47233e-23 1.02159e+01 1.14413e+01 1.26807e+01
0.4310 1.47057e-23 1.02171e+01 1.14424e+01 1.26814e+01
0.4320 1.46849e-23 1.02191e+01 1.14451e+01 1.26846e+01
0.4330 1.46665e-23 1.02232e+01 1.14501e+01 1.26902e+01
0.4340 1.46489e-23 1.02252e+01 1.14526e+01 1.26930e+01
0.4350 1.46277e-23 1.02275e+01 1.14554e+01 1.26960e+01
0.4360 1.46101e-23 1.02287e+01 1.14566e+01 1.26972e+01
0.4370 1.45943e-23 1.02303e+01 1.14585e+01 1.26997e+01
0.4380 1.45748e-23 1.02307e+01 1.14587e+01 1.26996e+01
0.4390 1.45640e-23 1.02319e+01 1.14599e+01 1.27006e+01
0.4400 1.45541e-23 1.02338e+01 1.14622e+01 1.27037e+01
0.4410 1.45409e-23 1.02356e+01 1.14648e+01 1.27070e+01
0.4420 1.45338e-23 1.02384e+01 1.14685e+01 1.27120e+01
0.4430 1.45238e-23 1.02410e+01 1.14715e+01 1.27154e+01
0.4440 1.45088e-23 1.02429e+01 1.14732e+01 1.27169e+01
0.4450 1.44899e-23 1.02458e+01 1.14762e+01 1.27200e+01
0.4460 1.44759e-23 1.02487e+01 1.14799e+01 1.27245e+01
0.4470 1.44567e-23 1.02517e+01 1.14837e+01 1.27289e+01
0.4480 1.44394e-23 1.02544e+01 1.14872e+01 1.27337e+01
0.4490 1.44224e-23 1.02571e+01 1.14906e+01 1.27378e+01
0.4500 1.44041e-23 1.02608e+01 1.14962e+01 1.27461e+01
0.4510 1.43869e-23 1.02645e+01 1.15018e+01 1.27543e+01
0.4520 1.43633e-23 1.02656e+01 1.15043e+01 1.27585e+01
0.4530 1.43357e-23 1.02671e+01 1.15068e+01 1.27618e+01
0.4540 1.43037e-23 1.02679e+01 1.15069e+01 1.27608e+01
0.4550 1.42849e-23 1.02714e+01 1.15107e+01 1.27650e+01
0.4560 1.42640e-23 1.02745e+01 1.15141e+01 1.27690e+01
0.4570 1.42494e-23 1.02768e+01 1.15176e+01 1.27739e+01
0.4580 1.42274e-23 1.02796e+01 1.15211e+01 1.27780e+01
0.4590 1.42027e-23 1.02817e+01 1.15235e+01 1.27806e+01
0.4600 1.41747e-23 1.02844e+01 1.15270e+01 1.27853e+01
0.4610 1.41552e-23 1.02879e+01 1.15329e+01 1.27943e+01
0.4620 1.41399e-23 1.02945e+01 1.15425e+01 1.28073e+01
0.4630 1.41358e-23 1.02991e+01 1.15500e+01 1.28185e+01
0.4640 1.41275e-23 1.03048e+01 1.15596e+01 1.28334e+01
0.4650 1.41367e-23 1.03140e+01 1.15744e+01 1.28557e+01
0.4660 1.41389e-23 1.03235e+01 1.15882e+01 1.28741e+01
0.4670 1.41292e-23 1.03263e+01 1.15929e+01 1.28814e+01
0.4680 1.41060e-23 1.03266e+01 1.15946e+01 1.28848e+01
0.4690 1.40837e-23 1.03274e+01 1.15966e+01 1.28883e+01
0.4700 1.40693e-23 1.03325e+01 1.16043e+01 1.28991e+01
0.4710 1.40517e-23 1.03371e+01 1.16106e+01 1.29069e+01
0.4720 1.40369e-23 1.03407e+01 1.16151e+01 1.29123e+01
0.4730 1.40243e-23 1.03467e+01 1.16246e+01 1.29251e+01
0.4740 1.40131e-23 1.03510e+01 1.16323e+01 1.29364e+01
0.4750 1.39888e-23 1.03489e+01 1.16304e+01 1.29346e+01
0.4760 1.39788e-23 1.03526e+01 1.16337e+01 1.29365e+01
0.4770 1.39781e-23 1.03558e+01 1.16370e+01 1.29400e+01
0.4780 1.39624e-23 1.03559e+01 1.16382e+01 1.29421e+01
0.4790 1.39450e-23 1.03546e+01 1.16370e+01 1.29407e+01
0.4800 1.39273e-23 1.03565e+01 1.16398e+01 1.29446e+01
0.4810 1.39045e-23 1.03594e+01 1.16441e+01 1.29508e+01
0.4820 1.38879e-23 1.03598e+01 1.16445e+01 1.29510e+01
0.4830 1.38734e-23 1.03598e+01 1.16429e+01 1.29467e+01
0.4840 1.38571e-23 1.03581e+01 1.16399e+01 1.29415e+01
0.4850 1.38446e-23 1.03568e+01 1.16385e+01 1.29393e+01
0.4860 1.38238e-23 1.03570e+01 1.16374e+01 1.29363e+01
0.4870 1.38040e-23 1.03590e+01 1.16386e+01 1.29361e+01
0.4880 1.37830e-23 1.03593e+01 1.16368e+01 1.29314e+01
0.4890 1.37511e-23 1.03554e+01 1.16301e+01 1.29215e+01
0.4900 1.37275e-23 1.03531e+01 1.16254e+01 1.29138e+01
0.4910 1.37072e-23 1.03527e+01 1.16238e+01 1.29107e+01
0.4920 1.36938e-23 1.03517e+01 1.16207e+01 1.29047e+01
0.4930 1.36814e-23 1.03515e+01 1.16184e+01 1.28999e+01
0.4940 1.36701e-23 1.03506e+01 1.16157e+01 1.28951e+01
0.4950 1.36615e-23 1.03511e+01 1.16146e+01 1.28921e+01
0.4960 1.36448e-23 1.03495e+01 1.16111e+01 1.28865e+01
0.4970 1.36213e-23 1.03480e+01 1.16081e+01 1.28816e+01
0.4980 1.36004e-23 1.03459e+01 1.16035e+01 1.28747e+01
0.4990 1.35793e-23 1.03465e+01 1.16032e+01 1.28734e+01
0.5000 1.35654e-23 1.03484e+01 1.16050e+01 1.28752e+01
0.5010 1.35454e-23 1.03504e+01 1.16065e+01 1.28762e+01
0.5020 1.35276e-23 1.03492e+01 1.16032e+01 1.28707e+01
0.5030 1.35051e-23 1.03490e+01 1.16019e+01 1.28681e+01
0.5040 1.34860e-23 1.03484e+01 1.16005e+01 1.28660e+01
0.5050 1.34683e-23 1.03499e+01 1.16012e+01 1.28655e+01
0.5060 1.34564e-23 1.03500e+01 1.16005e+01 1.28635e+01
0.5070 1.34415e-23 1.03496e+01 1.16000e+01 1.28629e+01
0.5080 1.34350e-23 1.03497e+01 1.15997e+01 1.28623e+01
0.5090 1.34296e-23 1.03507e+01 1.16001e+01 1.28623e+01
0.5100 1.34261e-23 1.03517e+01 1.16005e+01 1.28624e+01
0.5110 1.34201e-23 1.03524e+01 1.16002e+01 1.28611e+01
0.5120 1.34040e-23 1.03544e+01 1.16007e+01 1.28598e+01
0.5130 1.33818e-23 1.03523e+01 1.15965e+01 1.28529e+01
0.5140 1.33620e-23 1.03511e+01 1.15925e+01 1.28456e+01
0.5150 1.33410e-23 1.03491e+01 1.15882e+01 1.28383e+01
0.5160 1.33235e-23 1.03481e+01 1.15848e+01 1.28321e+01
0.5170 1.33077e-23 1.03463e+01 1.15800e+01 1.28240e+01
0.5180 1.32902e-23 1.03446e+01 1.15757e+01 1.28167e+01
0.5190 1.32768e-23 1.03441e+01 1.15729e+01 1.28112e+01
0.5200 1.32667e-23 1.03428e+01 1.15692e+01 1.28046e+01
0.5210 1.32548e-23 1.03426e+01 1.15670e+01 1.28002e+01
0.5220 1.32391e-23 1.03423e+01 1.15648e+01 1.27958e+01
0.5230 1.32212e-23 1.03418e+01 1.15619e+01 1.27904e+01
0.5240 1.31938e-23 1.03417e+01 1.15600e+01 1.27865e+01
0.5250 1.31672e-23 1.03408e+01 1.15572e+01 1.27816e+01
0.5260 1.31408e-23 1.03412e+01 1.15556e+01 1.27777e+01
0.5270 1.31157e-23 1.03417e+01 1.15545e+01 1.27747e+01
0.5280 1.30981e-23 1.03409e+01 1.15526e+01 1.27717e+01
0.5290 1.30853e-23 1.03411e+01 1.15513e+01 1.27693e+01
0.5300 1.30765e-23 1.03404e+01 1.15491e+01 1.27657e+01
0.5310 1.30701e-23 1.03404e+01 1.15479e+01 1.27634e+01
0.5320 1.30639e-23 1.03412e+01 1.15476e+01 1.27618e+01
0.5330 1.30541e-23 1.03414e+01 1.15466e+01 1.27595e+01
0.5340 1.30358e-23 1.03421e+01 1.15466e+01 1.27587e+01
0.5350 1.30141e-23 1.03426e+01 1.15468e+01 1.27587e+01
0.5360 1.29904e-23 1.03432e+01 1.15466e+01 1.27577e+01
0.5370 1.29640e-23 1.03435e+01 1.15463e+01 1.27566e+01
0.5380 1.29443e-23 1.03433e+01 1.15452e+01 1.27546e+01
0.5390 1.29228e-23 1.03428e+01 1.15437e+01 1.27523e+01
0.5400 1.28962e-23 1.03425e+01 1.15432e+01 1.27516e+01
0.5410 1.28726e-23 1.03443e+01 1.15452e+01 1.27538e+01
0.5420 1.28471e-23 1.03457e+01 1.15471e+01 1.27564e+01
0.5430 1.28200e-23 1.03476e+01 1.15501e+01 1.27606e+01
0.5440 1.27925e-23 1.03490e+01 1.15525e+01 1.27644e+01
0.5450 1.27707e-23 1.03496e+01 1.15536e+01 1.27661e+01
0.5460 1.27476e-23 1.03500e+01 1.15542e+01 1.27671e+01
0.5470 1.27272e-23 1.03505e+01 1.15545e+01 1.27673e+01
0.5480 1.27086e-23 1.03493e+01 1.15532e+01 1.27658e+01
0.5490 1.26936e-23 1.03499e+01 1.15536e+01 1.27658e+01
0.5500 1.26803e-23 1.03504e+01 1.15535e+01 1.27649e+01
0.5510 1.26725e-23 1.03504e+01 1.15532e+01 1.27645e+01
0.5520 1.26660e-23 1.03506e+01 1.15530e+01 1.27640e+01
0.5530 1.26578e-23 1.03513e+01 1.15531e+01 1.27637e+01
0.5540 1.26434e-23 1.03528e+01 1.15543e+01 1.27644e+01
0.5550 1.26239e-23 1.03544e+01 1.15557e+01 1.27652e+01
0.5560 1.26051e-23 1.03549e+01 1.15556e+01 1.27644e+01
0.5570 1.25852e-23 1.03550e+01 1.15549e+01 1.27629e+01
0.5580 1.25687e-23 1.03553e+01 1.15544e+01 1.27616e+01
0.5590 1.25555e-23 1.03562e+01 1.15546e+01 1.27611e+01
0.5600 1.25402e-23 1.03581e+01 1.15560e+01 1.27618e+01
0.5610 1.25235e-23 1.03588e+01 1.15562e+01 1.27614e+01
0.5620 1.25064e-23 1.03596e+01 1.15564e+01 1.27610e+01
0.5630 1.24931e-23 1.03600e+01 1.15561e+01 1.27598e+01
0.5640 1.24795e-23 1.03608e+01 1.15563e+01 1.27596e+01
0.5650 1.24639e-23 1.03613e+01 1.15567e+01 1.27599e+01
0.5660 1.24492e-23 1.03616e+01 1.15567e+01 1.27598e+01
0.5670 1.24328e-23 1.03637e+01 1.15589e+01 1.27622e+01
0.5680 1.24201e-23 1.03650e+01 1.15605e+01 1.27645e+01
0.5690 1.24067e-23 1.03675e+01 1.15637e+01 1.27687e+01
0.5700 1.23968e-23 1.03682e+01 1.15652e+01 1.27717e+01
0.5710 1.23855e-23 1.03695e+01 1.15684e+01 1.27775e+01
0.5720 1.23780e-23 1.03709e+01 1.15716e+01 1.27828e+01
0.5730 1.23669e-23 1.03730e+01 1.15753e+01 1.27885e+01
0.5740 1.23533e-23 1.03723e+01 1.15747e+01 1.27882e+01
0.5750 1.23409e-23 1.03743e+01 1.15775e+01 1.27921e+01
0.5760 1.23298e-23 1.03744e+01 1.15796e+01 1.27966e+01
0.5770 1.23193e-23 1.03773e+01 1.15839e+01 1.28025e+01
0.5780 1.23071e-23 1.03815e+01 1.15898e+01 1.28104e+01
0.5790 1.22976e-23 1.03852e+01 1.15956e+01 1.28190e+01
0.5800 1.22852e-23 1.03872e+01 1.15995e+01 1.28252e+01
0.5810 1.22654e-23 1.03844e+01 1.15965e+01 1.28221e+01
0.5820 1.22479e-23 1.03814e+01 1.15916e+01 1.28146e+01
0.5830 1.22368e-23 1.03816e+01 1.15905e+01 1.28117e+01
0.5840 1.22217e-23 1.03826e+01 1.15906e+01 1.28106e+01
0.5850 1.22051e-23 1.03816e+01 1.15882e+01 1.28063e+01
0.5860 1.21857e-23 1.03795e+01 1.15848e+01 1.28014e+01
0.5870 1.21691e-23 1.03779e+01 1.15817e+01 1.27967e+01
0.5880 1.21569e-23 1.03769e+01 1.15788e+01 1.27919e+01
0.5890 1.21444e-23 1.03759e+01 1.15761e+01 1.27872e+01
0.5900 1.21241e-23 1.03758e+01 1.15750e+01 1.27849e+01
0.5910 1.21092e-23 1.03739e+01 1.15715e+01 1.27796e+01
0.5920 1.20913e-23 1.03723e+01 1.15683e+01 1.27749e+01
0.5930 1.20831e-23 1.03726e+01 1.15673e+01 1.27725e+01
0.5940 1.20682e-23 1.03718e+01 1.15647e+01 1.27680e+01
0.5950 1.20559e-23 1.03711e+01 1.15617e+01 1.27624e+01
0.5960 1.20415e-23 1.03709e+01 1.15591e+01 1.27572e+01
0.5970 1.20238e-23 1.03704e+01 1.15569e+01 1.27531e+01
0.5980 1.20052e-23 1.03697e+01 1.15537e+01 1.27474e+01
0.5990 1.19900e-23 1.03680e+01 1.15501e+01 1.27416e+01
0.6000 1.19802e-23 1.03674e+01 1.15473e+01 1.27365e+01
0.6010 1.19676e-23 1.03667e+01 1.15446e+01 1.27318e+01
0.6020 1.19482e-23 1.03660e+01 1.15422e+01 1.27276e+01
0.6030 1.19297e-23 1.03650e+01 1.15394e+01 1.27228e+01
0.6040 1.19089e-23 1.03634e+01 1.15361e+01 1.27178e+01
0.6050 1.18926e-23 1.03618e+01 1.15330e+01 1.27133e+01
0.6060 1.18785e-23 1.03597e+01 1.15300e+01 1.27093e+01
0.6070 1.18660e-23 1.03604e+01 1.15298e+01 1.27083e+01
0.6080 1.18516e-23 1.03607e+01 1.15290e+01 1.27062e+01
0.6090 1.18306e-23 1.03596e+01 1.15265e+01 1.27024e+01
0.6100 1.18109e-23 1.03584e+01 1.15238e+01 1.26981e+01
0.6110 1.17942e-23 1.03571e+01 1.15211e+01 1.26941e+01
0.6120 1.17810e-23 1.03562e+01 1.15187e+01 1.26904e+01
0.6130 1.17694e-23 1.03557e+01 1.15170e+01 1.26875e+01
0.6140 1.17603e-23 1.03547e+01 1.15146e+01 1.26835e+01
0.6150 1.17525e-23 1.03533e+01 1.15118e+01 1.26793e+01
0.6160 1.17442e-23 1.03536e+01 1.15110e+01 1.26776e+01
0.6170 1.17315e-23 1.03542e+01 1.15109e+01 1.26768e+01
0.6180 1.17182e-23 1.03539e+01 1.15098e+01 1.26748e+01
0.6190 1.17047e-23 1.03535e+01 1.15086e+01 1.26728e+01
0.6200 1.16953e-23 1.03539e+01 1.15079e+01 1.26711e+01
0.6210 1.16823e-23 1.03538e+01 1.15066e+01 1.26686e+01
0.6220 1.16675e-23 1.03528e+01 1.15044e+01 1.26653e+01
0.6230 1.16518e-23 1.03529e+01 1.15034e+01 1.26632e+01
0.6240 1.16367e-23 1.03526e+01 1.15020e+01 1.26608e+01
0.6250 1.16210e-23 1.03519e+01 1.15007e+01 1.26590e+01
0.6260 1.16107e-23 1.03514e+01 1.14996e+01 1.26573e+01
0.6270 1.16005e-23 1.03518e+01 1.14996e+01 1.26567e+01
0.6280 1.15860e-23 1.03520e+01 1.14990e+01 1.26556e+01
0.6290 1.15692e-23 1.03521e+01 1.14986e+01 1.26547e+01
0.6300 1.15536e-23 1.03526e+01 1.14986e+01 1.26543e+01
0.6310 1.15398e-23 1.03533e+01 1.14986e+01 1.26538e+01
0.6320 1.15255e-23 1.03539e+01 1.14989e+01 1.26538e+01
0.6330 1.15087e-23 1.03542e+01 1.14990e+01 1.26539e+01
0.6340 1.14916e-23 1.03546e+01 1.14993e+01 1.26541e+01
0.6350 1.14755e-23 1.03539e+01 1.14985e+01 1.26533e+01
0.6360 1.14667e-23 1.03536e+01 1.14982e+01 1.26530e+01
0.6370 1.14623e-23 1.03541e+01 1.14983e+01 1.26530e+01
0.6380 1.14522e-23 1.03554e+01 1.14992e+01 1.26536e+01
0.6390 1.14336e-23 1.03567e+01 1.15004e+01 1.26547e+01
0.6400 1.14099e-23 1.03579e+01 1.15015e+01 1.26558e+01
0.6410 1.13841e-23 1.03579e+01 1.15016e+01 1.26560e+01
0.6420 1.13651e-23 1.03576e+01 1.15011e+01 1.26555e+01
0.6430 1.13548e-23 1.03582e+01 1.15020e+01 1.26568e+01
0.6440 1.13474e-23 1.03593e+01 1.15031e+01 1.26582e+01
0.6450 1.13398e-23 1.03600e+01 1.15039e+01 1.26592e+01
0.6460 1.13333e-23 1.03613e+01 1.15054e+01 1.26609e+01
0.6470 1.13235e-23 1.03629e+01 1.15071e+01 1.26631e+01
0.6480 1.13098e-23 1.03638e+01 1.15084e+01 1.26648e+01
0.6490 1.12998e-23 1.03647e+01 1.15099e+01 1.26671e+01
0.6500 1.12912e-23 1.03663e+01 1.15119e+01 1.26698e+01
0.6510 1.12813e-23 1.03677e+01 1.15143e+01 1.26731e+01
0.6520 1.12737e-23 1.03690e+01 1.15165e+01 1.26761e+01
0.6530 1.12679e-23 1.03701e+01 1.15178e+01 1.26778e+01
0.6540 1.12639e-23 1.03709e+01 1.15192e+01 1.26799e+01
0.6550 1.12586e-23 1.03725e+01 1.15210e+01 1.26821e+01
0.6560 1.12494e-23 1.03747e+01 1.15235e+01 1.26850e+01
0.6570 1.12362e-23 1.03768e+01 1.15267e+01 1.26891e+01
0.6580 1.12235e-23 1.03788e+01 1.15294e+01 1.26928e+01
0.6590 1.12162e-23 1.03806e+01 1.15321e+01 1.26964e+01
0.6600 1.12126e-23 1.03830e+01 1.15355e+01 1.27009e+01
0.6610 1.12105e-23 1.03863e+01 1.15399e+01 1.27063e+01
0.6620 1.12033e-23 1.03895e+01 1.15443e+01 1.27121e+01
0.6630 1.11904e-23 1.03923e+01 1.15485e+01 1.27177e+01
0.6640 1.11716e-23 1.03945e+01 1.15524e+01 1.27236e+01
0.6650 1.11540e-23 1.03971e+01 1.15569e+01 1.27305e+01
0.6660 1.11372e-23 1.04002e+01 1.15622e+01 1.27387e+01
0.6670 1.11312e-23 1.04074e+01 1.15735e+01 1.27549e+01
0.6680 1.11332e-23 1.04190e+01 1.15918e+01 1.27815e+01
0.6690 1.11095e-23 1.04213e+01 1.15977e+01 1.27915e+01
0.6700 1.11024e-23 1.04278e+01 1.16109e+01 1.28122e+01
0.6710 1.10947e-23 1.04319e+01 1.16212e+01 1.28291e+01
0.6720 1.10830e-23 1.04341e+01 1.16266e+01 1.28367e+01
0.6730 1.10774e-23 1.04382e+01 1.16349e+01 1.28479e+01
0.6740 1.10723e-23 1.04412e+01 1.16408e+01 1.28554e+01
0.6750 1.10796e-23 1.04470e+01 1.16504e+01 1.28680e+01
0.6760 1.10841e-23 1.04509e+01 1.16557e+01 1.28740e+01
0.6770 1.10822e-23 1.04533e+01 1.16593e+01 1.28790e+01
0.6780 1.10842e-23 1.04543e+01 1.16603e+01 1.28794e+01
0.6790 1.10804e-23 1.04556e+01 1.16610e+01 1.28792e+01
0.6800 1.10778e-23 1.04551e+01 1.16603e+01 1.28781e+01
0.6810 1.10718e-23 1.04530e+01 1.16562e+01 1.28721e+01
0.6820 1.10611e-23 1.04512e+01 1.16523e+01 1.28656e+01
0.6830 1.10494e-23 1.04488e+01 1.16470e+01 1.28573e+01
0.6840 1.10373e-23 1.04473e+01 1.16432e+01 1.28512e+01
0.6850 1.10233e-23 1.04461e+01 1.16396e+01 1.28449e+01
0.6860 1.10039e-23 1.04424e+01 1.16330e+01 1.28355e+01
0.6870 1.09847e-23 1.04403e+01 1.16281e+01 1.28281e+01
0.6880 1.09650e-23 1.04375e+01 1.16232e+01 1.28211e+01
0.6890 1.09475e-23 1.04351e+01 1.16187e+01 1.28143e+01
0.6900 1.09332e-23 1.04320e+01 1.16133e+01 1.28067e+01
0.6910 1.09220e-23 1.04309e+01 1.16108e+01 1.28031e+01
0.6920 1.09093e-23 1.04293e+01 1.16074e+01 1.27981e+01
0.6930 1.09011e-23 1.04289e+01 1.16057e+01 1.27951e+01
0.6940 1.08923e-23 1.04267e+01 1.16017e+01 1.27895e+01
0.6950 1.08887e-23 1.04243e+01 1.15979e+01 1.27847e+01
0.6960 1.08875e-23 1.04238e+01 1.15959e+01 1.27814e+01
0.6970 1.08873e-23 1.04237e+01 1.15948e+01 1.27798e+01
0.6980 1.08844e-23 1.04228e+01 1.15928e+01 1.27767e+01
0.6990 1.08771e-23 1.04232e+01 1.15927e+01 1.27762e+01
0.7000 1.08703e-23 1.04240e+01 1.15931e+01 1.27764e+01
0.7010 1.08637e-23 1.04251e+01 1.15940e+01 1.27774e+01
0.7020 1.08560e-23 1.04268e+01 1.15960e+01 1.27799e+01
0.7030 1.08473e-23 1.04287e+01 1.15982e+01 1.27824e+01
0.7040 1.08355e-23 1.04300e+01 1.16000e+01 1.27847e+01
0.7050 1.08217e-23 1.04307e+01 1.16010e+01 1.27864e+01
0.7060 1.08114e-23 1.04327e+01 1.16028e+01 1.27882e+01
0.7070 1.08015e-23 1.04330e+01 1.16022e+01 1.27866e+01
0.7080 1.07934e-23 1.04338e+01 1.16027e+01 1.27868e+01
0.7090 1.07846e-23 1.04341e+01 1.16036e+01 1.27883e+01
0.7100 1.07816e-23 1.04352e+01 1.16050e+01 1.27899e+01
0.7110 1.07805e-23 1.04366e+01 1.16068e+01 1.27922e+01
0.7120 1.07833e-23 1.04377e+01 1.16078e+01 1.27930e+01
0.7130 1.07793e-23 1.04391e+01 1.16087e+01 1.27934e+01
0.7140 1.07646e-23 1.04406e+01 1.16100e+01 1.27943e+01
0.7150 1.07509e-23 1.04418e+01 1.16110e+01 1.27952e+01
0.7160 1.07359e-23 1.04426e+01 1.16111e+01 1.27943e+01
0.7170 1.07202e-23 1.04416e+01 1.16094e+01 1.27918e+01
0.7180 1.07075e-23 1.04411e+01 1.16082e+01 1.27898e+01
0.7190 1.06973e-23 1.04416e+01 1.16083e+01 1.27896e+01
0.7200 1.06860e-23 1.04423e+01 1.16086e+01 1.27896e+01
0.7210 1.06734e-23 1.04414e+01 1.16070e+01 1.27873e+01
0.7220 1.06658e-23 1.04406e+01 1.16055e+01 1.27852e+01
0.7230 1.06597e-23 1.04405e+01 1.16044e+01 1.27831e+01
0.7240 1.06532e-23 1.04413e+01 1.16044e+01 1.27825e+01
0.7250 1.06469e-23 1.04412e+01 1.16036e+01 1.27809e+01
0.7260 1.06418e-23 1.04416e+01 1.16032e+01 1.27795e+01
0.7270 1.06393e-23 1.04421e+01 1.16030e+01 1.27787e+01
0.7280 1.06380e-23 1.04434e+01 1.16036e+01 1.27787e+01
0.7290 1.06295e-23 1.04448e+01 1.16047e+01 1.27794e+01
0.7300 1.06172e-23 1.04452e+01 1.16046e+01 1.27791e+01
0.7310 1.05999e-23 1.04454e+01 1.16048e+01 1.27793e+01
0.7320 1.05796e-23 1.04452e+01 1.16049e+01 1.27799e+01
0.7330 1.05561e-23 1.04453e+01 1.16054e+01 1.27811e+01
0.7340 1.05336e-23 1.04451e+01 1.16056e+01 1.27818e+01
0.7350 1.05118e-23 1.04445e+01 1.16053e+01 1.27819e+01
0.7360 1.04932e-23 1.04434e+01 1.16043e+01 1.27812e+01
0.7370 1.04796e-23 1.04426e+01 1.16037e+01 1.27810e+01
0.7380 1.04735e-23 1.04426e+01 1.16037e+01 1.27809e+01
0.7390 1.04707e-23 1.04432e+01 1.16041e+01 1.27812e+01
0.7400 1.04684e-23 1.04444e+01 1.16052e+01 1.27823e+01
0.7410 1.04631e-23 1.04459e+01 1.16065e+01 1.27832e+01
0.7420 1.04564e-23 1.04475e+01 1.16076e+01 1.27838e+01
0.7430 1.04436e-23 1.04480e+01 1.16078e+01 1.27835e+01
0.7440 1.04315e-23 1.04476e+01 1.16068e+01 1.27819e+01
0.7450 1.04219e-23 1.04473e+01 1.16060e+01 1.27805e+01
0.7460 1.04137e-23 1.04462e+01 1.16043e+01 1.27782e+01
0.7470 1.04063e-23 1.04466e+01 1.16043e+01 1.27777e+01
0.7480 1.03960e-23 1.04473e+01 1.16046e+01 1.27778e+01
0.7490 1.03824e-23 1.04470e+01 1.16037e+01 1.27761e+01
0.7500 1.03747e-23 1.04464e+01 1.16023e+01 1.27740e+01
0.7510 1.03692e-23 1.04455e+01 1.16006e+01 1.27717e+01
0.7520 1.03659e-23 1.04461e+01 1.16005e+01 1.27708e+01
0.7530 1.03602e-23 1.04467e+01 1.16004e+01 1.27700e+01
0.7540 1.03514e-23 1.04474e+01 1.16006e+01 1.27696e+01
0.7550 1.03449e-23 1.04474e+01 1.16001e+01 1.27687e+01
0.7560 1.03393e-23 1.04489e+01 1.16009e+01 1.27688e+01
0.7570 1.03288e-23 1.04500e+01 1.16017e+01 1.27693e+01
0.7580 1.03190e-23 1.04506e+01 1.16019e+01 1.27690e+01
0.7590 1.03065e-23 1.04496e+01 1.16002e+01 1.27668e+01
0.7600 1.02990e-23 1.04486e+01 1.15987e+01 1.27649e+01
0.7610 1.02939e-23 1.04492e+01 1.15987e+01 1.27643e+01
0.7620 1.02878e-23 1.04501e+01 1.15995e+01 1.27649e+01
0.7630 1.02769e-23 1.04508e+01 1.16002e+01 1.27658e+01
0.7640 1.02637e-23 1.04517e+01 1.16013e+01 1.27673e+01
0.7650 1.02503e-23 1.04526e+01 1.16022e+01 1.27682e+01
0.7660 1.02370e-23 1.04541e+01 1.16042e+01 1.27706e+01
0.7670 1.02249e-23 1.04544e+01 1.16046e+01 1.27712e+01
0.7680 1.02158e-23 1.04541e+01 1.16043e+01 1.27711e+01
0.7690 1.02127e-23 1.04541e+01 1.16044e+01 1.27714e+01
0.7700 1.02135e-23 1.04552e+01 1.16055e+01 1.27726e+01
0.7710 1.02099e-23 1.04564e+01 1.16071e+01 1.27747e+01
0.7720 1.02035e-23 1.04583e+01 1.16096e+01 1.27777e+01
0.7730 1.01937e-23 1.04585e+01 1.16100e+01 1.27786e+01
0.7740 1.01849e-23 1.04595e+01 1.16112e+01 1.27801e+01
0.7750 1.01747e-23 1.04610e+01 1.16126e+01 1.27813e+01
0.7760 1.01623e-23 1.04615e+01 1.16133e+01 1.27824e+01
0.7770 1.01525e-23 1.04619e+01 1.16140e+01 1.27833e+01
0.7780 1.01461e-23 1.04615e+01 1.16137e+01 1.27832e+01
0.7790 1.01432e-23 1.04612e+01 1.16135e+01 1.27833e+01
0.7800 1.01414e-23 1.04626e+01 1.16149e+01 1.27848e+01
0.7810 1.01379e-23 1.04647e+01 1.16174e+01 1.27876e+01
0.7820 1.01331e-23 1.04659e+01 1.16188e+01 1.27892e+01
0.7830 1.01265e-23 1.04662e+01 1.16192e+01 1.27897e+01
0.7840 1.01223e-23 1.04666e+01 1.16196e+01 1.27901e+01
0.7850 1.01149e-23 1.04680e+01 1.16207e+01 1.27909e+01
0.7860 1.01023e-23 1.04701e+01 1.16229e+01 1.27931e+01
0.7870 1.00851e-23 1.04713e+01 1.16244e+01 1.27947e+01
0.7880 1.00676e-23 1.04710e+01 1.16244e+01 1.27952e+01
0.7890 1.00537e-23 1.04717e+01 1.16256e+01 1.27971e+01
0.7900 1.00400e-23 1.04720e+01 1.16269e+01 1.27998e+01
0.7910 1.00261e-23 1.04724e+01 1.16285e+01 1.28030e+01
0.7920 1.00130e-23 1.04725e+01 1.16297e+01 1.28056e+01
0.7930 1.00039e-23 1.04746e+01 1.16329e+01 1.28102e+01
0.7940 9.99674e-24 1.04760e+01 1.16362e+01 1.28161e+01
0.7950 9.98988e-24 1.04776e+01 1.16391e+01 1.28207e+01
0.7960 9.98063e-24 1.04774e+01 1.16395e+01 1.28219e+01
0.7970 9.97569e-24 1.04796e+01 1.16428e+01 1.28262e+01
0.7980 9.96575e-24 1.04814e+01 1.16457e+01 1.28303e+01
0.7990 9.95911e-24 1.04835e+01 1.16490e+01 1.28350e+01
0.8000 9.95163e-24 1.04857e+01 1.16523e+01 1.28397e+01
0.8010 9.94628e-24 1.04885e+01 1.16562e+01 1.28449e+01
0.8020 9.94096e-24 1.04897e+01 1.16587e+01 1.28486e+01
0.8030 9.93356e-24 1.04914e+01 1.16615e+01 1.28523e+01
0.8040 9.92333e-24 1.04941e+01 1.16655e+01 1.28577e+01
0.8050 9.90855e-24 1.04949e+01 1.16670e+01 1.28594e+01
0.8060 9.89724e-24 1.04955e+01 1.16680e+01 1.28609e+01
0.8070 9.88552e-24 1.04956e+01 1.16686e+01 1.28621e+01
0.8080 9.88296e-24 1.04967e+01 1.16700e+01 1.28637e+01
0.8090 9.88692e-24 1.04980e+01 1.16717e+01 1.28656e+01
0.8100 9.89135e-24 1.04997e+01 1.16736e+01 1.28676e+01
0.8110 9.89356e-24 1.05001e+01 1.16742e+01 1.28684e+01
0.8120 9.89411e-24 1.05006e+01 1.16746e+01 1.28688e+01
0.8130 9.89577e-24 1.05021e+01 1.16766e+01 1.28712e+01
0.8140 9.89579e-24 1.05041e+01 1.16797e+01 1.28755e+01
0.8150 9.88955e-24 1.05061e+01 1.16822e+01 1.28787e+01
0.8160 9.88036e-24 1.05076e+01 1.16844e+01 1.28818e+01
0.8170 9.87065e-24 1.05095e+01 1.16878e+01 1.28867e+01
0.8180 9.86396e-24 1.05123e+01 1.16928e+01 1.28940e+01
0.8190 9.86056e-24 1.05168e+01 1.17003e+01 1.29048e+01
0.8200 9.85684e-24 1.05209e+01 1.17076e+01 1.29158e+01
0.8210 9.85574e-24 1.05252e+01 1.17157e+01 1.29281e+01
0.8220 9.84676e-24 1.05265e+01 1.17188e+01 1.29334e+01
0.8230 9.83659e-24 1.05292e+01 1.17230e+01 1.29387e+01
0.8240 9.82543e-24 1.05310e+01 1.17264e+01 1.29434e+01
0.8250 9.81459e-24 1.05314e+01 1.17278e+01 1.29453e+01
0.8260 9.81210e-24 1.05316e+01 1.17282e+01 1.29456e+01
0.8270 9.81363e-24 1.05328e+01 1.17295e+01 1.29464e+01
0.8280 9.81762e-24 1.05334e+01 1.17295e+01 1.29453e+01
0.8290 9.82445e-24 1.05341e+01 1.17301e+01 1.29452e+01
0.8300 9.82692e-24 1.05360e+01 1.17323e+01 1.29473e+01
0.8310 9.82435e-24 1.05382e+01 1.17343e+01 1.29488e+01
0.8320 9.81369e-24 1.05404e+01 1.17368e+01 1.29514e+01
0.8330 9.79917e-24 1.05415e+01 1.17383e+01 1.29534e+01
0.8340 9.78114e-24 1.05421e+01 1.17393e+01 1.29551e+01
0.8350 9.75724e-24 1.05416e+01 1.17394e+01 1.29561e+01
0.8360 9.74163e-24 1.05411e+01 1.17389e+01 1.29556e+01
0.8370 9.72654e-24 1.05397e+01 1.17374e+01 1.29540e+01
0.8380 9.72248e-24 1.05392e+01 1.17366e+01 1.29531e+01
0.8390 9.72064e-24 1.05400e+01 1.17363e+01 1.29516e+01
0.8400 9.71668e-24 1.05408e+01 1.17365e+01 1.29514e+01
0.8410 9.70606e-24 1.05428e+01 1.17388e+01 1.29542e+01
0.8420 9.69574e-24 1.05426e+01 1.17387e+01 1.29546e+01
0.8430 9.68216e-24 1.05422e+01 1.17382e+01 1.29542e+01
0.8440 9.67092e-24 1.05424e+01 1.17384e+01 1.29544e+01
0.8450 9.66301e-24 1.05432e+01 1.17390e+01 1.29548e+01
0.8460 9.65464e-24 1.05433e+01 1.17393e+01 1.29549e+01
0.8470 9.65183e-24 1.05436e+01 1.17392e+01 1.29543e+01
0.8480 9.64810e-24 1.05433e+01 1.17382e+01 1.29527e+01
0.8490 9.64529e-24 1.05419e+01 1.17361e+01 1.29497e+01
0.8500 9.65110e-24 1.05423e+01 1.17352e+01 1.29475e+01
0.8510 9.65394e-24 1.05434e+01 1.17360e+01 1.29478e+01
0.8520 9.65539e-24 1.05448e+01 1.17370e+01 1.29485e+01
0.8530 9.65528e-24 1.05458e+01 1.17373e+01 1.29479e+01
0.8540 9.65341e-24 1.05456e+01 1.17364e+01 1.29463e+01
0.8550 9.64985e-24 1.05448e+01 1.17348e+01 1.29438e+01
0.8560 9.64966e-24 1.05454e+01 1.17346e+01 1.29427e+01
0.8570 9.64248e-24 1.05466e+01 1.17350e+01 1.29422e+01
0.8580 9.62722e-24 1.05479e+01 1.17359e+01 1.29425e+01
0.8590 9.60826e-24 1.05477e+01 1.17351e+01 1.29413e+01
0.8600 9.58276e-24 1.05475e+01 1.17352e+01 1.29416e+01
0.8610 9.56494e-24 1.05471e+01 1.17344e+01 1.29403e+01
0.8620 9.55006e-24 1.05446e+01 1.17310e+01 1.29362e+01
0.8630 9.54633e-24 1.05424e+01 1.17273e+01 1.29313e+01
0.8640 9.54120e-24 1.05410e+01 1.17251e+01 1.29283e+01
0.8650 9.53648e-24 1.05402e+01 1.17236e+01 1.29261e+01
0.8660 9.52552e-24 1.05417e+01 1.17243e+01 1.29263e+01
0.8670 9.51243e-24 1.05421e+01 1.17246e+01 1.29263e+01
0.8680 9.50487e-24 1.05433e+01 1.17253e+01 1.29269e+01
0.8690 9.50057e-24 1.05438e+01 1.17261e+01 1.29283e+01
0.8700 9.50405e-24 1.05471e+01 1.17305e+01 1.29343e+01
0.8710 9.51586e-24 1.05506e+01 1.17361e+01 1.29428e+01
0.8720 9.52655e-24 1.05549e+01 1.17440e+01 1.29549e+01
0.8730 9.53777e-24 1.05612e+01 1.17533e+01 1.29685e+01
0.8740 9.54687e-24 1.05636e+01 1.17568e+01 1.29731e+01
0.8750 9.55254e-24 1.05678e+01 1.17617e+01 1.29778e+01
0.8760 9.54697e-24 1.05707e+01 1.17660e+01 1.29830e+01
0.8770 9.53844e-24 1.05745e+01 1.17728e+01 1.29927e+01
0.8780 9.53136e-24 1.05801e+01 1.17827e+01 1.30067e+01
0.8790 9.52512e-24 1.05829e+01 1.17885e+01 1.30156e+01
0.8800 9.52142e-24 1.05870e+01 1.17965e+01 1.30277e+01
0.8810 9.51163e-24 1.05896e+01 1.18017e+01 1.30353e+01
0.8820 9.50173e-24 1.05905e+01 1.18044e+01 1.30398e+01
0.8830 9.48919e-24 1.05910e+01 1.18059e+01 1.30422e+01
0.8840 9.47076e-24 1.05891e+01 1.18037e+01 1.30393e+01
0.8850 9.45946e-24 1.05901e+01 1.18048e+01 1.30401e+01
0.8860 9.44988e-24 1.05896e+01 1.18048e+01 1.30402e+01
0.8870 9.44610e-24 1.05886e+01 1.18039e+01 1.30395e+01
0.8880 9.44824e-24 1.05898e+01 1.18047e+01 1.30397e+01
0.8890 9.44989e-24 1.05897e+01 1.18046e+01 1.30398e+01
0.8900 9.44696e-24 1.05922e+01 1.18084e+01 1.30457e+01
0.8910 9.44275e-24 1.05933e+01 1.18123e+01 1.30535e+01
0.8920 9.43515e-24 1.05958e+01 1.18175e+01 1.30627e+01
0.8930 9.42806e-24 1.05994e+01 1.18241e+01 1.30735e+01
0.8940 9.42217e-24 1.05995e+01 1.18239e+01 1.30732e+01
0.8950 9.41247e-24 1.05979e+01 1.18208e+01 1.30678e+01
0.8960 9.39798e-24 1.05989e+01 1.18219e+01 1.30688e+01
0.8970 9.38212e-24 1.06015e+01 1.18252e+01 1.30725e+01
0.8980 9.36448e-24 1.06026e+01 1.18258e+01 1.30722e+01
0.8990 9.35058e-24 1.06013e+01 1.18243e+01 1.30700e+01
0.9000 9.34026e-24 1.05991e+01 1.18201e+01 1.30631e+01
0.9010 9.33462e-24 1.06000e+01 1.18190e+01 1.30592e+01
0.9020 9.33021e-24 1.06003e+01 1.18181e+01 1.30564e+01
0.9030 9.32617e-24 1.05983e+01 1.18148e+01 1.30518e+01
0.9040 9.32830e-24 1.05976e+01 1.18124e+01 1.30475e+01
0.9050 9.33362e-24 1.05962e+01 1.18074e+01 1.30387e+01
0.9060 9.33294e-24 1.05953e+01 1.18037e+01 1.30319e+01
0.9070 9.32692e-24 1.05940e+01 1.17996e+01 1.30249e+01
0.9080 9.32079e-24 1.05921e+01 1.17957e+01 1.30189e+01
0.9090 9.31472e-24 1.05895e+01 1.17909e+01 1.30121e+01
0.9100 9.30794e-24 1.05872e+01 1.17868e+01 1.30062e+01
0.9110 9.29547e-24 1.05848e+01 1.17824e+01 1.29998e+01
0.9120 9.27985e-24 1.05838e+01 1.17801e+01 1.29963e+01
0.9130 9.26610e-24 1.05831e+01 1.17782e+01 1.29933e+01
0.9140 9.25333e-24 1.05830e+01 1.17772e+01 1.29913e+01
0.9150 9.23742e-24 1.05811e+01 1.17743e+01 1.29878e+01
0.9160 9.21928e-24 1.05804e+01 1.17728e+01 1.29855e+01
0.9170 9.19900e-24 1.05809e+01 1.17732e+01 1.29860e+01
0.9180 9.18066e-24 1.05816e+01 1.17736e+01 1.29860e+01
0.9190 9.16542e-24 1.05805e+01 1.17723e+01 1.29846e+01
0.9200 9.15452e-24 1.05803e+01 1.17719e+01 1.29841e+01
0.9210 9.14722e-24 1.05798e+01 1.17709e+01 1.29827e+01
0.9220 9.14345e-24 1.05794e+01 1.17702e+01 1.29817e+01
0.9230 9.14561e-24 1.05797e+01 1.17704e+01 1.29821e+01
0.9240 9.15318e-24 1.05804e+01 1.17707e+01 1.29821e+01
0.9250 9.15814e-24 1.05813e+01 1.17713e+01 1.29824e+01
0.9260 9.15657e-24 1.05818e+01 1.17713e+01 1.29819e+01
0.9270 9.15122e-24 1.05821e+01 1.17714e+01 1.29816e+01
0.9280 9.14543e-24 1.05818e+01 1.17707e+01 1.29805e+01
0.9290 9.14298e-24 1.05815e+01 1.17695e+01 1.29784e+01
0.9300 9.14616e-24 1.05817e+01 1.17694e+01 1.29781e+01
0.9310 9.14553e-24 1.05824e+01 1.17695e+01 1.29774e+01
0.9320 9.14106e-24 1.05836e+01 1.17707e+01 1.29786e+01
0.9330 9.13282e-24 1.05845e+01 1.17713e+01 1.29789e+01
0.9340 9.12758e-24 1.05855e+01 1.17718e+01 1.29787e+01
0.9350 9.12242e-24 1.05857e+01 1.17717e+01 1.29784e+01
0.9360 9.11852e-24 1.05862e+01 1.17716e+01 1.29777e+01
0.9370 9.11268e-24 1.05872e+01 1.17724e+01 1.29784e+01
0.9380 9.10447e-24 1.05879e+01 1.17735e+01 1.29800e+01
0.9390 9.09552e-24 1.05894e+01 1.17754e+01 1.29823e+01
0.9400 9.08649e-24 1.05899e+01 1.17762e+01 1.29835e+01
0.9410 9.07934e-24 1.05909e+01 1.17776e+01 1.29855e+01
0.9420 9.07639e-24 1.05924e+01 1.17801e+01 1.29894e+01
0.9430 9.07675e-24 1.05944e+01 1.17838e+01 1.29953e+01
0.9440 9.07876e-24 1.05960e+01 1.17868e+01 1.30001e+01
0.9450 9.08096e-24 1.05984e+01 1.17908e+01 1.30062e+01
0.9460 9.08085e-24 1.06016e+01 1.17959e+01 1.30135e+01
0.9470 9.06999e-24 1.06056e+01 1.18013e+01 1.30203e+01
0.9480 9.05700e-24 1.06072e+01 1.18040e+01 1.30238e+01
0.9490 9.04326e-24 1.06086e+01 1.18065e+01 1.30270e+01
0.9500 9.02976e-24 1.06107e+01 1.18099e+01 1.30313e+01
0.9510 9.01515e-24 1.06093e+01 1.18092e+01 1.30308e+01
0.9520 9.00661e-24 1.06074e+01 1.18067e+01 1.30273e+01
0.9530 9.00396e-24 1.06071e+01 1.18059e+01 1.30256e+01
0.9540 9.00581e-24 1.06079e+01 1.18062e+01 1.30250e+01
0.9550 9.00354e-24 1.06073e+01 1.18040e+01 1.30208e+01
0.9560 9.00371e-24 1.06062e+01 1.18019e+01 1.30174e+01
0.9570 9.00632e-24 1.06055e+01 1.18002e+01 1.30147e+01
0.9580 9.01589e-24 1.06060e+01 1.18000e+01 1.30136e+01
0.9590 9.02779e-24 1.06072e+01 1.18002e+01 1.30127e+01
0.9600 9.03380e-24 1.06073e+01 1.17993e+01 1.30110e+01
0.9610 9.03466e-24 1.06074e+01 1.17983e+01 1.30089e+01
0.9620 9.03544e-24 1.06074e+01 1.17973e+01 1.30071e+01
0.9630 9.03806e-24 1.06073e+01 1.17959e+01 1.30045e+01
0.9640 9.03753e-24 1.06067e+01 1.17942e+01 1.30018e+01
0.9650 9.03348e-24 1.06069e+01 1.17941e+01 1.30016e+01
0.9660 9.02689e-24 1.06073e+01 1.17942e+01 1.30013e+01
0.9670 9.01093e-24 1.06076e+01 1.17945e+01 1.30017e+01
0.9680 8.99340e-24 1.06068e+01 1.17935e+01 1.30007e+01
0.9690 8.98160e-24 1.06065e+01 1.17931e+01 1.29999e+01
0.9700 8.97227e-24 1.06072e+01 1.17940e+01 1.30011e+01
0.9710 8.96429e-24 1.06085e+01 1.17953e+01 1.30023e+01
0.9720 8.95435e-24 1.06096e+01 1.17967e+01 1.30038e+01
0.9730 8.94288e-24 1.06081e+01 1.17948e+01 1.30016e+01
0.9740 8.93708e-24 1.06081e+01 1.17948e+01 1.30013e+01
0.9750 8.93440e-24 1.06088e+01 1.17956e+01 1.30019e+01
0.9760 8.92788e-24 1.06086e+01 1.17952e+01 1.30014e+01
0.9770 8.91879e-24 1.06081e+01 1.17946e+01 1.30008e+01
0.9780 8.90593e-24 1.06086e+01 1.17957e+01 1.30025e+01
0.9790 8.89358e-24 1.06093e+01 1.17969e+01 1.30044e+01
0.9800 8.87848e-24 1.06086e+01 1.17966e+01 1.30046e+01
0.9810 8.86296e-24 1.06081e+01 1.17964e+01 1.30047e+01
0.9820 8.84462e-24 1.06082e+01 1.17976e+01 1.30071e+01
0.9830 8.82689e-24 1.06073e+01 1.17974e+01 1.30077e+01
0.9840 8.81144e-24 1.06063e+01 1.17968e+01 1.30076e+01
0.9850 8.79516e-24 1.06050e+01 1.17959e+01 1.30071e+01
0.9860 8.79043e-24 1.06027e+01 1.17936e+01 1.30051e+01
0.9870 8.80133e-24 1.06022e+01 1.17930e+01 1.30046e+01
0.9880 8.81565e-24 1.06051e+01 1.17961e+01 1.30080e+01
0.9890 8.82415e-24 1.06087e+01 1.18000e+01 1.30124e+01
0.9900 8.82162e-24 1.06122e+01 1.18052e+01 1.30196e+01
0.9910 8.82198e-24 1.06173e+01 1.18131e+01 1.30311e+01
0.9920 8.82798e-24 1.06209e+01 1.18200e+01 1.30419e+01
0.9930 8.83130e-24 1.06214e+01 1.18216e+01 1.30443e+01
0.9940 8.83166e-24 1.06242e+01 1.18253e+01 1.30487e+01
0.9950 8.82613e-24 1.06255e+01 1.18274e+01 1.30515e+01
0.9960 8.83090e-24 1.06265e+01 1.18290e+01 1.30533e+01
0.9970 8.83737e-24 1.06289e+01 1.18321e+01 1.30570e+01
0.9980 8.84689e-24 1.06326e+01 1.18370e+01 1.30631e+01
0.9990 8.85488e-24 1.06376e+01 1.18431e+01 1.30705e+01
1.0000 8.86163e-24 1.06428e+01 1.18503e+01 1.30798e+01
1.0010 8.86415e-24 1.06477e+01 1.18564e+01 1.30870e+01
1.0020 8.86105e-24 1.06512e+01 1.18619e+01 1.30949e+01
1.0030 8.85635e-24 1.06561e+01 1.18698e+01 1.31063e+01
1.0040 8.84941e-24 1.06637e+01 1.18818e+01 1.31231e+01
1.0050 8.83949e-24 1.06700e+01 1.18927e+01 1.31394e+01
1.0060 8.82328e-24 1.06685e+01 1.18914e+01 1.31373e+01
1.0070 8.81600e-24 1.06697e+01 1.18934e+01 1.31395e+01
1.0080 8.81365e-24 1.06712e+01 1.18960e+01 1.31426e+01
1.0090 8.81574e-24 1.06729e+01 1.18982e+01 1.31451e+01
1.0100 8.82056e-24 1.06758e+01 1.19027e+01 1.31510e+01
1.0110 8.82442e-24 1.06787e+01 1.19061e+01 1.31550e+01
1.0120 8.82226e-24 1.06820e+01 1.19102e+01 1.31597e+01
1.0130 8.81850e-24 1.06848e+01 1.19130e+01 1.31626e+01
1.0140 8.80881e-24 1.06861e+01 1.19147e+01 1.31646e+01
1.0150 8.80467e-24 1.06865e+01 1.19154e+01 1.31654e+01
1.0160 8.79421e-24 1.06871e+01 1.19165e+01 1.31671e+01
1.0170 8.78393e-24 1.06862e+01 1.19162e+01 1.31678e+01
1.0180 8.77674e-24 1.06862e+01 1.19154e+01 1.31661e+01
1.0190 8.76816e-24 1.06865e+01 1.19150e+01 1.31651e+01
1.0200 8.75607e-24 1.06860e+01 1.19141e+01 1.31635e+01
1.0210 8.74374e-24 1.06849e+01 1.19129e+01 1.31619e+01
1.0220 8.73670e-24 1.06842e+01 1.19112e+01 1.31593e+01
1.0230 8.73599e-24 1.06829e+01 1.19098e+01 1.31580e+01
1.0240 8.74435e-24 1.06841e+01 1.19114e+01 1.31600e+01
1.0250 8.75160e-24 1.06857e+01 1.19128e+01 1.31614e+01
1.0260 8.76148e-24 1.06887e+01 1.19158e+01 1.31643e+01
1.0270 8.76384e-24 1.06911e+01 1.19193e+01 1.31692e+01
1.0280 8.76526e-24 1.06948e+01 1.19250e+01 1.31774e+01
1.0290 8.76606e-24 1.06968e+01 1.19286e+01 1.31831e+01
1.0300 8.76537e-24 1.06982e+01 1.19315e+01 1.31880e+01
1.0310 8.76764e-24 1.07024e+01 1.19378e+01 1.31964e+01
1.0320 8.76705e-24 1.07078e+01 1.19457e+01 1.32074e+01
1.0330 8.76301e-24 1.07127e+01 1.19531e+01 1.32179e+01
1.0340 8.75169e-24 1.07193e+01 1.19625e+01 1.32306e+01
1.0350 8.73730e-24 1.07258e+01 1.19758e+01 1.32517e+01
1.0360 8.72461e-24 1.07360e+01 1.19950e+01 1.32819e+01
1.0370 8.71232e-24 1.07489e+01 1.20183e+01 1.33181e+01
1.0380 8.70269e-24 1.07555e+01 1.20348e+01 1.33459e+01
1.0390 8.69879e-24 1.07677e+01 1.20557e+01 1.33761e+01
1.0400 8.71459e-24 1.07802e+01 1.20783e+01 1.34107e+01
1.0410 8.72266e-24 1.07962e+01 1.21060e+01 1.34515e+01
1.0420 8.71787e-24 1.08040e+01 1.21246e+01 1.34818e+01
1.0430 8.70773e-24 1.08101e+01 1.21372e+01 1.35003e+01
1.0440 8.69614e-24 1.08137e+01 1.21468e+01 1.35143e+01
1.0450 8.68072e-24 1.08216e+01 1.21568e+01 1.35243e+01
1.0460 8.67448e-24 1.08209e+01 1.21590e+01 1.35287e+01
1.0470 8.66069e-24 1.08215e+01 1.21634e+01 1.35359e+01
1.0480 8.64985e-24 1.08210e+01 1.21634e+01 1.35351e+01
1.0490 8.63341e-24 1.08181e+01 1.21600e+01 1.35299e+01
1.0500 8.61943e-24 1.08171e+01 1.21575e+01 1.35255e+01
1.0510 8.61553e-24 1.08122e+01 1.21498e+01 1.35147e+01
1.0520 8.61113e-24 1.08114e+01 1.21481e+01 1.35119e+01
1.0530 8.61362e-24 1.08094e+01 1.21453e+01 1.35083e+01
1.0540 8.62118e-24 1.08104e+01 1.21451e+01 1.35065e+01
1.0550 8.61623e-24 1.08105e+01 1.21435e+01 1.35027e+01
1.0560 8.61314e-24 1.08062e+01 1.21378e+01 1.34948e+01
1.0570 8.60733e-24 1.08024e+01 1.21328e+01 1.34893e+01
1.0580 8.59712e-24 1.08043e+01 1.21345e+01 1.34912e+01
1.0590 8.59629e-24 1.08057e+01 1.21347e+01 1.34906e+01
1.0600 8.58814e-24 1.08047e+01 1.21334e+01 1.34895e+01
1.0610 8.57782e-24 1.08036e+01 1.21315e+01 1.34870e+01
1.0620 8.57011e-24 1.08019e+01 1.21296e+01 1.34849e+01
1.0630 8.57109e-24 1.08029e+01 1.21334e+01 1.34933e+01
1.0640 8.57590e-24 1.08090e+01 1.21433e+01 1.35089e+01
1.0650 8.57265e-24 1.08149e+01 1.21535e+01 1.35245e+01
1.0660 8.57524e-24 1.08220e+01 1.21691e+01 1.35524e+01
1.0670 8.56793e-24 1.08206e+01 1.21680e+01 1.35508e+01
1.0680 8.55868e-24 1.08189e+01 1.21653e+01 1.35465e+01
1.0690 8.54646e-24 1.08214e+01 1.21689e+01 1.35509e+01
1.0700 8.53530e-24 1.08210e+01 1.21708e+01 1.35557e+01
1.0710 8.53630e-24 1.08249e+01 1.21739e+01 1.35576e+01
1.0720 8.54391e-24 1.08313e+01 1.21806e+01 1.35651e+01
1.0730 8.54758e-24 1.08357e+01 1.21883e+01 1.35772e+01
1.0740 8.53794e-24 1.08376e+01 1.21948e+01 1.35897e+01
1.0750 8.54546e-24 1.08451e+01 1.22073e+01 1.36085e+01
1.0760 8.53785e-24 1.08480e+01 1.22109e+01 1.36134e+01
1.0770 8.52594e-24 1.08458e+01 1.22088e+01 1.36100e+01
1.0780 8.51625e-24 1.08375e+01 1.21964e+01 1.35916e+01
1.0790 8.50222e-24 1.08367e+01 1.21941e+01 1.35868e+01
1.0800 8.48813e-24 1.08329e+01 1.21874e+01 1.35768e+01
1.0810 8.48473e-24 1.08283e+01 1.21800e+01 1.35662e+01
1.0820 8.48047e-24 1.08269e+01 1.21757e+01 1.35584e+01
1.0830 8.46948e-24 1.08239e+01 1.21684e+01 1.35464e+01
1.0840 8.45836e-24 1.08194e+01 1.21603e+01 1.35340e+01
1.0850 8.45012e-24 1.08211e+01 1.21600e+01 1.35304e+01
1.0860 8.43638e-24 1.08195e+01 1.21572e+01 1.35262e+01
1.0870 8.43037e-24 1.08163e+01 1.21529e+01 1.35212e+01
1.0880 8.43468e-24 1.08133e+01 1.21490e+01 1.35173e+01
1.0890 8.45491e-24 1.08133e+01 1.21486e+01 1.35173e+01
1.0900 8.47044e-24 1.08160e+01 1.21513e+01 1.35206e+01
1.0910 8.48562e-24 1.08173e+01 1.21502e+01 1.35176e+01
1.0920 8.49191e-24 1.08178e+01 1.21538e+01 1.35246e+01
1.0930 8.48981e-24 1.08177e+01 1.21534e+01 1.35238e+01
1.0940 8.49470e-24 1.08216e+01 1.21585e+01 1.35298e+01
1.0950 8.50680e-24 1.08306e+01 1.21697e+01 1.35434e+01
1.0960 8.50847e-24 1.08387e+01 1.21774e+01 1.35496e+01
1.0970 8.50108e-24 1.08412e+01 1.21799e+01 1.35507e+01
1.0980 8.48980e-24 1.08418e+01 1.21803e+01 1.35495e+01
1.0990 8.48666e-24 1.08426e+01 1.21811e+01 1.35501e+01
1.1000 8.47832e-24 1.08429e+01 1.21803e+01 1.35485e+01
1.1010 8.46243e-24 1.08460e+01 1.21857e+01 1.35568e+01
1.1020 8.44438e-24 1.08479e+01 1.21897e+01 1.35628e+01
1.1030 8.42596e-24 1.08483e+01 1.21915e+01 1.35662e+01
1.1040 8.40387e-24 1.08428e+01 1.21853e+01 1.35598e+01
1.1050 8.39300e-24 1.08434e+01 1.21863e+01 1.35611e+01
1.1060 8.37767e-24 1.08392e+01 1.21828e+01 1.35578e+01
1.1070 8.37293e-24 1.08408e+01 1.21831e+01 1.35568e+01
1.1080 8.36877e-24 1.08368e+01 1.21759e+01 1.35455e+01
1.1090 8.36513e-24 1.08334e+01 1.21698e+01 1.35369e+01
1.1100 8.36780e-24 1.08278e+01 1.21604e+01 1.35231e+01
1.1110 8.37949e-24 1.08280e+01 1.21599e+01 1.35221e+01
1.1120 8.38323e-24 1.08256e+01 1.21547e+01 1.35140e+01
1.1130 8.38627e-24 1.08259e+01 1.21532e+01 1.35109e+01
1.1140 8.38488e-24 1.08258e+01 1.21518e+01 1.35086e+01
1.1150 8.37703e-24 1.08233e+01 1.21463e+01 1.35002e+01
1.1160 8.36337e-24 1.08219e+01 1.21431e+01 1.34951e+01
1.1170 8.35582e-24 1.08218e+01 1.21401e+01 1.34888e+01
1.1180 8.34378e-24 1.08222e+01 1.21394e+01 1.34872e+01
1.1190 8.32818e-24 1.08220e+01 1.21388e+01 1.34864e+01
1.1200 8.31423e-24 1.08180e+01 1.21353e+01 1.34836e+01
1.1210 8.31479e-24 1.08171e+01 1.21356e+01 1.34854e+01
1.1220 8.32483e-24 1.08205e+01 1.21416e+01 1.34948e+01
1.1230 8.32744e-24 1.08258e+01 1.21481e+01 1.35028e+01
1.1240 8.32507e-24 1.08266e+01 1.21485e+01 1.35022e+01
1.1250 8.31613e-24 1.08248e+01 1.21454e+01 1.34970e+01
1.1260 8.30875e-24 1.08238e+01 1.21429e+01 1.34928e+01
1.1270 8.29696e-24 1.08208e+01 1.21394e+01 1.34890e+01
1.1280 8.28436e-24 1.08201e+01 1.21403e+01 1.34925e+01
1.1290 8.28330e-24 1.08207e+01 1.21424e+01 1.34970e+01
1.1300 8.28223e-24 1.08281e+01 1.21533e+01 1.35122e+01
1.1310 8.27942e-24 1.08330e+01 1.21613e+01 1.35246e+01
1.1320 8.27811e-24 1.08338e+01 1.21656e+01 1.35330e+01
1.1330 8.27649e-24 1.08388e+01 1.21737e+01 1.35449e+01
1.1340 8.27877e-24 1.08530e+01 1.21948e+01 1.35751e+01
1.1350 8.28555e-24 1.08617e+01 1.22113e+01 1.36015e+01
1.1360 8.27789e-24 1.08645e+01 1.22208e+01 1.36195e+01
1.1370 8.26766e-24 1.08682e+01 1.22270e+01 1.36274e+01
1.1380 8.26965e-24 1.08750e+01 1.22384e+01 1.36441e+01
1.1390 8.27766e-24 1.08802e+01 1.22472e+01 1.36557e+01
1.1400 8.26720e-24 1.08780e+01 1.22460e+01 1.36557e+01
1.1410 8.25582e-24 1.08793e+01 1.22478e+01 1.36578e+01
1.1420 8.24877e-24 1.08813e+01 1.22505e+01 1.36606e+01
1.1430 8.23157e-24 1.08770e+01 1.22443e+01 1.36518e+01
1.1440 8.21217e-24 1.08812e+01 1.22496e+01 1.36576e+01
1.1450 8.19325e-24 1.08822e+01 1.22540e+01 1.36659e+01
1.1460 8.17474e-24 1.08807e+01 1.22562e+01 1.36718e+01
1.1470 8.16803e-24 1.08829e+01 1.22579e+01 1.36732e+01
1.1480 8.15286e-24 1.08741e+01 1.22467e+01 1.36585e+01
1.1490 8.16291e-24 1.08750e+01 1.22493e+01 1.36629e+01
1.1500 8.17338e-24 1.08734e+01 1.22458e+01 1.36557e+01
1.1510 8.18271e-24 1.08707e+01 1.22417e+01 1.36483e+01
1.1520 8.20631e-24 1.08721e+01 1.22393e+01 1.36409e+01
1.1530 8.21483e-24 1.08721e+01 1.22380e+01 1.36372e+01
1.1540 8.20519e-24 1.08692e+01 1.22323e+01 1.36272e+01
1.1550 8.19127e-24 1.08709e+01 1.22351e+01 1.36308e+01
1.1560 8.16911e-24 1.08656e+01 1.22245e+01 1.36142e+01
1.1570 8.15610e-24 1.08592e+01 1.22145e+01 1.35997e+01
1.1580 8.14358e-24 1.08595e+01 1.22146e+01 1.35999e+01
1.1590 8.13862e-24 1.08622e+01 1.22184e+01 1.36059e+01
1.1600 8.13035e-24 1.08710e+01 1.22268e+01 1.36147e+01
1.1610 8.12226e-24 1.08689e+01 1.22269e+01 1.36184e+01
1.1620 8.11842e-24 1.08726e+01 1.22356e+01 1.36338e+01
1.1630 8.11533e-24 1.08713e+01 1.22363e+01 1.36378e+01
1.1640 8.11914e-24 1.08643e+01 1.22271e+01 1.36261e+01
1.1650 8.12708e-24 1.08642e+01 1.22247e+01 1.36206e+01
1.1660 8.11801e-24 1.08603e+01 1.22191e+01 1.36135e+01
1.1670 8.10733e-24 1.08616e+01 1.22183e+01 1.36094e+01
1.1680 8.09921e-24 1.08602e+01 1.22159e+01 1.36060e+01
1.1690 8.08159e-24 1.08541e+01 1.22045e+01 1.35884e+01
1.1700 8.06956e-24 1.08469e+01 1.21937e+01 1.35733e+01
1.1710 8.05162e-24 1.08424e+01 1.21853e+01 1.35602e+01
1.1720 8.03446e-24 1.08384e+01 1.21783e+01 1.35493e+01
1.1730 8.02937e-24 1.08367e+01 1.21746e+01 1.35441e+01
1.1740 8.02187e-24 1.08310e+01 1.21670e+01 1.35348e+01
1.1750 8.01740e-24 1.08312e+01 1.21669e+01 1.35351e+01
1.1760 8.01685e-24 1.08303e+01 1.21652e+01 1.35333e+01
1.1770 8.01732e-24 1.08313e+01 1.21640e+01 1.35294e+01
1.1780 8.00953e-24 1.08312e+01 1.21600e+01 1.35209e+01
1.1790 7.99720e-24 1.08258e+01 1.21514e+01 1.35086e+01
1.1800 7.98838e-24 1.08240e+01 1.21458e+01 1.34988e+01
1.1810 7.97877e-24 1.08210e+01 1.21403e+01 1.34905e+01
1.1820 7.97313e-24 1.08197e+01 1.21351e+01 1.34810e+01
1.1830 7.96326e-24 1.08182e+01 1.21298e+01 1.34717e+01
1.1840 7.94287e-24 1.08154e+01 1.21261e+01 1.34670e+01
1.1850 7.92983e-24 1.08147e+01 1.21231e+01 1.34628e+01
1.1860 7.91186e-24 1.08096e+01 1.21156e+01 1.34530e+01
1.1870 7.90145e-24 1.08026e+01 1.21066e+01 1.34424e+01
1.1880 7.90676e-24 1.08009e+01 1.21029e+01 1.34370e+01
1.1890 7.91410e-24 1.07991e+01 1.21015e+01 1.34362e+01
1.1900 7.91424e-24 1.07976e+01 1.20984e+01 1.34314e+01
1.1910 7.90773e-24 1.07976e+01 1.20949e+01 1.34236e+01
1.1920 7.90118e-24 1.07946e+01 1.20895e+01 1.34156e+01
1.1930 7.88605e-24 1.07919e+01 1.20829e+01 1.34052e+01
1.1940 7.86488e-24 1.07922e+01 1.20824e+01 1.34034e+01
1.1950 7.85296e-24 1.07907e+01 1.20807e+01 1.34020e+01
1.1960 7.84791e-24 1.07910e+01 1.20821e+01 1.34054e+01
1.1970 7.84126e-24 1.07943e+01 1.20897e+01 1.34181e+01
1.1980 7.83376e-24 1.08037e+01 1.21056e+01 1.34428e+01
1.1990 7.82910e-24 1.08113e+01 1.21237e+01 1.34748e+01
1.2000 7.82267e-24 1.08245e+01 1.21507e+01 1.35195e+01
1.2010 7.81748e-24 1.08325e+01 1.21707e+01 1.35526e+01
1.2020 7.81289e-24 1.08413e+01 1.21864e+01 1.35764e+01
1.2030 7.80577e-24 1.08489e+01 1.21997e+01 1.35952e+01
1.2040 7.81416e-24 1.08502e+01 1.22041e+01 1.36030e+01
1.2050 7.81866e-24 1.08589e+01 1.22176e+01 1.36214e+01
1.2060 7.82072e-24 1.08622e+01 1.22285e+01 1.36403e+01
1.2070 7.82568e-24 1.08683e+01 1.22416e+01 1.36610e+01
1.2080 7.82499e-24 1.08761e+01 1.22576e+01 1.36871e+01
1.2090 7.82294e-24 1.08863e+01 1.22722e+01 1.37084e+01
1.2100 7.81432e-24 1.08913e+01 1.22798e+01 1.37188e+01
1.2110 7.81129e-24 1.09042e+01 1.23043e+01 1.37586e+01
1.2120 7.80325e-24 1.09139e+01 1.23213e+01 1.37857e+01
1.2130 7.78598e-24 1.09198e+01 1.23312e+01 1.38003e+01
1.2140 7.76299e-24 1.09199e+01 1.23307e+01 1.37981e+01
1.2150 7.78256e-24 1.09095e+01 1.23202e+01 1.37869e+01
1.2160 7.77334e-24 1.09085e+01 1.23199e+01 1.37879e+01
1.2170 7.75937e-24 1.09059e+01 1.23126e+01 1.37730e+01
1.2180 7.75337e-24 1.09034e+01 1.23095e+01 1.37694e+01
1.2190 7.74580e-24 1.09059e+01 1.23115e+01 1.37719e+01
1.2200 7.75314e-24 1.09085e+01 1.23147e+01 1.37762e+01
1.2210 7.72693e-24 1.08986e+01 1.22989e+01 1.37518e+01
1.2220 7.71318e-24 1.08888e+01 1.22847e+01 1.37310e+01
1.2230 7.69806e-24 1.08785e+01 1.22686e+01 1.37082e+01
1.2240 7.69341e-24 1.08719e+01 1.22584e+01 1.36949e+01
1.2250 7.67444e-24 1.08693e+01 1.22496e+01 1.36799e+01
1.2260 7.66946e-24 1.08530e+01 1.22241e+01 1.36430e+01
1.2270 7.66847e-24 1.08485e+01 1.22140e+01 1.36254e+01
1.2280 7.67634e-24 1.08480e+01 1.22114e+01 1.36209e+01
1.2290 7.66443e-24 1.08377e+01 1.21943e+01 1.35950e+01
1.2300 7.66681e-24 1.08327e+01 1.21814e+01 1.35722e+01
1.2310 7.65990e-24 1.08303e+01 1.21750e+01 1.35610e+01
1.2320 7.66886e-24 1.08316e+01 1.21760e+01 1.35626e+01
1.2330 7.66357e-24 1.08288e+01 1.21693e+01 1.35500e+01
1.2340 7.65243e-24 1.08250e+01 1.21603e+01 1.35338e+01
1.2350 7.64141e-24 1.08208e+01 1.21495e+01 1.35148e+01
1.2360 7.63024e-24 1.08165e+01 1.21430e+01 1.35058e+01
1.2370 7.61876e-24 1.08095e+01 1.21315e+01 1.34895e+01
1.2380 7.60951e-24 1.08045e+01 1.21224e+01 1.34766e+01
1.2390 7.61607e-24 1.08053e+01 1.21235e+01 1.34795e+01
1.2400 7.62542e-24 1.08064e+01 1.21285e+01 1.34896e+01
1.2410 7.62436e-24 1.08022e+01 1.21227e+01 1.34823e+01
1.2420 7.62843e-24 1.08030e+01 1.21245e+01 1.34861e+01
1.2430 7.62919e-24 1.07979e+01 1.21175e+01 1.34759e+01
1.2440 7.62925e-24 1.08006e+01 1.21222e+01 1.34831e+01
1.2450 7.62109e-24 1.08021e+01 1.21232e+01 1.34826e+01
1.2460 7.63283e-24 1.08030e+01 1.21231e+01 1.34809e+01
1.2470 7.63815e-24 1.08091e+01 1.21295e+01 1.34863e+01
1.2480 7.64350e-24 1.08079e+01 1.21256e+01 1.34779e+01
1.2490 7.65055e-24 1.08107e+01 1.21299e+01 1.34835e+01
1.2500 7.65237e-24 1.08182e+01 1.21398e+01 1.34952e+01
1.2510 7.65047e-24 1.08223e+01 1.21458e+01 1.35024e+01
1.2520 7.65104e-24 1.08257e+01 1.21491e+01 1.35054e+01
1.2530 7.65566e-24 1.08278e+01 1.21500e+01 1.35039e+01
1.2540 7.66484e-24 1.08279e+01 1.21490e+01 1.35020e+01
1.2550 7.66520e-24 1.08284e+01 1.21499e+01 1.35036e+01
1.2560 7.66538e-24 1.08249e+01 1.21468e+01 1.35016e+01
1.2570 7.65096e-24 1.08246e+01 1.21469e+01 1.35029e+01
1.2580 7.63814e-24 1.08204e+01 1.21414e+01 1.34965e+01
1.2590 7.62875e-24 1.08218e+01 1.21446e+01 1.35019e+01
1.2600 7.62294e-24 1.08229e+01 1.21476e+01 1.35075e+01
1.2610 7.61920e-24 1.08207e+01 1.21467e+01 1.35101e+01
1.2620 7.61885e-24 1.08208e+01 1.21462e+01 1.35081e+01
1.2630 7.62768e-24 1.08171e+01 1.21409e+01 1.35013e+01
1.2640 7.62912e-24 1.08190e+01 1.21439e+01 1.35048e+01
1.2650 7.62385e-24 1.08183e+01 1.21418e+01 1.35011e+01
1.2660 7.61874e-24 1.08197e+01 1.21420e+01 1.35002e+01
1.2670 7.61480e-24 1.08181e+01 1.21417e+01 1.35025e+01
1.2680 7.60229e-24 1.08159e+01 1.21385e+01 1.34999e+01
1.2690 7.59561e-24 1.08191e+01 1.21387e+01 1.34958e+01
1.2700 7.59527e-24 1.08202e+01 1.21395e+01 1.34968e+01
1.2710 7.60490e-24 1.08175e+01 1.21360e+01 1.34922e+01
1.2720 7.62086e-24 1.08197e+01 1.21408e+01 1.34999e+01
1.2730 7.62801e-24 1.08183e+01 1.21323e+01 1.34819e+01
1.2740 7.62948e-24 1.08182e+01 1.21294e+01 1.34748e+01
1.2750 7.62990e-24 1.08166e+01 1.21239e+01 1.34647e+01
1.2760 7.63384e-24 1.08146e+01 1.21210e+01 1.34606e+01
1.2770 7.65065e-24 1.08172e+01 1.21225e+01 1.34612e+01
1.2780 7.65694e-24 1.08203e+01 1.21243e+01 1.34617e+01
1.2790 7.65941e-24 1.08211e+01 1.21239e+01 1.34601e+01
1.2800 7.65245e-24 1.08205e+01 1.21222e+01 1.34584e+01
1.2810 7.63807e-24 1.08194e+01 1.21211e+01 1.34582e+01
1.2820 7.62948e-24 1.08254e+01 1.21309e+01 1.34742e+01
1.2830 7.62626e-24 1.08309e+01 1.21405e+01 1.34897e+01
1.2840 7.62148e-24 1.08328e+01 1.21463e+01 1.35014e+01
1.2850 7.61543e-24 1.08403e+01 1.21582e+01 1.35186e+01
1.2860 7.61577e-24 1.08428e+01 1.21673e+01 1.35382e+01
1.2870 7.61575e-24 1.08460e+01 1.21759e+01 1.35540e+01
1.2880 7.62855e-24 1.08563e+01 1.21919e+01 1.35762e+01
1.2890 7.62389e-24 1.08566e+01 1.21962e+01 1.35837e+01
1.2900 7.63484e-24 1.08704e+01 1.22170e+01 1.36120e+01
1.2910 7.64612e-24 1.08817e+01 1.22338e+01 1.36346e+01
1.2920 7.63866e-24 1.08818e+01 1.22342e+01 1.36320e+01
1.2930 7.62837e-24 1.08839e+01 1.22343e+01 1.36279e+01
1.2940 7.61843e-24 1.08893e+01 1.22431e+01 1.36390e+01
1.2950 7.60360e-24 1.08895e+01 1.22400e+01 1.36312e+01
1.2960 7.58882e-24 1.08946e+01 1.22468e+01 1.36393e+01
1.2970 7.57974e-24 1.09022e+01 1.22606e+01 1.36601e+01
1.2980 7.56174e-24 1.09045e+01 1.22642e+01 1.36646e+01
1.2990 7.56203e-24 1.09101e+01 1.22732e+01 1.36766e+01
1.3000 7.55427e-24 1.09086e+01 1.22718e+01 1.36752e+01
1.3010 7.56356e-24 1.09149e+01 1.22774e+01 1.36796e+01
1.3020 7.58071e-24 1.09201e+01 1.22873e+01 1.36967e+01
1.3030 7.57319e-24 1.09148e+01 1.22786e+01 1.36830e+01
1.3040 7.57514e-24 1.09085e+01 1.22652e+01 1.36592e+01
1.3050 7.57629e-24 1.09072e+01 1.22601e+01 1.36496e+01
1.3060 7.58738e-24 1.09023e+01 1.22514e+01 1.36361e+01
1.3070 7.59189e-24 1.09005e+01 1.22466e+01 1.36282e+01
1.3080 7.59128e-24 1.08978e+01 1.22438e+01 1.36250e+01
1.3090 7.60080e-24 1.08928e+01 1.22351e+01 1.36130e+01
1.3100 7.60716e-24 1.08908e+01 1.22295e+01 1.36027e+01
1.3110 7.61700e-24 1.08905e+01 1.22248e+01 1.35924e+01
1.3120 7.62946e-24 1.08999e+01 1.22367e+01 1.36084e+01
1.3130 7.63830e-24 1.09002e+01 1.22412e+01 1.36205e+01
1.3140 7.63574e-24 1.09060e+01 1.22486e+01 1.36294e+01
1.3150 7.61055e-24 1.08974e+01 1.22343e+01 1.36077e+01
1.3160 7.57390e-24 1.08883e+01 1.22197e+01 1.35845e+01
1.3170 7.54256e-24 1.08822e+01 1.22092e+01 1.35677e+01
1.3180 7.50432e-24 1.08749e+01 1.21976e+01 1.35511e+01
1.3190 7.47061e-24 1.08630e+01 1.21803e+01 1.35276e+01
1.3200 7.43937e-24 1.08568e+01 1.21710e+01 1.35149e+01
1.3210 7.41237e-24 1.08502e+01 1.21618e+01 1.35029e+01
1.3220 7.39514e-24 1.08433e+01 1.21528e+01 1.34920e+01
1.3230 7.39128e-24 1.08399e+01 1.21475e+01 1.34857e+01
1.3240 7.38904e-24 1.08371e+01 1.21430e+01 1.34798e+01
1.3250 7.38222e-24 1.08348e+01 1.21412e+01 1.34804e+01
1.3260 7.38754e-24 1.08400e+01 1.21500e+01 1.34950e+01
1.3270 7.38343e-24 1.08448e+01 1.21545e+01 1.35003e+01
1.3280 7.38195e-24 1.08473e+01 1.21610e+01 1.35111e+01
1.3290 7.36911e-24 1.08481e+01 1.21646e+01 1.35181e+01
1.3300 7.35312e-24 1.08504e+01 1.21672e+01 1.35203e+01
1.3310 7.33426e-24 1.08479e+01 1.21629e+01 1.35131e+01
1.3320 7.31447e-24 1.08419e+01 1.21540e+01 1.35002e+01
1.3330 7.29756e-24 1.08337e+01 1.21425e+01 1.34842e+01
1.3340 7.28701e-24 1.08313e+01 1.21387e+01 1.34789e+01
1.3350 7.29142e-24 1.08319e+01 1.21369e+01 1.34738e+01
1.3360 7.28142e-24 1.08270e+01 1.21295e+01 1.34633e+01
1.3370 7.27824e-24 1.08259e+01 1.21248e+01 1.34537e+01
1.3380 7.27631e-24 1.08204e+01 1.21156e+01 1.34406e+01
1.3390 7.26852e-24 1.08199e+01 1.21137e+01 1.34369e+01
1.3400 7.26329e-24 1.08198e+01 1.21114e+01 1.34325e+01
1.3410 7.25797e-24 1.08153e+01 1.21050e+01 1.34243e+01
1.3420 7.26726e-24 1.08133e+01 1.20998e+01 1.34151e+01
1.3430 7.28492e-24 1.08160e+01 1.20993e+01 1.34112e+01
1.3440 7.29855e-24 1.08160e+01 1.20961e+01 1.34050e+01
1.3450 7.30524e-24 1.08117e+01 1.20891e+01 1.33952e+01
1.3460 7.31310e-24 1.08137e+01 1.20893e+01 1.33938e+01
1.3470 7.32524e-24 1.08141e+01 1.20883e+01 1.33921e+01
1.3480 7.33369e-24 1.08207e+01 1.20980e+01 1.34066e+01
1.3490 7.33153e-24 1.08256e+01 1.21083e+01 1.34246e+01
1.3500 7.32438e-24 1.08375e+01 1.21311e+01 1.34630e+01
1.3510 7.30690e-24 1.08382e+01 1.21372e+01 1.34745e+01
1.3520 7.28756e-24 1.08417e+01 1.21422e+01 1.34803e+01
1.3530 7.26921e-24 1.08393e+01 1.21407e+01 1.34780e+01
1.3540 7.24253e-24 1.08436e+01 1.21481e+01 1.34870e+01
1.3550 7.22697e-24 1.08440e+01 1.21493e+01 1.34895e+01
1.3560 7.21698e-24 1.08321e+01 1.21349e+01 1.34712e+01
1.3570 7.23657e-24 1.08389e+01 1.21422e+01 1.34785e+01
1.3580 7.27257e-24 1.08424e+01 1.21455e+01 1.34823e+01
1.3590 7.30175e-24 1.08537e+01 1.21636e+01 1.35094e+01
1.3600 7.32313e-24 1.08599e+01 1.21726e+01 1.35228e+01
1.3610 7.34208e-24 1.08607e+01 1.21720e+01 1.35206e+01
1.3620 7.35306e-24 1.08671e+01 1.21808e+01 1.35314e+01
1.3630 7.34932e-24 1.08743e+01 1.21922e+01 1.35480e+01
1.3640 7.33437e-24 1.08716e+01 1.21894e+01 1.35445e+01
1.3650 7.32725e-24 1.08741e+01 1.21949e+01 1.35539e+01
1.3660 7.32058e-24 1.08749e+01 1.21991e+01 1.35628e+01
1.3670 7.30890e-24 1.08750e+01 1.22002e+01 1.35651e+01
1.3680 7.29082e-24 1.08756e+01 1.22005e+01 1.35641e+01
1.3690 7.26723e-24 1.08701e+01 1.21961e+01 1.35600e+01
1.3700 7.24536e-24 1.08707e+01 1.21966e+01 1.35594e+01
1.3710 7.22530e-24 1.08700e+01 1.21955e+01 1.35580e+01
1.3720 7.21277e-24 1.08632e+01 1.21860e+01 1.35449e+01
1.3730 7.20333e-24 1.08542e+01 1.21716e+01 1.35235e+01
1.3740 7.20284e-24 1.08575e+01 1.21720e+01 1.35199e+01
1.3750 7.20470e-24 1.08566e+01 1.21691e+01 1.35147e+01
1.3760 7.19186e-24 1.08532e+01 1.21606e+01 1.35007e+01
1.3770 7.18524e-24 1.08499e+01 1.21564e+01 1.34949e+01
1.3780 7.17779e-24 1.08509e+01 1.21553e+01 1.34913e+01
1.3790 7.18260e-24 1.08497e+01 1.21512e+01 1.34843e+01
1.3800 7.18708e-24 1.08450e+01 1.21420e+01 1.34705e+01
1.3810 7.20102e-24 1.08440e+01 1.21381e+01 1.34635e+01
1.3820 7.19860e-24 1.08425e+01 1.21304e+01 1.34481e+01
1.3830 7.18687e-24 1.08369e+01 1.21201e+01 1.34318e+01
1.3840 7.16495e-24 1.08288e+01 1.21084e+01 1.34165e+01
1.3850 7.15199e-24 1.08231e+01 1.21016e+01 1.34083e+01
1.3860 7.16438e-24 1.08249e+01 1.21030e+01 1.34097e+01
1.3870 7.18940e-24 1.08319e+01 1.21106e+01 1.34181e+01
1.3880 7.22464e-24 1.08629e+01 1.21573e+01 1.34858e+01
1.3890 7.22578e-24 1.08751e+01 1.21823e+01 1.35266e+01
1.3900 7.22300e-24 1.08883e+01 1.22146e+01 1.35816e+01
1.3910 7.21175e-24 1.08898e+01 1.22221e+01 1.35938e+01
1.3920 7.21964e-24 1.08901e+01 1.22234e+01 1.35948e+01
1.3930 7.22677e-24 1.08930e+01 1.22261e+01 1.35954e+01
1.3940 7.23658e-24 1.08940e+01 1.22274e+01 1.35972e+01
1.3950 7.26049e-24 1.09052e+01 1.22487e+01 1.36303e+01
1.3960 7.25016e-24 1.09153e+01 1.22653e+01 1.36553e+01
1.3970 7.23058e-24 1.09232e+01 1.22841e+01 1.36864e+01
1.3980 7.21294e-24 1.09334e+01 1.23063e+01 1.37228e+01
1.3990 7.18809e-24 1.09320e+01 1.23131e+01 1.37403e+01
1.4000 7.17376e-24 1.09263e+01 1.23062e+01 1.37315e+01
1.4010 7.15641e-24 1.09219e+01 1.22997e+01 1.37209e+01
1.4020 7.13106e-24 1.09165e+01 1.22901e+01 1.37034e+01
1.4030 7.10714e-24 1.09072e+01 1.22767e+01 1.36840e+01
1.4040 7.08935e-24 1.09045e+01 1.22674e+01 1.36665e+01
1.4050 7.07037e-24 1.08988e+01 1.22574e+01 1.36523e+01
1.4060 7.05874e-24 1.08925e+01 1.22502e+01 1.36432e+01
1.4070 7.05631e-24 1.08883e+01 1.22432e+01 1.36345e+01
1.4080 7.07773e-24 1.08837e+01 1.22322e+01 1.36171e+01
1.4090 7.11179e-24 1.08803e+01 1.22238e+01 1.36040e+01
1.4100 7.15163e-24 1.08771e+01 1.22150e+01 1.35897e+01
1.4110 7.18875e-24 1.08782e+01 1.22118e+01 1.35821e+01
1.4120 7.20909e-24 1.08851e+01 1.22161e+01 1.35840e+01
1.4130 7.19996e-24 1.08870e+01 1.22153e+01 1.35798e+01
1.4140 7.18224e-24 1.08836e+01 1.22056e+01 1.35627e+01
1.4150 7.15143e-24 1.08760e+01 1.21936e+01 1.35449e+01
1.4160 7.13208e-24 1.08707e+01 1.21854e+01 1.35322e+01
1.4170 7.13005e-24 1.08624e+01 1.21736e+01 1.35162e+01
1.4180 7.13609e-24 1.08608e+01 1.21696e+01 1.35092e+01
1.4190 7.13565e-24 1.08602e+01 1.21682e+01 1.35081e+01
1.4200 7.12296e-24 1.08565e+01 1.21654e+01 1.35059e+01
1.4210 7.10144e-24 1.08529e+01 1.21605e+01 1.34998e+01
1.4220 7.09386e-24 1.08473e+01 1.21516e+01 1.34874e+01
1.4230 7.08304e-24 1.08410e+01 1.21434e+01 1.34777e+01
1.4240 7.08998e-24 1.08446e+01 1.21469e+01 1.34808e+01
1.4250 7.09893e-24 1.08471e+01 1.21482e+01 1.34816e+01
1.4260 7.10140e-24 1.08488e+01 1.21493e+01 1.34823e+01
1.4270 7.09529e-24 1.08508e+01 1.21481e+01 1.34773e+01
1.4280 7.08190e-24 1.08502e+01 1.21431e+01 1.34673e+01
1.4290 7.07640e-24 1.08482e+01 1.21373e+01 1.34579e+01
1.4300 7.07706e-24 1.08413e+01 1.21276e+01 1.34451e+01
1.4310 7.07878e-24 1.08401e+01 1.21243e+01 1.34395e+01
1.4320 7.08094e-24 1.08443e+01 1.21288e+01 1.34449e+01
1.4330 7.07323e-24 1.08435e+01 1.21280e+01 1.34446e+01
1.4340 7.06518e-24 1.08424e+01 1.21241e+01 1.34376e+01
1.4350 7.06283e-24 1.08451e+01 1.21271e+01 1.34410e+01
1.4360 7.07167e-24 1.08490e+01 1.21310e+01 1.34456e+01
1.4370 7.08028e-24 1.08530e+01 1.21357e+01 1.34509e+01
1.4380 7.08318e-24 1.08540e+01 1.21355e+01 1.34491e+01
1.4390 7.08733e-24 1.08537e+01 1.21333e+01 1.34448e+01
1.4400 7.07817e-24 1.08515e+01 1.21301e+01 1.34404e+01
1.4410 7.06845e-24 1.08518e+01 1.21294e+01 1.34388e+01
1.4420 7.05035e-24 1.08488e+01 1.21242e+01 1.34310e+01
1.4430 7.02209e-24 1.08447e+01 1.21189e+01 1.34248e+01
1.4440 6.99151e-24 1.08415e+01 1.21160e+01 1.34225e+01
1.4450 6.96754e-24 1.08373e+01 1.21111e+01 1.34164e+01
1.4460 6.94626e-24 1.08326e+01 1.21055e+01 1.34100e+01
1.4470 6.93030e-24 1.08300e+01 1.21027e+01 1.34066e+01
1.4480 6.93219e-24 1.08241e+01 1.20954e+01 1.33985e+01
1.4490 6.95140e-24 1.08237e+01 1.20929e+01 1.33940e+01
1.4500 6.97737e-24 1.08234e+01 1.20909e+01 1.33902e+01
1.4510 7.00892e-24 1.08268e+01 1.20935e+01 1.33922e+01
1.4520 7.03949e-24 1.08277e+01 1.20928e+01 1.33892e+01
1.4530 7.06771e-24 1.08293e+01 1.20927e+01 1.33872e+01
1.4540 7.09580e-24 1.08320e+01 1.20938e+01 1.33869e+01
1.4550 7.11490e-24 1.08378e+01 1.21002e+01 1.33934e+01
1.4560 7.12249e-24 1.08386e+01 1.21001e+01 1.33922e+01
1.4570 7.12498e-24 1.08380e+01 1.20978e+01 1.33880e+01
1.4580 7.13402e-24 1.08370e+01 1.20945e+01 1.33819e+01
1.4590 7.14151e-24 1.08353e+01 1.20916e+01 1.33780e+01
1.4600 7.14763e-24 1.08369e+01 1.20930e+01 1.33790e+01
1.4610 7.14234e-24 1.08398e+01 1.20959e+01 1.33815e+01
1.4620 7.13071e-24 1.08371e+01 1.20940e+01 1.33802e+01
1.4630 7.12110e-24 1.08337e+01 1.20893e+01 1.33745e+01
1.4640 7.10517e-24 1.08329e+01 1.20877e+01 1.33721e+01
1.4650 7.08337e-24 1.08290e+01 1.20831e+01 1.33670e+01
1.4660 7.05671e-24 1.08236e+01 1.20763e+01 1.33588e+01
1.4670 7.03611e-24 1.08185e+01 1.20687e+01 1.33486e+01
1.4680 7.02388e-24 1.08125e+01 1.20608e+01 1.33384e+01
1.4690 7.03109e-24 1.08100e+01 1.20562e+01 1.33316e+01
1.4700 7.05147e-24 1.08138e+01 1.20582e+01 1.33313e+01
1.4710 7.06343e-24 1.08209e+01 1.20636e+01 1.33348e+01
1.4720 7.04906e-24 1.08277e+01 1.20700e+01 1.33406e+01
1.4730 7.01664e-24 1.08279e+01 1.20704e+01 1.33417e+01
1.4740 6.97548e-24 1.08267e+01 1.20702e+01 1.33427e+01
1.4750 6.93650e-24 1.08215e+01 1.20652e+01 1.33385e+01
1.4760 6.90743e-24 1.08180e+01 1.20624e+01 1.33365e+01
1.4770 6.87826e-24 1.08141e+01 1.20596e+01 1.33349e+01
1.4780 6.86186e-24 1.08128e+01 1.20583e+01 1.33335e+01
1.4790 6.84490e-24 1.08107e+01 1.20558e+01 1.33303e+01
1.4800 6.82927e-24 1.08086e+01 1.20537e+01 1.33286e+01
1.4810 6.81871e-24 1.08066e+01 1.20524e+01 1.33285e+01
1.4820 6.81649e-24 1.08060e+01 1.20536e+01 1.33316e+01
1.4830 6.82693e-24 1.08078e+01 1.20586e+01 1.33406e+01
1.4840 6.84199e-24 1.08169e+01 1.20735e+01 1.33629e+01
1.4850 6.85776e-24 1.08262e+01 1.20882e+01 1.33836e+01
1.4860 6.87285e-24 1.08368e+01 1.21035e+01 1.34035e+01
1.4870 6.87681e-24 1.08496e+01 1.21221e+01 1.34284e+01
1.4880 6.87714e-24 1.08590e+01 1.21427e+01 1.34621e+01
1.4890 6.88676e-24 1.08725e+01 1.21720e+01 1.35114e+01
1.4900 6.90962e-24 1.09003e+01 1.22198e+01 1.35839e+01
1.4910 6.91352e-24 1.09022e+01 1.22284e+01 1.36000e+01
1.4920 6.93924e-24 1.09230e+01 1.22607e+01 1.36432e+01
1.4930 6.93560e-24 1.09347e+01 1.22806e+01 1.36702e+01
1.4940 6.93430e-24 1.09449e+01 1.23010e+01 1.37013e+01
1.4950 6.91948e-24 1.09503e+01 1.23114e+01 1.37152e+01
1.4960 6.91404e-24 1.09514e+01 1.23189e+01 1.37281e+01
1.4970 6.90953e-24 1.09560e+01 1.23281e+01 1.37414e+01
1.4980 6.91369e-24 1.09724e+01 1.23517e+01 1.37742e+01
1.4990 6.90631e-24 1.09744e+01 1.23588e+01 1.37896e+01
1.5000 6.89523e-24 1.09761e+01 1.23665e+01 1.38040e+01
1.5010 6.88113e-24 1.09748e+01 1.23690e+01 1.38104e+01
1.5020 6.87191e-24 1.09742e+01 1.23654e+01 1.38034e+01
1.5030 6.85042e-24 1.09575e+01 1.23411e+01 1.37691e+01
1.5040 6.84870e-24 1.09522e+01 1.23332e+01 1.37571e+01
1.5050 6.86009e-24 1.09539e+01 1.23344e+01 1.37575e+01
1.5060 6.89927e-24 1.09661e+01 1.23487e+01 1.37769e+01
1.5070 6.91614e-24 1.09732e+01 1.23611e+01 1.37970e+01
1.5080 6.91575e-24 1.09763e+01 1.23643e+01 1.38000e+01
1.5090 6.90635e-24 1.09764e+01 1.23624e+01 1.37972e+01
1.5100 6.89409e-24 1.09693e+01 1.23526e+01 1.37843e+01
1.5110 6.86587e-24 1.09637e+01 1.23465e+01 1.37785e+01
1.5120 6.83551e-24 1.09612e+01 1.23389e+01 1.37646e+01
1.5130 6.80277e-24 1.09476e+01 1.23150e+01 1.37261e+01
1.5140 6.78521e-24 1.09385e+01 1.23056e+01 1.37181e+01
1.5150 6.76126e-24 1.09278e+01 1.22857e+01 1.36869e+01
1.5160 6.75099e-24 1.09215e+01 1.22736e+01 1.36680e+01
1.5170 6.74845e-24 1.09095e+01 1.22562e+01 1.36441e+01
1.5180 6.75710e-24 1.09027e+01 1.22409e+01 1.36192e+01
1.5190 6.76089e-24 1.08981e+01 1.22311e+01 1.36031e+01
1.5200 6.76379e-24 1.08940e+01 1.22230e+01 1.35916e+01
1.5210 6.76086e-24 1.08904e+01 1.22155e+01 1.35815e+01
1.5220 6.74783e-24 1.08824e+01 1.22045e+01 1.35669e+01
1.5230 6.72935e-24 1.08744e+01 1.21941e+01 1.35543e+01
1.5240 6.70640e-24 1.08669e+01 1.21838e+01 1.35407e+01
1.5250 6.68186e-24 1.08655e+01 1.21792e+01 1.35326e+01
1.5260 6.66559e-24 1.08644e+01 1.21764e+01 1.35280e+01
1.5270 6.64969e-24 1.08580e+01 1.21689e+01 1.35196e+01
1.5280 6.63891e-24 1.08516e+01 1.21609e+01 1.35100e+01
1.5290 6.64530e-24 1.08382e+01 1.21456e+01 1.34939e+01
1.5300 6.66284e-24 1.08369e+01 1.21415e+01 1.34873e+01
1.5310 6.68059e-24 1.08375e+01 1.21384e+01 1.34789e+01
1.5320 6.69111e-24 1.08381e+01 1.21361e+01 1.34727e+01
1.5330 6.69162e-24 1.08363e+01 1.21319e+01 1.34662e+01
1.5340 6.68769e-24 1.08357e+01 1.21309e+01 1.34651e+01
1.5350 6.67716e-24 1.08311e+01 1.21255e+01 1.34597e+01
1.5360 6.67429e-24 1.08273e+01 1.21173e+01 1.34451e+01
1.5370 6.67689e-24 1.08222e+01 1.21071e+01 1.34293e+01
1.5380 6.68079e-24 1.08176e+01 1.20980e+01 1.34148e+01
1.5390 6.68454e-24 1.08140e+01 1.20889e+01 1.33994e+01
1.5400 6.68574e-24 1.08136e+01 1.20861e+01 1.33944e+01
1.5410 6.68122e-24 1.08120e+01 1.20829e+01 1.33896e+01
1.5420 6.67778e-24 1.08103e+01 1.20783e+01 1.33823e+01
1.5430 6.67418e-24 1.08102e+01 1.20776e+01 1.33809e+01
1.5440 6.67690e-24 1.08124e+01 1.20813e+01 1.33865e+01
1.5450 6.68383e-24 1.08167e+01 1.20856e+01 1.33910e+01
1.5460 6.68260e-24 1.08189e+01 1.20874e+01 1.33924e+01
1.5470 6.67805e-24 1.08242e+01 1.20930e+01 1.33980e+01
1.5480 6.67380e-24 1.08235e+01 1.20924e+01 1.33974e+01
1.5490 6.66408e-24 1.08203e+01 1.20901e+01 1.33963e+01
1.5500 6.65272e-24 1.08210e+01 1.20910e+01 1.33977e+01
1.5510 6.64851e-24 1.08199e+01 1.20885e+01 1.33939e+01
1.5520 6.64764e-24 1.08142e+01 1.20828e+01 1.33880e+01
1.5530 6.65490e-24 1.08183e+01 1.20903e+01 1.34004e+01
1.5540 6.66740e-24 1.08228e+01 1.20987e+01 1.34137e+01
1.5550 6.68655e-24 1.08373e+01 1.21225e+01 1.34494e+01
1.5560 6.69703e-24 1.08460e+01 1.21401e+01 1.34783e+01
1.5570 6.71728e-24 1.08563e+01 1.21616e+01 1.35116e+01
1.5580 6.73097e-24 1.08648e+01 1.21803e+01 1.35427e+01
1.5590 6.74034e-24 1.08779e+01 1.22016e+01 1.35748e+01
1.5600 6.75497e-24 1.08893e+01 1.22214e+01 1.36058e+01
1.5610 6.75545e-24 1.08977e+01 1.22354e+01 1.36254e+01
1.5620 6.73639e-24 1.09041e+01 1.22483e+01 1.36467e+01
1.5630 6.69239e-24 1.08939e+01 1.22376e+01 1.36332e+01
1.5640 6.64523e-24 1.08834e+01 1.22201e+01 1.36052e+01
1.5650 6.60935e-24 1.08738e+01 1.22076e+01 1.35875e+01
1.5660 6.58561e-24 1.08634e+01 1.21912e+01 1.35624e+01
1.5670 6.56845e-24 1.08568e+01 1.21820e+01 1.35490e+01
1.5680 6.56659e-24 1.08597e+01 1.21836e+01 1.35495e+01
1.5690 6.57181e-24 1.08580e+01 1.21838e+01 1.35551e+01
1.5700 6.57400e-24 1.08523e+01 1.21772e+01 1.35480e+01
1.5710 6.59717e-24 1.08484e+01 1.21690e+01 1.35348e+01
1.5720 6.63523e-24 1.08552e+01 1.21776e+01 1.35468e+01
1.5730 6.66127e-24 1.08616e+01 1.21814e+01 1.35475e+01
1.5740 6.67246e-24 1.08602e+01 1.21761e+01 1.35377e+01
1.5750 6.66789e-24 1.08614e+01 1.21739e+01 1.35309e+01
1.5760 6.65999e-24 1.08622e+01 1.21722e+01 1.35275e+01
1.5770 6.63493e-24 1.08585e+01 1.21647e+01 1.35146e+01
1.5780 6.61011e-24 1.08505e+01 1.21520e+01 1.34961e+01
1.5790 6.58407e-24 1.08405e+01 1.21377e+01 1.34767e+01
1.5800 6.55907e-24 1.08343e+01 1.21281e+01 1.34626e+01
1.5810 6.53900e-24 1.08284e+01 1.21187e+01 1.34492e+01
1.5820 6.53043e-24 1.08219e+01 1.21089e+01 1.34356e+01
1.5830 6.53493e-24 1.08198e+01 1.21071e+01 1.34343e+01
1.5840 6.55574e-24 1.08202e+01 1.21091e+01 1.34378e+01
1.5850 6.57746e-24 1.08213e+01 1.21105e+01 1.34386e+01
1.5860 6.60104e-24 1.08318e+01 1.21246e+01 1.34577e+01
1.5870 6.62014e-24 1.08397e+01 1.21391e+01 1.34801e+01
1.5880 6.62295e-24 1.08496e+01 1.21526e+01 1.34995e+01
1.5890 6.62097e-24 1.08524e+01 1.21578e+01 1.35063e+01
1.5900 6.61006e-24 1.08496e+01 1.21531e+01 1.34982e+01
1.5910 6.60415e-24 1.08473e+01 1.21463e+01 1.34839e+01
1.5920 6.60273e-24 1.08443e+01 1.21423e+01 1.34785e+01
1.5930 6.60881e-24 1.08479e+01 1.21474e+01 1.34849e+01
1.5940 6.62221e-24 1.08588e+01 1.21646e+01 1.35102e+01
1.5950 6.64987e-24 1.08779e+01 1.21948e+01 1.35537e+01
1.5960 6.65461e-24 1.08765e+01 1.21968e+01 1.35580e+01
1.5970 6.64726e-24 1.08681e+01 1.21876e+01 1.35470e+01
1.5980 6.64510e-24 1.08679e+01 1.21870e+01 1.35449e+01
1.5990 6.65750e-24 1.08687e+01 1.21879e+01 1.35451e+01
1.6000 6.67728e-24 1.08740e+01 1.21947e+01 1.35532e+01
1.6010 6.69428e-24 1.08722e+01 1.21944e+01 1.35548e+01
1.6020 6.72336e-24 1.08750e+01 1.21978e+01 1.35595e+01
1.6030 6.75087e-24 1.08726e+01 1.21900e+01 1.35458e+01
1.6040 6.76238e-24 1.08753e+01 1.21942e+01 1.35516e+01
1.6050 6.75619e-24 1.08734e+01 1.21914e+01 1.35478e+01
1.6060 6.76056e-24 1.08734e+01 1.21907e+01 1.35463e+01
1.6070 6.74842e-24 1.08687e+01 1.21833e+01 1.35347e+01
1.6080 6.73772e-24 1.08672e+01 1.21803e+01 1.35312e+01
1.6090 6.73844e-24 1.08700e+01 1.21830e+01 1.35364e+01
1.6100 6.72322e-24 1.08698e+01 1.21833e+01 1.35387e+01
1.6110 6.71743e-24 1.08689e+01 1.21829e+01 1.35394e+01
1.6120 6.69559e-24 1.08689e+01 1.21828e+01 1.35381e+01
1.6130 6.67361e-24 1.08643e+01 1.21774e+01 1.35306e+01
1.6140 6.64855e-24 1.08597e+01 1.21722e+01 1.35247e+01
1.6150 6.63494e-24 1.08573e+01 1.21657e+01 1.35131e+01
1.6160 6.62199e-24 1.08522e+01 1.21585e+01 1.35045e+01
1.6170 6.61187e-24 1.08515e+01 1.21574e+01 1.35029e+01
1.6180 6.60828e-24 1.08535e+01 1.21618e+01 1.35102e+01
1.6190 6.60671e-24 1.08497e+01 1.21563e+01 1.35029e+01
1.6200 6.61932e-24 1.08429e+01 1.21478e+01 1.34923e+01
1.6210 6.63446e-24 1.08456e+01 1.21536e+01 1.35016e+01
1.6220 6.65001e-24 1.08538e+01 1.21658e+01 1.35188e+01
1.6230 6.65633e-24 1.08572e+01 1.21686e+01 1.35206e+01
1.6240 6.67250e-24 1.08588e+01 1.21678e+01 1.35162e+01
1.6250 6.69202e-24 1.08633e+01 1.21735e+01 1.35238e+01
1.6260 6.72986e-24 1.08670e+01 1.21783e+01 1.35316e+01
1.6270 6.77417e-24 1.08839e+01 1.21977e+01 1.35556e+01
1.6280 6.81856e-24 1.08942e+01 1.22069e+01 1.35623e+01
1.6290 6.84700e-24 1.09004e+01 1.22111e+01 1.35649e+01
1.6300 6.84548e-24 1.09074e+01 1.22191e+01 1.35735e+01
1.6310 6.81210e-24 1.09032e+01 1.22151e+01 1.35697e+01
1.6320 6.77243e-24 1.09017e+01 1.22132e+01 1.35676e+01
1.6330 6.73112e-24 1.08944e+01 1.22048e+01 1.35576e+01
1.6340 6.69098e-24 1.08895e+01 1.21975e+01 1.35478e+01
1.6350 6.66416e-24 1.08779e+01 1.21838e+01 1.35306e+01
1.6360 6.64643e-24 1.08650e+01 1.21620e+01 1.34973e+01
1.6370 6.64391e-24 1.08476e+01 1.21362e+01 1.34616e+01
1.6380 6.65284e-24 1.08384e+01 1.21223e+01 1.34416e+01
1.6390 6.66748e-24 1.08395e+01 1.21200e+01 1.34357e+01
1.6400 6.69611e-24 1.08486e+01 1.21298e+01 1.34481e+01
1.6410 6.74408e-24 1.08672e+01 1.21569e+01 1.34872e+01
1.6420 6.78646e-24 1.08799e+01 1.21763e+01 1.35139e+01
1.6430 6.81320e-24 1.08956e+01 1.22002e+01 1.35460e+01
1.6440 6.83780e-24 1.09118e+01 1.22222e+01 1.35736e+01
1.6450 6.84895e-24 1.09216e+01 1.22388e+01 1.35993e+01
1.6460 6.87232e-24 1.09446e+01 1.22724e+01 1.36473e+01
1.6470 6.88498e-24 1.09531e+01 1.22892e+01 1.36753e+01
1.6480 6.88959e-24 1.09561e+01 1.22977e+01 1.36911e+01
1.6490 6.87141e-24 1.09471e+01 1.22841e+01 1.36701e+01
1.6500 6.84532e-24 1.09387e+01 1.22673e+01 1.36396e+01
1.6510 6.81041e-24 1.09272e+01 1.22498e+01 1.36133e+01
1.6520 6.78474e-24 1.09175e+01 1.22337e+01 1.35890e+01
1.6530 6.75936e-24 1.09117e+01 1.22279e+01 1.35835e+01
1.6540 6.73485e-24 1.09139e+01 1.22318e+01 1.35899e+01
1.6550 6.71177e-24 1.09186e+01 1.22391e+01 1.36016e+01
1.6560 6.68382e-24 1.09124e+01 1.22326e+01 1.35949e+01
1.6570 6.65804e-24 1.09048e+01 1.22242e+01 1.35855e+01
1.6580 6.63767e-24 1.08983e+01 1.22150e+01 1.35737e+01
1.6590 6.62194e-24 1.08924e+01 1.22069e+01 1.35627e+01
1.6600 6.62061e-24 1.08901e+01 1.22028e+01 1.35563e+01
1.6610 6.62899e-24 1.08978e+01 1.22164e+01 1.35779e+01
1.6620 6.63951e-24 1.09035e+01 1.22266e+01 1.35937e+01
1.6630 6.65385e-24 1.09056e+01 1.22313e+01 1.36015e+01
1.6640 6.66953e-24 1.09132e+01 1.22456e+01 1.36225e+01
1.6650 6.68286e-24 1.09138e+01 1.22481e+01 1.36256e+01
1.6660 6.68285e-24 1.09149e+01 1.22474e+01 1.36227e+01
1.6670 6.69791e-24 1.09159e+01 1.22427e+01 1.36094e+01
1.6680 6.73256e-24 1.09243e+01 1.22496e+01 1.36152e+01
1.6690 6.74644e-24 1.09278e+01 1.22517e+01 1.36174e+01
1.6700 6.74284e-24 1.09275e+01 1.22502e+01 1.36137e+01
1.6710 6.72929e-24 1.09273e+01 1.22461e+01 1.36045e+01
1.6720 6.72354e-24 1.09251e+01 1.22403e+01 1.35953e+01
1.6730 6.71773e-24 1.09215e+01 1.22320e+01 1.35818e+01
1.6740 6.71191e-24 1.09136e+01 1.22194e+01 1.35645e+01
1.6750 6.70933e-24 1.09106e+01 1.22134e+01 1.35556e+01
1.6760 6.70619e-24 1.09044e+01 1.22026e+01 1.35396e+01
1.6770 6.68859e-24 1.08944e+01 1.21881e+01 1.35203e+01
1.6780 6.67364e-24 1.08952e+01 1.21867e+01 1.35155e+01
1.6790 6.65438e-24 1.08895e+01 1.21790e+01 1.35066e+01
1.6800 6.63386e-24 1.08886e+01 1.21779e+01 1.35059e+01
1.6810 6.61501e-24 1.08877e+01 1.21773e+01 1.35054e+01
1.6820 6.59166e-24 1.08841e+01 1.21756e+01 1.35054e+01
1.6830 6.58424e-24 1.08854e+01 1.21797e+01 1.35124e+01
1.6840 6.57821e-24 1.08847e+01 1.21824e+01 1.35200e+01
1.6850 6.56931e-24 1.08876e+01 1.21896e+01 1.35340e+01
1.6860 6.56776e-24 1.08922e+01 1.21992e+01 1.35499e+01
1.6870 6.57648e-24 1.08950e+01 1.22065e+01 1.35634e+01
1.6880 6.59819e-24 1.08935e+01 1.22085e+01 1.35690e+01
1.6890 6.62873e-24 1.09000e+01 1.22199e+01 1.35866e+01
1.6900 6.66099e-24 1.09080e+01 1.22308e+01 1.36002e+01
1.6910 6.68686e-24 1.09221e+01 1.22459e+01 1.36158e+01
1.6920 6.70960e-24 1.09356e+01 1.22634e+01 1.36372e+01
1.6930 6.71334e-24 1.09392e+01 1.22671e+01 1.36400e+01
1.6940 6.70562e-24 1.09358e+01 1.22657e+01 1.36409e+01
1.6950 6.68604e-24 1.09314e+01 1.22597e+01 1.36323e+01
1.6960 6.65294e-24 1.09196e+01 1.22444e+01 1.36115e+01
1.6970 6.63917e-24 1.09145e+01 1.22393e+01 1.36071e+01
1.6980 6.63332e-24 1.09116e+01 1.22348e+01 1.36004e+01
1.6990 6.63610e-24 1.09126e+01 1.22369e+01 1.36038e+01
1.7000 6.63877e-24 1.09171e+01 1.22436e+01 1.36142e+01
1.7010 6.63639e-24 1.09195e+01 1.22450e+01 1.36144e+01
1.7020 6.62623e-24 1.09256e+01 1.22525e+01 1.36236e+01
1.7030 6.61819e-24 1.09281e+01 1.22597e+01 1.36374e+01
1.7040 6.60654e-24 1.09285e+01 1.22630e+01 1.36444e+01
1.7050 6.60481e-24 1.09275e+01 1.22611e+01 1.36413e+01
1.7060 6.60571e-24 1.09222e+01 1.22520e+01 1.36270e+01
1.7070 6.60090e-24 1.09209e+01 1.22455e+01 1.36129e+01
1.7080 6.59586e-24 1.09218e+01 1.22402e+01 1.36004e+01
1.7090 6.59135e-24 1.09175e+01 1.22311e+01 1.35855e+01
1.7100 6.58408e-24 1.09137e+01 1.22250e+01 1.35766e+01
1.7110 6.57696e-24 1.09083e+01 1.22162e+01 1.35636e+01
1.7120 6.58623e-24 1.09044e+01 1.22098e+01 1.35552e+01
1.7130 6.61001e-24 1.09040e+01 1.22060e+01 1.35473e+01
1.7140 6.63150e-24 1.09018e+01 1.21989e+01 1.35342e+01
1.7150 6.63773e-24 1.08979e+01 1.21909e+01 1.35221e+01
1.7160 6.62397e-24 1.08956e+01 1.21866e+01 1.35161e+01
1.7170 6.60959e-24 1.08924e+01 1.21786e+01 1.35031e+01
1.7180 6.59148e-24 1.08835e+01 1.21636e+01 1.34811e+01
1.7190 6.58600e-24 1.08794e+01 1.21556e+01 1.34681e+01
1.7200 6.57972e-24 1.08769e+01 1.21483e+01 1.34560e+01
1.7210 6.57535e-24 1.08762e+01 1.21431e+01 1.34453e+01
1.7220 6.56156e-24 1.08728e+01 1.21357e+01 1.34334e+01
1.7230 6.54928e-24 1.08690e+01 1.21286e+01 1.34226e+01
1.7240 6.54130e-24 1.08624e+01 1.21178e+01 1.34074e+01
1.7250 6.53453e-24 1.08600e+01 1.21113e+01 1.33966e+01
1.7260 6.52521e-24 1.08562e+01 1.21034e+01 1.33837e+01
1.7270 6.51271e-24 1.08522e+01 1.20961e+01 1.33732e+01
1.7280 6.49183e-24 1.08466e+01 1.20886e+01 1.33638e+01
1.7290 6.46945e-24 1.08422e+01 1.20824e+01 1.33559e+01
1.7300 6.44329e-24 1.08361e+01 1.20734e+01 1.33442e+01
1.7310 6.41827e-24 1.08305e+01 1.20657e+01 1.33346e+01
1.7320 6.39937e-24 1.08284e+01 1.20625e+01 1.33308e+01
1.7330 6.38578e-24 1.08247e+01 1.20573e+01 1.33247e+01
1.7340 6.37472e-24 1.08235e+01 1.20560e+01 1.33240e+01
1.7350 6.36714e-24 1.08227e+01 1.20557e+01 1.33248e+01
1.7360 6.36177e-24 1.08208e+01 1.20538e+01 1.33235e+01
1.7370 6.36350e-24 1.08191e+01 1.20521e+01 1.33224e+01
1.7380 6.37872e-24 1.08182e+01 1.20521e+01 1.33241e+01
1.7390 6.39437e-24 1.08196e+01 1.20541e+01 1.33276e+01
1.7400 6.40217e-24 1.08259e+01 1.20625e+01 1.33386e+01
1.7410 6.40591e-24 1.08303e+01 1.20701e+01 1.33498e+01
1.7420 6.40265e-24 1.08344e+01 1.20764e+01 1.33588e+01
1.7430 6.39442e-24 1.08388e+01 1.20827e+01 1.33667e+01
1.7440 6.37923e-24 1.08395e+01 1.20843e+01 1.33688e+01
1.7450 6.36535e-24 1.08393e+01 1.20845e+01 1.33692e+01
1.7460 6.35653e-24 1.08419e+01 1.20892e+01 1.33769e+01
1.7470 6.35307e-24 1.08468e+01 1.20978e+01 1.33917e+01
1.7480 6.33821e-24 1.08484e+01 1.21040e+01 1.34033e+01
1.7490 6.33217e-24 1.08526e+01 1.21120e+01 1.34148e+01
1.7500 6.31993e-24 1.08527e+01 1.21167e+01 1.34254e+01
1.7510 6.31211e-24 1.08526e+01 1.21217e+01 1.34357e+01
1.7520 6.31028e-24 1.08543e+01 1.21262e+01 1.34422e+01
1.7530 6.31764e-24 1.08561e+01 1.21284e+01 1.34444e+01
1.7540 6.33792e-24 1.08591e+01 1.21330e+01 1.34507e+01
1.7550 6.35804e-24 1.08681e+01 1.21455e+01 1.34691e+01
1.7560 6.37293e-24 1.08773e+01 1.21549e+01 1.34796e+01
1.7570 6.36091e-24 1.08759e+01 1.21522e+01 1.34745e+01
1.7580 6.34311e-24 1.08738e+01 1.21473e+01 1.34655e+01
1.7590 6.32500e-24 1.08680e+01 1.21389e+01 1.34527e+01
1.7600 6.30884e-24 1.08647e+01 1.21344e+01 1.34467e+01
1.7610 6.29625e-24 1.08604e+01 1.21298e+01 1.34423e+01
1.7620 6.28696e-24 1.08631e+01 1.21333e+01 1.34468e+01
1.7630 6.27910e-24 1.08613e+01 1.21303e+01 1.34425e+01
1.7640 6.26318e-24 1.08621e+01 1.21298e+01 1.34403e+01
1.7650 6.25011e-24 1.08569e+01 1.21243e+01 1.34345e+01
1.7660 6.24049e-24 1.08532e+01 1.21226e+01 1.34356e+01
1.7670 6.23704e-24 1.08540e+01 1.21229e+01 1.34367e+01
1.7680 6.23133e-24 1.08520e+01 1.21198e+01 1.34315e+01
1.7690 6.22490e-24 1.08513e+01 1.21164e+01 1.34250e+01
1.7700 6.21526e-24 1.08500e+01 1.21144e+01 1.34228e+01
1.7710 6.20707e-24 1.08493e+01 1.21121e+01 1.34181e+01
1.7720 6.20561e-24 1.08465e+01 1.21071e+01 1.34105e+01
1.7730 6.20464e-24 1.08463e+01 1.21073e+01 1.34108e+01
1.7740 6.21049e-24 1.08471e+01 1.21069e+01 1.34092e+01
