# 1:time 2:Lum 3:eave 4:erms 5:eskw
0.0100 8.24187e-23 1.47728e+01 1.75604e+01 2.08398e+01
0.0110 7.85035e-23 1.43765e+01 1.68867e+01 1.97530e+01
0.0120 7.32385e-23 1.39456e+01 1.61224e+01 1.84242e+01
0.0130 7.72942e-23 1.40470e+01 1.62379e+01 1.85038e+01
0.0140 8.02923e-23 1.41675e+01 1.63776e+01 1.86562e+01
0.0150 8.23458e-23 1.42301e+01 1.64214e+01 1.86746e+01
0.0160 8.30660e-23 1.42428e+01 1.64295e+01 1.86798e+01
0.0170 8.28001e-23 1.42222e+01 1.64100e+01 1.86401e+01
0.0180 8.23680e-23 1.41622e+01 1.63083e+01 1.84909e+01
0.0190 8.36480e-23 1.42579e+01 1.64435e+01 1.86597e+01
0.0200 8.46210e-23 1.42578e+01 1.64414e+01 1.86643e+01
0.0210 8.60328e-23 1.42854e+01 1.64635e+01 1.86729e+01
0.0220 8.64671e-23 1.43030e+01 1.64774e+01 1.86864e+01
0.0230 8.55921e-23 1.42828e+01 1.64655e+01 1.86811e+01
0.0240 8.62492e-23 1.43429e+01 1.65008e+01 1.86703e+01
0.0250 8.56311e-23 1.42452e+01 1.63878e+01 1.85467e+01
0.0260 8.56244e-23 1.42179e+01 1.63266e+01 1.84378e+01
0.0270 8.58691e-23 1.42357e+01 1.63512e+01 1.84671e+01
0.0280 8.62144e-23 1.42617e+01 1.63891e+01 1.85188e+01
0.0290 8.61921e-23 1.42506e+01 1.63557e+01 1.84577e+01
0.0300 8.66836e-23 1.42858e+01 1.64118e+01 1.85353e+01
0.0310 8.76952e-23 1.43198e+01 1.64102e+01 1.84855e+01
0.0320 8.63344e-23 1.42542e+01 1.63487e+01 1.84329e+01
0.0330 8.62768e-23 1.42571e+01 1.63659e+01 1.84659e+01
0.0340 8.65006e-23 1.42438e+01 1.63240e+01 1.83861e+01
0.0350 8.62190e-23 1.42465e+01 1.63393e+01 1.84169e+01
0.0360 8.63583e-23 1.42597e+01 1.63480e+01 1.84179e+01
0.0370 8.71115e-23 1.43083e+01 1.63846e+01 1.84374e+01
0.0380 8.63683e-23 1.42586e+01 1.63406e+01 1.84014e+01
0.0390 8.63836e-23 1.42579e+01 1.63385e+01 1.83959e+01
0.0400 8.64262e-23 1.42701e+01 1.63558e+01 1.84184e+01
0.0410 8.64793e-23 1.42685e+01 1.63485e+01 1.84033e+01
0.0420 8.65540e-23 1.42776e+01 1.63612e+01 1.84199e+01
0.0430 8.63419e-23 1.42703e+01 1.63477e+01 1.83975e+01
0.0440 8.64454e-23 1.42868e+01 1.63671e+01 1.84186e+01
0.0450 8.64953e-23 1.42908e+01 1.63708e+01 1.84223e+01
0.0460 8.64936e-23 1.42933e+01 1.63708e+01 1.84173e+01
0.0470 8.64085e-23 1.42875e+01 1.63588e+01 1.83974e+01
0.0480 8.64799e-23 1.43273e+01 1.64258e+01 1.84973e+01
0.0490 8.63928e-23 1.42917e+01 1.63850e+01 1.84437e+01
0.0500 8.63659e-23 1.43092e+01 1.63866e+01 1.84293e+01
0.0510 8.62931e-23 1.43077e+01 1.63836e+01 1.84235e+01
0.0520 8.62828e-23 1.43312e+01 1.64187e+01 1.84723e+01
0.0530 8.62333e-23 1.43209e+01 1.64011e+01 1.84449e+01
0.0540 8.63545e-23 1.43492e+01 1.64443e+01 1.85059e+01
0.0550 8.63673e-23 1.43495e+01 1.64376e+01 1.84890e+01
0.0560 8.62446e-23 1.43466e+01 1.64381e+01 1.84940e+01
0.0570 8.67520e-23 1.44078e+01 1.65149e+01 1.85866e+01
0.0580 8.62973e-23 1.43678e+01 1.64615e+01 1.85170e+01
0.0590 8.61940e-23 1.43603e+01 1.64494e+01 1.84996e+01
0.0600 8.61737e-23 1.43789e+01 1.64737e+01 1.85292e+01
0.0610 8.62950e-23 1.43937e+01 1.64966e+01 1.85618e+01
0.0620 8.60339e-23 1.43798e+01 1.64707e+01 1.85196e+01
0.0630 8.60937e-23 1.43869e+01 1.64801e+01 1.85319e+01
0.0640 8.59975e-23 1.43927e+01 1.64882e+01 1.85416e+01
0.0650 8.60271e-23 1.44024e+01 1.64993e+01 1.85535e+01
0.0660 8.60835e-23 1.44115e+01 1.65127e+01 1.85718e+01
0.0670 8.59888e-23 1.44185e+01 1.65199e+01 1.85780e+01
0.0680 8.60438e-23 1.44342e+01 1.65470e+01 1.86193e+01
0.0690 8.58127e-23 1.44267e+01 1.65288e+01 1.85860e+01
0.0700 8.59788e-23 1.44564e+01 1.65733e+01 1.86487e+01
0.0710 8.56244e-23 1.44455e+01 1.65562e+01 1.86227e+01
0.0720 8.54860e-23 1.44404e+01 1.65511e+01 1.86177e+01
0.0730 8.53655e-23 1.44484e+01 1.65627e+01 1.86327e+01
0.0740 8.49785e-23 1.44415e+01 1.65597e+01 1.86348e+01
0.0750 8.47160e-23 1.44391e+01 1.65594e+01 1.86360e+01
0.0760 8.47403e-23 1.44469e+01 1.65716e+01 1.86532e+01
0.0770 8.44698e-23 1.44422e+01 1.65647e+01 1.86421e+01
0.0780 8.44586e-23 1.44492e+01 1.65780e+01 1.86633e+01
0.0790 8.44788e-23 1.44543e+01 1.65820e+01 1.86648e+01
0.0800 8.43077e-23 1.44556e+01 1.65853e+01 1.86701e+01
0.0810 8.44205e-23 1.44725e+01 1.66107e+01 1.87052e+01
0.0820 8.45048e-23 1.44873e+01 1.66308e+01 1.87303e+01
0.0830 8.43201e-23 1.44790e+01 1.66185e+01 1.87124e+01
0.0840 8.42820e-23 1.44832e+01 1.66235e+01 1.87177e+01
0.0850 8.42110e-23 1.44890e+01 1.66330e+01 1.87311e+01
0.0860 8.42243e-23 1.44992e+01 1.66448e+01 1.87433e+01
0.0870 8.41191e-23 1.45012e+01 1.66464e+01 1.87435e+01
0.0880 8.40393e-23 1.45081e+01 1.66558e+01 1.87554e+01
0.0890 8.38131e-23 1.44962e+01 1.66346e+01 1.87218e+01
0.0900 8.37841e-23 1.45064e+01 1.66496e+01 1.87424e+01
0.0910 8.35678e-23 1.44963e+01 1.66322e+01 1.87152e+01
0.0920 8.34716e-23 1.45028e+01 1.66424e+01 1.87293e+01
0.0930 8.33622e-23 1.45036e+01 1.66421e+01 1.87269e+01
0.0940 8.32421e-23 1.45043e+01 1.66426e+01 1.87267e+01
0.0950 8.30843e-23 1.45064e+01 1.66464e+01 1.87316e+01
0.0960 8.30165e-23 1.45155e+01 1.66607e+01 1.87515e+01
0.0970 8.29231e-23 1.45232e+01 1.66732e+01 1.87692e+01
0.0980 8.27954e-23 1.45289e+01 1.66831e+01 1.87835e+01
0.0990 8.26938e-23 1.45345e+01 1.66926e+01 1.87973e+01
0.1000 8.25724e-23 1.45421e+01 1.67056e+01 1.88163e+01
0.1010 8.24574e-23 1.45485e+01 1.67161e+01 1.88312e+01
0.1020 8.23351e-23 1.45540e+01 1.67258e+01 1.88456e+01
0.1030 8.22273e-23 1.45612e+01 1.67385e+01 1.88644e+01
0.1040 8.20584e-23 1.45660e+01 1.67472e+01 1.88772e+01
0.1050 8.19377e-23 1.45707e+01 1.67557e+01 1.88895e+01
0.1060 8.18109e-23 1.45756e+01 1.67640e+01 1.89011e+01
0.1070 8.16625e-23 1.45785e+01 1.67700e+01 1.89102e+01
0.1080 8.15210e-23 1.45837e+01 1.67789e+01 1.89225e+01
0.1090 8.14166e-23 1.45882e+01 1.67862e+01 1.89322e+01
0.1100 8.13034e-23 1.45917e+01 1.67919e+01 1.89395e+01
0.1110 8.11711e-23 1.45937e+01 1.67941e+01 1.89415e+01
0.1120 8.10092e-23 1.45944e+01 1.67964e+01 1.89447e+01
0.1130 8.08831e-23 1.45949e+01 1.67975e+01 1.89459e+01
0.1140 8.07345e-23 1.45992e+01 1.68029e+01 1.89516e+01
0.1150 8.06033e-23 1.46012e+01 1.68056e+01 1.89544e+01
0.1160 8.04488e-23 1.46019e+01 1.68071e+01 1.89562e+01
0.1170 8.02705e-23 1.46042e+01 1.68118e+01 1.89630e+01
0.1180 8.01442e-23 1.46087e+01 1.68189e+01 1.89727e+01
0.1190 8.00488e-23 1.46147e+01 1.68276e+01 1.89838e+01
0.1200 7.99205e-23 1.46181e+01 1.68335e+01 1.89924e+01
0.1210 7.97364e-23 1.46208e+01 1.68389e+01 1.90005e+01
0.1220 7.95762e-23 1.46230e+01 1.68431e+01 1.90067e+01
0.1230 7.94559e-23 1.46261e+01 1.68485e+01 1.90143e+01
0.1240 7.92986e-23 1.46253e+01 1.68482e+01 1.90144e+01
0.1250 7.91067e-23 1.46258e+01 1.68498e+01 1.90169e+01
0.1260 7.89468e-23 1.46280e+01 1.68542e+01 1.90234e+01
0.1270 7.87646e-23 1.46288e+01 1.68564e+01 1.90269e+01
0.1280 7.86051e-23 1.46290e+01 1.68568e+01 1.90271e+01
0.1290 7.84289e-23 1.46277e+01 1.68548e+01 1.90237e+01
0.1300 7.82610e-23 1.46273e+01 1.68533e+01 1.90203e+01
0.1310 7.80253e-23 1.46255e+01 1.68516e+01 1.90180e+01
0.1320 7.78829e-23 1.46281e+01 1.68547e+01 1.90209e+01
0.1330 7.77313e-23 1.46280e+01 1.68541e+01 1.90193e+01
0.1340 7.75604e-23 1.46285e+01 1.68556e+01 1.90212e+01
0.1350 7.73757e-23 1.46290e+01 1.68567e+01 1.90224e+01
0.1360 7.72126e-23 1.46303e+01 1.68601e+01 1.90278e+01
0.1370 7.70554e-23 1.46355e+01 1.68687e+01 1.90397e+01
0.1380 7.68827e-23 1.46375e+01 1.68726e+01 1.90453e+01
0.1390 7.67311e-23 1.46393e+01 1.68767e+01 1.90517e+01
0.1400 7.65951e-23 1.46428e+01 1.68831e+01 1.90612e+01
0.1410 7.64132e-23 1.46459e+01 1.68896e+01 1.90714e+01
0.1420 7.62505e-23 1.46487e+01 1.68947e+01 1.90790e+01
0.1430 7.61307e-23 1.46512e+01 1.68989e+01 1.90846e+01
0.1440 7.59799e-23 1.46514e+01 1.68998e+01 1.90860e+01
0.1450 7.57802e-23 1.46499e+01 1.68988e+01 1.90849e+01
0.1460 7.56421e-23 1.46494e+01 1.68978e+01 1.90828e+01
0.1470 7.54592e-23 1.46444e+01 1.68904e+01 1.90726e+01
0.1480 7.51996e-23 1.46400e+01 1.68856e+01 1.90667e+01
0.1490 7.50061e-23 1.46396e+01 1.68861e+01 1.90680e+01
0.1500 7.48888e-23 1.46426e+01 1.68902e+01 1.90731e+01
0.1510 7.46882e-23 1.46394e+01 1.68859e+01 1.90673e+01
0.1520 7.45240e-23 1.46372e+01 1.68833e+01 1.90640e+01
0.1530 7.42814e-23 1.46352e+01 1.68797e+01 1.90577e+01
0.1540 7.40923e-23 1.46301e+01 1.68711e+01 1.90441e+01
0.1550 7.39200e-23 1.46263e+01 1.68636e+01 1.90315e+01
0.1560 7.36549e-23 1.46182e+01 1.68519e+01 1.90151e+01
0.1570 7.35253e-23 1.46174e+01 1.68500e+01 1.90111e+01
0.1580 7.34045e-23 1.46201e+01 1.68535e+01 1.90153e+01
0.1590 7.32560e-23 1.46203e+01 1.68545e+01 1.90169e+01
0.1600 7.31059e-23 1.46207e+01 1.68558e+01 1.90189e+01
0.1610 7.29232e-23 1.46213e+01 1.68582e+01 1.90230e+01
0.1620 7.27860e-23 1.46220e+01 1.68599e+01 1.90255e+01
0.1630 7.26107e-23 1.46213e+01 1.68601e+01 1.90262e+01
0.1640 7.23932e-23 1.46219e+01 1.68615e+01 1.90282e+01
0.1650 7.22930e-23 1.46241e+01 1.68661e+01 1.90356e+01
0.1660 7.21044e-23 1.46210e+01 1.68631e+01 1.90326e+01
0.1670 7.18623e-23 1.46177e+01 1.68633e+01 1.90370e+01
0.1680 7.17465e-23 1.46231e+01 1.68710e+01 1.90472e+01
0.1690 7.16343e-23 1.46279e+01 1.68767e+01 1.90534e+01
0.1700 7.14539e-23 1.46244e+01 1.68721e+01 1.90474e+01
0.1710 7.12596e-23 1.46177e+01 1.68637e+01 1.90371e+01
0.1720 7.10513e-23 1.46140e+01 1.68586e+01 1.90298e+01
0.1730 7.08983e-23 1.46151e+01 1.68600e+01 1.90313e+01
0.1740 7.07461e-23 1.46146e+01 1.68589e+01 1.90290e+01
0.1750 7.05788e-23 1.46119e+01 1.68551e+01 1.90234e+01
0.1760 7.03985e-23 1.46079e+01 1.68497e+01 1.90159e+01
0.1770 7.02468e-23 1.46082e+01 1.68498e+01 1.90154e+01
0.1780 7.00955e-23 1.46094e+01 1.68530e+01 1.90207e+01
0.1790 6.98969e-23 1.46040e+01 1.68474e+01 1.90146e+01
0.1800 6.96799e-23 1.46025e+01 1.68464e+01 1.90142e+01
0.1810 6.95080e-23 1.46022e+01 1.68475e+01 1.90166e+01
0.1820 6.93774e-23 1.46045e+01 1.68501e+01 1.90192e+01
0.1830 6.91745e-23 1.45999e+01 1.68459e+01 1.90156e+01
0.1840 6.90410e-23 1.46028e+01 1.68522e+01 1.90259e+01
0.1850 6.89232e-23 1.46051e+01 1.68567e+01 1.90329e+01
0.1860 6.87791e-23 1.46093e+01 1.68653e+01 1.90463e+01
0.1870 6.86716e-23 1.46124e+01 1.68714e+01 1.90561e+01
0.1880 6.85430e-23 1.46143e+01 1.68763e+01 1.90645e+01
0.1890 6.83784e-23 1.46146e+01 1.68789e+01 1.90695e+01
0.1900 6.82307e-23 1.46124e+01 1.68776e+01 1.90689e+01
0.1910 6.80362e-23 1.46072e+01 1.68707e+01 1.90599e+01
0.1920 6.78784e-23 1.46067e+01 1.68697e+01 1.90582e+01
0.1930 6.77603e-23 1.46090e+01 1.68738e+01 1.90642e+01
0.1940 6.76161e-23 1.46077e+01 1.68741e+01 1.90667e+01
0.1950 6.73999e-23 1.46058e+01 1.68741e+01 1.90686e+01
0.1960 6.72676e-23 1.46075e+01 1.68771e+01 1.90724e+01
0.1970 6.71318e-23 1.46069e+01 1.68765e+01 1.90716e+01
0.1980 6.68784e-23 1.46015e+01 1.68720e+01 1.90681e+01
0.1990 6.68151e-23 1.46042e+01 1.68750e+01 1.90714e+01
0.2000 6.66009e-23 1.45984e+01 1.68685e+01 1.90638e+01
0.2010 6.64552e-23 1.45966e+01 1.68664e+01 1.90614e+01
0.2020 6.63376e-23 1.45976e+01 1.68672e+01 1.90616e+01
0.2030 6.62126e-23 1.45977e+01 1.68658e+01 1.90581e+01
0.2040 6.60551e-23 1.45940e+01 1.68609e+01 1.90512e+01
0.2050 6.59115e-23 1.45911e+01 1.68547e+01 1.90406e+01
0.2060 6.57509e-23 1.45860e+01 1.68467e+01 1.90289e+01
0.2070 6.55967e-23 1.45810e+01 1.68390e+01 1.90172e+01
0.2080 6.54027e-23 1.45752e+01 1.68321e+01 1.90089e+01
0.2090 6.53061e-23 1.45733e+01 1.68281e+01 1.90021e+01
0.2100 6.50903e-23 1.45654e+01 1.68182e+01 1.89894e+01
0.2110 6.49681e-23 1.45673e+01 1.68198e+01 1.89901e+01
0.2120 6.48010e-23 1.45612e+01 1.68117e+01 1.89795e+01
0.2130 6.46192e-23 1.45570e+01 1.68060e+01 1.89720e+01
0.2140 6.44753e-23 1.45559e+01 1.68053e+01 1.89713e+01
0.2150 6.43349e-23 1.45536e+01 1.68026e+01 1.89678e+01
0.2160 6.41799e-23 1.45509e+01 1.67978e+01 1.89603e+01
0.2170 6.40154e-23 1.45457e+01 1.67918e+01 1.89529e+01
0.2180 6.39067e-23 1.45460e+01 1.67914e+01 1.89517e+01
0.2190 6.37481e-23 1.45458e+01 1.67899e+01 1.89482e+01
0.2200 6.36183e-23 1.45446e+01 1.67889e+01 1.89474e+01
0.2210 6.35148e-23 1.45463e+01 1.67916e+01 1.89513e+01
0.2220 6.33616e-23 1.45405e+01 1.67842e+01 1.89410e+01
0.2230 6.32102e-23 1.45386e+01 1.67817e+01 1.89376e+01
0.2240 6.31428e-23 1.45405e+01 1.67842e+01 1.89409e+01
0.2250 6.30199e-23 1.45393e+01 1.67820e+01 1.89373e+01
0.2260 6.28676e-23 1.45368e+01 1.67788e+01 1.89326e+01
0.2270 6.27498e-23 1.45351e+01 1.67769e+01 1.89302e+01
0.2280 6.26339e-23 1.45343e+01 1.67759e+01 1.89290e+01
0.2290 6.24604e-23 1.45280e+01 1.67687e+01 1.89203e+01
0.2300 6.22834e-23 1.45229e+01 1.67639e+01 1.89154e+01
0.2310 6.21974e-23 1.45264e+01 1.67684e+01 1.89209e+01
0.2320 6.20878e-23 1.45289e+01 1.67731e+01 1.89281e+01
0.2330 6.19904e-23 1.45306e+01 1.67758e+01 1.89317e+01
0.2340 6.18582e-23 1.45310e+01 1.67764e+01 1.89327e+01
0.2350 6.17494e-23 1.45312e+01 1.67765e+01 1.89325e+01
0.2360 6.16378e-23 1.45297e+01 1.67751e+01 1.89311e+01
0.2370 6.15247e-23 1.45222e+01 1.67660e+01 1.89199e+01
0.2380 6.14058e-23 1.45206e+01 1.67639e+01 1.89171e+01
0.2390 6.13051e-23 1.45247e+01 1.67686e+01 1.89229e+01
0.2400 6.12199e-23 1.45233e+01 1.67650e+01 1.89173e+01
0.2410 6.10978e-23 1.45147e+01 1.67537e+01 1.89036e+01
0.2420 6.09334e-23 1.45143e+01 1.67528e+01 1.89027e+01
0.2430 6.08935e-23 1.45074e+01 1.67435e+01 1.88908e+01
0.2440 6.07108e-23 1.44986e+01 1.67308e+01 1.88743e+01
0.2450 6.06579e-23 1.44969e+01 1.67245e+01 1.88635e+01
0.2460 6.04626e-23 1.44882e+01 1.67098e+01 1.88423e+01
0.2470 6.03915e-23 1.44877e+01 1.67041e+01 1.88303e+01
0.2480 6.02851e-23 1.44828e+01 1.66918e+01 1.88091e+01
0.2490 6.01134e-23 1.44659e+01 1.66660e+01 1.87738e+01
0.2500 5.99537e-23 1.44610e+01 1.66559e+01 1.87577e+01
0.2510 5.97971e-23 1.44598e+01 1.66511e+01 1.87482e+01
0.2520 5.96977e-23 1.44618e+01 1.66498e+01 1.87423e+01
0.2530 5.95550e-23 1.44528e+01 1.66364e+01 1.87240e+01
0.2540 5.93626e-23 1.44528e+01 1.66338e+01 1.87174e+01
0.2550 5.92239e-23 1.44480e+01 1.66240e+01 1.87008e+01
0.2560 5.90967e-23 1.44401e+01 1.66117e+01 1.86829e+01
0.2570 5.89919e-23 1.44391e+01 1.66103e+01 1.86812e+01
0.2580 5.89028e-23 1.44389e+01 1.66062e+01 1.86717e+01
0.2590 5.88245e-23 1.44332e+01 1.65966e+01 1.86566e+01
0.2600 5.86772e-23 1.44272e+01 1.65856e+01 1.86385e+01
0.2610 5.85644e-23 1.44254e+01 1.65815e+01 1.86318e+01
0.2620 5.84400e-23 1.44161e+01 1.65686e+01 1.86142e+01
0.2630 5.82870e-23 1.44127e+01 1.65632e+01 1.86063e+01
0.2640 5.82116e-23 1.44146e+01 1.65661e+01 1.86106e+01
0.2650 5.81041e-23 1.44164e+01 1.65679e+01 1.86126e+01
0.2660 5.80623e-23 1.44181e+01 1.65706e+01 1.86162e+01
0.2670 5.79240e-23 1.44161e+01 1.65675e+01 1.86120e+01
0.2680 5.78172e-23 1.44158e+01 1.65680e+01 1.86135e+01
0.2690 5.76825e-23 1.44134e+01 1.65643e+01 1.86083e+01
0.2700 5.76194e-23 1.44149e+01 1.65662e+01 1.86108e+01
0.2710 5.74428e-23 1.44096e+01 1.65578e+01 1.85985e+01
0.2720 5.73552e-23 1.44077e+01 1.65558e+01 1.85962e+01
0.2730 5.72321e-23 1.44013e+01 1.65493e+01 1.85891e+01
0.2740 5.71174e-23 1.44001e+01 1.65467e+01 1.85849e+01
0.2750 5.69867e-23 1.43976e+01 1.65426e+01 1.85786e+01
0.2760 5.68784e-23 1.43926e+01 1.65362e+01 1.85707e+01
0.2770 5.67671e-23 1.43921e+01 1.65338e+01 1.85656e+01
0.2780 5.66648e-23 1.43907e+01 1.65318e+01 1.85630e+01
0.2790 5.65556e-23 1.43870e+01 1.65279e+01 1.85585e+01
0.2800 5.64513e-23 1.43840e+01 1.65208e+01 1.85461e+01
0.2810 5.63403e-23 1.43788e+01 1.65123e+01 1.85330e+01
0.2820 5.62559e-23 1.43807e+01 1.65143e+01 1.85355e+01
0.2830 5.61392e-23 1.43777e+01 1.65101e+01 1.85296e+01
0.2840 5.60633e-23 1.43812e+01 1.65143e+01 1.85342e+01
0.2850 5.59846e-23 1.43791e+01 1.65101e+01 1.85273e+01
0.2860 5.58588e-23 1.43764e+01 1.65061e+01 1.85214e+01
0.2870 5.57733e-23 1.43732e+01 1.65002e+01 1.85120e+01
0.2880 5.56471e-23 1.43657e+01 1.64889e+01 1.84960e+01
0.2890 5.55320e-23 1.43624e+01 1.64850e+01 1.84917e+01
0.2900 5.54412e-23 1.43602e+01 1.64823e+01 1.84883e+01
0.2910 5.53471e-23 1.43555e+01 1.64778e+01 1.84845e+01
0.2920 5.52139e-23 1.43496e+01 1.64713e+01 1.84777e+01
0.2930 5.50851e-23 1.43450e+01 1.64676e+01 1.84754e+01
0.2940 5.50000e-23 1.43418e+01 1.64626e+01 1.84688e+01
0.2950 5.48778e-23 1.43376e+01 1.64558e+01 1.84583e+01
0.2960 5.47536e-23 1.43316e+01 1.64468e+01 1.84456e+01
0.2970 5.46179e-23 1.43307e+01 1.64441e+01 1.84401e+01
0.2980 5.45427e-23 1.43301e+01 1.64413e+01 1.84345e+01
0.2990 5.44735e-23 1.43267e+01 1.64372e+01 1.84299e+01
0.3000 5.43603e-23 1.43235e+01 1.64361e+01 1.84322e+01
0.3010 5.43103e-23 1.43262e+01 1.64398e+01 1.84375e+01
0.3020 5.41935e-23 1.43237e+01 1.64361e+01 1.84317e+01
0.3030 5.41137e-23 1.43203e+01 1.64292e+01 1.84201e+01
0.3040 5.40018e-23 1.43165e+01 1.64217e+01 1.84079e+01
0.3050 5.39279e-23 1.43143e+01 1.64182e+01 1.84032e+01
0.3060 5.38166e-23 1.43093e+01 1.64103e+01 1.83915e+01
0.3070 5.37346e-23 1.43091e+01 1.64088e+01 1.83887e+01
0.3080 5.36471e-23 1.43074e+01 1.64058e+01 1.83843e+01
0.3090 5.35740e-23 1.43038e+01 1.64002e+01 1.83766e+01
0.3100 5.34943e-23 1.43004e+01 1.63955e+01 1.83703e+01
0.3110 5.33932e-23 1.42954e+01 1.63881e+01 1.83607e+01
0.3120 5.33025e-23 1.42925e+01 1.63834e+01 1.83543e+01
0.3130 5.32041e-23 1.42913e+01 1.63818e+01 1.83518e+01
0.3140 5.30953e-23 1.42845e+01 1.63733e+01 1.83416e+01
0.3150 5.29822e-23 1.42823e+01 1.63686e+01 1.83335e+01
0.3160 5.28832e-23 1.42807e+01 1.63645e+01 1.83262e+01
0.3170 5.27582e-23 1.42741e+01 1.63543e+01 1.83111e+01
0.3180 5.26249e-23 1.42657e+01 1.63417e+01 1.82936e+01
0.3190 5.25091e-23 1.42594e+01 1.63325e+01 1.82810e+01
0.3200 5.24196e-23 1.42570e+01 1.63272e+01 1.82718e+01
0.3210 5.23075e-23 1.42489e+01 1.63168e+01 1.82585e+01
0.3220 5.21874e-23 1.42438e+01 1.63092e+01 1.82476e+01
0.3230 5.21076e-23 1.42446e+01 1.63083e+01 1.82442e+01
0.3240 5.20112e-23 1.42407e+01 1.63011e+01 1.82333e+01
0.3250 5.19086e-23 1.42375e+01 1.62950e+01 1.82236e+01
0.3260 5.18093e-23 1.42367e+01 1.62925e+01 1.82192e+01
0.3270 5.17540e-23 1.42412e+01 1.62966e+01 1.82228e+01
0.3280 5.16705e-23 1.42409e+01 1.62953e+01 1.82199e+01
0.3290 5.16024e-23 1.42383e+01 1.62919e+01 1.82156e+01
0.3300 5.15390e-23 1.42384e+01 1.62917e+01 1.82152e+01
0.3310 5.14417e-23 1.42332e+01 1.62849e+01 1.82067e+01
0.3320 5.13809e-23 1.42294e+01 1.62796e+01 1.82002e+01
0.3330 5.12902e-23 1.42251e+01 1.62735e+01 1.81917e+01
0.3340 5.11931e-23 1.42191e+01 1.62651e+01 1.81799e+01
0.3350 5.11212e-23 1.42152e+01 1.62598e+01 1.81734e+01
0.3360 5.10403e-23 1.42127e+01 1.62568e+01 1.81694e+01
0.3370 5.09744e-23 1.42118e+01 1.62546e+01 1.81658e+01
0.3380 5.09046e-23 1.42096e+01 1.62505e+01 1.81595e+01
0.3390 5.08176e-23 1.42057e+01 1.62444e+01 1.81503e+01
0.3400 5.07291e-23 1.42041e+01 1.62416e+01 1.81457e+01
0.3410 5.06511e-23 1.42017e+01 1.62379e+01 1.81406e+01
0.3420 5.05611e-23 1.41986e+01 1.62321e+01 1.81315e+01
0.3430 5.04744e-23 1.41957e+01 1.62278e+01 1.81255e+01
0.3440 5.03973e-23 1.41931e+01 1.62242e+01 1.81211e+01
0.3450 5.03138e-23 1.41936e+01 1.62247e+01 1.81217e+01
0.3460 5.02416e-23 1.41926e+01 1.62227e+01 1.81187e+01
0.3470 5.01452e-23 1.41899e+01 1.62189e+01 1.81136e+01
0.3480 5.00565e-23 1.41875e+01 1.62157e+01 1.81095e+01
0.3490 4.99658e-23 1.41840e+01 1.62105e+01 1.81022e+01
0.3500 4.98760e-23 1.41815e+01 1.62065e+01 1.80965e+01
0.3510 4.98016e-23 1.41804e+01 1.62043e+01 1.80931e+01
0.3520 4.97289e-23 1.41796e+01 1.62031e+01 1.80914e+01
0.3530 4.96453e-23 1.41769e+01 1.61995e+01 1.80869e+01
0.3540 4.95849e-23 1.41739e+01 1.61949e+01 1.80810e+01
0.3550 4.95028e-23 1.41719e+01 1.61919e+01 1.80763e+01
0.3560 4.94435e-23 1.41702e+01 1.61897e+01 1.80736e+01
0.3570 4.93763e-23 1.41691e+01 1.61880e+01 1.80708e+01
0.3580 4.92958e-23 1.41685e+01 1.61869e+01 1.80687e+01
0.3590 4.92373e-23 1.41680e+01 1.61861e+01 1.80678e+01
0.3600 4.91765e-23 1.41697e+01 1.61882e+01 1.80704e+01
0.3610 4.91152e-23 1.41713e+01 1.61902e+01 1.80727e+01
0.3620 4.90458e-23 1.41697e+01 1.61878e+01 1.80692e+01
0.3630 4.89943e-23 1.41691e+01 1.61861e+01 1.80664e+01
0.3640 4.89185e-23 1.41693e+01 1.61858e+01 1.80652e+01
0.3650 4.88588e-23 1.41695e+01 1.61856e+01 1.80644e+01
0.3660 4.87942e-23 1.41707e+01 1.61864e+01 1.80649e+01
0.3670 4.87370e-23 1.41715e+01 1.61875e+01 1.80662e+01
0.3680 4.86768e-23 1.41718e+01 1.61870e+01 1.80645e+01
0.3690 4.85983e-23 1.41695e+01 1.61836e+01 1.80599e+01
0.3700 4.85040e-23 1.41675e+01 1.61809e+01 1.80563e+01
0.3710 4.84195e-23 1.41641e+01 1.61764e+01 1.80508e+01
0.3720 4.83260e-23 1.41612e+01 1.61723e+01 1.80452e+01
0.3730 4.82415e-23 1.41563e+01 1.61665e+01 1.80388e+01
0.3740 4.81523e-23 1.41537e+01 1.61625e+01 1.80327e+01
0.3750 4.80617e-23 1.41486e+01 1.61562e+01 1.80253e+01
0.3760 4.79957e-23 1.41458e+01 1.61526e+01 1.80212e+01
0.3770 4.79210e-23 1.41428e+01 1.61490e+01 1.80171e+01
0.3780 4.78416e-23 1.41403e+01 1.61449e+01 1.80109e+01
0.3790 4.77843e-23 1.41393e+01 1.61440e+01 1.80102e+01
0.3800 4.77181e-23 1.41391e+01 1.61437e+01 1.80096e+01
0.3810 4.76647e-23 1.41391e+01 1.61435e+01 1.80091e+01
0.3820 4.76037e-23 1.41393e+01 1.61441e+01 1.80099e+01
0.3830 4.75596e-23 1.41404e+01 1.61448e+01 1.80097e+01
0.3840 4.74933e-23 1.41400e+01 1.61433e+01 1.80071e+01
0.3850 4.74228e-23 1.41380e+01 1.61413e+01 1.80049e+01
0.3860 4.73648e-23 1.41380e+01 1.61417e+01 1.80057e+01
0.3870 4.73089e-23 1.41367e+01 1.61411e+01 1.80062e+01
0.3880 4.72603e-23 1.41365e+01 1.61415e+01 1.80072e+01
0.3890 4.72062e-23 1.41375e+01 1.61427e+01 1.80085e+01
0.3900 4.71776e-23 1.41376e+01 1.61426e+01 1.80081e+01
0.3910 4.71235e-23 1.41366e+01 1.61418e+01 1.80074e+01
0.3920 4.70667e-23 1.41367e+01 1.61418e+01 1.80075e+01
0.3930 4.70127e-23 1.41377e+01 1.61429e+01 1.80085e+01
0.3940 4.69543e-23 1.41375e+01 1.61433e+01 1.80095e+01
0.3950 4.68945e-23 1.41351e+01 1.61404e+01 1.80065e+01
0.3960 4.68348e-23 1.41346e+01 1.61398e+01 1.80053e+01
0.3970 4.67776e-23 1.41349e+01 1.61402e+01 1.80058e+01
0.3980 4.67084e-23 1.41337e+01 1.61394e+01 1.80058e+01
0.3990 4.66256e-23 1.41312e+01 1.61368e+01 1.80031e+01
0.4000 4.65476e-23 1.41288e+01 1.61331e+01 1.79975e+01
0.4010 4.64736e-23 1.41267e+01 1.61306e+01 1.79943e+01
0.4020 4.64071e-23 1.41265e+01 1.61309e+01 1.79951e+01
0.4030 4.63418e-23 1.41258e+01 1.61300e+01 1.79941e+01
0.4040 4.62747e-23 1.41256e+01 1.61309e+01 1.79966e+01
0.4050 4.62151e-23 1.41233e+01 1.61285e+01 1.79943e+01
0.4060 4.61443e-23 1.41209e+01 1.61268e+01 1.79933e+01
0.4070 4.60776e-23 1.41192e+01 1.61251e+01 1.79918e+01
0.4080 4.60042e-23 1.41180e+01 1.61239e+01 1.79906e+01
0.4090 4.59450e-23 1.41174e+01 1.61240e+01 1.79916e+01
0.4100 4.58843e-23 1.41180e+01 1.61253e+01 1.79936e+01
0.4110 4.58350e-23 1.41179e+01 1.61256e+01 1.79943e+01
0.4120 4.58057e-23 1.41185e+01 1.61272e+01 1.79971e+01
0.4130 4.57448e-23 1.41182e+01 1.61271e+01 1.79973e+01
0.4140 4.56905e-23 1.41184e+01 1.61273e+01 1.79972e+01
0.4150 4.56358e-23 1.41182e+01 1.61275e+01 1.79977e+01
0.4160 4.56005e-23 1.41180e+01 1.61270e+01 1.79968e+01
0.4170 4.55414e-23 1.41166e+01 1.61262e+01 1.79967e+01
0.4180 4.54810e-23 1.41148e+01 1.61240e+01 1.79939e+01
0.4190 4.54232e-23 1.41152e+01 1.61241e+01 1.79935e+01
0.4200 4.53786e-23 1.41138e+01 1.61221e+01 1.79906e+01
0.4210 4.53310e-23 1.41126e+01 1.61202e+01 1.79876e+01
0.4220 4.52903e-23 1.41134e+01 1.61204e+01 1.79869e+01
0.4230 4.52424e-23 1.41125e+01 1.61195e+01 1.79859e+01
0.4240 4.51947e-23 1.41119e+01 1.61186e+01 1.79850e+01
0.4250 4.51387e-23 1.41123e+01 1.61196e+01 1.79867e+01
0.4260 4.50945e-23 1.41135e+01 1.61220e+01 1.79906e+01
0.4270 4.50570e-23 1.41155e+01 1.61254e+01 1.79956e+01
0.4280 4.50103e-23 1.41153e+01 1.61256e+01 1.79965e+01
0.4290 4.49457e-23 1.41145e+01 1.61250e+01 1.79959e+01
0.4300 4.49037e-23 1.41152e+01 1.61261e+01 1.79976e+01
0.4310 4.48718e-23 1.41155e+01 1.61267e+01 1.79981e+01
0.4320 4.48141e-23 1.41155e+01 1.61273e+01 1.79994e+01
0.4330 4.47505e-23 1.41175e+01 1.61303e+01 1.80033e+01
0.4340 4.46973e-23 1.41168e+01 1.61298e+01 1.80027e+01
0.4350 4.46284e-23 1.41148e+01 1.61285e+01 1.80020e+01
0.4360 4.45671e-23 1.41132e+01 1.61267e+01 1.80000e+01
0.4370 4.44982e-23 1.41103e+01 1.61238e+01 1.79973e+01
0.4380 4.44410e-23 1.41088e+01 1.61220e+01 1.79954e+01
0.4390 4.43558e-23 1.41056e+01 1.61189e+01 1.79922e+01
0.4400 4.42841e-23 1.41043e+01 1.61174e+01 1.79907e+01
0.4410 4.42085e-23 1.41019e+01 1.61148e+01 1.79882e+01
0.4420 4.41450e-23 1.41002e+01 1.61135e+01 1.79873e+01
0.4430 4.41025e-23 1.40996e+01 1.61127e+01 1.79862e+01
0.4440 4.40518e-23 1.40980e+01 1.61106e+01 1.79836e+01
0.4450 4.40034e-23 1.40987e+01 1.61107e+01 1.79832e+01
0.4460 4.39534e-23 1.41000e+01 1.61129e+01 1.79863e+01
0.4470 4.39170e-23 1.41021e+01 1.61155e+01 1.79891e+01
0.4480 4.38611e-23 1.41025e+01 1.61171e+01 1.79920e+01
0.4490 4.38278e-23 1.41047e+01 1.61195e+01 1.79947e+01
0.4500 4.37823e-23 1.41058e+01 1.61218e+01 1.79987e+01
0.4510 4.37540e-23 1.41092e+01 1.61262e+01 1.80045e+01
0.4520 4.37214e-23 1.41091e+01 1.61270e+01 1.80063e+01
0.4530 4.36726e-23 1.41095e+01 1.61283e+01 1.80085e+01
0.4540 4.36324e-23 1.41119e+01 1.61310e+01 1.80113e+01
0.4550 4.35899e-23 1.41141e+01 1.61340e+01 1.80150e+01
0.4560 4.35529e-23 1.41185e+01 1.61388e+01 1.80202e+01
0.4570 4.35259e-23 1.41208e+01 1.61423e+01 1.80249e+01
0.4580 4.34886e-23 1.41224e+01 1.61450e+01 1.80287e+01
0.4590 4.34547e-23 1.41248e+01 1.61478e+01 1.80315e+01
0.4600 4.34174e-23 1.41271e+01 1.61506e+01 1.80353e+01
0.4610 4.33717e-23 1.41292e+01 1.61552e+01 1.80430e+01
0.4620 4.33330e-23 1.41325e+01 1.61608e+01 1.80517e+01
0.4630 4.33140e-23 1.41368e+01 1.61679e+01 1.80623e+01
0.4640 4.32684e-23 1.41407e+01 1.61753e+01 1.80746e+01
0.4650 4.32533e-23 1.41454e+01 1.61849e+01 1.80909e+01
0.4660 4.32243e-23 1.41528e+01 1.61959e+01 1.81058e+01
0.4670 4.31772e-23 1.41513e+01 1.61955e+01 1.81071e+01
0.4680 4.31281e-23 1.41503e+01 1.61958e+01 1.81089e+01
0.4690 4.30711e-23 1.41501e+01 1.61971e+01 1.81124e+01
0.4700 4.30147e-23 1.41522e+01 1.62008e+01 1.81175e+01
0.4710 4.29545e-23 1.41530e+01 1.62027e+01 1.81205e+01
0.4720 4.29162e-23 1.41551e+01 1.62059e+01 1.81253e+01
0.4730 4.28731e-23 1.41573e+01 1.62117e+01 1.81355e+01
0.4740 4.28208e-23 1.41593e+01 1.62160e+01 1.81425e+01
0.4750 4.27461e-23 1.41563e+01 1.62135e+01 1.81404e+01
0.4760 4.26836e-23 1.41568e+01 1.62139e+01 1.81402e+01
0.4770 4.26320e-23 1.41558e+01 1.62135e+01 1.81408e+01
0.4780 4.25751e-23 1.41540e+01 1.62124e+01 1.81404e+01
0.4790 4.25254e-23 1.41509e+01 1.62099e+01 1.81386e+01
0.4800 4.24924e-23 1.41504e+01 1.62099e+01 1.81396e+01
0.4810 4.24296e-23 1.41516e+01 1.62120e+01 1.81427e+01
0.4820 4.23836e-23 1.41509e+01 1.62114e+01 1.81419e+01
0.4830 4.23469e-23 1.41491e+01 1.62076e+01 1.81351e+01
0.4840 4.22866e-23 1.41441e+01 1.62015e+01 1.81274e+01
0.4850 4.22556e-23 1.41415e+01 1.61991e+01 1.81252e+01
0.4860 4.22107e-23 1.41411e+01 1.61988e+01 1.81244e+01
0.4870 4.21748e-23 1.41410e+01 1.61976e+01 1.81217e+01
0.4880 4.21330e-23 1.41391e+01 1.61945e+01 1.81164e+01
0.4890 4.20739e-23 1.41350e+01 1.61881e+01 1.81074e+01
0.4900 4.20334e-23 1.41321e+01 1.61832e+01 1.80999e+01
0.4910 4.19755e-23 1.41308e+01 1.61815e+01 1.80974e+01
0.4920 4.19451e-23 1.41292e+01 1.61779e+01 1.80917e+01
0.4930 4.19025e-23 1.41271e+01 1.61747e+01 1.80870e+01
0.4940 4.18530e-23 1.41236e+01 1.61700e+01 1.80807e+01
0.4950 4.18171e-23 1.41218e+01 1.61662e+01 1.80748e+01
0.4960 4.17697e-23 1.41181e+01 1.61613e+01 1.80685e+01
0.4970 4.17157e-23 1.41141e+01 1.61558e+01 1.80611e+01
0.4980 4.16622e-23 1.41104e+01 1.61503e+01 1.80539e+01
0.4990 4.16219e-23 1.41095e+01 1.61486e+01 1.80513e+01
0.5000 4.15978e-23 1.41104e+01 1.61493e+01 1.80519e+01
0.5010 4.15702e-23 1.41120e+01 1.61499e+01 1.80513e+01
0.5020 4.15159e-23 1.41099e+01 1.61463e+01 1.80459e+01
0.5030 4.14762e-23 1.41082e+01 1.61440e+01 1.80427e+01
0.5040 4.14356e-23 1.41066e+01 1.61416e+01 1.80396e+01
0.5050 4.13939e-23 1.41068e+01 1.61408e+01 1.80373e+01
0.5060 4.13486e-23 1.41054e+01 1.61390e+01 1.80346e+01
0.5070 4.12944e-23 1.41028e+01 1.61366e+01 1.80325e+01
0.5080 4.12448e-23 1.41020e+01 1.61355e+01 1.80310e+01
0.5090 4.11942e-23 1.40997e+01 1.61322e+01 1.80272e+01
0.5100 4.11426e-23 1.40984e+01 1.61306e+01 1.80255e+01
0.5110 4.11003e-23 1.40979e+01 1.61296e+01 1.80238e+01
0.5120 4.10629e-23 1.40976e+01 1.61282e+01 1.80207e+01
0.5130 4.10069e-23 1.40943e+01 1.61234e+01 1.80141e+01
0.5140 4.09518e-23 1.40901e+01 1.61168e+01 1.80048e+01
0.5150 4.08883e-23 1.40861e+01 1.61110e+01 1.79966e+01
0.5160 4.08287e-23 1.40834e+01 1.61065e+01 1.79898e+01
0.5170 4.07773e-23 1.40799e+01 1.61008e+01 1.79814e+01
0.5180 4.07226e-23 1.40752e+01 1.60936e+01 1.79714e+01
0.5190 4.06638e-23 1.40724e+01 1.60888e+01 1.79642e+01
0.5200 4.06040e-23 1.40697e+01 1.60846e+01 1.79578e+01
0.5210 4.05555e-23 1.40668e+01 1.60800e+01 1.79513e+01
0.5220 4.05180e-23 1.40648e+01 1.60766e+01 1.79463e+01
0.5230 4.04821e-23 1.40620e+01 1.60724e+01 1.79402e+01
0.5240 4.04503e-23 1.40615e+01 1.60700e+01 1.79356e+01
0.5250 4.04105e-23 1.40603e+01 1.60673e+01 1.79310e+01
0.5260 4.03644e-23 1.40602e+01 1.60658e+01 1.79277e+01
0.5270 4.03196e-23 1.40594e+01 1.60633e+01 1.79234e+01
0.5280 4.02737e-23 1.40586e+01 1.60616e+01 1.79205e+01
0.5290 4.02223e-23 1.40571e+01 1.60587e+01 1.79161e+01
0.5300 4.01790e-23 1.40556e+01 1.60555e+01 1.79110e+01
0.5310 4.01288e-23 1.40524e+01 1.60507e+01 1.79046e+01
0.5320 4.00907e-23 1.40498e+01 1.60467e+01 1.78991e+01
0.5330 4.00514e-23 1.40487e+01 1.60444e+01 1.78954e+01
0.5340 4.00192e-23 1.40475e+01 1.60423e+01 1.78921e+01
0.5350 3.99862e-23 1.40466e+01 1.60407e+01 1.78897e+01
0.5360 3.99539e-23 1.40461e+01 1.60394e+01 1.78873e+01
0.5370 3.99194e-23 1.40456e+01 1.60383e+01 1.78856e+01
0.5380 3.98879e-23 1.40457e+01 1.60378e+01 1.78840e+01
0.5390 3.98661e-23 1.40447e+01 1.60356e+01 1.78807e+01
0.5400 3.98227e-23 1.40441e+01 1.60348e+01 1.78796e+01
0.5410 3.98030e-23 1.40442e+01 1.60348e+01 1.78795e+01
0.5420 3.97777e-23 1.40466e+01 1.60374e+01 1.78824e+01
0.5430 3.97492e-23 1.40483e+01 1.60402e+01 1.78861e+01
0.5440 3.97271e-23 1.40494e+01 1.60421e+01 1.78890e+01
0.5450 3.96915e-23 1.40486e+01 1.60420e+01 1.78896e+01
0.5460 3.96560e-23 1.40488e+01 1.60424e+01 1.78905e+01
0.5470 3.96157e-23 1.40487e+01 1.60422e+01 1.78902e+01
0.5480 3.95796e-23 1.40466e+01 1.60403e+01 1.78883e+01
0.5490 3.95382e-23 1.40452e+01 1.60384e+01 1.78860e+01
0.5500 3.94831e-23 1.40444e+01 1.60375e+01 1.78849e+01
0.5510 3.94388e-23 1.40433e+01 1.60365e+01 1.78840e+01
0.5520 3.94072e-23 1.40417e+01 1.60345e+01 1.78819e+01
0.5530 3.93605e-23 1.40394e+01 1.60319e+01 1.78791e+01
0.5540 3.93244e-23 1.40387e+01 1.60310e+01 1.78779e+01
0.5550 3.92824e-23 1.40388e+01 1.60310e+01 1.78775e+01
0.5560 3.92343e-23 1.40370e+01 1.60291e+01 1.78754e+01
0.5570 3.91822e-23 1.40345e+01 1.60260e+01 1.78718e+01
0.5580 3.91396e-23 1.40326e+01 1.60231e+01 1.78678e+01
0.5590 3.90910e-23 1.40312e+01 1.60212e+01 1.78654e+01
0.5600 3.90452e-23 1.40307e+01 1.60204e+01 1.78641e+01
0.5610 3.90011e-23 1.40303e+01 1.60193e+01 1.78625e+01
0.5620 3.89507e-23 1.40283e+01 1.60167e+01 1.78591e+01
0.5630 3.88997e-23 1.40258e+01 1.60130e+01 1.78540e+01
0.5640 3.88622e-23 1.40244e+01 1.60110e+01 1.78515e+01
0.5650 3.88183e-23 1.40229e+01 1.60087e+01 1.78483e+01
0.5660 3.87689e-23 1.40205e+01 1.60060e+01 1.78454e+01
0.5670 3.87238e-23 1.40209e+01 1.60065e+01 1.78461e+01
0.5680 3.86835e-23 1.40211e+01 1.60068e+01 1.78467e+01
0.5690 3.86434e-23 1.40212e+01 1.60072e+01 1.78476e+01
0.5700 3.86072e-23 1.40201e+01 1.60065e+01 1.78476e+01
0.5710 3.85753e-23 1.40189e+01 1.60065e+01 1.78495e+01
0.5720 3.85319e-23 1.40182e+01 1.60069e+01 1.78515e+01
0.5730 3.84978e-23 1.40176e+01 1.60070e+01 1.78526e+01
0.5740 3.84626e-23 1.40151e+01 1.60046e+01 1.78504e+01
0.5750 3.84209e-23 1.40160e+01 1.60063e+01 1.78527e+01
0.5760 3.83951e-23 1.40154e+01 1.60071e+01 1.78555e+01
0.5770 3.83785e-23 1.40173e+01 1.60103e+01 1.78603e+01
0.5780 3.83524e-23 1.40203e+01 1.60149e+01 1.78668e+01
0.5790 3.83477e-23 1.40234e+01 1.60201e+01 1.78749e+01
0.5800 3.83142e-23 1.40232e+01 1.60212e+01 1.78781e+01
0.5810 3.82657e-23 1.40203e+01 1.60182e+01 1.78747e+01
0.5820 3.82162e-23 1.40169e+01 1.60133e+01 1.78679e+01
0.5830 3.81791e-23 1.40159e+01 1.60112e+01 1.78642e+01
0.5840 3.81484e-23 1.40149e+01 1.60097e+01 1.78620e+01
0.5850 3.81248e-23 1.40146e+01 1.60088e+01 1.78601e+01
0.5860 3.80871e-23 1.40114e+01 1.60048e+01 1.78551e+01
0.5870 3.80419e-23 1.40092e+01 1.60014e+01 1.78502e+01
0.5880 3.80159e-23 1.40076e+01 1.59982e+01 1.78453e+01
0.5890 3.79861e-23 1.40073e+01 1.59968e+01 1.78421e+01
0.5900 3.79595e-23 1.40055e+01 1.59940e+01 1.78384e+01
0.5910 3.79292e-23 1.40040e+01 1.59914e+01 1.78343e+01
0.5920 3.78928e-23 1.40021e+01 1.59882e+01 1.78297e+01
0.5930 3.78607e-23 1.40016e+01 1.59870e+01 1.78274e+01
0.5940 3.78244e-23 1.39994e+01 1.59831e+01 1.78217e+01
0.5950 3.77826e-23 1.39978e+01 1.59797e+01 1.78160e+01
0.5960 3.77522e-23 1.39959e+01 1.59759e+01 1.78100e+01
0.5970 3.77174e-23 1.39958e+01 1.59743e+01 1.78064e+01
0.5980 3.76730e-23 1.39926e+01 1.59687e+01 1.77980e+01
0.5990 3.76278e-23 1.39904e+01 1.59640e+01 1.77905e+01
0.6000 3.75716e-23 1.39856e+01 1.59576e+01 1.77820e+01
0.6010 3.75301e-23 1.39830e+01 1.59530e+01 1.77752e+01
0.6020 3.74883e-23 1.39804e+01 1.59484e+01 1.77685e+01
0.6030 3.74350e-23 1.39763e+01 1.59426e+01 1.77607e+01
0.6040 3.73902e-23 1.39721e+01 1.59365e+01 1.77525e+01
0.6050 3.73316e-23 1.39668e+01 1.59299e+01 1.77446e+01
0.6060 3.72843e-23 1.39636e+01 1.59253e+01 1.77384e+01
0.6070 3.72444e-23 1.39618e+01 1.59225e+01 1.77346e+01
0.6080 3.72067e-23 1.39595e+01 1.59193e+01 1.77302e+01
0.6090 3.71672e-23 1.39570e+01 1.59154e+01 1.77247e+01
0.6100 3.71268e-23 1.39542e+01 1.59110e+01 1.77186e+01
0.6110 3.70823e-23 1.39515e+01 1.59071e+01 1.77134e+01
0.6120 3.70368e-23 1.39488e+01 1.59031e+01 1.77079e+01
0.6130 3.69925e-23 1.39464e+01 1.58993e+01 1.77027e+01
0.6140 3.69440e-23 1.39428e+01 1.58943e+01 1.76961e+01
0.6150 3.69018e-23 1.39399e+01 1.58901e+01 1.76905e+01
0.6160 3.68729e-23 1.39388e+01 1.58882e+01 1.76877e+01
0.6170 3.68394e-23 1.39377e+01 1.58864e+01 1.76852e+01
0.6180 3.67928e-23 1.39360e+01 1.58842e+01 1.76823e+01
0.6190 3.67617e-23 1.39345e+01 1.58817e+01 1.76787e+01
0.6200 3.67311e-23 1.39328e+01 1.58790e+01 1.76749e+01
0.6210 3.66973e-23 1.39307e+01 1.58760e+01 1.76708e+01
0.6220 3.66646e-23 1.39292e+01 1.58734e+01 1.76671e+01
0.6230 3.66340e-23 1.39279e+01 1.58711e+01 1.76636e+01
0.6240 3.66041e-23 1.39272e+01 1.58694e+01 1.76608e+01
0.6250 3.65715e-23 1.39263e+01 1.58678e+01 1.76585e+01
0.6260 3.65457e-23 1.39252e+01 1.58662e+01 1.76562e+01
0.6270 3.65278e-23 1.39255e+01 1.58662e+01 1.76557e+01
0.6280 3.65021e-23 1.39254e+01 1.58658e+01 1.76549e+01
0.6290 3.64795e-23 1.39258e+01 1.58659e+01 1.76547e+01
0.6300 3.64549e-23 1.39259e+01 1.58656e+01 1.76539e+01
0.6310 3.64355e-23 1.39259e+01 1.58651e+01 1.76528e+01
0.6320 3.64116e-23 1.39260e+01 1.58650e+01 1.76525e+01
0.6330 3.63871e-23 1.39262e+01 1.58652e+01 1.76526e+01
0.6340 3.63654e-23 1.39265e+01 1.58655e+01 1.76527e+01
0.6350 3.63335e-23 1.39260e+01 1.58648e+01 1.76518e+01
0.6360 3.62972e-23 1.39247e+01 1.58632e+01 1.76499e+01
0.6370 3.62706e-23 1.39242e+01 1.58624e+01 1.76488e+01
0.6380 3.62534e-23 1.39245e+01 1.58622e+01 1.76480e+01
0.6390 3.62338e-23 1.39252e+01 1.58627e+01 1.76482e+01
0.6400 3.62137e-23 1.39261e+01 1.58633e+01 1.76485e+01
0.6410 3.61834e-23 1.39255e+01 1.58623e+01 1.76471e+01
0.6420 3.61419e-23 1.39236e+01 1.58601e+01 1.76446e+01
0.6430 3.61070e-23 1.39230e+01 1.58593e+01 1.76437e+01
0.6440 3.60648e-23 1.39217e+01 1.58582e+01 1.76429e+01
0.6450 3.60254e-23 1.39208e+01 1.58573e+01 1.76421e+01
0.6460 3.59950e-23 1.39203e+01 1.58567e+01 1.76414e+01
0.6470 3.59667e-23 1.39206e+01 1.58572e+01 1.76422e+01
0.6480 3.59382e-23 1.39199e+01 1.58565e+01 1.76417e+01
0.6490 3.59049e-23 1.39194e+01 1.58564e+01 1.76422e+01
0.6500 3.58761e-23 1.39194e+01 1.58568e+01 1.76430e+01
0.6510 3.58478e-23 1.39194e+01 1.58575e+01 1.76445e+01
0.6520 3.58096e-23 1.39180e+01 1.58567e+01 1.76445e+01
0.6530 3.57654e-23 1.39158e+01 1.58544e+01 1.76423e+01
0.6540 3.57186e-23 1.39136e+01 1.58524e+01 1.76408e+01
0.6550 3.56786e-23 1.39122e+01 1.58512e+01 1.76399e+01
0.6560 3.56384e-23 1.39112e+01 1.58504e+01 1.76393e+01
0.6570 3.55990e-23 1.39109e+01 1.58508e+01 1.76405e+01
0.6580 3.55536e-23 1.39106e+01 1.58511e+01 1.76417e+01
0.6590 3.55139e-23 1.39097e+01 1.58508e+01 1.76423e+01
0.6600 3.54778e-23 1.39100e+01 1.58519e+01 1.76444e+01
0.6610 3.54382e-23 1.39088e+01 1.58515e+01 1.76449e+01
0.6620 3.54148e-23 1.39096e+01 1.58531e+01 1.76475e+01
0.6630 3.53897e-23 1.39098e+01 1.58541e+01 1.76495e+01
0.6640 3.53602e-23 1.39089e+01 1.58544e+01 1.76514e+01
0.6650 3.53337e-23 1.39097e+01 1.58566e+01 1.76553e+01
0.6660 3.53134e-23 1.39127e+01 1.58613e+01 1.76624e+01
0.6670 3.52978e-23 1.39194e+01 1.58715e+01 1.76768e+01
0.6680 3.53113e-23 1.39277e+01 1.58848e+01 1.76964e+01
0.6690 3.52781e-23 1.39305e+01 1.58907e+01 1.77059e+01
0.6700 3.52737e-23 1.39340e+01 1.58988e+01 1.77199e+01
0.6710 3.52528e-23 1.39357e+01 1.59047e+01 1.77305e+01
0.6720 3.52140e-23 1.39345e+01 1.59059e+01 1.77341e+01
0.6730 3.51736e-23 1.39356e+01 1.59108e+01 1.77430e+01
0.6740 3.51327e-23 1.39364e+01 1.59136e+01 1.77476e+01
0.6750 3.51180e-23 1.39392e+01 1.59193e+01 1.77562e+01
0.6760 3.51052e-23 1.39411e+01 1.59225e+01 1.77606e+01
0.6770 3.50745e-23 1.39407e+01 1.59232e+01 1.77628e+01
0.6780 3.50533e-23 1.39406e+01 1.59232e+01 1.77625e+01
0.6790 3.50102e-23 1.39389e+01 1.59209e+01 1.77593e+01
0.6800 3.49766e-23 1.39361e+01 1.59175e+01 1.77551e+01
0.6810 3.49425e-23 1.39317e+01 1.59115e+01 1.77473e+01
0.6820 3.49068e-23 1.39287e+01 1.59066e+01 1.77404e+01
0.6830 3.48675e-23 1.39253e+01 1.59010e+01 1.77323e+01
0.6840 3.48418e-23 1.39248e+01 1.58985e+01 1.77276e+01
0.6850 3.48228e-23 1.39227e+01 1.58945e+01 1.77212e+01
0.6860 3.47901e-23 1.39188e+01 1.58882e+01 1.77122e+01
0.6870 3.47669e-23 1.39174e+01 1.58843e+01 1.77054e+01
0.6880 3.47470e-23 1.39146e+01 1.58795e+01 1.76984e+01
0.6890 3.47157e-23 1.39115e+01 1.58748e+01 1.76917e+01
0.6900 3.46858e-23 1.39084e+01 1.58702e+01 1.76854e+01
0.6910 3.46545e-23 1.39062e+01 1.58671e+01 1.76815e+01
0.6920 3.46274e-23 1.39049e+01 1.58639e+01 1.76764e+01
0.6930 3.46035e-23 1.39039e+01 1.58620e+01 1.76731e+01
0.6940 3.45764e-23 1.39018e+01 1.58583e+01 1.76678e+01
0.6950 3.45445e-23 1.38993e+01 1.58549e+01 1.76635e+01
0.6960 3.45176e-23 1.38977e+01 1.58521e+01 1.76595e+01
0.6970 3.44926e-23 1.38965e+01 1.58503e+01 1.76573e+01
0.6980 3.44764e-23 1.38952e+01 1.58481e+01 1.76540e+01
0.6990 3.44495e-23 1.38944e+01 1.58469e+01 1.76525e+01
0.7000 3.44303e-23 1.38943e+01 1.58467e+01 1.76523e+01
0.7010 3.44084e-23 1.38958e+01 1.58486e+01 1.76546e+01
0.7020 3.43876e-23 1.38971e+01 1.58503e+01 1.76570e+01
0.7030 3.43782e-23 1.38990e+01 1.58524e+01 1.76593e+01
0.7040 3.43693e-23 1.38995e+01 1.58534e+01 1.76608e+01
0.7050 3.43448e-23 1.38983e+01 1.58526e+01 1.76607e+01
0.7060 3.43234e-23 1.38998e+01 1.58537e+01 1.76614e+01
0.7070 3.42970e-23 1.38996e+01 1.58530e+01 1.76596e+01
0.7080 3.42768e-23 1.38994e+01 1.58528e+01 1.76595e+01
0.7090 3.42520e-23 1.38989e+01 1.58529e+01 1.76605e+01
0.7100 3.42205e-23 1.38988e+01 1.58529e+01 1.76607e+01
0.7110 3.41845e-23 1.38968e+01 1.58514e+01 1.76595e+01
0.7120 3.41592e-23 1.38963e+01 1.58509e+01 1.76589e+01
0.7130 3.41375e-23 1.38954e+01 1.58498e+01 1.76576e+01
0.7140 3.41130e-23 1.38956e+01 1.58498e+01 1.76574e+01
0.7150 3.40850e-23 1.38955e+01 1.58500e+01 1.76576e+01
0.7160 3.40550e-23 1.38945e+01 1.58483e+01 1.76552e+01
0.7170 3.40102e-23 1.38924e+01 1.58458e+01 1.76521e+01
0.7180 3.39744e-23 1.38897e+01 1.58424e+01 1.76480e+01
0.7190 3.39367e-23 1.38877e+01 1.58397e+01 1.76445e+01
0.7200 3.39027e-23 1.38853e+01 1.58368e+01 1.76413e+01
0.7210 3.38576e-23 1.38814e+01 1.58324e+01 1.76364e+01
0.7220 3.38108e-23 1.38789e+01 1.58296e+01 1.76332e+01
0.7230 3.37770e-23 1.38773e+01 1.58269e+01 1.76294e+01
0.7240 3.37435e-23 1.38759e+01 1.58250e+01 1.76271e+01
0.7250 3.37137e-23 1.38750e+01 1.58234e+01 1.76247e+01
0.7260 3.36740e-23 1.38728e+01 1.58208e+01 1.76216e+01
0.7270 3.36412e-23 1.38714e+01 1.58188e+01 1.76190e+01
0.7280 3.36179e-23 1.38702e+01 1.58170e+01 1.76166e+01
0.7290 3.35943e-23 1.38688e+01 1.58152e+01 1.76143e+01
0.7300 3.35752e-23 1.38682e+01 1.58141e+01 1.76127e+01
0.7310 3.35570e-23 1.38667e+01 1.58122e+01 1.76103e+01
0.7320 3.35376e-23 1.38659e+01 1.58112e+01 1.76093e+01
0.7330 3.35198e-23 1.38651e+01 1.58105e+01 1.76087e+01
0.7340 3.34952e-23 1.38634e+01 1.58087e+01 1.76071e+01
0.7350 3.34647e-23 1.38619e+01 1.58073e+01 1.76058e+01
0.7360 3.34364e-23 1.38599e+01 1.58048e+01 1.76031e+01
0.7370 3.34019e-23 1.38576e+01 1.58023e+01 1.76004e+01
0.7380 3.33629e-23 1.38554e+01 1.57998e+01 1.75979e+01
0.7390 3.33255e-23 1.38537e+01 1.57978e+01 1.75954e+01
0.7400 3.32967e-23 1.38529e+01 1.57968e+01 1.75940e+01
0.7410 3.32672e-23 1.38522e+01 1.57954e+01 1.75921e+01
0.7420 3.32443e-23 1.38515e+01 1.57942e+01 1.75902e+01
0.7430 3.32191e-23 1.38507e+01 1.57931e+01 1.75886e+01
0.7440 3.31906e-23 1.38495e+01 1.57913e+01 1.75862e+01
0.7450 3.31621e-23 1.38482e+01 1.57894e+01 1.75835e+01
0.7460 3.31336e-23 1.38462e+01 1.57869e+01 1.75805e+01
0.7470 3.31122e-23 1.38456e+01 1.57861e+01 1.75793e+01
0.7480 3.30939e-23 1.38458e+01 1.57859e+01 1.75787e+01
0.7490 3.30759e-23 1.38452e+01 1.57846e+01 1.75766e+01
0.7500 3.30470e-23 1.38442e+01 1.57830e+01 1.75743e+01
0.7510 3.30164e-23 1.38418e+01 1.57800e+01 1.75708e+01
0.7520 3.29952e-23 1.38417e+01 1.57795e+01 1.75697e+01
0.7530 3.29704e-23 1.38409e+01 1.57782e+01 1.75679e+01
0.7540 3.29520e-23 1.38407e+01 1.57777e+01 1.75670e+01
0.7550 3.29316e-23 1.38409e+01 1.57772e+01 1.75657e+01
0.7560 3.29149e-23 1.38411e+01 1.57772e+01 1.75653e+01
0.7570 3.28973e-23 1.38416e+01 1.57775e+01 1.75653e+01
0.7580 3.28814e-23 1.38420e+01 1.57774e+01 1.75647e+01
0.7590 3.28615e-23 1.38410e+01 1.57759e+01 1.75625e+01
0.7600 3.28394e-23 1.38397e+01 1.57743e+01 1.75606e+01
0.7610 3.28236e-23 1.38396e+01 1.57739e+01 1.75599e+01
0.7620 3.28084e-23 1.38403e+01 1.57745e+01 1.75603e+01
0.7630 3.27993e-23 1.38413e+01 1.57755e+01 1.75612e+01
0.7640 3.27869e-23 1.38423e+01 1.57769e+01 1.75629e+01
0.7650 3.27736e-23 1.38428e+01 1.57774e+01 1.75635e+01
0.7660 3.27615e-23 1.38442e+01 1.57791e+01 1.75654e+01
0.7670 3.27418e-23 1.38448e+01 1.57799e+01 1.75665e+01
0.7680 3.27154e-23 1.38448e+01 1.57803e+01 1.75673e+01
0.7690 3.26896e-23 1.38442e+01 1.57799e+01 1.75671e+01
0.7700 3.26696e-23 1.38436e+01 1.57794e+01 1.75669e+01
0.7710 3.26540e-23 1.38444e+01 1.57806e+01 1.75686e+01
0.7720 3.26417e-23 1.38456e+01 1.57823e+01 1.75707e+01
0.7730 3.26253e-23 1.38463e+01 1.57833e+01 1.75719e+01
0.7740 3.26098e-23 1.38465e+01 1.57840e+01 1.75732e+01
0.7750 3.25949e-23 1.38479e+01 1.57855e+01 1.75749e+01
0.7760 3.25789e-23 1.38490e+01 1.57869e+01 1.75764e+01
0.7770 3.25551e-23 1.38488e+01 1.57872e+01 1.75772e+01
0.7780 3.25304e-23 1.38475e+01 1.57859e+01 1.75762e+01
0.7790 3.24966e-23 1.38454e+01 1.57843e+01 1.75754e+01
0.7800 3.24710e-23 1.38455e+01 1.57846e+01 1.75761e+01
0.7810 3.24422e-23 1.38442e+01 1.57839e+01 1.75760e+01
0.7820 3.24158e-23 1.38426e+01 1.57821e+01 1.75739e+01
0.7830 3.23792e-23 1.38399e+01 1.57791e+01 1.75708e+01
0.7840 3.23407e-23 1.38368e+01 1.57757e+01 1.75671e+01
0.7850 3.23096e-23 1.38353e+01 1.57735e+01 1.75642e+01
0.7860 3.22852e-23 1.38349e+01 1.57727e+01 1.75630e+01
0.7870 3.22612e-23 1.38342e+01 1.57718e+01 1.75617e+01
0.7880 3.22244e-23 1.38313e+01 1.57686e+01 1.75582e+01
0.7890 3.21919e-23 1.38295e+01 1.57666e+01 1.75564e+01
0.7900 3.21584e-23 1.38276e+01 1.57650e+01 1.75554e+01
0.7910 3.21283e-23 1.38252e+01 1.57628e+01 1.75539e+01
0.7920 3.20967e-23 1.38226e+01 1.57604e+01 1.75521e+01
0.7930 3.20688e-23 1.38233e+01 1.57618e+01 1.75543e+01
0.7940 3.20444e-23 1.38225e+01 1.57622e+01 1.75567e+01
0.7950 3.20152e-23 1.38213e+01 1.57616e+01 1.75571e+01
0.7960 3.19785e-23 1.38197e+01 1.57605e+01 1.75568e+01
0.7970 3.19613e-23 1.38197e+01 1.57617e+01 1.75592e+01
0.7980 3.19371e-23 1.38208e+01 1.57635e+01 1.75620e+01
0.7990 3.19171e-23 1.38210e+01 1.57645e+01 1.75640e+01
0.8000 3.18833e-23 1.38214e+01 1.57658e+01 1.75665e+01
0.8010 3.18604e-23 1.38222e+01 1.57674e+01 1.75689e+01
0.8020 3.18364e-23 1.38204e+01 1.57667e+01 1.75696e+01
0.8030 3.18133e-23 1.38196e+01 1.57665e+01 1.75702e+01
0.8040 3.17937e-23 1.38203e+01 1.57681e+01 1.75726e+01
0.8050 3.17717e-23 1.38204e+01 1.57687e+01 1.75738e+01
0.8060 3.17482e-23 1.38199e+01 1.57686e+01 1.75739e+01
0.8070 3.17201e-23 1.38199e+01 1.57689e+01 1.75748e+01
0.8080 3.16939e-23 1.38203e+01 1.57698e+01 1.75763e+01
0.8090 3.16609e-23 1.38196e+01 1.57697e+01 1.75769e+01
0.8100 3.16364e-23 1.38187e+01 1.57690e+01 1.75765e+01
0.8110 3.16055e-23 1.38159e+01 1.57666e+01 1.75747e+01
0.8120 3.15832e-23 1.38154e+01 1.57661e+01 1.75743e+01
0.8130 3.15570e-23 1.38144e+01 1.57658e+01 1.75750e+01
0.8140 3.15412e-23 1.38158e+01 1.57681e+01 1.75782e+01
0.8150 3.15244e-23 1.38160e+01 1.57690e+01 1.75800e+01
0.8160 3.15100e-23 1.38176e+01 1.57711e+01 1.75827e+01
0.8170 3.14983e-23 1.38191e+01 1.57740e+01 1.75870e+01
0.8180 3.14862e-23 1.38212e+01 1.57779e+01 1.75930e+01
0.8190 3.14778e-23 1.38257e+01 1.57851e+01 1.76035e+01
0.8200 3.14711e-23 1.38279e+01 1.57900e+01 1.76118e+01
0.8210 3.14615e-23 1.38306e+01 1.57957e+01 1.76213e+01
0.8220 3.14473e-23 1.38306e+01 1.57977e+01 1.76254e+01
0.8230 3.14308e-23 1.38324e+01 1.58013e+01 1.76307e+01
0.8240 3.14211e-23 1.38339e+01 1.58045e+01 1.76357e+01
0.8250 3.14022e-23 1.38350e+01 1.58063e+01 1.76381e+01
0.8260 3.13802e-23 1.38344e+01 1.58060e+01 1.76379e+01
0.8270 3.13564e-23 1.38338e+01 1.58056e+01 1.76376e+01
0.8280 3.13335e-23 1.38333e+01 1.58051e+01 1.76369e+01
0.8290 3.13180e-23 1.38323e+01 1.58041e+01 1.76359e+01
0.8300 3.13105e-23 1.38339e+01 1.58061e+01 1.76379e+01
0.8310 3.12946e-23 1.38339e+01 1.58062e+01 1.76381e+01
0.8320 3.12857e-23 1.38356e+01 1.58083e+01 1.76403e+01
0.8330 3.12864e-23 1.38374e+01 1.58105e+01 1.76428e+01
0.8340 3.12751e-23 1.38379e+01 1.58114e+01 1.76443e+01
0.8350 3.12645e-23 1.38391e+01 1.58131e+01 1.76466e+01
0.8360 3.12442e-23 1.38379e+01 1.58122e+01 1.76461e+01
0.8370 3.12210e-23 1.38371e+01 1.58114e+01 1.76453e+01
0.8380 3.12022e-23 1.38355e+01 1.58092e+01 1.76428e+01
0.8390 3.11829e-23 1.38354e+01 1.58089e+01 1.76420e+01
0.8400 3.11561e-23 1.38351e+01 1.58085e+01 1.76413e+01
0.8410 3.11488e-23 1.38376e+01 1.58109e+01 1.76437e+01
0.8420 3.11362e-23 1.38371e+01 1.58104e+01 1.76434e+01
0.8430 3.11193e-23 1.38369e+01 1.58100e+01 1.76428e+01
0.8440 3.10948e-23 1.38373e+01 1.58109e+01 1.76442e+01
0.8450 3.10713e-23 1.38367e+01 1.58101e+01 1.76433e+01
0.8460 3.10500e-23 1.38365e+01 1.58099e+01 1.76429e+01
0.8470 3.10274e-23 1.38361e+01 1.58094e+01 1.76423e+01
0.8480 3.09980e-23 1.38327e+01 1.58056e+01 1.76383e+01
0.8490 3.09740e-23 1.38308e+01 1.58027e+01 1.76343e+01
0.8500 3.09431e-23 1.38282e+01 1.57995e+01 1.76306e+01
0.8510 3.09180e-23 1.38272e+01 1.57982e+01 1.76289e+01
0.8520 3.08943e-23 1.38260e+01 1.57966e+01 1.76269e+01
0.8530 3.08699e-23 1.38252e+01 1.57954e+01 1.76251e+01
0.8540 3.08520e-23 1.38236e+01 1.57932e+01 1.76224e+01
0.8550 3.08181e-23 1.38218e+01 1.57906e+01 1.76188e+01
0.8560 3.08048e-23 1.38218e+01 1.57899e+01 1.76170e+01
0.8570 3.07855e-23 1.38210e+01 1.57880e+01 1.76140e+01
0.8580 3.07731e-23 1.38211e+01 1.57867e+01 1.76110e+01
0.8590 3.07553e-23 1.38203e+01 1.57856e+01 1.76094e+01
0.8600 3.07375e-23 1.38192e+01 1.57841e+01 1.76074e+01
0.8610 3.07171e-23 1.38179e+01 1.57820e+01 1.76046e+01
0.8620 3.06816e-23 1.38153e+01 1.57784e+01 1.75998e+01
0.8630 3.06518e-23 1.38113e+01 1.57725e+01 1.75920e+01
0.8640 3.06230e-23 1.38079e+01 1.57683e+01 1.75871e+01
0.8650 3.05924e-23 1.38046e+01 1.57645e+01 1.75829e+01
0.8660 3.05704e-23 1.38044e+01 1.57634e+01 1.75809e+01
0.8670 3.05461e-23 1.38037e+01 1.57623e+01 1.75792e+01
0.8680 3.05215e-23 1.38036e+01 1.57612e+01 1.75773e+01
0.8690 3.04907e-23 1.38035e+01 1.57611e+01 1.75775e+01
0.8700 3.04614e-23 1.38051e+01 1.57637e+01 1.75816e+01
0.8710 3.04541e-23 1.38067e+01 1.57673e+01 1.75878e+01
0.8720 3.04472e-23 1.38103e+01 1.57741e+01 1.75987e+01
0.8730 3.04308e-23 1.38137e+01 1.57800e+01 1.76084e+01
0.8740 3.04343e-23 1.38131e+01 1.57806e+01 1.76103e+01
0.8750 3.04195e-23 1.38150e+01 1.57834e+01 1.76137e+01
0.8760 3.04048e-23 1.38169e+01 1.57865e+01 1.76176e+01
0.8770 3.03900e-23 1.38175e+01 1.57895e+01 1.76238e+01
0.8780 3.03871e-23 1.38221e+01 1.57970e+01 1.76345e+01
0.8790 3.03846e-23 1.38237e+01 1.58008e+01 1.76408e+01
0.8800 3.03757e-23 1.38256e+01 1.58057e+01 1.76494e+01
0.8810 3.03677e-23 1.38279e+01 1.58099e+01 1.76557e+01
0.8820 3.03642e-23 1.38266e+01 1.58097e+01 1.76567e+01
0.8830 3.03543e-23 1.38257e+01 1.58095e+01 1.76572e+01
0.8840 3.03248e-23 1.38221e+01 1.58056e+01 1.76529e+01
0.8850 3.03067e-23 1.38235e+01 1.58076e+01 1.76554e+01
0.8860 3.02762e-23 1.38216e+01 1.58057e+01 1.76533e+01
0.8870 3.02501e-23 1.38197e+01 1.58037e+01 1.76514e+01
0.8880 3.02216e-23 1.38200e+01 1.58042e+01 1.76519e+01
0.8890 3.02081e-23 1.38193e+01 1.58036e+01 1.76516e+01
0.8900 3.01973e-23 1.38188e+01 1.58045e+01 1.76544e+01
0.8910 3.01950e-23 1.38194e+01 1.58070e+01 1.76598e+01
0.8920 3.01939e-23 1.38195e+01 1.58092e+01 1.76651e+01
0.8930 3.01768e-23 1.38227e+01 1.58146e+01 1.76737e+01
0.8940 3.01589e-23 1.38207e+01 1.58126e+01 1.76712e+01
0.8950 3.01438e-23 1.38177e+01 1.58083e+01 1.76653e+01
0.8960 3.01246e-23 1.38206e+01 1.58121e+01 1.76699e+01
0.8970 3.01160e-23 1.38241e+01 1.58168e+01 1.76759e+01
0.8980 3.01031e-23 1.38255e+01 1.58178e+01 1.76761e+01
0.8990 3.00813e-23 1.38246e+01 1.58173e+01 1.76757e+01
0.9000 3.00499e-23 1.38230e+01 1.58145e+01 1.76710e+01
0.9010 3.00344e-23 1.38234e+01 1.58131e+01 1.76670e+01
0.9020 3.00053e-23 1.38222e+01 1.58119e+01 1.76652e+01
0.9030 2.99844e-23 1.38195e+01 1.58076e+01 1.76591e+01
0.9040 2.99508e-23 1.38156e+01 1.58022e+01 1.76521e+01
0.9050 2.99234e-23 1.38125e+01 1.57966e+01 1.76436e+01
0.9060 2.98946e-23 1.38094e+01 1.57916e+01 1.76363e+01
0.9070 2.98715e-23 1.38083e+01 1.57882e+01 1.76301e+01
0.9080 2.98432e-23 1.38056e+01 1.57836e+01 1.76234e+01
0.9090 2.98278e-23 1.38024e+01 1.57785e+01 1.76161e+01
0.9100 2.98037e-23 1.37986e+01 1.57729e+01 1.76083e+01
0.9110 2.97934e-23 1.37955e+01 1.57675e+01 1.76004e+01
0.9120 2.97722e-23 1.37940e+01 1.57644e+01 1.75955e+01
0.9130 2.97565e-23 1.37927e+01 1.57620e+01 1.75918e+01
0.9140 2.97444e-23 1.37918e+01 1.57601e+01 1.75889e+01
0.9150 2.97332e-23 1.37911e+01 1.57586e+01 1.75866e+01
0.9160 2.97206e-23 1.37905e+01 1.57573e+01 1.75843e+01
0.9170 2.97067e-23 1.37908e+01 1.57572e+01 1.75838e+01
0.9180 2.97011e-23 1.37925e+01 1.57585e+01 1.75845e+01
0.9190 2.96780e-23 1.37904e+01 1.57560e+01 1.75817e+01
0.9200 2.96555e-23 1.37906e+01 1.57559e+01 1.75812e+01
0.9210 2.96310e-23 1.37886e+01 1.57534e+01 1.75781e+01
0.9220 2.96008e-23 1.37875e+01 1.57515e+01 1.75753e+01
0.9230 2.95711e-23 1.37855e+01 1.57492e+01 1.75725e+01
0.9240 2.95442e-23 1.37828e+01 1.57456e+01 1.75685e+01
0.9250 2.95233e-23 1.37803e+01 1.57429e+01 1.75655e+01
0.9260 2.95012e-23 1.37777e+01 1.57399e+01 1.75620e+01
0.9270 2.94762e-23 1.37757e+01 1.57371e+01 1.75585e+01
0.9280 2.94516e-23 1.37746e+01 1.57355e+01 1.75565e+01
0.9290 2.94287e-23 1.37727e+01 1.57326e+01 1.75525e+01
0.9300 2.94090e-23 1.37710e+01 1.57305e+01 1.75500e+01
0.9310 2.93862e-23 1.37700e+01 1.57290e+01 1.75479e+01
0.9320 2.93723e-23 1.37701e+01 1.57289e+01 1.75476e+01
0.9330 2.93541e-23 1.37699e+01 1.57284e+01 1.75466e+01
0.9340 2.93356e-23 1.37690e+01 1.57269e+01 1.75445e+01
0.9350 2.93182e-23 1.37690e+01 1.57269e+01 1.75443e+01
0.9360 2.92980e-23 1.37684e+01 1.57260e+01 1.75431e+01
0.9370 2.92820e-23 1.37676e+01 1.57250e+01 1.75419e+01
0.9380 2.92684e-23 1.37670e+01 1.57247e+01 1.75422e+01
0.9390 2.92416e-23 1.37666e+01 1.57253e+01 1.75438e+01
0.9400 2.92259e-23 1.37660e+01 1.57248e+01 1.75436e+01
0.9410 2.92088e-23 1.37671e+01 1.57261e+01 1.75453e+01
0.9420 2.91835e-23 1.37659e+01 1.57256e+01 1.75460e+01
0.9430 2.91638e-23 1.37650e+01 1.57260e+01 1.75483e+01
0.9440 2.91459e-23 1.37639e+01 1.57256e+01 1.75489e+01
0.9450 2.91289e-23 1.37636e+01 1.57266e+01 1.75519e+01
0.9460 2.91233e-23 1.37643e+01 1.57290e+01 1.75565e+01
0.9470 2.91002e-23 1.37652e+01 1.57308e+01 1.75593e+01
0.9480 2.90838e-23 1.37647e+01 1.57308e+01 1.75598e+01
0.9490 2.90682e-23 1.37651e+01 1.57315e+01 1.75607e+01
0.9500 2.90474e-23 1.37640e+01 1.57312e+01 1.75611e+01
0.9510 2.90220e-23 1.37603e+01 1.57274e+01 1.75573e+01
0.9520 2.89914e-23 1.37568e+01 1.57233e+01 1.75522e+01
0.9530 2.89636e-23 1.37549e+01 1.57208e+01 1.75489e+01
0.9540 2.89526e-23 1.37544e+01 1.57197e+01 1.75469e+01
0.9550 2.89310e-23 1.37529e+01 1.57170e+01 1.75427e+01
0.9560 2.89131e-23 1.37503e+01 1.57132e+01 1.75375e+01
0.9570 2.88843e-23 1.37477e+01 1.57102e+01 1.75339e+01
0.9580 2.88677e-23 1.37464e+01 1.57083e+01 1.75314e+01
0.9590 2.88522e-23 1.37464e+01 1.57076e+01 1.75298e+01
0.9600 2.88297e-23 1.37434e+01 1.57040e+01 1.75258e+01
0.9610 2.88111e-23 1.37426e+01 1.57022e+01 1.75227e+01
0.9620 2.87984e-23 1.37411e+01 1.56999e+01 1.75195e+01
0.9630 2.87816e-23 1.37401e+01 1.56981e+01 1.75167e+01
0.9640 2.87758e-23 1.37395e+01 1.56962e+01 1.75137e+01
0.9650 2.87735e-23 1.37404e+01 1.56967e+01 1.75136e+01
0.9660 2.87660e-23 1.37400e+01 1.56965e+01 1.75134e+01
0.9670 2.87700e-23 1.37414e+01 1.56979e+01 1.75147e+01
0.9680 2.87715e-23 1.37426e+01 1.56990e+01 1.75155e+01
0.9690 2.87620e-23 1.37437e+01 1.57001e+01 1.75165e+01
0.9700 2.87557e-23 1.37454e+01 1.57022e+01 1.75191e+01
0.9710 2.87451e-23 1.37462e+01 1.57034e+01 1.75206e+01
0.9720 2.87475e-23 1.37480e+01 1.57054e+01 1.75227e+01
0.9730 2.87288e-23 1.37480e+01 1.57052e+01 1.75221e+01
0.9740 2.87114e-23 1.37478e+01 1.57048e+01 1.75214e+01
0.9750 2.86961e-23 1.37477e+01 1.57047e+01 1.75211e+01
0.9760 2.86802e-23 1.37481e+01 1.57043e+01 1.75199e+01
0.9770 2.86723e-23 1.37476e+01 1.57034e+01 1.75184e+01
0.9780 2.86644e-23 1.37490e+01 1.57049e+01 1.75198e+01
0.9790 2.86628e-23 1.37500e+01 1.57059e+01 1.75209e+01
0.9800 2.86508e-23 1.37499e+01 1.57059e+01 1.75211e+01
0.9810 2.86426e-23 1.37490e+01 1.57049e+01 1.75201e+01
0.9820 2.86313e-23 1.37484e+01 1.57050e+01 1.75208e+01
0.9830 2.86196e-23 1.37478e+01 1.57044e+01 1.75202e+01
0.9840 2.86031e-23 1.37472e+01 1.57039e+01 1.75199e+01
0.9850 2.85795e-23 1.37462e+01 1.57026e+01 1.75184e+01
0.9860 2.85582e-23 1.37441e+01 1.56999e+01 1.75151e+01
0.9870 2.85305e-23 1.37415e+01 1.56970e+01 1.75122e+01
0.9880 2.85143e-23 1.37408e+01 1.56961e+01 1.75110e+01
0.9890 2.85047e-23 1.37408e+01 1.56964e+01 1.75114e+01
0.9900 2.84943e-23 1.37420e+01 1.56983e+01 1.75144e+01
0.9910 2.84868e-23 1.37450e+01 1.57029e+01 1.75213e+01
0.9920 2.84761e-23 1.37457e+01 1.57058e+01 1.75269e+01
0.9930 2.84599e-23 1.37457e+01 1.57063e+01 1.75281e+01
0.9940 2.84449e-23 1.37447e+01 1.57058e+01 1.75280e+01
0.9950 2.84256e-23 1.37460e+01 1.57072e+01 1.75294e+01
0.9960 2.84114e-23 1.37454e+01 1.57073e+01 1.75301e+01
0.9970 2.83937e-23 1.37446e+01 1.57075e+01 1.75317e+01
0.9980 2.83803e-23 1.37469e+01 1.57112e+01 1.75368e+01
0.9990 2.83662e-23 1.37489e+01 1.57139e+01 1.75403e+01
1.0000 2.83654e-23 1.37524e+01 1.57187e+01 1.75467e+01
1.0010 2.83646e-23 1.37529e+01 1.57200e+01 1.75491e+01
1.0020 2.83544e-23 1.37563e+01 1.57250e+01 1.75557e+01
1.0030 2.83549e-23 1.37601e+01 1.57309e+01 1.75641e+01
1.0040 2.83610e-23 1.37651e+01 1.57384e+01 1.75747e+01
1.0050 2.83514e-23 1.37688e+01 1.57454e+01 1.75855e+01
1.0060 2.83357e-23 1.37668e+01 1.57438e+01 1.75842e+01
1.0070 2.83146e-23 1.37666e+01 1.57451e+01 1.75867e+01
1.0080 2.82968e-23 1.37657e+01 1.57446e+01 1.75869e+01
1.0090 2.82783e-23 1.37663e+01 1.57463e+01 1.75898e+01
1.0100 2.82599e-23 1.37655e+01 1.57470e+01 1.75922e+01
1.0110 2.82490e-23 1.37657e+01 1.57477e+01 1.75936e+01
1.0120 2.82349e-23 1.37665e+01 1.57488e+01 1.75950e+01
1.0130 2.82229e-23 1.37686e+01 1.57513e+01 1.75980e+01
1.0140 2.82104e-23 1.37694e+01 1.57522e+01 1.75986e+01
1.0150 2.81899e-23 1.37677e+01 1.57511e+01 1.75984e+01
1.0160 2.81719e-23 1.37669e+01 1.57507e+01 1.75988e+01
1.0170 2.81572e-23 1.37665e+01 1.57506e+01 1.75990e+01
1.0180 2.81342e-23 1.37654e+01 1.57491e+01 1.75969e+01
1.0190 2.81219e-23 1.37647e+01 1.57481e+01 1.75959e+01
1.0200 2.81066e-23 1.37633e+01 1.57469e+01 1.75947e+01
1.0210 2.80935e-23 1.37625e+01 1.57458e+01 1.75933e+01
1.0220 2.80701e-23 1.37611e+01 1.57442e+01 1.75915e+01
1.0230 2.80499e-23 1.37609e+01 1.57442e+01 1.75919e+01
1.0240 2.80336e-23 1.37581e+01 1.57422e+01 1.75910e+01
1.0250 2.80115e-23 1.37588e+01 1.57431e+01 1.75922e+01
1.0260 2.79972e-23 1.37573e+01 1.57419e+01 1.75917e+01
1.0270 2.79821e-23 1.37578e+01 1.57433e+01 1.75943e+01
1.0280 2.79718e-23 1.37584e+01 1.57455e+01 1.75986e+01
1.0290 2.79595e-23 1.37594e+01 1.57477e+01 1.76025e+01
1.0300 2.79378e-23 1.37586e+01 1.57486e+01 1.76056e+01
1.0310 2.79292e-23 1.37608e+01 1.57523e+01 1.76112e+01
1.0320 2.79179e-23 1.37640e+01 1.57578e+01 1.76199e+01
1.0330 2.79191e-23 1.37693e+01 1.57652e+01 1.76299e+01
1.0340 2.79176e-23 1.37755e+01 1.57743e+01 1.76423e+01
1.0350 2.79185e-23 1.37799e+01 1.57842e+01 1.76592e+01
1.0360 2.79469e-23 1.37903e+01 1.58005e+01 1.76833e+01
1.0370 2.79525e-23 1.38020e+01 1.58210e+01 1.77147e+01
1.0380 2.79622e-23 1.38090e+01 1.58348e+01 1.77375e+01
1.0390 2.79526e-23 1.38180e+01 1.58506e+01 1.77608e+01
1.0400 2.79745e-23 1.38287e+01 1.58681e+01 1.77871e+01
1.0410 2.79766e-23 1.38388e+01 1.58872e+01 1.78168e+01
1.0420 2.79829e-23 1.38441e+01 1.59001e+01 1.78389e+01
1.0430 2.79854e-23 1.38480e+01 1.59094e+01 1.78546e+01
1.0440 2.79856e-23 1.38498e+01 1.59167e+01 1.78672e+01
1.0450 2.79577e-23 1.38567e+01 1.59262e+01 1.78785e+01
1.0460 2.79619e-23 1.38575e+01 1.59309e+01 1.78870e+01
1.0470 2.79212e-23 1.38570e+01 1.59343e+01 1.78944e+01
1.0480 2.78956e-23 1.38543e+01 1.59323e+01 1.78924e+01
1.0490 2.78573e-23 1.38494e+01 1.59272e+01 1.78866e+01
1.0500 2.78190e-23 1.38474e+01 1.59255e+01 1.78847e+01
1.0510 2.78038e-23 1.38450e+01 1.59208e+01 1.78777e+01
1.0520 2.77668e-23 1.38411e+01 1.59166e+01 1.78734e+01
1.0530 2.77355e-23 1.38398e+01 1.59157e+01 1.78729e+01
1.0540 2.77107e-23 1.38413e+01 1.59172e+01 1.78739e+01
1.0550 2.76852e-23 1.38392e+01 1.59140e+01 1.78698e+01
1.0560 2.76737e-23 1.38330e+01 1.59073e+01 1.78622e+01
1.0570 2.76571e-23 1.38291e+01 1.59028e+01 1.78579e+01
1.0580 2.76192e-23 1.38288e+01 1.59025e+01 1.78579e+01
1.0590 2.76176e-23 1.38332e+01 1.59065e+01 1.78613e+01
1.0600 2.75834e-23 1.38304e+01 1.59025e+01 1.78560e+01
1.0610 2.75733e-23 1.38296e+01 1.59004e+01 1.78526e+01
1.0620 2.75540e-23 1.38272e+01 1.58978e+01 1.78499e+01
1.0630 2.75531e-23 1.38287e+01 1.59011e+01 1.78562e+01
1.0640 2.75587e-23 1.38317e+01 1.59067e+01 1.78659e+01
1.0650 2.75440e-23 1.38354e+01 1.59136e+01 1.78778e+01
1.0660 2.75325e-23 1.38405e+01 1.59254e+01 1.78991e+01
1.0670 2.75156e-23 1.38372e+01 1.59208e+01 1.78925e+01
1.0680 2.74905e-23 1.38345e+01 1.59180e+01 1.78891e+01
1.0690 2.74727e-23 1.38354e+01 1.59202e+01 1.78928e+01
1.0700 2.74594e-23 1.38360e+01 1.59220e+01 1.78965e+01
1.0710 2.74440e-23 1.38401e+01 1.59271e+01 1.79024e+01
1.0720 2.74381e-23 1.38454e+01 1.59324e+01 1.79076e+01
1.0730 2.74403e-23 1.38452e+01 1.59354e+01 1.79157e+01
1.0740 2.74221e-23 1.38506e+01 1.59443e+01 1.79289e+01
1.0750 2.74485e-23 1.38570e+01 1.59552e+01 1.79459e+01
1.0760 2.74344e-23 1.38586e+01 1.59579e+01 1.79504e+01
1.0770 2.74064e-23 1.38552e+01 1.59546e+01 1.79465e+01
1.0780 2.74000e-23 1.38470e+01 1.59436e+01 1.79316e+01
1.0790 2.73570e-23 1.38444e+01 1.59400e+01 1.79262e+01
1.0800 2.73136e-23 1.38380e+01 1.59324e+01 1.79169e+01
1.0810 2.73218e-23 1.38355e+01 1.59264e+01 1.79076e+01
1.0820 2.73122e-23 1.38343e+01 1.59233e+01 1.79010e+01
1.0830 2.72801e-23 1.38286e+01 1.59143e+01 1.78881e+01
1.0840 2.72672e-23 1.38238e+01 1.59057e+01 1.78755e+01
1.0850 2.72688e-23 1.38266e+01 1.59082e+01 1.78766e+01
1.0860 2.72406e-23 1.38241e+01 1.59047e+01 1.78713e+01
1.0870 2.72264e-23 1.38220e+01 1.59011e+01 1.78664e+01
1.0880 2.72040e-23 1.38183e+01 1.58968e+01 1.78619e+01
1.0890 2.72088e-23 1.38159e+01 1.58940e+01 1.78595e+01
1.0900 2.71824e-23 1.38198e+01 1.58988e+01 1.78654e+01
1.0910 2.71779e-23 1.38189e+01 1.58961e+01 1.78612e+01
1.0920 2.71790e-23 1.38173e+01 1.58965e+01 1.78644e+01
1.0930 2.71511e-23 1.38159e+01 1.58953e+01 1.78629e+01
1.0940 2.71288e-23 1.38171e+01 1.58970e+01 1.78653e+01
1.0950 2.71366e-23 1.38246e+01 1.59067e+01 1.78771e+01
1.0960 2.71357e-23 1.38328e+01 1.59149e+01 1.78846e+01
1.0970 2.71293e-23 1.38347e+01 1.59169e+01 1.78859e+01
1.0980 2.71189e-23 1.38328e+01 1.59147e+01 1.78828e+01
1.0990 2.71093e-23 1.38297e+01 1.59114e+01 1.78793e+01
1.1000 2.71163e-23 1.38305e+01 1.59119e+01 1.78795e+01
1.1010 2.71091e-23 1.38312e+01 1.59139e+01 1.78836e+01
1.1020 2.71112e-23 1.38348e+01 1.59185e+01 1.78891e+01
1.1030 2.71272e-23 1.38355e+01 1.59199e+01 1.78911e+01
1.1040 2.70933e-23 1.38330e+01 1.59168e+01 1.78877e+01
1.1050 2.70951e-23 1.38338e+01 1.59167e+01 1.78867e+01
1.1060 2.70692e-23 1.38287e+01 1.59121e+01 1.78824e+01
1.1070 2.70592e-23 1.38273e+01 1.59104e+01 1.78802e+01
1.1080 2.70394e-23 1.38279e+01 1.59087e+01 1.78756e+01
1.1090 2.70080e-23 1.38249e+01 1.59043e+01 1.78696e+01
1.1100 2.69889e-23 1.38195e+01 1.58955e+01 1.78570e+01
1.1110 2.69757e-23 1.38181e+01 1.58935e+01 1.78542e+01
1.1120 2.69549e-23 1.38157e+01 1.58889e+01 1.78472e+01
1.1130 2.69415e-23 1.38132e+01 1.58847e+01 1.78415e+01
1.1140 2.69217e-23 1.38118e+01 1.58831e+01 1.78389e+01
1.1150 2.69121e-23 1.38104e+01 1.58785e+01 1.78309e+01
1.1160 2.68986e-23 1.38072e+01 1.58733e+01 1.78236e+01
1.1170 2.68723e-23 1.38081e+01 1.58719e+01 1.78190e+01
1.1180 2.68820e-23 1.38083e+01 1.58713e+01 1.78172e+01
1.1190 2.68598e-23 1.38063e+01 1.58688e+01 1.78146e+01
1.1200 2.68558e-23 1.38072e+01 1.58706e+01 1.78175e+01
1.1210 2.68507e-23 1.38045e+01 1.58681e+01 1.78154e+01
1.1220 2.68490e-23 1.38046e+01 1.58690e+01 1.78173e+01
1.1230 2.68424e-23 1.38073e+01 1.58726e+01 1.78219e+01
1.1240 2.68267e-23 1.38083e+01 1.58730e+01 1.78211e+01
1.1250 2.68122e-23 1.38063e+01 1.58703e+01 1.78173e+01
1.1260 2.68013e-23 1.38048e+01 1.58674e+01 1.78127e+01
1.1270 2.67840e-23 1.38001e+01 1.58620e+01 1.78068e+01
1.1280 2.67673e-23 1.38006e+01 1.58629e+01 1.78088e+01
1.1290 2.67615e-23 1.38020e+01 1.58651e+01 1.78122e+01
1.1300 2.67568e-23 1.38061e+01 1.58718e+01 1.78225e+01
1.1310 2.67525e-23 1.38117e+01 1.58797e+01 1.78334e+01
1.1320 2.67506e-23 1.38122e+01 1.58826e+01 1.78395e+01
1.1330 2.67391e-23 1.38159e+01 1.58892e+01 1.78496e+01
1.1340 2.67494e-23 1.38305e+01 1.59094e+01 1.78767e+01
1.1350 2.67645e-23 1.38376e+01 1.59233e+01 1.78999e+01
1.1360 2.67655e-23 1.38417e+01 1.59328e+01 1.79164e+01
1.1370 2.67417e-23 1.38457e+01 1.59399e+01 1.79264e+01
1.1380 2.67443e-23 1.38523e+01 1.59490e+01 1.79388e+01
1.1390 2.67903e-23 1.38580e+01 1.59574e+01 1.79498e+01
1.1400 2.67817e-23 1.38556e+01 1.59565e+01 1.79511e+01
1.1410 2.67511e-23 1.38537e+01 1.59553e+01 1.79501e+01
1.1420 2.67466e-23 1.38542e+01 1.59560e+01 1.79509e+01
1.1430 2.67183e-23 1.38516e+01 1.59540e+01 1.79489e+01
1.1440 2.67273e-23 1.38579e+01 1.59616e+01 1.79578e+01
1.1450 2.67290e-23 1.38615e+01 1.59701e+01 1.79729e+01
1.1460 2.67281e-23 1.38633e+01 1.59739e+01 1.79786e+01
1.1470 2.67180e-23 1.38679e+01 1.59799e+01 1.79861e+01
1.1480 2.66681e-23 1.38608e+01 1.59713e+01 1.79754e+01
1.1490 2.66600e-23 1.38622e+01 1.59748e+01 1.79819e+01
1.1500 2.66374e-23 1.38597e+01 1.59721e+01 1.79770e+01
1.1510 2.65751e-23 1.38546e+01 1.59665e+01 1.79703e+01
1.1520 2.65889e-23 1.38503e+01 1.59595e+01 1.79592e+01
1.1530 2.65805e-23 1.38482e+01 1.59561e+01 1.79546e+01
1.1540 2.65747e-23 1.38471e+01 1.59534e+01 1.79487e+01
1.1550 2.65500e-23 1.38488e+01 1.59557e+01 1.79513e+01
1.1560 2.65176e-23 1.38451e+01 1.59473e+01 1.79372e+01
1.1570 2.65116e-23 1.38400e+01 1.59398e+01 1.79263e+01
1.1580 2.64684e-23 1.38381e+01 1.59384e+01 1.79257e+01
1.1590 2.64797e-23 1.38425e+01 1.59440e+01 1.79333e+01
1.1600 2.64694e-23 1.38485e+01 1.59499e+01 1.79394e+01
1.1610 2.64701e-23 1.38475e+01 1.59493e+01 1.79402e+01
1.1620 2.64682e-23 1.38470e+01 1.59525e+01 1.79489e+01
1.1630 2.64575e-23 1.38426e+01 1.59483e+01 1.79453e+01
1.1640 2.64119e-23 1.38313e+01 1.59352e+01 1.79306e+01
1.1650 2.64061e-23 1.38261e+01 1.59277e+01 1.79206e+01
1.1660 2.63692e-23 1.38188e+01 1.59192e+01 1.79112e+01
1.1670 2.63628e-23 1.38151e+01 1.59137e+01 1.79033e+01
1.1680 2.63298e-23 1.38127e+01 1.59106e+01 1.78986e+01
1.1690 2.62989e-23 1.38038e+01 1.58962e+01 1.78780e+01
1.1700 2.62730e-23 1.37972e+01 1.58866e+01 1.78642e+01
1.1710 2.62686e-23 1.37938e+01 1.58795e+01 1.78527e+01
1.1720 2.62464e-23 1.37898e+01 1.58727e+01 1.78424e+01
1.1730 2.62292e-23 1.37856e+01 1.58667e+01 1.78344e+01
1.1740 2.61961e-23 1.37779e+01 1.58573e+01 1.78239e+01
1.1750 2.61810e-23 1.37769e+01 1.58549e+01 1.78201e+01
1.1760 2.61608e-23 1.37745e+01 1.58517e+01 1.78164e+01
1.1770 2.61285e-23 1.37707e+01 1.58466e+01 1.78097e+01
1.1780 2.61214e-23 1.37751e+01 1.58471e+01 1.78051e+01
1.1790 2.60884e-23 1.37671e+01 1.58371e+01 1.77921e+01
1.1800 2.60727e-23 1.37641e+01 1.58298e+01 1.77798e+01
1.1810 2.60382e-23 1.37601e+01 1.58238e+01 1.77714e+01
1.1820 2.60251e-23 1.37596e+01 1.58208e+01 1.77653e+01
1.1830 2.60162e-23 1.37590e+01 1.58170e+01 1.77578e+01
1.1840 2.60088e-23 1.37577e+01 1.58155e+01 1.77563e+01
1.1850 2.60005e-23 1.37569e+01 1.58127e+01 1.77513e+01
1.1860 2.59748e-23 1.37529e+01 1.58060e+01 1.77421e+01
1.1870 2.59345e-23 1.37454e+01 1.57967e+01 1.77310e+01
1.1880 2.59246e-23 1.37425e+01 1.57918e+01 1.77241e+01
1.1890 2.59065e-23 1.37385e+01 1.57891e+01 1.77233e+01
1.1900 2.58820e-23 1.37361e+01 1.57853e+01 1.77178e+01
1.1910 2.58632e-23 1.37351e+01 1.57825e+01 1.77123e+01
1.1920 2.58421e-23 1.37331e+01 1.57784e+01 1.77058e+01
1.1930 2.58277e-23 1.37297e+01 1.57714e+01 1.76950e+01
1.1940 2.58114e-23 1.37310e+01 1.57718e+01 1.76939e+01
1.1950 2.57960e-23 1.37309e+01 1.57710e+01 1.76930e+01
1.1960 2.57830e-23 1.37310e+01 1.57727e+01 1.76966e+01
1.1970 2.58030e-23 1.37326e+01 1.57765e+01 1.77037e+01
1.1980 2.58030e-23 1.37422e+01 1.57905e+01 1.77238e+01
1.1990 2.58442e-23 1.37485e+01 1.58045e+01 1.77485e+01
1.2000 2.58548e-23 1.37578e+01 1.58240e+01 1.77820e+01
1.2010 2.58818e-23 1.37616e+01 1.58365e+01 1.78056e+01
1.2020 2.58567e-23 1.37703e+01 1.58510e+01 1.78268e+01
1.2030 2.58367e-23 1.37758e+01 1.58610e+01 1.78415e+01
1.2040 2.58289e-23 1.37740e+01 1.58603e+01 1.78422e+01
1.2050 2.58163e-23 1.37769e+01 1.58666e+01 1.78535e+01
1.2060 2.58198e-23 1.37755e+01 1.58699e+01 1.78629e+01
1.2070 2.58005e-23 1.37775e+01 1.58785e+01 1.78789e+01
1.2080 2.58136e-23 1.37811e+01 1.58875e+01 1.78957e+01
1.2090 2.58185e-23 1.37911e+01 1.59008e+01 1.79137e+01
1.2100 2.58392e-23 1.37970e+01 1.59092e+01 1.79252e+01
1.2110 2.58636e-23 1.38102e+01 1.59316e+01 1.79616e+01
1.2120 2.58653e-23 1.38219e+01 1.59500e+01 1.79887e+01
1.2130 2.58341e-23 1.38281e+01 1.59588e+01 1.80005e+01
1.2140 2.57804e-23 1.38275e+01 1.59580e+01 1.79995e+01
1.2150 2.58418e-23 1.38201e+01 1.59514e+01 1.79942e+01
1.2160 2.58048e-23 1.38163e+01 1.59488e+01 1.79928e+01
1.2170 2.57652e-23 1.38112e+01 1.59393e+01 1.79766e+01
1.2180 2.57560e-23 1.38107e+01 1.59377e+01 1.79739e+01
1.2190 2.57431e-23 1.38157e+01 1.59430e+01 1.79800e+01
1.2200 2.57821e-23 1.38199e+01 1.59490e+01 1.79893e+01
1.2210 2.57098e-23 1.38091e+01 1.59340e+01 1.79674e+01
1.2220 2.57052e-23 1.37997e+01 1.59203e+01 1.79471e+01
1.2230 2.56845e-23 1.37912e+01 1.59071e+01 1.79285e+01
1.2240 2.56840e-23 1.37821e+01 1.58954e+01 1.79141e+01
1.2250 2.56161e-23 1.37835e+01 1.58918e+01 1.79038e+01
1.2260 2.56026e-23 1.37713e+01 1.58730e+01 1.78766e+01
1.2270 2.55607e-23 1.37639e+01 1.58615e+01 1.78590e+01
1.2280 2.55480e-23 1.37594e+01 1.58555e+01 1.78514e+01
1.2290 2.55003e-23 1.37491e+01 1.58390e+01 1.78261e+01
1.2300 2.55138e-23 1.37441e+01 1.58276e+01 1.78060e+01
1.2310 2.54728e-23 1.37433e+01 1.58235e+01 1.77977e+01
1.2320 2.54890e-23 1.37453e+01 1.58253e+01 1.78002e+01
1.2330 2.54586e-23 1.37429e+01 1.58200e+01 1.77900e+01
1.2340 2.54433e-23 1.37395e+01 1.58119e+01 1.77748e+01
1.2350 2.54285e-23 1.37372e+01 1.58054e+01 1.77618e+01
1.2360 2.54316e-23 1.37330e+01 1.57985e+01 1.77522e+01
1.2370 2.54096e-23 1.37282e+01 1.57910e+01 1.77412e+01
1.2380 2.53945e-23 1.37245e+01 1.57843e+01 1.77313e+01
1.2390 2.54025e-23 1.37276e+01 1.57879e+01 1.77358e+01
1.2400 2.53946e-23 1.37296e+01 1.57931e+01 1.77456e+01
1.2410 2.53708e-23 1.37227e+01 1.57849e+01 1.77368e+01
1.2420 2.53631e-23 1.37242e+01 1.57879e+01 1.77418e+01
1.2430 2.53639e-23 1.37189e+01 1.57812e+01 1.77329e+01
1.2440 2.53623e-23 1.37232e+01 1.57881e+01 1.77430e+01
1.2450 2.53419e-23 1.37248e+01 1.57895e+01 1.77436e+01
1.2460 2.53509e-23 1.37254e+01 1.57895e+01 1.77424e+01
1.2470 2.53331e-23 1.37290e+01 1.57933e+01 1.77455e+01
1.2480 2.53166e-23 1.37269e+01 1.57893e+01 1.77383e+01
1.2490 2.53177e-23 1.37277e+01 1.57914e+01 1.77422e+01
1.2500 2.53360e-23 1.37332e+01 1.57985e+01 1.77504e+01
1.2510 2.53104e-23 1.37334e+01 1.57994e+01 1.77517e+01
1.2520 2.53019e-23 1.37386e+01 1.58056e+01 1.77583e+01
1.2530 2.53058e-23 1.37354e+01 1.58009e+01 1.77513e+01
1.2540 2.53000e-23 1.37341e+01 1.57988e+01 1.77483e+01
1.2550 2.53020e-23 1.37323e+01 1.57960e+01 1.77447e+01
1.2560 2.53024e-23 1.37302e+01 1.57955e+01 1.77467e+01
1.2570 2.52735e-23 1.37308e+01 1.57960e+01 1.77472e+01
1.2580 2.52676e-23 1.37285e+01 1.57928e+01 1.77438e+01
1.2590 2.52679e-23 1.37310e+01 1.57973e+01 1.77507e+01
1.2600 2.52851e-23 1.37378e+01 1.58053e+01 1.77604e+01
1.2610 2.52738e-23 1.37341e+01 1.58020e+01 1.77591e+01
1.2620 2.52466e-23 1.37351e+01 1.58034e+01 1.77603e+01
1.2630 2.52453e-23 1.37290e+01 1.57957e+01 1.77509e+01
1.2640 2.52268e-23 1.37272e+01 1.57950e+01 1.77515e+01
1.2650 2.52151e-23 1.37282e+01 1.57956e+01 1.77515e+01
1.2660 2.52087e-23 1.37308e+01 1.57977e+01 1.77525e+01
1.2670 2.52301e-23 1.37305e+01 1.57975e+01 1.77537e+01
1.2680 2.52051e-23 1.37296e+01 1.57960e+01 1.77521e+01
1.2690 2.51774e-23 1.37314e+01 1.57959e+01 1.77487e+01
1.2700 2.51736e-23 1.37339e+01 1.57982e+01 1.77510e+01
1.2710 2.51645e-23 1.37317e+01 1.57952e+01 1.77468e+01
1.2720 2.51572e-23 1.37272e+01 1.57924e+01 1.77471e+01
1.2730 2.51179e-23 1.37219e+01 1.57824e+01 1.77296e+01
1.2740 2.51056e-23 1.37190e+01 1.57771e+01 1.77210e+01
1.2750 2.50905e-23 1.37146e+01 1.57690e+01 1.77083e+01
1.2760 2.50690e-23 1.37119e+01 1.57654e+01 1.77031e+01
1.2770 2.50718e-23 1.37121e+01 1.57638e+01 1.76999e+01
1.2780 2.50592e-23 1.37124e+01 1.57631e+01 1.76979e+01
1.2790 2.50583e-23 1.37112e+01 1.57604e+01 1.76937e+01
1.2800 2.50534e-23 1.37103e+01 1.57584e+01 1.76910e+01
1.2810 2.50528e-23 1.37096e+01 1.57574e+01 1.76902e+01
1.2820 2.50594e-23 1.37163e+01 1.57670e+01 1.77041e+01
1.2830 2.50648e-23 1.37204e+01 1.57737e+01 1.77147e+01
1.2840 2.50587e-23 1.37207e+01 1.57771e+01 1.77228e+01
1.2850 2.50698e-23 1.37271e+01 1.57877e+01 1.77391e+01
1.2860 2.50608e-23 1.37253e+01 1.57911e+01 1.77511e+01
1.2870 2.50542e-23 1.37282e+01 1.57973e+01 1.77621e+01
1.2880 2.50763e-23 1.37361e+01 1.58093e+01 1.77789e+01
1.2890 2.50486e-23 1.37329e+01 1.58088e+01 1.77812e+01
1.2900 2.50595e-23 1.37431e+01 1.58239e+01 1.78024e+01
1.2910 2.50808e-23 1.37490e+01 1.58337e+01 1.78156e+01
1.2920 2.50660e-23 1.37473e+01 1.58335e+01 1.78154e+01
1.2930 2.50439e-23 1.37500e+01 1.58350e+01 1.78151e+01
1.2940 2.50481e-23 1.37520e+01 1.58398e+01 1.78227e+01
1.2950 2.50430e-23 1.37544e+01 1.58412e+01 1.78223e+01
1.2960 2.50568e-23 1.37608e+01 1.58493e+01 1.78318e+01
1.2970 2.50685e-23 1.37712e+01 1.58661e+01 1.78561e+01
1.2980 2.50397e-23 1.37748e+01 1.58708e+01 1.78619e+01
1.2990 2.50504e-23 1.37794e+01 1.58797e+01 1.78760e+01
1.3000 2.50179e-23 1.37722e+01 1.58721e+01 1.78677e+01
1.3010 2.50067e-23 1.37782e+01 1.58793e+01 1.78760e+01
1.3020 2.50109e-23 1.37806e+01 1.58869e+01 1.78916e+01
1.3030 2.49772e-23 1.37733e+01 1.58762e+01 1.78761e+01
1.3040 2.49674e-23 1.37647e+01 1.58613e+01 1.78521e+01
1.3050 2.49382e-23 1.37594e+01 1.58527e+01 1.78391e+01
1.3060 2.49195e-23 1.37514e+01 1.58415e+01 1.78244e+01
1.3070 2.48953e-23 1.37451e+01 1.58327e+01 1.78129e+01
1.3080 2.48826e-23 1.37418e+01 1.58283e+01 1.78074e+01
1.3090 2.48541e-23 1.37347e+01 1.58184e+01 1.77945e+01
1.3100 2.48191e-23 1.37270e+01 1.58085e+01 1.77813e+01
1.3110 2.47930e-23 1.37291e+01 1.58059e+01 1.77726e+01
1.3120 2.47962e-23 1.37346e+01 1.58142e+01 1.77851e+01
1.3130 2.48168e-23 1.37343e+01 1.58170e+01 1.77939e+01
1.3140 2.48286e-23 1.37377e+01 1.58206e+01 1.77979e+01
1.3150 2.48001e-23 1.37284e+01 1.58064e+01 1.77767e+01
1.3160 2.47860e-23 1.37219e+01 1.57948e+01 1.77572e+01
1.3170 2.47823e-23 1.37198e+01 1.57894e+01 1.77460e+01
1.3180 2.47660e-23 1.37147e+01 1.57802e+01 1.77320e+01
1.3190 2.47648e-23 1.37093e+01 1.57701e+01 1.77159e+01
1.3200 2.47509e-23 1.37041e+01 1.57617e+01 1.77039e+01
1.3210 2.47279e-23 1.37016e+01 1.57568e+01 1.76962e+01
1.3220 2.46963e-23 1.36967e+01 1.57499e+01 1.76872e+01
1.3230 2.46967e-23 1.36965e+01 1.57483e+01 1.76845e+01
1.3240 2.46804e-23 1.36933e+01 1.57437e+01 1.76785e+01
1.3250 2.46547e-23 1.36920e+01 1.57427e+01 1.76790e+01
1.3260 2.46410e-23 1.36932e+01 1.57466e+01 1.76872e+01
1.3270 2.46250e-23 1.36976e+01 1.57509e+01 1.76913e+01
1.3280 2.46552e-23 1.37009e+01 1.57572e+01 1.77020e+01
1.3290 2.46544e-23 1.37000e+01 1.57580e+01 1.77047e+01
1.3300 2.46338e-23 1.37026e+01 1.57616e+01 1.77091e+01
1.3310 2.46315e-23 1.36987e+01 1.57568e+01 1.77032e+01
1.3320 2.46102e-23 1.36953e+01 1.57508e+01 1.76929e+01
1.3330 2.45937e-23 1.36892e+01 1.57428e+01 1.76827e+01
1.3340 2.45857e-23 1.36884e+01 1.57400e+01 1.76776e+01
1.3350 2.45844e-23 1.36865e+01 1.57363e+01 1.76713e+01
1.3360 2.45455e-23 1.36837e+01 1.57318e+01 1.76642e+01
1.3370 2.45251e-23 1.36846e+01 1.57305e+01 1.76593e+01
1.3380 2.45089e-23 1.36749e+01 1.57163e+01 1.76401e+01
1.3390 2.44898e-23 1.36745e+01 1.57150e+01 1.76368e+01
1.3400 2.44862e-23 1.36735e+01 1.57119e+01 1.76318e+01
1.3410 2.44692e-23 1.36722e+01 1.57091e+01 1.76269e+01
1.3420 2.44378e-23 1.36671e+01 1.57021e+01 1.76175e+01
1.3430 2.44249e-23 1.36691e+01 1.57017e+01 1.76140e+01
1.3440 2.44114e-23 1.36679e+01 1.56989e+01 1.76100e+01
1.3450 2.44088e-23 1.36631e+01 1.56921e+01 1.76009e+01
1.3460 2.44063e-23 1.36658e+01 1.56934e+01 1.76006e+01
1.3470 2.43887e-23 1.36613e+01 1.56880e+01 1.75945e+01
1.3480 2.44013e-23 1.36642e+01 1.56927e+01 1.76026e+01
1.3490 2.44161e-23 1.36666e+01 1.56990e+01 1.76146e+01
1.3500 2.44486e-23 1.36793e+01 1.57196e+01 1.76467e+01
1.3510 2.44429e-23 1.36780e+01 1.57227e+01 1.76554e+01
1.3520 2.44211e-23 1.36801e+01 1.57259e+01 1.76589e+01
1.3530 2.44338e-23 1.36787e+01 1.57249e+01 1.76574e+01
1.3540 2.44267e-23 1.36833e+01 1.57319e+01 1.76663e+01
1.3550 2.44322e-23 1.36878e+01 1.57369e+01 1.76718e+01
1.3560 2.44016e-23 1.36797e+01 1.57269e+01 1.76589e+01
1.3570 2.43663e-23 1.36843e+01 1.57333e+01 1.76670e+01
1.3580 2.43751e-23 1.36832e+01 1.57324e+01 1.76673e+01
1.3590 2.43753e-23 1.36870e+01 1.57419e+01 1.76854e+01
1.3600 2.43637e-23 1.36892e+01 1.57478e+01 1.76969e+01
1.3610 2.43588e-23 1.36897e+01 1.57479e+01 1.76962e+01
1.3620 2.43680e-23 1.36916e+01 1.57521e+01 1.77034e+01
1.3630 2.43623e-23 1.36966e+01 1.57614e+01 1.77179e+01
1.3640 2.43618e-23 1.36975e+01 1.57629e+01 1.77198e+01
1.3650 2.43680e-23 1.37039e+01 1.57719e+01 1.77320e+01
1.3660 2.43628e-23 1.37090e+01 1.57797e+01 1.77432e+01
1.3670 2.43646e-23 1.37079e+01 1.57789e+01 1.77431e+01
1.3680 2.43735e-23 1.37089e+01 1.57804e+01 1.77446e+01
1.3690 2.43748e-23 1.37050e+01 1.57769e+01 1.77415e+01
1.3700 2.43743e-23 1.37073e+01 1.57796e+01 1.77436e+01
1.3710 2.43520e-23 1.37092e+01 1.57809e+01 1.77441e+01
1.3720 2.43302e-23 1.37023e+01 1.57728e+01 1.77337e+01
1.3730 2.43128e-23 1.36972e+01 1.57635e+01 1.77190e+01
1.3740 2.43011e-23 1.36997e+01 1.57647e+01 1.77182e+01
1.3750 2.42944e-23 1.36976e+01 1.57617e+01 1.77137e+01
1.3760 2.42687e-23 1.36956e+01 1.57558e+01 1.77028e+01
1.3770 2.42578e-23 1.36907e+01 1.57504e+01 1.76968e+01
1.3780 2.42286e-23 1.36913e+01 1.57489e+01 1.76925e+01
1.3790 2.42247e-23 1.36896e+01 1.57455e+01 1.76870e+01
1.3800 2.41952e-23 1.36846e+01 1.57377e+01 1.76759e+01
1.3810 2.42016e-23 1.36796e+01 1.57301e+01 1.76654e+01
1.3820 2.41811e-23 1.36778e+01 1.57234e+01 1.76518e+01
1.3830 2.41754e-23 1.36698e+01 1.57107e+01 1.76328e+01
1.3840 2.41541e-23 1.36621e+01 1.56988e+01 1.76166e+01
1.3850 2.41232e-23 1.36595e+01 1.56953e+01 1.76115e+01
1.3860 2.41136e-23 1.36613e+01 1.56960e+01 1.76117e+01
1.3870 2.41081e-23 1.36649e+01 1.57006e+01 1.76176e+01
1.3880 2.41589e-23 1.36878e+01 1.57346e+01 1.76674e+01
1.3890 2.41611e-23 1.36925e+01 1.57470e+01 1.76906e+01
1.3900 2.41786e-23 1.37027e+01 1.57719e+01 1.77348e+01
1.3910 2.41589e-23 1.37037e+01 1.57775e+01 1.77457e+01
1.3920 2.41585e-23 1.37026e+01 1.57776e+01 1.77465e+01
1.3930 2.41330e-23 1.37042e+01 1.57783e+01 1.77448e+01
1.3940 2.41334e-23 1.37030e+01 1.57771e+01 1.77439e+01
1.3950 2.41726e-23 1.37113e+01 1.57930e+01 1.77700e+01
1.3960 2.41732e-23 1.37194e+01 1.58063e+01 1.77895e+01
1.3970 2.41846e-23 1.37280e+01 1.58231e+01 1.78172e+01
1.3980 2.42022e-23 1.37348e+01 1.58403e+01 1.78479e+01
1.3990 2.42079e-23 1.37339e+01 1.58453e+01 1.78609e+01
1.4000 2.42239e-23 1.37336e+01 1.58450e+01 1.78603e+01
1.4010 2.42130e-23 1.37315e+01 1.58410e+01 1.78536e+01
1.4020 2.41648e-23 1.37258e+01 1.58330e+01 1.78402e+01
1.4030 2.41327e-23 1.37191e+01 1.58235e+01 1.78264e+01
1.4040 2.41060e-23 1.37171e+01 1.58168e+01 1.78130e+01
1.4050 2.40985e-23 1.37144e+01 1.58110e+01 1.78035e+01
1.4060 2.40870e-23 1.37115e+01 1.58062e+01 1.77957e+01
1.4070 2.40521e-23 1.37082e+01 1.57991e+01 1.77845e+01
1.4080 2.40337e-23 1.37060e+01 1.57929e+01 1.77736e+01
1.4090 2.40093e-23 1.36963e+01 1.57801e+01 1.77578e+01
1.4100 2.39688e-23 1.36845e+01 1.57639e+01 1.77369e+01
1.4110 2.39326e-23 1.36761e+01 1.57525e+01 1.77222e+01
1.4120 2.39474e-23 1.36792e+01 1.57543e+01 1.77230e+01
1.4130 2.39322e-23 1.36784e+01 1.57502e+01 1.77147e+01
1.4140 2.39320e-23 1.36797e+01 1.57467e+01 1.77045e+01
1.4150 2.39103e-23 1.36766e+01 1.57398e+01 1.76925e+01
1.4160 2.39022e-23 1.36748e+01 1.57362e+01 1.76857e+01
1.4170 2.39003e-23 1.36695e+01 1.57278e+01 1.76738e+01
1.4180 2.38898e-23 1.36660e+01 1.57221e+01 1.76652e+01
1.4190 2.38921e-23 1.36662e+01 1.57206e+01 1.76624e+01
1.4200 2.38881e-23 1.36616e+01 1.57168e+01 1.76600e+01
1.4210 2.38730e-23 1.36611e+01 1.57151e+01 1.76572e+01
1.4220 2.38676e-23 1.36569e+01 1.57080e+01 1.76464e+01
1.4230 2.38464e-23 1.36538e+01 1.57033e+01 1.76402e+01
1.4240 2.38298e-23 1.36561e+01 1.57064e+01 1.76441e+01
1.4250 2.38272e-23 1.36580e+01 1.57082e+01 1.76459e+01
1.4260 2.38267e-23 1.36578e+01 1.57072e+01 1.76443e+01
1.4270 2.38294e-23 1.36603e+01 1.57077e+01 1.76421e+01
1.4280 2.38169e-23 1.36628e+01 1.57070e+01 1.76368e+01
1.4290 2.38133e-23 1.36617e+01 1.57023e+01 1.76280e+01
1.4300 2.38067e-23 1.36544e+01 1.56931e+01 1.76165e+01
1.4310 2.37856e-23 1.36512e+01 1.56881e+01 1.76092e+01
1.4320 2.37866e-23 1.36545e+01 1.56913e+01 1.76128e+01
1.4330 2.37775e-23 1.36522e+01 1.56889e+01 1.76107e+01
1.4340 2.37662e-23 1.36531e+01 1.56880e+01 1.76074e+01
1.4350 2.37595e-23 1.36564e+01 1.56927e+01 1.76135e+01
1.4360 2.37519e-23 1.36567e+01 1.56927e+01 1.76136e+01
1.4370 2.37506e-23 1.36590e+01 1.56959e+01 1.76179e+01
1.4380 2.37388e-23 1.36564e+01 1.56918e+01 1.76124e+01
1.4390 2.37350e-23 1.36556e+01 1.56904e+01 1.76094e+01
1.4400 2.37311e-23 1.36531e+01 1.56866e+01 1.76035e+01
1.4410 2.37361e-23 1.36544e+01 1.56872e+01 1.76033e+01
1.4420 2.37266e-23 1.36518e+01 1.56822e+01 1.75952e+01
1.4430 2.37218e-23 1.36483e+01 1.56771e+01 1.75884e+01
1.4440 2.37222e-23 1.36490e+01 1.56772e+01 1.75879e+01
1.4450 2.37176e-23 1.36451e+01 1.56730e+01 1.75830e+01
1.4460 2.37131e-23 1.36451e+01 1.56721e+01 1.75808e+01
1.4470 2.36980e-23 1.36467e+01 1.56733e+01 1.75814e+01
1.4480 2.36742e-23 1.36410e+01 1.56669e+01 1.75742e+01
1.4490 2.36415e-23 1.36415e+01 1.56667e+01 1.75733e+01
1.4500 2.36205e-23 1.36381e+01 1.56626e+01 1.75686e+01
1.4510 2.35999e-23 1.36367e+01 1.56614e+01 1.75679e+01
1.4520 2.35855e-23 1.36316e+01 1.56554e+01 1.75605e+01
1.4530 2.35515e-23 1.36283e+01 1.56512e+01 1.75553e+01
1.4540 2.35483e-23 1.36257e+01 1.56474e+01 1.75505e+01
1.4550 2.35430e-23 1.36266e+01 1.56493e+01 1.75528e+01
1.4560 2.35484e-23 1.36286e+01 1.56502e+01 1.75523e+01
1.4570 2.35355e-23 1.36280e+01 1.56476e+01 1.75476e+01
1.4580 2.35253e-23 1.36279e+01 1.56456e+01 1.75428e+01
1.4590 2.35223e-23 1.36261e+01 1.56423e+01 1.75382e+01
1.4600 2.35219e-23 1.36249e+01 1.56408e+01 1.75362e+01
1.4610 2.35187e-23 1.36276e+01 1.56441e+01 1.75400e+01
1.4620 2.35227e-23 1.36273e+01 1.56440e+01 1.75400e+01
1.4630 2.35225e-23 1.36269e+01 1.56423e+01 1.75370e+01
1.4640 2.35263e-23 1.36267e+01 1.56417e+01 1.75357e+01
1.4650 2.35339e-23 1.36250e+01 1.56393e+01 1.75330e+01
1.4660 2.35276e-23 1.36231e+01 1.56358e+01 1.75276e+01
1.4670 2.35085e-23 1.36207e+01 1.56319e+01 1.75215e+01
1.4680 2.34974e-23 1.36182e+01 1.56274e+01 1.75146e+01
1.4690 2.34700e-23 1.36139e+01 1.56209e+01 1.75055e+01
1.4700 2.34512e-23 1.36130e+01 1.56192e+01 1.75026e+01
1.4710 2.34595e-23 1.36149e+01 1.56202e+01 1.75025e+01
1.4720 2.34703e-23 1.36208e+01 1.56251e+01 1.75056e+01
1.4730 2.34755e-23 1.36236e+01 1.56280e+01 1.75085e+01
1.4740 2.34788e-23 1.36253e+01 1.56299e+01 1.75108e+01
1.4750 2.34744e-23 1.36256e+01 1.56299e+01 1.75104e+01
1.4760 2.34636e-23 1.36233e+01 1.56281e+01 1.75092e+01
1.4770 2.34608e-23 1.36225e+01 1.56280e+01 1.75100e+01
1.4780 2.34520e-23 1.36221e+01 1.56274e+01 1.75092e+01
1.4790 2.34346e-23 1.36211e+01 1.56264e+01 1.75077e+01
1.4800 2.34184e-23 1.36211e+01 1.56257e+01 1.75065e+01
1.4810 2.33919e-23 1.36196e+01 1.56245e+01 1.75058e+01
1.4820 2.33704e-23 1.36203e+01 1.56268e+01 1.75098e+01
1.4830 2.33674e-23 1.36218e+01 1.56302e+01 1.75159e+01
1.4840 2.33642e-23 1.36293e+01 1.56418e+01 1.75331e+01
1.4850 2.33530e-23 1.36349e+01 1.56524e+01 1.75496e+01
1.4860 2.33581e-23 1.36416e+01 1.56638e+01 1.75664e+01
1.4870 2.33685e-23 1.36532e+01 1.56800e+01 1.75880e+01
1.4880 2.33791e-23 1.36617e+01 1.56975e+01 1.76166e+01
1.4890 2.33939e-23 1.36722e+01 1.57210e+01 1.76579e+01
1.4900 2.34093e-23 1.36945e+01 1.57592e+01 1.77179e+01
1.4910 2.33849e-23 1.36965e+01 1.57677e+01 1.77344e+01
1.4920 2.34281e-23 1.37096e+01 1.57915e+01 1.77701e+01
1.4930 2.34310e-23 1.37215e+01 1.58101e+01 1.77959e+01
1.4940 2.34685e-23 1.37318e+01 1.58287e+01 1.78237e+01
1.4950 2.34560e-23 1.37348e+01 1.58358e+01 1.78351e+01
1.4960 2.34537e-23 1.37351e+01 1.58422e+01 1.78481e+01
1.4970 2.34407e-23 1.37363e+01 1.58474e+01 1.78575e+01
1.4980 2.34707e-23 1.37461e+01 1.58626e+01 1.78805e+01
1.4990 2.34853e-23 1.37506e+01 1.58694e+01 1.78915e+01
1.5000 2.34822e-23 1.37492e+01 1.58722e+01 1.78996e+01
1.5010 2.34517e-23 1.37469e+01 1.58715e+01 1.79005e+01
1.5020 2.34370e-23 1.37461e+01 1.58682e+01 1.78940e+01
1.5030 2.33923e-23 1.37318e+01 1.58481e+01 1.78660e+01
1.5040 2.33643e-23 1.37278e+01 1.58423e+01 1.78572e+01
1.5050 2.33388e-23 1.37275e+01 1.58427e+01 1.78583e+01
1.5060 2.33829e-23 1.37334e+01 1.58497e+01 1.78679e+01
1.5070 2.33622e-23 1.37356e+01 1.58547e+01 1.78779e+01
1.5080 2.33473e-23 1.37369e+01 1.58552e+01 1.78774e+01
1.5090 2.33399e-23 1.37340e+01 1.58500e+01 1.78700e+01
1.5100 2.33763e-23 1.37290e+01 1.58418e+01 1.78573e+01
1.5110 2.33669e-23 1.37264e+01 1.58389e+01 1.78539e+01
1.5120 2.33495e-23 1.37274e+01 1.58359e+01 1.78455e+01
1.5130 2.33081e-23 1.37131e+01 1.58145e+01 1.78140e+01
1.5140 2.32998e-23 1.37081e+01 1.58083e+01 1.78072e+01
1.5150 2.32788e-23 1.37018e+01 1.57958e+01 1.77866e+01
1.5160 2.32479e-23 1.36996e+01 1.57903e+01 1.77768e+01
1.5170 2.32256e-23 1.36885e+01 1.57738e+01 1.77534e+01
1.5180 2.32158e-23 1.36834e+01 1.57629e+01 1.77349e+01
1.5190 2.31954e-23 1.36792e+01 1.57546e+01 1.77216e+01
1.5200 2.31695e-23 1.36742e+01 1.57471e+01 1.77118e+01
1.5210 2.31705e-23 1.36729e+01 1.57423e+01 1.77040e+01
1.5220 2.31567e-23 1.36668e+01 1.57343e+01 1.76932e+01
1.5230 2.31503e-23 1.36615e+01 1.57271e+01 1.76844e+01
1.5240 2.31441e-23 1.36575e+01 1.57216e+01 1.76765e+01
1.5250 2.31327e-23 1.36595e+01 1.57215e+01 1.76743e+01
1.5260 2.31512e-23 1.36631e+01 1.57239e+01 1.76749e+01
1.5270 2.31516e-23 1.36614e+01 1.57211e+01 1.76711e+01
1.5280 2.31207e-23 1.36569e+01 1.57162e+01 1.76657e+01
1.5290 2.31030e-23 1.36467e+01 1.57045e+01 1.76529e+01
1.5300 2.30785e-23 1.36449e+01 1.57021e+01 1.76503e+01
1.5310 2.30726e-23 1.36437e+01 1.56986e+01 1.76434e+01
1.5320 2.30737e-23 1.36446e+01 1.56984e+01 1.76414e+01
1.5330 2.30669e-23 1.36420e+01 1.56943e+01 1.76360e+01
1.5340 2.30736e-23 1.36417e+01 1.56939e+01 1.76356e+01
1.5350 2.30575e-23 1.36400e+01 1.56927e+01 1.76352e+01
1.5360 2.30475e-23 1.36362e+01 1.56859e+01 1.76242e+01
1.5370 2.30388e-23 1.36349e+01 1.56816e+01 1.76158e+01
1.5380 2.30113e-23 1.36286e+01 1.56726e+01 1.76032e+01
1.5390 2.29945e-23 1.36223e+01 1.56615e+01 1.75867e+01
1.5400 2.29890e-23 1.36226e+01 1.56602e+01 1.75835e+01
1.5410 2.29814e-23 1.36207e+01 1.56561e+01 1.75766e+01
1.5420 2.29792e-23 1.36168e+01 1.56485e+01 1.75648e+01
1.5430 2.29591e-23 1.36148e+01 1.56456e+01 1.75610e+01
1.5440 2.29511e-23 1.36133e+01 1.56438e+01 1.75588e+01
1.5450 2.29526e-23 1.36141e+01 1.56433e+01 1.75563e+01
1.5460 2.29433e-23 1.36130e+01 1.56410e+01 1.75528e+01
1.5470 2.29347e-23 1.36152e+01 1.56427e+01 1.75538e+01
1.5480 2.29326e-23 1.36151e+01 1.56420e+01 1.75523e+01
1.5490 2.29226e-23 1.36103e+01 1.56372e+01 1.75475e+01
1.5500 2.29128e-23 1.36124e+01 1.56386e+01 1.75480e+01
1.5510 2.29117e-23 1.36120e+01 1.56359e+01 1.75429e+01
1.5520 2.29007e-23 1.36074e+01 1.56316e+01 1.75393e+01
1.5530 2.28910e-23 1.36103e+01 1.56371e+01 1.75483e+01
1.5540 2.29089e-23 1.36146e+01 1.56436e+01 1.75582e+01
1.5550 2.29035e-23 1.36208e+01 1.56562e+01 1.75792e+01
1.5560 2.28986e-23 1.36253e+01 1.56643e+01 1.75924e+01
1.5570 2.29315e-23 1.36278e+01 1.56750e+01 1.76134e+01
1.5580 2.29399e-23 1.36292e+01 1.56824e+01 1.76289e+01
1.5590 2.29277e-23 1.36346e+01 1.56926e+01 1.76462e+01
1.5600 2.29539e-23 1.36432e+01 1.57061e+01 1.76665e+01
1.5610 2.29649e-23 1.36495e+01 1.57167e+01 1.76820e+01
1.5620 2.29827e-23 1.36535e+01 1.57259e+01 1.76980e+01
1.5630 2.29685e-23 1.36490e+01 1.57219e+01 1.76937e+01
1.5640 2.29539e-23 1.36435e+01 1.57138e+01 1.76811e+01
1.5650 2.29429e-23 1.36439e+01 1.57125e+01 1.76767e+01
1.5660 2.29224e-23 1.36382e+01 1.57045e+01 1.76649e+01
1.5670 2.28912e-23 1.36360e+01 1.57013e+01 1.76606e+01
1.5680 2.28763e-23 1.36401e+01 1.57055e+01 1.76650e+01
1.5690 2.28775e-23 1.36404e+01 1.57072e+01 1.76705e+01
1.5700 2.28503e-23 1.36345e+01 1.57013e+01 1.76645e+01
1.5710 2.28254e-23 1.36296e+01 1.56934e+01 1.76528e+01
1.5720 2.28123e-23 1.36275e+01 1.56910e+01 1.76508e+01
1.5730 2.27922e-23 1.36256e+01 1.56865e+01 1.76425e+01
1.5740 2.27995e-23 1.36227e+01 1.56798e+01 1.76310e+01
1.5750 2.27694e-23 1.36220e+01 1.56773e+01 1.76256e+01
1.5760 2.27848e-23 1.36233e+01 1.56759e+01 1.76213e+01
1.5770 2.27702e-23 1.36225e+01 1.56728e+01 1.76143e+01
1.5780 2.27730e-23 1.36182e+01 1.56641e+01 1.76002e+01
1.5790 2.27679e-23 1.36122e+01 1.56556e+01 1.75889e+01
1.5800 2.27553e-23 1.36085e+01 1.56497e+01 1.75801e+01
1.5810 2.27447e-23 1.36056e+01 1.56437e+01 1.75701e+01
1.5820 2.27208e-23 1.36014e+01 1.56370e+01 1.75601e+01
1.5830 2.26931e-23 1.35972e+01 1.56324e+01 1.75546e+01
1.5840 2.26715e-23 1.35927e+01 1.56284e+01 1.75514e+01
1.5850 2.26609e-23 1.35902e+01 1.56253e+01 1.75474e+01
1.5860 2.26509e-23 1.35953e+01 1.56336e+01 1.75600e+01
1.5870 2.26822e-23 1.35988e+01 1.56413e+01 1.75736e+01
1.5880 2.26670e-23 1.36059e+01 1.56510e+01 1.75869e+01
1.5890 2.26711e-23 1.36084e+01 1.56548e+01 1.75918e+01
1.5900 2.26600e-23 1.36074e+01 1.56531e+01 1.75879e+01
1.5910 2.26368e-23 1.36016e+01 1.56445e+01 1.75751e+01
1.5920 2.26220e-23 1.36009e+01 1.56427e+01 1.75717e+01
1.5930 2.26127e-23 1.36006e+01 1.56431e+01 1.75733e+01
1.5940 2.26085e-23 1.36077e+01 1.56537e+01 1.75886e+01
1.5950 2.26643e-23 1.36210e+01 1.56752e+01 1.76207e+01
1.5960 2.26587e-23 1.36164e+01 1.56722e+01 1.76186e+01
1.5970 2.26218e-23 1.36046e+01 1.56591e+01 1.76031e+01
1.5980 2.26054e-23 1.36037e+01 1.56578e+01 1.76018e+01
1.5990 2.26034e-23 1.36026e+01 1.56564e+01 1.75995e+01
1.6000 2.25956e-23 1.36068e+01 1.56626e+01 1.76075e+01
1.6010 2.25836e-23 1.36050e+01 1.56622e+01 1.76098e+01
1.6020 2.25825e-23 1.36055e+01 1.56645e+01 1.76144e+01
1.6030 2.25800e-23 1.36019e+01 1.56585e+01 1.76062e+01
1.6040 2.25722e-23 1.36039e+01 1.56623e+01 1.76123e+01
1.6050 2.25627e-23 1.36055e+01 1.56645e+01 1.76150e+01
1.6060 2.25874e-23 1.36046e+01 1.56621e+01 1.76106e+01
1.6070 2.25643e-23 1.36014e+01 1.56578e+01 1.76043e+01
1.6080 2.25686e-23 1.36015e+01 1.56576e+01 1.76047e+01
1.6090 2.25946e-23 1.36076e+01 1.56636e+01 1.76127e+01
1.6100 2.25634e-23 1.36080e+01 1.56653e+01 1.76165e+01
1.6110 2.25987e-23 1.36065e+01 1.56643e+01 1.76166e+01
1.6120 2.25809e-23 1.36070e+01 1.56639e+01 1.76142e+01
1.6130 2.25732e-23 1.36021e+01 1.56582e+01 1.76076e+01
1.6140 2.25641e-23 1.35991e+01 1.56542e+01 1.76024e+01
1.6150 2.25594e-23 1.35981e+01 1.56502e+01 1.75944e+01
1.6160 2.25496e-23 1.35938e+01 1.56442e+01 1.75865e+01
1.6170 2.25355e-23 1.35941e+01 1.56440e+01 1.75859e+01
1.6180 2.25259e-23 1.35961e+01 1.56467e+01 1.75892e+01
1.6190 2.25003e-23 1.35917e+01 1.56407e+01 1.75813e+01
1.6200 2.24848e-23 1.35818e+01 1.56293e+01 1.75683e+01
1.6210 2.24693e-23 1.35815e+01 1.56290e+01 1.75686e+01
1.6220 2.24540e-23 1.35852e+01 1.56368e+01 1.75812e+01
1.6230 2.24638e-23 1.35871e+01 1.56384e+01 1.75820e+01
1.6240 2.24531e-23 1.35865e+01 1.56364e+01 1.75775e+01
1.6250 2.24367e-23 1.35851e+01 1.56338e+01 1.75739e+01
1.6260 2.24263e-23 1.35812e+01 1.56282e+01 1.75671e+01
1.6270 2.24131e-23 1.35895e+01 1.56376e+01 1.75781e+01
1.6280 2.24145e-23 1.35935e+01 1.56404e+01 1.75784e+01
1.6290 2.24207e-23 1.35902e+01 1.56364e+01 1.75743e+01
1.6300 2.24411e-23 1.35949e+01 1.56422e+01 1.75809e+01
1.6310 2.24493e-23 1.35930e+01 1.56408e+01 1.75803e+01
1.6320 2.24518e-23 1.35963e+01 1.56448e+01 1.75849e+01
1.6330 2.24725e-23 1.35990e+01 1.56461e+01 1.75842e+01
1.6340 2.24697e-23 1.35996e+01 1.56453e+01 1.75817e+01
1.6350 2.24576e-23 1.35934e+01 1.56379e+01 1.75731e+01
1.6360 2.24270e-23 1.35874e+01 1.56259e+01 1.75524e+01
1.6370 2.23999e-23 1.35749e+01 1.56071e+01 1.75259e+01
1.6380 2.23635e-23 1.35624e+01 1.55921e+01 1.75078e+01
1.6390 2.23290e-23 1.35640e+01 1.55920e+01 1.75055e+01
1.6400 2.23326e-23 1.35711e+01 1.56003e+01 1.75166e+01
1.6410 2.23491e-23 1.35830e+01 1.56178e+01 1.75414e+01
1.6420 2.23563e-23 1.35849e+01 1.56242e+01 1.75533e+01
1.6430 2.23397e-23 1.35889e+01 1.56339e+01 1.75693e+01
1.6440 2.23527e-23 1.35982e+01 1.56473e+01 1.75872e+01
1.6450 2.23532e-23 1.36031e+01 1.56562e+01 1.76020e+01
1.6460 2.23907e-23 1.36179e+01 1.56766e+01 1.76298e+01
1.6470 2.24031e-23 1.36188e+01 1.56811e+01 1.76397e+01
1.6480 2.23994e-23 1.36158e+01 1.56814e+01 1.76443e+01
1.6490 2.23955e-23 1.36051e+01 1.56664e+01 1.76232e+01
1.6500 2.23743e-23 1.36022e+01 1.56597e+01 1.76097e+01
1.6510 2.23609e-23 1.35954e+01 1.56489e+01 1.75936e+01
1.6520 2.23671e-23 1.35926e+01 1.56421e+01 1.75815e+01
1.6530 2.23667e-23 1.35931e+01 1.56427e+01 1.75815e+01
1.6540 2.23612e-23 1.35985e+01 1.56503e+01 1.75916e+01
1.6550 2.23650e-23 1.36074e+01 1.56612e+01 1.76061e+01
1.6560 2.23695e-23 1.36081e+01 1.56620e+01 1.76074e+01
1.6570 2.23712e-23 1.36030e+01 1.56571e+01 1.76028e+01
1.6580 2.23573e-23 1.36006e+01 1.56534e+01 1.75981e+01
1.6590 2.23274e-23 1.35990e+01 1.56506e+01 1.75938e+01
1.6600 2.23058e-23 1.35977e+01 1.56492e+01 1.75918e+01
1.6610 2.23000e-23 1.36032e+01 1.56595e+01 1.76086e+01
1.6620 2.22732e-23 1.36078e+01 1.56667e+01 1.76199e+01
1.6630 2.22764e-23 1.36091e+01 1.56697e+01 1.76248e+01
1.6640 2.22707e-23 1.36104e+01 1.56755e+01 1.76363e+01
1.6650 2.22878e-23 1.36087e+01 1.56751e+01 1.76366e+01
1.6660 2.22539e-23 1.36058e+01 1.56719e+01 1.76329e+01
1.6670 2.22369e-23 1.36028e+01 1.56640e+01 1.76175e+01
1.6680 2.22484e-23 1.36024e+01 1.56612e+01 1.76122e+01
1.6690 2.22277e-23 1.35973e+01 1.56544e+01 1.76040e+01
1.6700 2.22223e-23 1.35920e+01 1.56478e+01 1.75955e+01
1.6710 2.22090e-23 1.35936e+01 1.56465e+01 1.75904e+01
1.6720 2.22056e-23 1.35956e+01 1.56460e+01 1.75869e+01
1.6730 2.21959e-23 1.35949e+01 1.56421e+01 1.75789e+01
1.6740 2.21817e-23 1.35900e+01 1.56342e+01 1.75676e+01
1.6750 2.21757e-23 1.35881e+01 1.56303e+01 1.75613e+01
1.6760 2.21805e-23 1.35835e+01 1.56227e+01 1.75498e+01
1.6770 2.21581e-23 1.35759e+01 1.56126e+01 1.75369e+01
1.6780 2.21621e-23 1.35805e+01 1.56161e+01 1.75384e+01
1.6790 2.21641e-23 1.35781e+01 1.56119e+01 1.75326e+01
1.6800 2.21550e-23 1.35788e+01 1.56120e+01 1.75321e+01
1.6810 2.21573e-23 1.35818e+01 1.56163e+01 1.75375e+01
1.6820 2.21395e-23 1.35796e+01 1.56151e+01 1.75379e+01
1.6830 2.21436e-23 1.35822e+01 1.56212e+01 1.75484e+01
1.6840 2.21635e-23 1.35833e+01 1.56236e+01 1.75536e+01
1.6850 2.21564e-23 1.35864e+01 1.56299e+01 1.75651e+01
1.6860 2.21410e-23 1.35930e+01 1.56410e+01 1.75817e+01
1.6870 2.21281e-23 1.35921e+01 1.56432e+01 1.75883e+01
1.6880 2.21285e-23 1.35863e+01 1.56392e+01 1.75867e+01
1.6890 2.21088e-23 1.35862e+01 1.56426e+01 1.75947e+01
1.6900 2.20824e-23 1.35822e+01 1.56393e+01 1.75926e+01
1.6910 2.20832e-23 1.35888e+01 1.56461e+01 1.75991e+01
1.6920 2.21021e-23 1.35981e+01 1.56584e+01 1.76144e+01
1.6930 2.21019e-23 1.35985e+01 1.56587e+01 1.76139e+01
1.6940 2.21340e-23 1.35954e+01 1.56568e+01 1.76138e+01
1.6950 2.21381e-23 1.35917e+01 1.56526e+01 1.76087e+01
1.6960 2.21010e-23 1.35841e+01 1.56429e+01 1.75959e+01
1.6970 2.20981e-23 1.35806e+01 1.56397e+01 1.75935e+01
1.6980 2.20927e-23 1.35791e+01 1.56373e+01 1.75901e+01
1.6990 2.20932e-23 1.35799e+01 1.56391e+01 1.75930e+01
1.7000 2.21005e-23 1.35840e+01 1.56450e+01 1.76017e+01
1.7010 2.21104e-23 1.35858e+01 1.56454e+01 1.76003e+01
1.7020 2.21110e-23 1.35925e+01 1.56538e+01 1.76106e+01
1.7030 2.21158e-23 1.35948e+01 1.56593e+01 1.76207e+01
1.7040 2.20980e-23 1.35962e+01 1.56634e+01 1.76285e+01
1.7050 2.21077e-23 1.35952e+01 1.56625e+01 1.76267e+01
1.7060 2.20962e-23 1.35896e+01 1.56540e+01 1.76146e+01
1.7070 2.20796e-23 1.35879e+01 1.56486e+01 1.76037e+01
1.7080 2.20572e-23 1.35891e+01 1.56456e+01 1.75955e+01
1.7090 2.20633e-23 1.35869e+01 1.56403e+01 1.75859e+01
1.7100 2.20570e-23 1.35841e+01 1.56356e+01 1.75790e+01
1.7110 2.20404e-23 1.35807e+01 1.56294e+01 1.75692e+01
1.7120 2.20378e-23 1.35760e+01 1.56241e+01 1.75629e+01
1.7130 2.20227e-23 1.35720e+01 1.56164e+01 1.75504e+01
1.7140 2.20064e-23 1.35626e+01 1.56029e+01 1.75319e+01
1.7150 2.20038e-23 1.35563e+01 1.55941e+01 1.75201e+01
1.7160 2.20004e-23 1.35561e+01 1.55926e+01 1.75177e+01
1.7170 2.20118e-23 1.35579e+01 1.55919e+01 1.75140e+01
1.7180 2.19977e-23 1.35528e+01 1.55826e+01 1.74992e+01
1.7190 2.19853e-23 1.35521e+01 1.55798e+01 1.74927e+01
1.7200 2.19799e-23 1.35526e+01 1.55764e+01 1.74848e+01
1.7210 2.19784e-23 1.35521e+01 1.55729e+01 1.74776e+01
1.7220 2.19846e-23 1.35540e+01 1.55727e+01 1.74742e+01
1.7230 2.19808e-23 1.35521e+01 1.55684e+01 1.74667e+01
1.7240 2.19715e-23 1.35469e+01 1.55607e+01 1.74560e+01
1.7250 2.19589e-23 1.35481e+01 1.55596e+01 1.74521e+01
1.7260 2.19547e-23 1.35473e+01 1.55569e+01 1.74467e+01
1.7270 2.19511e-23 1.35441e+01 1.55512e+01 1.74379e+01
1.7280 2.19554e-23 1.35405e+01 1.55456e+01 1.74303e+01
1.7290 2.19555e-23 1.35379e+01 1.55417e+01 1.74247e+01
1.7300 2.19495e-23 1.35367e+01 1.55387e+01 1.74197e+01
1.7310 2.19450e-23 1.35351e+01 1.55353e+01 1.74143e+01
1.7320 2.19437e-23 1.35373e+01 1.55364e+01 1.74144e+01
1.7330 2.19355e-23 1.35372e+01 1.55357e+01 1.74129e+01
1.7340 2.19234e-23 1.35374e+01 1.55357e+01 1.74130e+01
1.7350 2.19254e-23 1.35367e+01 1.55347e+01 1.74122e+01
1.7360 2.19136e-23 1.35377e+01 1.55361e+01 1.74138e+01
1.7370 2.18960e-23 1.35370e+01 1.55355e+01 1.74135e+01
1.7380 2.18849e-23 1.35361e+01 1.55355e+01 1.74149e+01
1.7390 2.18795e-23 1.35359e+01 1.55362e+01 1.74170e+01
1.7400 2.18833e-23 1.35394e+01 1.55420e+01 1.74260e+01
1.7410 2.18872e-23 1.35422e+01 1.55476e+01 1.74351e+01
1.7420 2.18896e-23 1.35479e+01 1.55551e+01 1.74443e+01
1.7430 2.18961e-23 1.35515e+01 1.55607e+01 1.74517e+01
1.7440 2.18902e-23 1.35514e+01 1.55626e+01 1.74562e+01
1.7450 2.18983e-23 1.35544e+01 1.55661e+01 1.74604e+01
1.7460 2.18994e-23 1.35593e+01 1.55729e+01 1.74698e+01
1.7470 2.19158e-23 1.35678e+01 1.55852e+01 1.74877e+01
1.7480 2.19090e-23 1.35710e+01 1.55910e+01 1.74965e+01
1.7490 2.19231e-23 1.35754e+01 1.55987e+01 1.75080e+01
1.7500 2.19182e-23 1.35752e+01 1.56023e+01 1.75168e+01
1.7510 2.19188e-23 1.35747e+01 1.56060e+01 1.75257e+01
1.7520 2.19010e-23 1.35771e+01 1.56113e+01 1.75341e+01
1.7530 2.18870e-23 1.35768e+01 1.56122e+01 1.75362e+01
1.7540 2.18713e-23 1.35732e+01 1.56089e+01 1.75335e+01
1.7550 2.18590e-23 1.35748e+01 1.56119e+01 1.75390e+01
1.7560 2.18744e-23 1.35800e+01 1.56167e+01 1.75436e+01
1.7570 2.18693e-23 1.35754e+01 1.56093e+01 1.75324e+01
1.7580 2.18714e-23 1.35728e+01 1.56051e+01 1.75252e+01
1.7590 2.18669e-23 1.35690e+01 1.55980e+01 1.75139e+01
1.7600 2.18501e-23 1.35650e+01 1.55928e+01 1.75072e+01
1.7610 2.18358e-23 1.35625e+01 1.55894e+01 1.75032e+01
1.7620 2.18375e-23 1.35638e+01 1.55911e+01 1.75053e+01
1.7630 2.18271e-23 1.35641e+01 1.55904e+01 1.75029e+01
1.7640 2.18127e-23 1.35659e+01 1.55918e+01 1.75033e+01
1.7650 2.18077e-23 1.35610e+01 1.55855e+01 1.74959e+01
1.7660 2.18070e-23 1.35593e+01 1.55854e+01 1.74981e+01
1.7670 2.18061e-23 1.35559e+01 1.55801e+01 1.74910e+01
1.7680 2.17789e-23 1.35527e+01 1.55766e+01 1.74864e+01
1.7690 2.17733e-23 1.35509e+01 1.55721e+01 1.74787e+01
1.7700 2.17614e-23 1.35518e+01 1.55727e+01 1.74792e+01
1.7710 2.17442e-23 1.35498e+01 1.55693e+01 1.74740e+01
1.7720 2.17455e-23 1.35488e+01 1.55665e+01 1.74687e+01
1.7730 2.17285e-23 1.35449e+01 1.55624e+01 1.74644e+01
1.7740 2.17134e-23 1.35445e+01 1.55609e+01 1.74621e+01
