# 1:time 2:Lum 3:eave 4:erms 5:eskw
0.0100 7.77734e-24 1.08141e+01 1.23029e+01 1.39176e+01
0.0110 9.42890e-24 1.09480e+01 1.24510e+01 1.40833e+01
0.0120 1.06424e-23 1.07952e+01 1.22196e+01 1.37431e+01
0.0130 1.27352e-23 1.10538e+01 1.24929e+01 1.40413e+01
0.0140 1.43967e-23 1.11580e+01 1.26316e+01 1.42160e+01
0.0150 1.61472e-23 1.12555e+01 1.27246e+01 1.42934e+01
0.0160 1.81600e-23 1.13348e+01 1.28060e+01 1.43789e+01
0.0170 2.01112e-23 1.14011e+01 1.28608e+01 1.44155e+01
0.0180 2.26932e-23 1.16429e+01 1.31690e+01 1.47982e+01
0.0190 2.34533e-23 1.16740e+01 1.32120e+01 1.48721e+01
0.0200 2.29594e-23 1.16967e+01 1.32323e+01 1.48744e+01
0.0210 2.19649e-23 1.16153e+01 1.31336e+01 1.47496e+01
0.0220 2.03635e-23 1.13629e+01 1.28239e+01 1.43623e+01
0.0230 2.05936e-23 1.12834e+01 1.27303e+01 1.42485e+01
0.0240 2.17473e-23 1.12471e+01 1.26567e+01 1.41288e+01
0.0250 2.32812e-23 1.12747e+01 1.26615e+01 1.41019e+01
0.0260 2.47562e-23 1.13164e+01 1.26923e+01 1.41178e+01
0.0270 2.61979e-23 1.13969e+01 1.27822e+01 1.42175e+01
0.0280 2.71696e-23 1.14523e+01 1.28529e+01 1.43087e+01
0.0290 2.79547e-23 1.14923e+01 1.29014e+01 1.43690e+01
0.0300 2.86727e-23 1.15249e+01 1.29312e+01 1.43917e+01
0.0310 2.89618e-23 1.14925e+01 1.28795e+01 1.43159e+01
0.0320 2.94252e-23 1.14726e+01 1.28392e+01 1.42498e+01
0.0330 3.01614e-23 1.14851e+01 1.28454e+01 1.42472e+01
0.0340 3.11584e-23 1.15132e+01 1.28688e+01 1.42628e+01
0.0350 3.21992e-23 1.15487e+01 1.29056e+01 1.42994e+01
0.0360 3.29332e-23 1.15600e+01 1.29141e+01 1.43037e+01
0.0370 3.36081e-23 1.15863e+01 1.29400e+01 1.43281e+01
0.0380 3.40136e-23 1.16048e+01 1.29583e+01 1.43455e+01
0.0390 3.42917e-23 1.16071e+01 1.29596e+01 1.43453e+01
0.0400 3.46665e-23 1.16214e+01 1.29820e+01 1.43775e+01
0.0410 3.50971e-23 1.16554e+01 1.30223e+01 1.44252e+01
0.0420 3.55368e-23 1.16795e+01 1.30521e+01 1.44623e+01
0.0430 3.56990e-23 1.16821e+01 1.30543e+01 1.44646e+01
0.0440 3.56070e-23 1.16676e+01 1.30285e+01 1.44246e+01
0.0450 3.55150e-23 1.16447e+01 1.29944e+01 1.43756e+01
0.0460 3.54961e-23 1.16350e+01 1.29738e+01 1.43416e+01
0.0470 3.57314e-23 1.16330e+01 1.29619e+01 1.43165e+01
0.0480 3.63001e-23 1.16542e+01 1.29778e+01 1.43236e+01
0.0490 3.67791e-23 1.16789e+01 1.30007e+01 1.43429e+01
0.0500 3.71140e-23 1.16935e+01 1.30126e+01 1.43503e+01
0.0510 3.72398e-23 1.16946e+01 1.30052e+01 1.43323e+01
0.0520 3.73090e-23 1.16989e+01 1.30097e+01 1.43367e+01
0.0530 3.73219e-23 1.17044e+01 1.30182e+01 1.43490e+01
0.0540 3.72150e-23 1.16924e+01 1.30011e+01 1.43249e+01
0.0550 3.72517e-23 1.16913e+01 1.29948e+01 1.43118e+01
0.0560 3.73776e-23 1.17122e+01 1.30218e+01 1.43458e+01
0.0570 3.75701e-23 1.17263e+01 1.30425e+01 1.43733e+01
0.0580 3.77436e-23 1.17423e+01 1.30606e+01 1.43936e+01
0.0590 3.79637e-23 1.17593e+01 1.30822e+01 1.44201e+01
0.0600 3.81324e-23 1.17782e+01 1.31032e+01 1.44435e+01
0.0610 3.82605e-23 1.17867e+01 1.31145e+01 1.44577e+01
0.0620 3.83638e-23 1.18071e+01 1.31376e+01 1.44842e+01
0.0630 3.84326e-23 1.18169e+01 1.31501e+01 1.44993e+01
0.0640 3.84468e-23 1.18268e+01 1.31614e+01 1.45115e+01
0.0650 3.83880e-23 1.18318e+01 1.31679e+01 1.45192e+01
0.0660 3.82116e-23 1.18284e+01 1.31596e+01 1.45052e+01
0.0670 3.80389e-23 1.18227e+01 1.31514e+01 1.44938e+01
0.0680 3.80255e-23 1.18363e+01 1.31719e+01 1.45227e+01
0.0690 3.82011e-23 1.18461e+01 1.31858e+01 1.45405e+01
0.0700 3.84505e-23 1.18622e+01 1.31997e+01 1.45508e+01
0.0710 3.88443e-23 1.18878e+01 1.32294e+01 1.45844e+01
0.0720 3.90219e-23 1.19183e+01 1.32628e+01 1.46205e+01
0.0730 3.89335e-23 1.19170e+01 1.32581e+01 1.46111e+01
0.0740 3.87975e-23 1.19109e+01 1.32451e+01 1.45887e+01
0.0750 3.87965e-23 1.19109e+01 1.32424e+01 1.45817e+01
0.0760 3.89035e-23 1.19402e+01 1.32789e+01 1.46267e+01
0.0770 3.89761e-23 1.19590e+01 1.33018e+01 1.46537e+01
0.0780 3.89186e-23 1.19718e+01 1.33175e+01 1.46727e+01
0.0790 3.88083e-23 1.19854e+01 1.33383e+01 1.47016e+01
0.0800 3.86515e-23 1.20005e+01 1.33570e+01 1.47246e+01
0.0810 3.86033e-23 1.20032e+01 1.33692e+01 1.47474e+01
0.0820 3.85643e-23 1.20202e+01 1.33931e+01 1.47789e+01
0.0830 3.85236e-23 1.20263e+01 1.34021e+01 1.47904e+01
0.0840 3.84834e-23 1.20360e+01 1.34115e+01 1.47991e+01
0.0850 3.84828e-23 1.20479e+01 1.34245e+01 1.48129e+01
0.0860 3.85080e-23 1.20658e+01 1.34450e+01 1.48359e+01
0.0870 3.84893e-23 1.20836e+01 1.34668e+01 1.48617e+01
0.0880 3.84084e-23 1.20925e+01 1.34788e+01 1.48765e+01
0.0890 3.82448e-23 1.21022e+01 1.34894e+01 1.48881e+01
0.0900 3.81049e-23 1.21056e+01 1.34934e+01 1.48922e+01
0.0910 3.79615e-23 1.21118e+01 1.35013e+01 1.49014e+01
0.0920 3.78438e-23 1.21254e+01 1.35158e+01 1.49167e+01
0.0930 3.77122e-23 1.21315e+01 1.35237e+01 1.49258e+01
0.0940 3.75870e-23 1.21395e+01 1.35315e+01 1.49330e+01
0.0950 3.74842e-23 1.21469e+01 1.35389e+01 1.49397e+01
0.0960 3.73785e-23 1.21574e+01 1.35494e+01 1.49498e+01
0.0970 3.72643e-23 1.21645e+01 1.35569e+01 1.49572e+01
0.0980 3.71269e-23 1.21723e+01 1.35648e+01 1.49646e+01
0.0990 3.69782e-23 1.21784e+01 1.35717e+01 1.49719e+01
0.1000 3.68292e-23 1.21844e+01 1.35778e+01 1.49775e+01
0.1010 3.67127e-23 1.21926e+01 1.35858e+01 1.49848e+01
0.1020 3.66064e-23 1.21992e+01 1.35923e+01 1.49904e+01
0.1030 3.64648e-23 1.22057e+01 1.35979e+01 1.49946e+01
0.1040 3.63334e-23 1.22088e+01 1.36010e+01 1.49966e+01
0.1050 3.62156e-23 1.22166e+01 1.36080e+01 1.50025e+01
0.1060 3.61072e-23 1.22249e+01 1.36166e+01 1.50106e+01
0.1070 3.59906e-23 1.22323e+01 1.36244e+01 1.50185e+01
0.1080 3.58515e-23 1.22399e+01 1.36325e+01 1.50263e+01
0.1090 3.56847e-23 1.22448e+01 1.36378e+01 1.50314e+01
0.1100 3.55157e-23 1.22502e+01 1.36434e+01 1.50366e+01
0.1110 3.53662e-23 1.22571e+01 1.36501e+01 1.50425e+01
0.1120 3.52520e-23 1.22663e+01 1.36601e+01 1.50528e+01
0.1130 3.51057e-23 1.22734e+01 1.36681e+01 1.50611e+01
0.1140 3.49637e-23 1.22787e+01 1.36746e+01 1.50681e+01
0.1150 3.48024e-23 1.22873e+01 1.36832e+01 1.50765e+01
0.1160 3.46538e-23 1.22962e+01 1.36921e+01 1.50849e+01
0.1170 3.44975e-23 1.22954e+01 1.36931e+01 1.50866e+01
0.1180 3.43426e-23 1.23068e+01 1.37037e+01 1.50961e+01
0.1190 3.42069e-23 1.23123e+01 1.37101e+01 1.51027e+01
0.1200 3.40606e-23 1.23186e+01 1.37168e+01 1.51091e+01
0.1210 3.38975e-23 1.23280e+01 1.37257e+01 1.51172e+01
0.1220 3.37365e-23 1.23353e+01 1.37338e+01 1.51255e+01
0.1230 3.35771e-23 1.23426e+01 1.37413e+01 1.51328e+01
0.1240 3.34060e-23 1.23446e+01 1.37442e+01 1.51355e+01
0.1250 3.32174e-23 1.23506e+01 1.37494e+01 1.51396e+01
0.1260 3.30350e-23 1.23556e+01 1.37543e+01 1.51436e+01
0.1270 3.28945e-23 1.23568e+01 1.37552e+01 1.51441e+01
0.1280 3.27102e-23 1.23572e+01 1.37535e+01 1.51408e+01
0.1290 3.25450e-23 1.23514e+01 1.37400e+01 1.51197e+01
0.1300 3.23378e-23 1.23148e+01 1.36806e+01 1.50366e+01
0.1310 3.20652e-23 1.22949e+01 1.36374e+01 1.49662e+01
0.1310 3.20652e-23 1.22949e+01 1.36370e+01 1.49652e+01
0.1320 3.17926e-23 1.22693e+01 1.35901e+01 1.48923e+01
0.1330 3.15522e-23 1.22623e+01 1.35727e+01 1.48619e+01
0.1340 3.13939e-23 1.22639e+01 1.35709e+01 1.48549e+01
0.1350 3.12059e-23 1.22600e+01 1.35638e+01 1.48436e+01
0.1360 3.10377e-23 1.22641e+01 1.35693e+01 1.48503e+01
0.1370 3.08576e-23 1.22708e+01 1.35766e+01 1.48581e+01
0.1380 3.07018e-23 1.22784e+01 1.35852e+01 1.48678e+01
0.1390 3.05539e-23 1.22854e+01 1.35937e+01 1.48779e+01
0.1400 3.04108e-23 1.22916e+01 1.36017e+01 1.48876e+01
0.1410 3.02461e-23 1.22978e+01 1.36086e+01 1.48953e+01
0.1420 3.00877e-23 1.23072e+01 1.36191e+01 1.49069e+01
0.1430 2.99257e-23 1.23132e+01 1.36268e+01 1.49160e+01
0.1440 2.97394e-23 1.23158e+01 1.36306e+01 1.49207e+01
0.1450 2.95583e-23 1.23206e+01 1.36363e+01 1.49271e+01
0.1460 2.94030e-23 1.23254e+01 1.36423e+01 1.49342e+01
0.1470 2.92474e-23 1.23292e+01 1.36472e+01 1.49400e+01
0.1480 2.90666e-23 1.23328e+01 1.36513e+01 1.49445e+01
0.1490 2.89033e-23 1.23368e+01 1.36557e+01 1.49492e+01
0.1500 2.87456e-23 1.23387e+01 1.36586e+01 1.49530e+01
0.1510 2.85738e-23 1.23415e+01 1.36618e+01 1.49562e+01
0.1520 2.84193e-23 1.23468e+01 1.36667e+01 1.49610e+01
0.1530 2.82923e-23 1.23549e+01 1.36757e+01 1.49710e+01
0.1540 2.81649e-23 1.23590e+01 1.36817e+01 1.49783e+01
0.1550 2.80021e-23 1.23620e+01 1.36851e+01 1.49822e+01
0.1560 2.78365e-23 1.23652e+01 1.36891e+01 1.49868e+01
0.1570 2.76860e-23 1.23699e+01 1.36946e+01 1.49931e+01
0.1580 2.75332e-23 1.23735e+01 1.36987e+01 1.49976e+01
0.1590 2.73781e-23 1.23785e+01 1.37039e+01 1.50029e+01
0.1600 2.72322e-23 1.23824e+01 1.37082e+01 1.50075e+01
0.1610 2.70846e-23 1.23859e+01 1.37123e+01 1.50120e+01
0.1620 2.69494e-23 1.23881e+01 1.37157e+01 1.50164e+01
0.1630 2.68149e-23 1.23934e+01 1.37215e+01 1.50227e+01
0.1640 2.66866e-23 1.23956e+01 1.37254e+01 1.50279e+01
0.1650 2.65525e-23 1.24031e+01 1.37327e+01 1.50355e+01
0.1660 2.64176e-23 1.24052e+01 1.37363e+01 1.50403e+01
0.1670 2.62806e-23 1.24069e+01 1.37394e+01 1.50445e+01
0.1680 2.61507e-23 1.24119e+01 1.37452e+01 1.50512e+01
0.1690 2.60191e-23 1.24191e+01 1.37526e+01 1.50592e+01
0.1700 2.58954e-23 1.24187e+01 1.37545e+01 1.50629e+01
0.1710 2.57532e-23 1.24263e+01 1.37619e+01 1.50704e+01
0.1720 2.56032e-23 1.24248e+01 1.37618e+01 1.50713e+01
0.1730 2.54747e-23 1.24288e+01 1.37662e+01 1.50759e+01
0.1740 2.53475e-23 1.24341e+01 1.37718e+01 1.50818e+01
0.1750 2.52245e-23 1.24355e+01 1.37741e+01 1.50849e+01
0.1760 2.50949e-23 1.24401e+01 1.37792e+01 1.50903e+01
0.1770 2.49677e-23 1.24424e+01 1.37825e+01 1.50941e+01
0.1780 2.48303e-23 1.24500e+01 1.37891e+01 1.51001e+01
0.1790 2.47039e-23 1.24490e+01 1.37894e+01 1.51011e+01
0.1800 2.45694e-23 1.24537e+01 1.37933e+01 1.51044e+01
0.1810 2.44320e-23 1.24557e+01 1.37960e+01 1.51073e+01
0.1820 2.43015e-23 1.24600e+01 1.38002e+01 1.51113e+01
0.1830 2.41750e-23 1.24637e+01 1.38038e+01 1.51149e+01
0.1840 2.40493e-23 1.24647e+01 1.38053e+01 1.51165e+01
0.1850 2.39285e-23 1.24690e+01 1.38095e+01 1.51204e+01
0.1860 2.38191e-23 1.24709e+01 1.38121e+01 1.51235e+01
0.1870 2.37078e-23 1.24719e+01 1.38137e+01 1.51254e+01
0.1880 2.35967e-23 1.24755e+01 1.38178e+01 1.51296e+01
0.1890 2.34933e-23 1.24796e+01 1.38225e+01 1.51348e+01
0.1900 2.33857e-23 1.24838e+01 1.38272e+01 1.51397e+01
0.1910 2.32779e-23 1.24869e+01 1.38309e+01 1.51438e+01
0.1920 2.31790e-23 1.24883e+01 1.38336e+01 1.51473e+01
0.1930 2.30728e-23 1.24947e+01 1.38400e+01 1.51538e+01
0.1940 2.29674e-23 1.24986e+01 1.38439e+01 1.51578e+01
0.1950 2.28582e-23 1.25045e+01 1.38497e+01 1.51634e+01
0.1960 2.27582e-23 1.25073e+01 1.38530e+01 1.51670e+01
0.1970 2.26602e-23 1.25064e+01 1.38533e+01 1.51683e+01
0.1980 2.25604e-23 1.25109e+01 1.38583e+01 1.51737e+01
0.1990 2.24512e-23 1.25168e+01 1.38641e+01 1.51794e+01
0.2000 2.23458e-23 1.25190e+01 1.38669e+01 1.51825e+01
0.2010 2.22445e-23 1.25210e+01 1.38694e+01 1.51852e+01
0.2020 2.21408e-23 1.25268e+01 1.38744e+01 1.51896e+01
0.2030 2.20458e-23 1.25273e+01 1.38754e+01 1.51909e+01
0.2040 2.19384e-23 1.25318e+01 1.38800e+01 1.51953e+01
0.2050 2.18401e-23 1.25315e+01 1.38807e+01 1.51968e+01
0.2060 2.17517e-23 1.25340e+01 1.38837e+01 1.52002e+01
0.2070 2.16569e-23 1.25361e+01 1.38866e+01 1.52036e+01
0.2080 2.15694e-23 1.25378e+01 1.38886e+01 1.52057e+01
0.2090 2.14825e-23 1.25403e+01 1.38916e+01 1.52090e+01
0.2100 2.13990e-23 1.25436e+01 1.38952e+01 1.52129e+01
0.2110 2.13116e-23 1.25477e+01 1.38993e+01 1.52171e+01
0.2120 2.12236e-23 1.25520e+01 1.39037e+01 1.52216e+01
0.2130 2.11404e-23 1.25513e+01 1.39044e+01 1.52233e+01
0.2140 2.10571e-23 1.25582e+01 1.39110e+01 1.52298e+01
0.2150 2.09805e-23 1.25570e+01 1.39114e+01 1.52315e+01
0.2160 2.09071e-23 1.25620e+01 1.39159e+01 1.52355e+01
0.2170 2.08354e-23 1.25629e+01 1.39178e+01 1.52380e+01
0.2180 2.07526e-23 1.25685e+01 1.39236e+01 1.52442e+01
0.2190 2.06756e-23 1.25689e+01 1.39253e+01 1.52467e+01
0.2200 2.05915e-23 1.25710e+01 1.39280e+01 1.52497e+01
0.2210 2.05085e-23 1.25753e+01 1.39321e+01 1.52538e+01
0.2220 2.04291e-23 1.25760e+01 1.39339e+01 1.52561e+01
0.2230 2.03520e-23 1.25799e+01 1.39378e+01 1.52599e+01
0.2240 2.02699e-23 1.25870e+01 1.39442e+01 1.52660e+01
0.2250 2.01938e-23 1.25871e+01 1.39455e+01 1.52681e+01
0.2260 2.01191e-23 1.25901e+01 1.39486e+01 1.52712e+01
0.2270 2.00476e-23 1.25919e+01 1.39510e+01 1.52740e+01
0.2280 1.99849e-23 1.25937e+01 1.39534e+01 1.52766e+01
0.2290 1.99128e-23 1.26005e+01 1.39597e+01 1.52823e+01
0.2300 1.98552e-23 1.26014e+01 1.39613e+01 1.52843e+01
0.2310 1.97947e-23 1.26065e+01 1.39661e+01 1.52889e+01
0.2320 1.97367e-23 1.26056e+01 1.39669e+01 1.52909e+01
0.2330 1.96737e-23 1.26096e+01 1.39705e+01 1.52941e+01
0.2340 1.96155e-23 1.26098e+01 1.39712e+01 1.52952e+01
0.2350 1.95581e-23 1.26132e+01 1.39745e+01 1.52982e+01
0.2360 1.95034e-23 1.26148e+01 1.39764e+01 1.53002e+01
0.2370 1.94450e-23 1.26199e+01 1.39810e+01 1.53043e+01
0.2380 1.93934e-23 1.26195e+01 1.39817e+01 1.53053e+01
0.2390 1.93377e-23 1.26246e+01 1.39860e+01 1.53092e+01
0.2400 1.92857e-23 1.26269e+01 1.39888e+01 1.53122e+01
0.2410 1.92303e-23 1.26346e+01 1.39956e+01 1.53184e+01
0.2420 1.91737e-23 1.26314e+01 1.39944e+01 1.53185e+01
0.2430 1.91147e-23 1.26342e+01 1.39974e+01 1.53216e+01
0.2440 1.90608e-23 1.26354e+01 1.39991e+01 1.53236e+01
0.2450 1.90032e-23 1.26403e+01 1.40039e+01 1.53281e+01
0.2460 1.89530e-23 1.26411e+01 1.40047e+01 1.53291e+01
0.2470 1.88998e-23 1.26420e+01 1.40066e+01 1.53312e+01
0.2480 1.88517e-23 1.26477e+01 1.40112e+01 1.53351e+01
0.2482 1.88445e-23 1.26446e+01 1.40089e+01 1.53334e+01
0.2490 1.88055e-23 1.26487e+01 1.40127e+01 1.53368e+01
0.2500 1.87521e-23 1.26545e+01 1.40179e+01 1.53415e+01
0.2510 1.87077e-23 1.26541e+01 1.40183e+01 1.53424e+01
0.2520 1.86559e-23 1.26585e+01 1.40229e+01 1.53467e+01
0.2530 1.86075e-23 1.26615e+01 1.40259e+01 1.53498e+01
0.2540 1.85588e-23 1.26667e+01 1.40306e+01 1.53541e+01
0.2550 1.85077e-23 1.26677e+01 1.40321e+01 1.53558e+01
0.2560 1.84564e-23 1.26720e+01 1.40358e+01 1.53590e+01
0.2570 1.84041e-23 1.26739e+01 1.40380e+01 1.53611e+01
0.2580 1.83470e-23 1.26783e+01 1.40420e+01 1.53649e+01
0.2590 1.83038e-23 1.26752e+01 1.40401e+01 1.53640e+01
0.2600 1.82495e-23 1.26813e+01 1.40454e+01 1.53687e+01
0.2610 1.82033e-23 1.26798e+01 1.40451e+01 1.53690e+01
0.2620 1.81589e-23 1.26831e+01 1.40484e+01 1.53722e+01
0.2630 1.81142e-23 1.26870e+01 1.40522e+01 1.53760e+01
0.2640 1.80777e-23 1.26879e+01 1.40536e+01 1.53779e+01
0.2650 1.80369e-23 1.26901e+01 1.40564e+01 1.53811e+01
0.2660 1.79949e-23 1.26963e+01 1.40620e+01 1.53863e+01
0.2670 1.79583e-23 1.26950e+01 1.40616e+01 1.53865e+01
0.2680 1.79160e-23 1.26948e+01 1.40623e+01 1.53877e+01
0.2690 1.78666e-23 1.27013e+01 1.40679e+01 1.53926e+01
0.2700 1.78222e-23 1.27045e+01 1.40707e+01 1.53950e+01
0.2710 1.77761e-23 1.27043e+01 1.40714e+01 1.53963e+01
0.2720 1.77267e-23 1.27083e+01 1.40755e+01 1.54000e+01
0.2730 1.76850e-23 1.27105e+01 1.40772e+01 1.54016e+01
0.2740 1.76426e-23 1.27105e+01 1.40782e+01 1.54030e+01
0.2750 1.76019e-23 1.27170e+01 1.40837e+01 1.54078e+01
0.2760 1.75679e-23 1.27172e+01 1.40843e+01 1.54086e+01
0.2770 1.75428e-23 1.27137e+01 1.40824e+01 1.54078e+01
0.2780 1.75079e-23 1.27181e+01 1.40862e+01 1.54112e+01
0.2790 1.74684e-23 1.27262e+01 1.40933e+01 1.54177e+01
0.2800 1.74381e-23 1.27227e+01 1.40913e+01 1.54167e+01
0.2810 1.74057e-23 1.27230e+01 1.40930e+01 1.54190e+01
0.2820 1.73762e-23 1.27285e+01 1.40977e+01 1.54233e+01
0.2830 1.73519e-23 1.27281e+01 1.40980e+01 1.54241e+01
0.2840 1.73283e-23 1.27359e+01 1.41047e+01 1.54300e+01
0.2850 1.73136e-23 1.27258e+01 1.40980e+01 1.54255e+01
0.2860 1.72758e-23 1.27403e+01 1.41098e+01 1.54357e+01
0.2870 1.72429e-23 1.27459e+01 1.41153e+01 1.54411e+01
0.2880 1.72090e-23 1.27463e+01 1.41169e+01 1.54436e+01
0.2890 1.71681e-23 1.27528e+01 1.41228e+01 1.54491e+01
0.2900 1.71305e-23 1.27524e+01 1.41235e+01 1.54506e+01
0.2910 1.70918e-23 1.27503e+01 1.41228e+01 1.54508e+01
0.2920 1.70500e-23 1.27514e+01 1.41247e+01 1.54533e+01
0.2930 1.70075e-23 1.27550e+01 1.41280e+01 1.54567e+01
0.2940 1.69655e-23 1.27546e+01 1.41287e+01 1.54581e+01
0.2950 1.69299e-23 1.27538e+01 1.41289e+01 1.54592e+01
0.2960 1.68857e-23 1.27622e+01 1.41366e+01 1.54663e+01
0.2970 1.68499e-23 1.27579e+01 1.41342e+01 1.54652e+01
0.2980 1.68106e-23 1.27603e+01 1.41371e+01 1.54682e+01
0.2990 1.67698e-23 1.27633e+01 1.41403e+01 1.54715e+01
0.3000 1.67396e-23 1.27589e+01 1.41375e+01 1.54701e+01
0.3010 1.67032e-23 1.27613e+01 1.41403e+01 1.54733e+01
0.3020 1.66658e-23 1.27664e+01 1.41451e+01 1.54781e+01
0.3030 1.66314e-23 1.27657e+01 1.41456e+01 1.54794e+01
0.3040 1.65972e-23 1.27690e+01 1.41492e+01 1.54833e+01
0.3050 1.65707e-23 1.27640e+01 1.41464e+01 1.54820e+01
0.3060 1.65284e-23 1.27781e+01 1.41580e+01 1.54922e+01
0.3070 1.65022e-23 1.27709e+01 1.41537e+01 1.54899e+01
0.3080 1.64709e-23 1.27729e+01 1.41566e+01 1.54932e+01
0.3090 1.64394e-23 1.27809e+01 1.41636e+01 1.54997e+01
0.3100 1.64119e-23 1.27747e+01 1.41600e+01 1.54979e+01
0.3110 1.63716e-23 1.27849e+01 1.41685e+01 1.55058e+01
0.3120 1.63334e-23 1.27866e+01 1.41712e+01 1.55091e+01
0.3130 1.63014e-23 1.27842e+01 1.41704e+01 1.55094e+01
0.3140 1.62623e-23 1.27934e+01 1.41784e+01 1.55168e+01
0.3150 1.62369e-23 1.27819e+01 1.41705e+01 1.55115e+01
0.3160 1.62068e-23 1.27874e+01 1.41758e+01 1.55168e+01
0.3170 1.61773e-23 1.27905e+01 1.41791e+01 1.55204e+01
0.3180 1.61487e-23 1.27917e+01 1.41816e+01 1.55237e+01
0.3190 1.61212e-23 1.27945e+01 1.41839e+01 1.55262e+01
0.3200 1.60805e-23 1.28035e+01 1.41924e+01 1.55342e+01
0.3210 1.60555e-23 1.27936e+01 1.41860e+01 1.55302e+01
0.3220 1.60167e-23 1.28072e+01 1.41971e+01 1.55399e+01
0.3230 1.59870e-23 1.28057e+01 1.41972e+01 1.55410e+01
0.3240 1.59608e-23 1.28032e+01 1.41963e+01 1.55411e+01
0.3250 1.59382e-23 1.28039e+01 1.41975e+01 1.55430e+01
0.3260 1.59114e-23 1.28114e+01 1.42038e+01 1.55488e+01
0.3270 1.58902e-23 1.28049e+01 1.42000e+01 1.55469e+01
0.3280 1.58554e-23 1.28153e+01 1.42089e+01 1.55550e+01
0.3290 1.58227e-23 1.28196e+01 1.42133e+01 1.55595e+01
0.3300 1.57986e-23 1.28140e+01 1.42099e+01 1.55577e+01
0.3310 1.57620e-23 1.28226e+01 1.42175e+01 1.55646e+01
0.3320 1.57390e-23 1.28147e+01 1.42118e+01 1.55608e+01
0.3330 1.57119e-23 1.28081e+01 1.42083e+01 1.55590e+01
0.3340 1.56859e-23 1.28092e+01 1.42097e+01 1.55609e+01
0.3350 1.56517e-23 1.28192e+01 1.42182e+01 1.55685e+01
0.3360 1.56206e-23 1.28175e+01 1.42175e+01 1.55688e+01
0.3370 1.55898e-23 1.28111e+01 1.42144e+01 1.55676e+01
0.3380 1.55403e-23 1.28361e+01 1.42338e+01 1.55837e+01
0.3390 1.55128e-23 1.28348e+01 1.42332e+01 1.55838e+01
0.3400 1.54833e-23 1.28289e+01 1.42305e+01 1.55828e+01
0.3410 1.54594e-23 1.28289e+01 1.42304e+01 1.55832e+01
0.3420 1.54307e-23 1.28267e+01 1.42301e+01 1.55839e+01
0.3430 1.54024e-23 1.28289e+01 1.42324e+01 1.55865e+01
0.3440 1.53747e-23 1.28338e+01 1.42367e+01 1.55907e+01
0.3450 1.53518e-23 1.28306e+01 1.42352e+01 1.55904e+01
0.3460 1.53227e-23 1.28351e+01 1.42394e+01 1.55944e+01
0.3470 1.53038e-23 1.28287e+01 1.42353e+01 1.55921e+01
0.3480 1.52794e-23 1.28383e+01 1.42430e+01 1.55987e+01
0.3490 1.52602e-23 1.28398e+01 1.42450e+01 1.56011e+01
0.3500 1.52387e-23 1.28478e+01 1.42522e+01 1.56077e+01
0.3510 1.52222e-23 1.28480e+01 1.42534e+01 1.56098e+01
0.3520 1.52060e-23 1.28382e+01 1.42477e+01 1.56067e+01
0.3530 1.51816e-23 1.28484e+01 1.42554e+01 1.56133e+01
0.3540 1.51556e-23 1.28464e+01 1.42557e+01 1.56148e+01
0.3550 1.51387e-23 1.28426e+01 1.42530e+01 1.56132e+01
0.3560 1.51071e-23 1.28580e+01 1.42653e+01 1.56236e+01
0.3570 1.50811e-23 1.28603e+01 1.42680e+01 1.56266e+01
0.3580 1.50530e-23 1.28562e+01 1.42665e+01 1.56265e+01
0.3590 1.50245e-23 1.28574e+01 1.42678e+01 1.56282e+01
0.3600 1.49925e-23 1.28630e+01 1.42728e+01 1.56329e+01
0.3610 1.49625e-23 1.28669e+01 1.42767e+01 1.56368e+01
0.3620 1.49453e-23 1.28582e+01 1.42709e+01 1.56329e+01
0.3630 1.49220e-23 1.28579e+01 1.42714e+01 1.56340e+01
0.3640 1.48959e-23 1.28657e+01 1.42781e+01 1.56400e+01
0.3650 1.48665e-23 1.28706e+01 1.42839e+01 1.56459e+01
0.3657 1.48610e-23 1.28641e+01 1.42784e+01 1.56417e+01
0.3660 1.48617e-23 1.28523e+01 1.42698e+01 1.56352e+01
0.3670 1.48355e-23 1.28613e+01 1.42776e+01 1.56424e+01
0.3680 1.48039e-23 1.28779e+01 1.42905e+01 1.56533e+01
0.3690 1.47903e-23 1.28585e+01 1.42776e+01 1.56441e+01
0.3700 1.47760e-23 1.28592e+01 1.42779e+01 1.56448e+01
0.3710 1.47439e-23 1.28760e+01 1.42922e+01 1.56572e+01
0.3720 1.47242e-23 1.28795e+01 1.42952e+01 1.56601e+01
0.3730 1.47051e-23 1.28801e+01 1.42968e+01 1.56624e+01
0.3740 1.46832e-23 1.28840e+01 1.43013e+01 1.56670e+01
0.3750 1.46628e-23 1.28897e+01 1.43062e+01 1.56716e+01
0.3760 1.46494e-23 1.28765e+01 1.42970e+01 1.56653e+01
0.3770 1.46178e-23 1.28881e+01 1.43061e+01 1.56732e+01
0.3780 1.45772e-23 1.28982e+01 1.43147e+01 1.56808e+01
0.3790 1.45416e-23 1.28924e+01 1.43113e+01 1.56790e+01
0.3800 1.44932e-23 1.29117e+01 1.43260e+01 1.56909e+01
0.3810 1.44653e-23 1.29010e+01 1.43189e+01 1.56859e+01
0.3820 1.44343e-23 1.29079e+01 1.43248e+01 1.56913e+01
0.3830 1.44204e-23 1.28976e+01 1.43166e+01 1.56851e+01
0.3840 1.43951e-23 1.29050e+01 1.43233e+01 1.56912e+01
0.3850 1.43742e-23 1.29163e+01 1.43323e+01 1.56989e+01
0.3860 1.43694e-23 1.29127e+01 1.43297e+01 1.56973e+01
0.3870 1.43612e-23 1.29111e+01 1.43302e+01 1.56990e+01
0.3880 1.43466e-23 1.29238e+01 1.43404e+01 1.57077e+01
0.3890 1.43393e-23 1.29189e+01 1.43373e+01 1.57061e+01
0.3900 1.43200e-23 1.29179e+01 1.43383e+01 1.57080e+01
0.3910 1.42949e-23 1.29265e+01 1.43453e+01 1.57141e+01
0.3920 1.42731e-23 1.29268e+01 1.43458e+01 1.57148e+01
0.3930 1.42395e-23 1.29425e+01 1.43589e+01 1.57263e+01
0.3940 1.42236e-23 1.29357e+01 1.43537e+01 1.57226e+01
0.3950 1.42007e-23 1.29345e+01 1.43535e+01 1.57232e+01
0.3960 1.41803e-23 1.29217e+01 1.43460e+01 1.57185e+01
0.3970 1.41614e-23 1.29152e+01 1.43423e+01 1.57165e+01
0.3980 1.41414e-23 1.29194e+01 1.43452e+01 1.57189e+01
0.3990 1.41212e-23 1.29199e+01 1.43461e+01 1.57200e+01
0.4000 1.41021e-23 1.29240e+01 1.43498e+01 1.57234e+01
0.4010 1.40839e-23 1.29288e+01 1.43536e+01 1.57270e+01
0.4020 1.40549e-23 1.29348e+01 1.43600e+01 1.57334e+01
0.4030 1.40279e-23 1.29407e+01 1.43651e+01 1.57381e+01
0.4040 1.40176e-23 1.29193e+01 1.43491e+01 1.57260e+01
0.4050 1.39888e-23 1.29331e+01 1.43592e+01 1.57342e+01
0.4060 1.39556e-23 1.29433e+01 1.43688e+01 1.57429e+01
0.4070 1.39371e-23 1.29408e+01 1.43676e+01 1.57427e+01
0.4080 1.39266e-23 1.29342e+01 1.43622e+01 1.57385e+01
0.4090 1.38987e-23 1.29429e+01 1.43708e+01 1.57464e+01
0.4100 1.38775e-23 1.29446e+01 1.43727e+01 1.57485e+01
0.4110 1.38554e-23 1.29477e+01 1.43751e+01 1.57508e+01
0.4120 1.38270e-23 1.29645e+01 1.43882e+01 1.57617e+01
0.4130 1.38181e-23 1.29465e+01 1.43750e+01 1.57518e+01
0.4140 1.37983e-23 1.29537e+01 1.43804e+01 1.57565e+01
0.4150 1.37703e-23 1.29656e+01 1.43915e+01 1.57666e+01
0.4160 1.37521e-23 1.29689e+01 1.43950e+01 1.57704e+01
0.4170 1.37369e-23 1.29724e+01 1.43974e+01 1.57726e+01
0.4180 1.37145e-23 1.29751e+01 1.43997e+01 1.57751e+01
0.4190 1.37007e-23 1.29627e+01 1.43908e+01 1.57685e+01
0.4200 1.36757e-23 1.29643e+01 1.43933e+01 1.57714e+01
0.4210 1.36539e-23 1.29663e+01 1.43955e+01 1.57737e+01
0.4220 1.36256e-23 1.29690e+01 1.43993e+01 1.57780e+01
0.4230 1.35973e-23 1.29873e+01 1.44129e+01 1.57891e+01
0.4240 1.35750e-23 1.29880e+01 1.44144e+01 1.57911e+01
0.4250 1.35674e-23 1.29780e+01 1.44058e+01 1.57843e+01
0.4260 1.35261e-23 1.29982e+01 1.44242e+01 1.58005e+01
0.4270 1.35423e-23 1.29833e+01 1.44068e+01 1.57840e+01
0.4280 1.35483e-23 1.29584e+01 1.43838e+01 1.57637e+01
0.4290 1.35253e-23 1.29637e+01 1.43866e+01 1.57656e+01
0.4300 1.34898e-23 1.29573e+01 1.43839e+01 1.57647e+01
0.4310 1.34710e-23 1.29409e+01 1.43708e+01 1.57542e+01
0.4320 1.34304e-23 1.29561e+01 1.43832e+01 1.57648e+01
0.4330 1.33800e-23 1.29608e+01 1.43908e+01 1.57729e+01
0.4340 1.33868e-23 1.29471e+01 1.43762e+01 1.57596e+01
0.4350 1.33530e-23 1.29610e+01 1.43898e+01 1.57722e+01
0.4360 1.34136e-23 1.29108e+01 1.43404e+01 1.57271e+01
0.4370 1.34130e-23 1.28980e+01 1.43271e+01 1.57153e+01
0.4380 1.33802e-23 1.29050e+01 1.43339e+01 1.57215e+01
0.4390 1.33751e-23 1.29128e+01 1.43380e+01 1.57244e+01
0.4400 1.33771e-23 1.29032e+01 1.43312e+01 1.57195e+01
0.4410 1.33536e-23 1.29112e+01 1.43402e+01 1.57286e+01
0.4420 1.33319e-23 1.29176e+01 1.43463e+01 1.57343e+01
0.4430 1.33113e-23 1.29228e+01 1.43505e+01 1.57384e+01
0.4440 1.32543e-23 1.29413e+01 1.43717e+01 1.57592e+01
0.4450 1.32832e-23 1.29185e+01 1.43487e+01 1.57387e+01
0.4460 1.32716e-23 1.29169e+01 1.43486e+01 1.57394e+01
0.4470 1.32520e-23 1.29384e+01 1.43656e+01 1.57538e+01
0.4480 1.32303e-23 1.29344e+01 1.43657e+01 1.57562e+01
0.4490 1.32040e-23 1.29528e+01 1.43826e+01 1.57712e+01
0.4500 1.32167e-23 1.29454e+01 1.43744e+01 1.57640e+01
0.4510 1.31970e-23 1.29480e+01 1.43782e+01 1.57679e+01
0.4520 1.31583e-23 1.29651e+01 1.43932e+01 1.57810e+01
0.4530 1.31573e-23 1.29476e+01 1.43774e+01 1.57671e+01
0.4540 1.31139e-23 1.29689e+01 1.43949e+01 1.57818e+01
0.4550 1.30779e-23 1.29685e+01 1.43976e+01 1.57858e+01
0.4560 1.30649e-23 1.29654e+01 1.43950e+01 1.57837e+01
0.4570 1.30698e-23 1.29585e+01 1.43862e+01 1.57749e+01
0.4580 1.30327e-23 1.29607e+01 1.43909e+01 1.57806e+01
0.4590 1.30192e-23 1.29677e+01 1.43955e+01 1.57841e+01
0.4600 1.29891e-23 1.29722e+01 1.44013e+01 1.57901e+01
0.4610 1.29806e-23 1.29596e+01 1.43918e+01 1.57830e+01
0.4620 1.29650e-23 1.29639e+01 1.43961e+01 1.57872e+01
0.4630 1.29429e-23 1.29819e+01 1.44092e+01 1.57976e+01
0.4640 1.29450e-23 1.29644e+01 1.43956e+01 1.57867e+01
0.4650 1.29415e-23 1.29663e+01 1.43961e+01 1.57869e+01
0.4660 1.29348e-23 1.29568e+01 1.43900e+01 1.57832e+01
0.4670 1.29213e-23 1.29678e+01 1.43979e+01 1.57895e+01
0.4680 1.28957e-23 1.29731e+01 1.44034e+01 1.57949e+01
0.4690 1.28792e-23 1.29705e+01 1.44007e+01 1.57925e+01
0.4700 1.28564e-23 1.29650e+01 1.43965e+01 1.57896e+01
0.4710 1.28329e-23 1.29739e+01 1.44047e+01 1.57969e+01
0.4720 1.28323e-23 1.29732e+01 1.44033e+01 1.57958e+01
0.4730 1.28062e-23 1.29854e+01 1.44136e+01 1.58048e+01
0.4740 1.27925e-23 1.29797e+01 1.44109e+01 1.58038e+01
0.4750 1.27936e-23 1.29592e+01 1.43937e+01 1.57896e+01
0.4760 1.27623e-23 1.29786e+01 1.44103e+01 1.58041e+01
0.4770 1.27388e-23 1.29833e+01 1.44149e+01 1.58085e+01
0.4780 1.27236e-23 1.29895e+01 1.44205e+01 1.58136e+01
0.4790 1.27209e-23 1.29867e+01 1.44189e+01 1.58129e+01
0.4800 1.27275e-23 1.29735e+01 1.44079e+01 1.58041e+01
0.4810 1.27026e-23 1.29894e+01 1.44215e+01 1.58164e+01
0.4820 1.27013e-23 1.29871e+01 1.44200e+01 1.58149e+01
0.4830 1.26858e-23 1.29834e+01 1.44156e+01 1.58108e+01
0.4830 1.27020e-23 1.29848e+01 1.44140e+01 1.58068e+01
0.4840 1.26754e-23 1.29878e+01 1.44205e+01 1.58161e+01
0.4850 1.26733e-23 1.29810e+01 1.44119e+01 1.58070e+01
0.4860 1.26026e-23 1.30076e+01 1.44395e+01 1.58335e+01
0.4870 1.26061e-23 1.29943e+01 1.44279e+01 1.58239e+01
0.4880 1.25976e-23 1.29972e+01 1.44294e+01 1.58246e+01
0.4890 1.25686e-23 1.29944e+01 1.44289e+01 1.58254e+01
0.4900 1.25441e-23 1.30095e+01 1.44396e+01 1.58334e+01
0.4910 1.25214e-23 1.29950e+01 1.44287e+01 1.58246e+01
0.4920 1.25000e-23 1.30017e+01 1.44340e+01 1.58296e+01
0.4930 1.24712e-23 1.30051e+01 1.44365e+01 1.58313e+01
0.4940 1.25351e-23 1.29770e+01 1.44056e+01 1.58003e+01
0.4950 1.24598e-23 1.29989e+01 1.44327e+01 1.58294e+01
0.4960 1.24357e-23 1.30184e+01 1.44500e+01 1.58448e+01
0.4970 1.24153e-23 1.30260e+01 1.44587e+01 1.58538e+01
0.4980 1.24188e-23 1.30136e+01 1.44487e+01 1.58459e+01
0.4990 1.24047e-23 1.30151e+01 1.44500e+01 1.58476e+01
0.5000 1.23893e-23 1.30163e+01 1.44507e+01 1.58484e+01
0.5010 1.23967e-23 1.29957e+01 1.44326e+01 1.58327e+01
0.5020 1.23686e-23 1.30111e+01 1.44449e+01 1.58425e+01
0.5030 1.23385e-23 1.30040e+01 1.44404e+01 1.58412e+01
0.5040 1.23228e-23 1.30039e+01 1.44426e+01 1.58432e+01
0.5050 1.22911e-23 1.30235e+01 1.44590e+01 1.58573e+01
0.5060 1.22827e-23 1.30109e+01 1.44481e+01 1.58482e+01
0.5070 1.22668e-23 1.30023e+01 1.44400e+01 1.58403e+01
0.5080 1.22576e-23 1.29957e+01 1.44354e+01 1.58374e+01
0.5090 1.22184e-23 1.30218e+01 1.44570e+01 1.58559e+01
0.5100 1.22022e-23 1.30108e+01 1.44466e+01 1.58455e+01
0.5110 1.21668e-23 1.30051e+01 1.44463e+01 1.58492e+01
0.5120 1.21747e-23 1.30099e+01 1.44449e+01 1.58445e+01
0.5130 1.20934e-23 1.29997e+01 1.44422e+01 1.58463e+01
0.5140 1.21857e-23 1.29760e+01 1.44094e+01 1.58101e+01
0.5150 1.20869e-23 1.30005e+01 1.44406e+01 1.58428e+01
0.5160 1.20698e-23 1.30071e+01 1.44440e+01 1.58440e+01
0.5170 1.20410e-23 1.30397e+01 1.44758e+01 1.58743e+01
0.5180 1.20167e-23 1.30365e+01 1.44742e+01 1.58748e+01
0.5190 1.20032e-23 1.30584e+01 1.44958e+01 1.58946e+01
0.5200 1.20192e-23 1.30499e+01 1.44873e+01 1.58871e+01
0.5210 1.20182e-23 1.30563e+01 1.44909e+01 1.58898e+01
0.5220 1.20114e-23 1.30456e+01 1.44837e+01 1.58848e+01
0.5230 1.19581e-23 1.30679e+01 1.45055e+01 1.59043e+01
0.5240 1.19565e-23 1.30589e+01 1.44935e+01 1.58921e+01
0.5250 1.19318e-23 1.30580e+01 1.44968e+01 1.58967e+01
0.5260 1.20123e-23 1.30415e+01 1.44681e+01 1.58632e+01
0.5270 1.18795e-23 1.30648e+01 1.45047e+01 1.59061e+01
0.5280 1.18617e-23 1.30513e+01 1.44930e+01 1.58963e+01
0.5290 1.19216e-23 1.30468e+01 1.44804e+01 1.58802e+01
0.5300 1.18348e-23 1.30729e+01 1.45135e+01 1.59143e+01
0.5310 1.19406e-23 1.30382e+01 1.44737e+01 1.58740e+01
0.5320 1.19138e-23 1.30268e+01 1.44662e+01 1.58703e+01
0.5330 1.19601e-23 1.30288e+01 1.44603e+01 1.58602e+01
0.5340 1.19330e-23 1.30293e+01 1.44667e+01 1.58690e+01
0.5350 1.18074e-23 1.30560e+01 1.45015e+01 1.59069e+01
0.5360 1.18883e-23 1.30241e+01 1.44647e+01 1.58697e+01
0.5370 1.17835e-23 1.30548e+01 1.44967e+01 1.59008e+01
0.5380 1.17680e-23 1.30361e+01 1.44814e+01 1.58890e+01
0.5390 1.17465e-23 1.30446e+01 1.44880e+01 1.58929e+01
0.5400 1.17452e-23 1.30582e+01 1.44940e+01 1.58946e+01
0.5410 1.16838e-23 1.30520e+01 1.44946e+01 1.59004e+01
0.5420 1.17471e-23 1.30433e+01 1.44798e+01 1.58825e+01
0.5430 1.19827e-23 1.30321e+01 1.44399e+01 1.58236e+01
0.5440 1.18882e-23 1.30323e+01 1.44428e+01 1.58303e+01
0.5450 1.17907e-23 1.30096e+01 1.44297e+01 1.58249e+01
0.5460 1.17303e-23 1.30227e+01 1.44416e+01 1.58355e+01
0.5470 1.18446e-23 1.30244e+01 1.44296e+01 1.58130e+01
0.5480 1.16975e-23 1.30290e+01 1.44471e+01 1.58405e+01
0.5490 1.16893e-23 1.30041e+01 1.44284e+01 1.58244e+01
0.5500 1.16956e-23 1.30205e+01 1.44371e+01 1.58308e+01
0.5510 1.17809e-23 1.30504e+01 1.44528e+01 1.58320e+01
0.5520 1.16539e-23 1.30294e+01 1.44352e+01 1.58210e+01
0.5530 1.16437e-23 1.30427e+01 1.44577e+01 1.58492e+01
0.5540 1.16412e-23 1.30195e+01 1.44402e+01 1.58370e+01
0.5550 1.16360e-23 1.30354e+01 1.44403e+01 1.58252e+01
0.5560 1.15532e-23 1.30255e+01 1.44430e+01 1.58375e+01
0.5570 1.15967e-23 1.30417e+01 1.44565e+01 1.58478e+01
0.5580 1.16097e-23 1.30184e+01 1.44341e+01 1.58258e+01
0.5590 1.16150e-23 1.30534e+01 1.44553e+01 1.58365e+01
0.5600 1.15371e-23 1.30394e+01 1.44472e+01 1.58347e+01
0.5610 1.15204e-23 1.30295e+01 1.44440e+01 1.58369e+01
0.5620 1.15475e-23 1.30502e+01 1.44567e+01 1.58410e+01
0.5630 1.14869e-23 1.30537e+01 1.44566e+01 1.58414e+01
0.5640 1.16366e-23 1.30463e+01 1.44534e+01 1.58409e+01
0.5650 1.16743e-23 1.30796e+01 1.44822e+01 1.58655e+01
0.5660 1.16604e-23 1.30946e+01 1.44966e+01 1.58792e+01
0.5670 1.17200e-23 1.31093e+01 1.45024e+01 1.58758e+01
0.5680 1.17148e-23 1.30867e+01 1.44813e+01 1.58550e+01
0.5690 1.16416e-23 1.30843e+01 1.44867e+01 1.58670e+01
0.5700 1.15766e-23 1.30870e+01 1.44925e+01 1.58765e+01
0.5710 1.16913e-23 1.30997e+01 1.45057e+01 1.58924e+01
0.5720 1.18330e-23 1.31241e+01 1.45202e+01 1.58938e+01
0.5730 1.17308e-23 1.31042e+01 1.45058e+01 1.58872e+01
0.5740 1.17485e-23 1.31080e+01 1.45095e+01 1.58907e+01
0.5750 1.17061e-23 1.31196e+01 1.45225e+01 1.59039e+01
0.5760 1.17507e-23 1.31194e+01 1.45138e+01 1.58894e+01
0.5770 1.16810e-23 1.31284e+01 1.45351e+01 1.59188e+01
0.5780 1.16701e-23 1.31363e+01 1.45430e+01 1.59256e+01
0.5790 1.16877e-23 1.31431e+01 1.45423e+01 1.59188e+01
0.5800 1.15870e-23 1.31185e+01 1.45303e+01 1.59193e+01
0.5810 1.16772e-23 1.31601e+01 1.45535e+01 1.59238e+01
0.5820 1.16067e-23 1.31281e+01 1.45283e+01 1.59075e+01
0.5830 1.15852e-23 1.31468e+01 1.45415e+01 1.59148e+01
0.5840 1.16258e-23 1.31388e+01 1.45327e+01 1.59051e+01
0.5850 1.15275e-23 1.31380e+01 1.45381e+01 1.59178e+01
0.5860 1.16488e-23 1.31623e+01 1.45501e+01 1.59153e+01
0.5870 1.15666e-23 1.31450e+01 1.45446e+01 1.59220e+01
0.5880 1.15747e-23 1.31639e+01 1.45561e+01 1.59264e+01
0.5890 1.16463e-23 1.31655e+01 1.45555e+01 1.59225e+01
0.5900 1.14615e-23 1.31229e+01 1.45306e+01 1.59174e+01
0.5910 1.14636e-23 1.31587e+01 1.45609e+01 1.59403e+01
0.5920 1.14734e-23 1.31432e+01 1.45399e+01 1.59155e+01
0.5930 1.14009e-23 1.31604e+01 1.45633e+01 1.59443e+01
0.5940 1.13466e-23 1.31432e+01 1.45539e+01 1.59417e+01
0.5950 1.14877e-23 1.31568e+01 1.45523e+01 1.59250e+01
0.5960 1.13793e-23 1.31487e+01 1.45511e+01 1.59318e+01
0.5970 1.14066e-23 1.31820e+01 1.45810e+01 1.59565e+01
0.5980 1.12940e-23 1.31473e+01 1.45491e+01 1.59310e+01
0.5990 1.13172e-23 1.31438e+01 1.45427e+01 1.59215e+01
0.6000 1.13558e-23 1.31396e+01 1.45368e+01 1.59126e+01
0.6010 1.12808e-23 1.31448e+01 1.45451e+01 1.59249e+01
0.6015 1.12465e-23 1.31556e+01 1.45549e+01 1.59322e+01
0.6020 1.13341e-23 1.31406e+01 1.45335e+01 1.59057e+01
0.6030 1.12647e-23 1.31673e+01 1.45614e+01 1.59348e+01
0.6040 1.12975e-23 1.31583e+01 1.45480e+01 1.59154e+01
0.6050 1.13401e-23 1.31491e+01 1.45369e+01 1.59063e+01
0.6060 1.13024e-23 1.31902e+01 1.45784e+01 1.59442e+01
0.6070 1.12905e-23 1.31593e+01 1.45508e+01 1.59218e+01
0.6080 1.12370e-23 1.31457e+01 1.45419e+01 1.59189e+01
0.6090 1.12588e-23 1.31642e+01 1.45581e+01 1.59299e+01
0.6100 1.12704e-23 1.31600e+01 1.45511e+01 1.59200e+01
0.6110 1.12174e-23 1.31342e+01 1.45264e+01 1.58999e+01
0.6120 1.12054e-23 1.31821e+01 1.45772e+01 1.59487e+01
0.6130 1.12900e-23 1.31811e+01 1.45656e+01 1.59289e+01
0.6140 1.12672e-23 1.31717e+01 1.45559e+01 1.59180e+01
0.6150 1.12461e-23 1.32109e+01 1.45987e+01 1.59605e+01
0.6160 1.11927e-23 1.31830e+01 1.45746e+01 1.59425e+01
0.6170 1.12273e-23 1.31699e+01 1.45568e+01 1.59201e+01
0.6180 1.11858e-23 1.32085e+01 1.45986e+01 1.59624e+01
0.6190 1.12097e-23 1.31878e+01 1.45709e+01 1.59299e+01
0.6200 1.11994e-23 1.31917e+01 1.45733e+01 1.59312e+01
0.6210 1.11306e-23 1.32247e+01 1.46098e+01 1.59690e+01
0.6220 1.11442e-23 1.31809e+01 1.45667e+01 1.59284e+01
0.6230 1.10966e-23 1.32012e+01 1.45874e+01 1.59487e+01
0.6240 1.10363e-23 1.32041e+01 1.45944e+01 1.59601e+01
0.6250 1.10275e-23 1.32155e+01 1.46077e+01 1.59732e+01
0.6260 1.10596e-23 1.32108e+01 1.45939e+01 1.59526e+01
0.6270 1.10799e-23 1.31892e+01 1.45785e+01 1.59404e+01
0.6280 1.09957e-23 1.31845e+01 1.45772e+01 1.59456e+01
0.6290 1.10045e-23 1.32137e+01 1.46027e+01 1.59648e+01
0.6300 1.09352e-23 1.31902e+01 1.45868e+01 1.59575e+01
0.6310 1.09454e-23 1.32162e+01 1.46130e+01 1.59792e+01
0.6320 1.10003e-23 1.32259e+01 1.46137e+01 1.59744e+01
0.6330 1.10579e-23 1.32276e+01 1.46102e+01 1.59656e+01
0.6340 1.10477e-23 1.32156e+01 1.46001e+01 1.59570e+01
0.6350 1.09993e-23 1.32284e+01 1.46112e+01 1.59691e+01
0.6360 1.10113e-23 1.32050e+01 1.45902e+01 1.59490e+01
0.6370 1.08565e-23 1.32936e+01 1.46681e+01 1.60211e+01
0.6380 1.09279e-23 1.32136e+01 1.46006e+01 1.59617e+01
0.6390 1.10177e-23 1.32085e+01 1.45912e+01 1.59451e+01
0.6400 1.08395e-23 1.32110e+01 1.45989e+01 1.59607e+01
0.6410 1.09017e-23 1.32180e+01 1.46048e+01 1.59636e+01
0.6420 1.08467e-23 1.32026e+01 1.45872e+01 1.59479e+01
0.6430 1.08253e-23 1.32295e+01 1.46168e+01 1.59771e+01
0.6440 1.08275e-23 1.32268e+01 1.46117e+01 1.59699e+01
0.6450 1.08110e-23 1.32128e+01 1.45958e+01 1.59516e+01
0.6460 1.07103e-23 1.32347e+01 1.46237e+01 1.59842e+01
0.6470 1.08069e-23 1.32403e+01 1.46167e+01 1.59671e+01
0.6480 1.07487e-23 1.32338e+01 1.46145e+01 1.59700e+01
0.6490 1.07449e-23 1.32561e+01 1.46344e+01 1.59864e+01
0.6500 1.07566e-23 1.32596e+01 1.46377e+01 1.59895e+01
0.6510 1.07515e-23 1.32612e+01 1.46368e+01 1.59868e+01
0.6520 1.07269e-23 1.32636e+01 1.46412e+01 1.59934e+01
0.6530 1.07687e-23 1.32769e+01 1.46506e+01 1.59967e+01
0.6540 1.07418e-23 1.32777e+01 1.46512e+01 1.59979e+01
0.6550 1.07223e-23 1.32707e+01 1.46433e+01 1.59902e+01
0.6560 1.06724e-23 1.32719e+01 1.46469e+01 1.59956e+01
0.6570 1.06575e-23 1.32484e+01 1.46230e+01 1.59722e+01
0.6580 1.06550e-23 1.32348e+01 1.46132e+01 1.59658e+01
0.6590 1.05950e-23 1.32547e+01 1.46331e+01 1.59864e+01
0.6600 1.06251e-23 1.32333e+01 1.46122e+01 1.59668e+01
0.6610 1.06223e-23 1.32481e+01 1.46238e+01 1.59746e+01
0.6620 1.05957e-23 1.32520e+01 1.46300e+01 1.59825e+01
0.6630 1.05826e-23 1.32620e+01 1.46399e+01 1.59930e+01
0.6640 1.05769e-23 1.32557e+01 1.46379e+01 1.59944e+01
0.6650 1.05741e-23 1.32611e+01 1.46388e+01 1.59916e+01
0.6660 1.05513e-23 1.32613e+01 1.46421e+01 1.59982e+01
0.6670 1.05465e-23 1.32506e+01 1.46304e+01 1.59856e+01
0.6680 1.05479e-23 1.32606e+01 1.46389e+01 1.59928e+01
0.6690 1.04938e-23 1.32526e+01 1.46363e+01 1.59955e+01
0.6700 1.05603e-23 1.32484e+01 1.46263e+01 1.59803e+01
0.6710 1.04705e-23 1.32791e+01 1.46582e+01 1.60123e+01
0.6720 1.05230e-23 1.32554e+01 1.46298e+01 1.59803e+01
0.6730 1.04312e-23 1.32589e+01 1.46401e+01 1.59972e+01
0.6740 1.04459e-23 1.32474e+01 1.46274e+01 1.59836e+01
0.6750 1.04322e-23 1.32592e+01 1.46390e+01 1.59948e+01
0.6760 1.03889e-23 1.32541e+01 1.46362e+01 1.59939e+01
0.6770 1.03616e-23 1.32457e+01 1.46289e+01 1.59879e+01
0.6780 1.03453e-23 1.32480e+01 1.46317e+01 1.59912e+01
0.6790 1.03986e-23 1.32551e+01 1.46379e+01 1.59957e+01
0.6800 1.04123e-23 1.32710e+01 1.46495e+01 1.60032e+01
0.6810 1.04215e-23 1.32669e+01 1.46485e+01 1.60044e+01
0.6820 1.03738e-23 1.32590e+01 1.46456e+01 1.60069e+01
0.6830 1.03445e-23 1.32595e+01 1.46454e+01 1.60068e+01
0.6840 1.03657e-23 1.32531e+01 1.46356e+01 1.59943e+01
0.6850 1.03623e-23 1.32591e+01 1.46422e+01 1.60010e+01
0.6860 1.02655e-23 1.32538e+01 1.46458e+01 1.60127e+01
0.6870 1.03435e-23 1.32608e+01 1.46453e+01 1.60059e+01
0.6880 1.02416e-23 1.32675e+01 1.46588e+01 1.60248e+01
0.6890 1.03586e-23 1.32775e+01 1.46576e+01 1.60133e+01
0.6900 1.03830e-23 1.32633e+01 1.46451e+01 1.60018e+01
0.6910 1.03169e-23 1.32676e+01 1.46480e+01 1.60040e+01
0.6920 1.03092e-23 1.32718e+01 1.46552e+01 1.60123e+01
0.6930 1.02504e-23 1.32700e+01 1.46550e+01 1.60160e+01
0.6940 1.02331e-23 1.32563e+01 1.46445e+01 1.60078e+01
0.6950 1.01929e-23 1.32604e+01 1.46513e+01 1.60181e+01
0.6960 1.01946e-23 1.32782e+01 1.46639e+01 1.60255e+01
0.6970 1.01392e-23 1.32722e+01 1.46636e+01 1.60314e+01
0.6980 1.01343e-23 1.32600e+01 1.46457e+01 1.60097e+01
0.6990 1.01175e-23 1.32720e+01 1.46615e+01 1.60270e+01
0.7000 1.00807e-23 1.32654e+01 1.46590e+01 1.60272e+01
0.7010 1.01023e-23 1.32575e+01 1.46494e+01 1.60169e+01
0.7020 1.01514e-23 1.32898e+01 1.46754e+01 1.60363e+01
0.7030 1.00443e-23 1.32593e+01 1.46534e+01 1.60248e+01
0.7040 1.00574e-23 1.32585e+01 1.46531e+01 1.60248e+01
0.7050 1.01164e-23 1.32665e+01 1.46609e+01 1.60315e+01
0.7060 1.01231e-23 1.32721e+01 1.46656e+01 1.60372e+01
0.7070 1.00508e-23 1.32722e+01 1.46658e+01 1.60360e+01
0.7080 1.00897e-23 1.32704e+01 1.46612e+01 1.60294e+01
0.7090 1.00807e-23 1.32669e+01 1.46581e+01 1.60268e+01
0.7100 9.93336e-24 1.32411e+01 1.46435e+01 1.60242e+01
0.7110 9.98825e-24 1.32728e+01 1.46662e+01 1.60357e+01
0.7120 9.94717e-24 1.32476e+01 1.46449e+01 1.60200e+01
0.7130 9.97942e-24 1.32750e+01 1.46630e+01 1.60290e+01
0.7140 9.88783e-24 1.32614e+01 1.46575e+01 1.60301e+01
0.7150 9.85301e-24 1.32679e+01 1.46640e+01 1.60376e+01
0.7160 9.89850e-24 1.32570e+01 1.46506e+01 1.60210e+01
0.7170 9.93281e-24 1.32757e+01 1.46612e+01 1.60237e+01
0.7180 9.84945e-24 1.32564e+01 1.46454e+01 1.60122e+01
0.7188 9.83355e-24 1.32639e+01 1.46603e+01 1.60332e+01
0.7190 9.82956e-24 1.32624e+01 1.46570e+01 1.60274e+01
0.7200 9.89559e-24 1.32751e+01 1.46648e+01 1.60301e+01
0.7210 9.82609e-24 1.32571e+01 1.46556e+01 1.60331e+01
0.7220 9.83860e-24 1.32594e+01 1.46584e+01 1.60360e+01
0.7230 9.83940e-24 1.32693e+01 1.46652e+01 1.60395e+01
0.7240 9.79224e-24 1.32578e+01 1.46544e+01 1.60288e+01
0.7250 9.76924e-24 1.32301e+01 1.46329e+01 1.60151e+01
0.7260 9.81871e-24 1.32583e+01 1.46554e+01 1.60312e+01
0.7270 9.89120e-24 1.32714e+01 1.46594e+01 1.60242e+01
0.7280 9.78215e-24 1.32749e+01 1.46689e+01 1.60405e+01
0.7290 9.71645e-24 1.32516e+01 1.46601e+01 1.60467e+01
0.7300 9.76026e-24 1.32618e+01 1.46584e+01 1.60349e+01
0.7310 9.74661e-24 1.32489e+01 1.46466e+01 1.60232e+01
0.7320 9.73615e-24 1.32521e+01 1.46516e+01 1.60312e+01
0.7330 9.73138e-24 1.32690e+01 1.46661e+01 1.60421e+01
0.7340 9.69877e-24 1.32564e+01 1.46580e+01 1.60396e+01
0.7350 9.72165e-24 1.32583e+01 1.46563e+01 1.60356e+01
0.7360 9.67360e-24 1.32539e+01 1.46597e+01 1.60452e+01
0.7370 9.62256e-24 1.32421e+01 1.46526e+01 1.60436e+01
0.7380 9.60371e-24 1.32381e+01 1.46500e+01 1.60429e+01
0.7390 9.58475e-24 1.32468e+01 1.46626e+01 1.60597e+01
0.7400 9.59870e-24 1.32478e+01 1.46595e+01 1.60535e+01
0.7410 9.59947e-24 1.32572e+01 1.46702e+01 1.60638e+01
0.7420 9.57877e-24 1.32593e+01 1.46718e+01 1.60649e+01
0.7430 9.58711e-24 1.32517e+01 1.46650e+01 1.60605e+01
0.7440 9.57800e-24 1.32576e+01 1.46715e+01 1.60667e+01
0.7450 9.58950e-24 1.32602e+01 1.46738e+01 1.60681e+01
0.7460 9.61113e-24 1.32563e+01 1.46671e+01 1.60599e+01
0.7470 9.59744e-24 1.32576e+01 1.46710e+01 1.60652e+01
0.7480 9.61229e-24 1.32609e+01 1.46732e+01 1.60679e+01
0.7490 9.57792e-24 1.32688e+01 1.46832e+01 1.60788e+01
0.7500 9.57755e-24 1.32609e+01 1.46742e+01 1.60696e+01
0.7510 9.54699e-24 1.32684e+01 1.46810e+01 1.60767e+01
0.7520 9.52268e-24 1.32650e+01 1.46776e+01 1.60724e+01
0.7530 9.49394e-24 1.32567e+01 1.46715e+01 1.60681e+01
0.7540 9.48399e-24 1.32635e+01 1.46770e+01 1.60733e+01
0.7550 9.49576e-24 1.32562e+01 1.46694e+01 1.60649e+01
0.7560 9.46915e-24 1.32639e+01 1.46780e+01 1.60738e+01
0.7570 9.46820e-24 1.32589e+01 1.46710e+01 1.60660e+01
0.7580 9.43528e-24 1.32640e+01 1.46780e+01 1.60728e+01
0.7590 9.43040e-24 1.32596e+01 1.46733e+01 1.60694e+01
0.7600 9.43214e-24 1.32568e+01 1.46693e+01 1.60643e+01
0.7610 9.40570e-24 1.32630e+01 1.46759e+01 1.60706e+01
0.7620 9.38398e-24 1.32613e+01 1.46753e+01 1.60703e+01
0.7630 9.38638e-24 1.32713e+01 1.46852e+01 1.60810e+01
0.7640 9.44057e-24 1.32612e+01 1.46731e+01 1.60690e+01
0.7650 9.44321e-24 1.32758e+01 1.46870e+01 1.60803e+01
0.7660 9.42829e-24 1.32732e+01 1.46865e+01 1.60815e+01
0.7670 9.40649e-24 1.32766e+01 1.46918e+01 1.60885e+01
0.7680 9.40590e-24 1.32747e+01 1.46893e+01 1.60862e+01
0.7690 9.41505e-24 1.32822e+01 1.46941e+01 1.60890e+01
0.7700 9.42293e-24 1.32720e+01 1.46867e+01 1.60833e+01
0.7710 9.41502e-24 1.32776e+01 1.46909e+01 1.60872e+01
0.7720 9.38675e-24 1.32824e+01 1.46979e+01 1.60948e+01
0.7730 9.37674e-24 1.32792e+01 1.46940e+01 1.60919e+01
0.7740 9.36463e-24 1.32714e+01 1.46868e+01 1.60859e+01
0.7750 9.34001e-24 1.32710e+01 1.46888e+01 1.60895e+01
0.7760 9.31522e-24 1.32690e+01 1.46871e+01 1.60876e+01
0.7770 9.30680e-24 1.32745e+01 1.46940e+01 1.60956e+01
0.7780 9.31493e-24 1.32788e+01 1.46973e+01 1.60987e+01
0.7790 9.31337e-24 1.32817e+01 1.46999e+01 1.61007e+01
0.7800 9.27880e-24 1.32756e+01 1.46953e+01 1.60973e+01
0.7810 9.22332e-24 1.32845e+01 1.47069e+01 1.61105e+01
0.7820 9.21402e-24 1.32779e+01 1.46982e+01 1.61012e+01
0.7830 9.23034e-24 1.32803e+01 1.47000e+01 1.61021e+01
0.7840 9.21806e-24 1.32799e+01 1.46994e+01 1.61013e+01
0.7850 9.18949e-24 1.32804e+01 1.47011e+01 1.61034e+01
0.7860 9.17752e-24 1.32779e+01 1.47011e+01 1.61065e+01
0.7870 9.19025e-24 1.32857e+01 1.47056e+01 1.61085e+01
0.7880 9.18897e-24 1.32782e+01 1.46992e+01 1.61028e+01
0.7890 9.18102e-24 1.32764e+01 1.46978e+01 1.61013e+01
0.7900 9.15622e-24 1.32761e+01 1.46993e+01 1.61044e+01
0.7910 9.15840e-24 1.32808e+01 1.47048e+01 1.61116e+01
0.7920 9.17926e-24 1.32777e+01 1.47001e+01 1.61062e+01
0.7930 9.18163e-24 1.32803e+01 1.47041e+01 1.61110e+01
0.7940 9.16541e-24 1.32810e+01 1.47037e+01 1.61090e+01
0.7950 9.14606e-24 1.32830e+01 1.47103e+01 1.61198e+01
0.7960 9.15335e-24 1.32929e+01 1.47152e+01 1.61212e+01
0.7970 9.16746e-24 1.32857e+01 1.47102e+01 1.61175e+01
0.7980 9.16568e-24 1.32797e+01 1.47031e+01 1.61100e+01
0.7990 9.13286e-24 1.32846e+01 1.47096e+01 1.61170e+01
0.8000 9.11602e-24 1.32792e+01 1.47057e+01 1.61157e+01
0.8010 9.12529e-24 1.32856e+01 1.47090e+01 1.61165e+01
0.8020 9.11407e-24 1.32843e+01 1.47093e+01 1.61180e+01
0.8030 9.09818e-24 1.32854e+01 1.47100e+01 1.61173e+01
0.8040 9.08290e-24 1.32855e+01 1.47121e+01 1.61218e+01
0.8050 9.09035e-24 1.32876e+01 1.47133e+01 1.61228e+01
0.8060 9.08777e-24 1.32895e+01 1.47163e+01 1.61263e+01
0.8070 9.10176e-24 1.32858e+01 1.47124e+01 1.61225e+01
0.8080 9.06637e-24 1.32938e+01 1.47198e+01 1.61283e+01
0.8090 9.04348e-24 1.32943e+01 1.47212e+01 1.61309e+01
0.8100 8.99811e-24 1.32976e+01 1.47247e+01 1.61344e+01
0.8110 8.95378e-24 1.32919e+01 1.47216e+01 1.61331e+01
0.8120 8.93239e-24 1.32870e+01 1.47146e+01 1.61250e+01
0.8130 8.91614e-24 1.32889e+01 1.47167e+01 1.61266e+01
0.8140 8.89869e-24 1.32863e+01 1.47161e+01 1.61277e+01
0.8150 8.89058e-24 1.32969e+01 1.47277e+01 1.61400e+01
0.8160 8.90044e-24 1.32929e+01 1.47243e+01 1.61374e+01
0.8170 8.91039e-24 1.33018e+01 1.47303e+01 1.61417e+01
0.8180 8.87642e-24 1.32996e+01 1.47310e+01 1.61433e+01
0.8190 8.86366e-24 1.33001e+01 1.47316e+01 1.61450e+01
0.8200 8.86574e-24 1.32932e+01 1.47254e+01 1.61400e+01
0.8210 8.86897e-24 1.32968e+01 1.47286e+01 1.61424e+01
0.8220 8.85954e-24 1.32968e+01 1.47284e+01 1.61422e+01
0.8230 8.86158e-24 1.32959e+01 1.47287e+01 1.61437e+01
0.8240 8.84944e-24 1.33031e+01 1.47357e+01 1.61503e+01
0.8250 8.85409e-24 1.33026e+01 1.47359e+01 1.61511e+01
0.8260 8.84795e-24 1.33034e+01 1.47364e+01 1.61509e+01
0.8270 8.84902e-24 1.33018e+01 1.47341e+01 1.61492e+01
0.8280 8.82916e-24 1.33074e+01 1.47405e+01 1.61551e+01
0.8290 8.81881e-24 1.33043e+01 1.47398e+01 1.61565e+01
0.8300 8.80598e-24 1.33080e+01 1.47423e+01 1.61584e+01
0.8310 8.81608e-24 1.33072e+01 1.47415e+01 1.61578e+01
0.8320 8.79680e-24 1.33124e+01 1.47466e+01 1.61614e+01
0.8330 8.78251e-24 1.33053e+01 1.47416e+01 1.61596e+01
0.8340 8.79051e-24 1.33074e+01 1.47428e+01 1.61601e+01
0.8350 8.79714e-24 1.33089e+01 1.47440e+01 1.61609e+01
0.8360 8.77985e-24 1.33053e+01 1.47407e+01 1.61574e+01
0.8370 8.77781e-24 1.33099e+01 1.47452e+01 1.61631e+01
0.8379 8.78723e-24 1.33062e+01 1.47421e+01 1.61604e+01
