# 1:time 2:Lum 3:eave 4:erms 5:eskw
0.0100 1.89694e-22 1.20051e+01 1.34541e+01 1.49472e+01
0.0110 1.53849e-22 1.13806e+01 1.26319e+01 1.38731e+01
0.0120 1.22388e-22 1.06782e+01 1.18493e+01 1.29845e+01
0.0130 1.12845e-22 1.06252e+01 1.18189e+01 1.29967e+01
0.0140 1.04497e-22 1.03739e+01 1.16614e+01 1.29653e+01
0.0150 9.90326e-23 1.04133e+01 1.17331e+01 1.30861e+01
0.0160 8.74274e-23 1.00808e+01 1.13657e+01 1.26989e+01
0.0170 8.29536e-23 9.95317e+00 1.12057e+01 1.25100e+01
0.0180 7.54443e-23 9.83340e+00 1.11529e+01 1.25541e+01
0.0190 7.06509e-23 9.62717e+00 1.09331e+01 1.23455e+01
0.0200 6.63276e-23 9.49588e+00 1.07936e+01 1.22036e+01
0.0210 6.23375e-23 9.19988e+00 1.04113e+01 1.17353e+01
0.0220 6.11003e-23 9.05615e+00 1.02089e+01 1.14607e+01
0.0230 5.84290e-23 8.94661e+00 1.00731e+01 1.12960e+01
0.0240 5.59633e-23 8.85729e+00 9.94039e+00 1.11070e+01
0.0250 5.48964e-23 8.85748e+00 9.92295e+00 1.10622e+01
0.0260 5.46288e-23 8.89843e+00 9.97249e+00 1.11174e+01
0.0270 5.42147e-23 8.95026e+00 1.00505e+01 1.12266e+01
0.0280 5.26598e-23 8.95790e+00 1.00824e+01 1.12909e+01
0.0290 4.99268e-23 8.88417e+00 1.00053e+01 1.12122e+01
0.0300 4.75989e-23 8.81097e+00 9.91849e+00 1.11076e+01
0.0310 4.56481e-23 8.73023e+00 9.81222e+00 1.09682e+01
0.0320 4.43101e-23 8.67401e+00 9.73218e+00 1.08552e+01
0.0330 4.34457e-23 8.65832e+00 9.70785e+00 1.08175e+01
0.0340 4.27539e-23 8.65894e+00 9.70712e+00 1.08136e+01
0.0350 4.22601e-23 8.67037e+00 9.72260e+00 1.08332e+01
0.0360 4.18216e-23 8.67652e+00 9.72900e+00 1.08394e+01
0.0370 4.14890e-23 8.68263e+00 9.73507e+00 1.08442e+01
0.0380 4.11207e-23 8.68445e+00 9.73727e+00 1.08457e+01
0.0390 4.06457e-23 8.67809e+00 9.72682e+00 1.08281e+01
0.0400 4.01496e-23 8.68584e+00 9.74039e+00 1.08486e+01
0.0410 3.95839e-23 8.69713e+00 9.75816e+00 1.08741e+01
0.0420 3.89332e-23 8.70398e+00 9.77106e+00 1.08947e+01
0.0430 3.82138e-23 8.69437e+00 9.76021e+00 1.08823e+01
0.0440 3.76443e-23 8.67850e+00 9.73473e+00 1.08433e+01
0.0450 3.72101e-23 8.66370e+00 9.71010e+00 1.08045e+01
0.0460 3.68695e-23 8.65846e+00 9.69847e+00 1.07821e+01
0.0470 3.65387e-23 8.65862e+00 9.69258e+00 1.07663e+01
0.0480 3.64362e-23 8.67721e+00 9.71007e+00 1.07799e+01
0.0490 3.65403e-23 8.70906e+00 9.74586e+00 1.08185e+01
0.0500 3.66846e-23 8.73920e+00 9.77965e+00 1.08547e+01
0.0510 3.66941e-23 8.75513e+00 9.79308e+00 1.08630e+01
0.0520 3.65989e-23 8.77351e+00 9.81259e+00 1.08833e+01
0.0530 3.64252e-23 8.78046e+00 9.82631e+00 1.09060e+01
0.0540 3.61482e-23 8.77657e+00 9.82174e+00 1.09005e+01
0.0550 3.59520e-23 8.78362e+00 9.82740e+00 1.09038e+01
0.0560 3.58475e-23 8.80161e+00 9.85382e+00 1.09398e+01
0.0570 3.57933e-23 8.82220e+00 9.88046e+00 1.09722e+01
0.0580 3.57900e-23 8.84577e+00 9.90787e+00 1.10027e+01
0.0590 3.58929e-23 8.87377e+00 9.94341e+00 1.10465e+01
0.0600 3.60161e-23 8.90382e+00 9.98115e+00 1.10931e+01
0.0610 3.61290e-23 8.92809e+00 1.00124e+01 1.11327e+01
0.0620 3.62066e-23 8.95320e+00 1.00452e+01 1.11749e+01
0.0630 3.63110e-23 8.97571e+00 1.00731e+01 1.12084e+01
0.0640 3.64074e-23 8.99574e+00 1.00962e+01 1.12344e+01
0.0650 3.64410e-23 9.01131e+00 1.01140e+01 1.12542e+01
0.0660 3.63795e-23 9.01654e+00 1.01144e+01 1.12475e+01
0.0670 3.63340e-23 9.02669e+00 1.01235e+01 1.12545e+01
0.0680 3.64007e-23 9.05311e+00 1.01594e+01 1.13030e+01
0.0690 3.64595e-23 9.07800e+00 1.01909e+01 1.13427e+01
0.0700 3.64785e-23 9.09985e+00 1.02146e+01 1.13670e+01
0.0710 3.65678e-23 9.13018e+00 1.02524e+01 1.14128e+01
0.0720 3.67530e-23 9.16369e+00 1.02949e+01 1.14652e+01
0.0730 3.68522e-23 9.18255e+00 1.03150e+01 1.14853e+01
0.0740 3.68355e-23 9.18987e+00 1.03175e+01 1.14798e+01
0.0750 3.68092e-23 9.19932e+00 1.03251e+01 1.14829e+01
0.0760 3.68679e-23 9.22796e+00 1.03636e+01 1.15336e+01
0.0770 3.69422e-23 9.25262e+00 1.03954e+01 1.15734e+01
0.0780 3.69798e-23 9.27293e+00 1.04216e+01 1.16064e+01
0.0790 3.69892e-23 9.29297e+00 1.04502e+01 1.16455e+01
0.0800 3.69617e-23 9.30919e+00 1.04719e+01 1.16742e+01
0.0810 3.69556e-23 9.32967e+00 1.05010e+01 1.17139e+01
0.0820 3.69491e-23 9.35233e+00 1.05319e+01 1.17551e+01
0.0830 3.69242e-23 9.37052e+00 1.05547e+01 1.17827e+01
0.0840 3.69326e-23 9.38790e+00 1.05744e+01 1.18045e+01
0.0850 3.69480e-23 9.40720e+00 1.05971e+01 1.18304e+01
0.0860 3.69775e-23 9.42952e+00 1.06244e+01 1.18629e+01
0.0870 3.69846e-23 9.45330e+00 1.06536e+01 1.18982e+01
0.0880 3.69563e-23 9.46900e+00 1.06732e+01 1.19220e+01
0.0890 3.68653e-23 9.47999e+00 1.06864e+01 1.19376e+01
0.0900 3.67499e-23 9.48641e+00 1.06930e+01 1.19440e+01
0.0910 3.66226e-23 9.49609e+00 1.07036e+01 1.19553e+01
0.0920 3.65533e-23 9.50892e+00 1.07185e+01 1.19723e+01
0.0930 3.64917e-23 9.52356e+00 1.07355e+01 1.19915e+01
0.0940 3.64062e-23 9.53597e+00 1.07490e+01 1.20056e+01
0.0950 3.63387e-23 9.54727e+00 1.07607e+01 1.20173e+01
0.0960 3.62513e-23 9.56013e+00 1.07746e+01 1.20317e+01
0.0970 3.61618e-23 9.57196e+00 1.07868e+01 1.20439e+01
0.0980 3.60666e-23 9.58171e+00 1.07973e+01 1.20545e+01
0.0990 3.59636e-23 9.59262e+00 1.08090e+01 1.20667e+01
0.1000 3.58524e-23 9.60113e+00 1.08185e+01 1.20768e+01
0.1010 3.57487e-23 9.61187e+00 1.08292e+01 1.20869e+01
0.1020 3.56534e-23 9.62269e+00 1.08403e+01 1.20977e+01
0.1030 3.55483e-23 9.63303e+00 1.08507e+01 1.21076e+01
0.1040 3.54445e-23 9.64233e+00 1.08600e+01 1.21161e+01
0.1050 3.53314e-23 9.65220e+00 1.08703e+01 1.21261e+01
0.1060 3.52319e-23 9.66353e+00 1.08825e+01 1.21388e+01
0.1070 3.51335e-23 9.67540e+00 1.08954e+01 1.21524e+01
0.1080 3.50307e-23 9.68540e+00 1.09060e+01 1.21629e+01
0.1090 3.49106e-23 9.69298e+00 1.09143e+01 1.21716e+01
0.1100 3.47872e-23 9.70181e+00 1.09235e+01 1.21808e+01
0.1110 3.46603e-23 9.70967e+00 1.09318e+01 1.21888e+01
0.1120 3.45556e-23 9.72118e+00 1.09445e+01 1.22022e+01
0.1130 3.44434e-23 9.73165e+00 1.09561e+01 1.22148e+01
0.1140 3.43192e-23 9.74103e+00 1.09667e+01 1.22260e+01
0.1150 3.41842e-23 9.75008e+00 1.09763e+01 1.22358e+01
0.1160 3.40541e-23 9.75862e+00 1.09854e+01 1.22449e+01
0.1170 3.39092e-23 9.76643e+00 1.09936e+01 1.22531e+01
0.1180 3.37760e-23 9.77435e+00 1.10017e+01 1.22605e+01
0.1190 3.36544e-23 9.78312e+00 1.10111e+01 1.22701e+01
0.1200 3.35288e-23 9.79080e+00 1.10197e+01 1.22789e+01
0.1210 3.33999e-23 9.80031e+00 1.10292e+01 1.22880e+01
0.1220 3.32706e-23 9.80815e+00 1.10377e+01 1.22967e+01
0.1230 3.31367e-23 9.81496e+00 1.10450e+01 1.23038e+01
0.1240 3.29912e-23 9.81966e+00 1.10498e+01 1.23079e+01
0.1250 3.28336e-23 9.82472e+00 1.10541e+01 1.23106e+01
0.1260 3.26703e-23 9.82847e+00 1.10572e+01 1.23121e+01
0.1270 3.25390e-23 9.82988e+00 1.10559e+01 1.23077e+01
0.1280 3.23866e-23 9.83017e+00 1.10513e+01 1.22980e+01
0.1290 3.22409e-23 9.82640e+00 1.10347e+01 1.22678e+01
0.1300 3.20285e-23 9.79351e+00 1.09758e+01 1.21792e+01
0.1310 3.17546e-23 9.77997e+00 1.09365e+01 1.21076e+01
0.1310 3.17568e-23 9.77955e+00 1.09356e+01 1.21061e+01
0.1320 3.15223e-23 9.75884e+00 1.08924e+01 1.20335e+01
0.1330 3.13073e-23 9.75035e+00 1.08727e+01 1.19981e+01
0.1340 3.11524e-23 9.75207e+00 1.08692e+01 1.19869e+01
0.1350 3.09781e-23 9.75054e+00 1.08639e+01 1.19762e+01
0.1360 3.08303e-23 9.75547e+00 1.08694e+01 1.19822e+01
0.1370 3.06758e-23 9.75909e+00 1.08736e+01 1.19870e+01
0.1380 3.05335e-23 9.76460e+00 1.08800e+01 1.19944e+01
0.1390 3.03963e-23 9.77198e+00 1.08886e+01 1.20046e+01
0.1400 3.02690e-23 9.77914e+00 1.08971e+01 1.20148e+01
0.1410 3.01333e-23 9.78465e+00 1.09031e+01 1.20216e+01
0.1420 2.99978e-23 9.79022e+00 1.09099e+01 1.20297e+01
0.1430 2.98555e-23 9.79458e+00 1.09154e+01 1.20365e+01
0.1440 2.97054e-23 9.79656e+00 1.09178e+01 1.20391e+01
0.1450 2.95617e-23 9.79869e+00 1.09203e+01 1.20420e+01
0.1460 2.94229e-23 9.80283e+00 1.09247e+01 1.20467e+01
0.1470 2.92849e-23 9.80638e+00 1.09286e+01 1.20508e+01
0.1480 2.91333e-23 9.80830e+00 1.09303e+01 1.20525e+01
0.1490 2.89793e-23 9.80907e+00 1.09309e+01 1.20528e+01
0.1500 2.88256e-23 9.81180e+00 1.09333e+01 1.20550e+01
0.1510 2.86694e-23 9.81167e+00 1.09330e+01 1.20543e+01
0.1520 2.85258e-23 9.81357e+00 1.09346e+01 1.20558e+01
0.1530 2.84032e-23 9.81860e+00 1.09404e+01 1.20627e+01
0.1540 2.82836e-23 9.82412e+00 1.09467e+01 1.20697e+01
0.1550 2.81437e-23 9.82473e+00 1.09472e+01 1.20701e+01
0.1560 2.79954e-23 9.82605e+00 1.09481e+01 1.20707e+01
0.1570 2.78589e-23 9.82768e+00 1.09499e+01 1.20724e+01
0.1580 2.77289e-23 9.82885e+00 1.09511e+01 1.20735e+01
0.1590 2.75981e-23 9.82855e+00 1.09506e+01 1.20726e+01
0.1600 2.74549e-23 9.83103e+00 1.09523e+01 1.20737e+01
0.1610 2.73149e-23 9.83281e+00 1.09539e+01 1.20752e+01
0.1620 2.71803e-23 9.83424e+00 1.09555e+01 1.20769e+01
0.1630 2.70484e-23 9.83706e+00 1.09582e+01 1.20798e+01
0.1640 2.69231e-23 9.83761e+00 1.09595e+01 1.20818e+01
0.1650 2.67813e-23 9.83962e+00 1.09616e+01 1.20842e+01
0.1660 2.66476e-23 9.84055e+00 1.09627e+01 1.20856e+01
0.1670 2.65113e-23 9.84136e+00 1.09630e+01 1.20855e+01
0.1680 2.63835e-23 9.84272e+00 1.09644e+01 1.20869e+01
0.1690 2.62672e-23 9.84391e+00 1.09660e+01 1.20892e+01
0.1700 2.61406e-23 9.84576e+00 1.09682e+01 1.20918e+01
0.1710 2.60075e-23 9.84777e+00 1.09696e+01 1.20929e+01
0.1720 2.58680e-23 9.84452e+00 1.09661e+01 1.20888e+01
0.1730 2.57383e-23 9.84406e+00 1.09655e+01 1.20879e+01
0.1740 2.56197e-23 9.84428e+00 1.09657e+01 1.20878e+01
0.1750 2.54998e-23 9.84542e+00 1.09664e+01 1.20882e+01
0.1760 2.53779e-23 9.84689e+00 1.09672e+01 1.20884e+01
0.1770 2.52733e-23 9.84671e+00 1.09667e+01 1.20874e+01
0.1780 2.51569e-23 9.84674e+00 1.09662e+01 1.20862e+01
0.1790 2.50460e-23 9.84618e+00 1.09651e+01 1.20843e+01
0.1800 2.49315e-23 9.84619e+00 1.09637e+01 1.20814e+01
0.1810 2.48222e-23 9.84532e+00 1.09619e+01 1.20788e+01
0.1820 2.47115e-23 9.84562e+00 1.09617e+01 1.20778e+01
0.1830 2.46059e-23 9.84534e+00 1.09609e+01 1.20766e+01
0.1840 2.45007e-23 9.84464e+00 1.09594e+01 1.20741e+01
0.1850 2.43897e-23 9.84583e+00 1.09594e+01 1.20731e+01
0.1860 2.42829e-23 9.84647e+00 1.09595e+01 1.20725e+01
0.1870 2.41687e-23 9.84744e+00 1.09596e+01 1.20716e+01
0.1880 2.40570e-23 9.84721e+00 1.09585e+01 1.20696e+01
0.1890 2.39490e-23 9.84813e+00 1.09593e+01 1.20699e+01
0.1900 2.38518e-23 9.84803e+00 1.09588e+01 1.20689e+01
0.1910 2.37489e-23 9.84864e+00 1.09590e+01 1.20685e+01
0.1920 2.36539e-23 9.84928e+00 1.09594e+01 1.20685e+01
0.1930 2.35533e-23 9.85069e+00 1.09604e+01 1.20690e+01
0.1940 2.34485e-23 9.85065e+00 1.09596e+01 1.20675e+01
0.1950 2.33445e-23 9.85037e+00 1.09586e+01 1.20656e+01
0.1960 2.32416e-23 9.85111e+00 1.09587e+01 1.20651e+01
0.1970 2.31489e-23 9.84977e+00 1.09570e+01 1.20629e+01
0.1980 2.30572e-23 9.85075e+00 1.09577e+01 1.20633e+01
0.1990 2.29702e-23 9.85154e+00 1.09579e+01 1.20629e+01
0.2000 2.28771e-23 9.85093e+00 1.09569e+01 1.20614e+01
0.2010 2.27881e-23 9.85178e+00 1.09570e+01 1.20607e+01
0.2020 2.27012e-23 9.85118e+00 1.09555e+01 1.20581e+01
0.2030 2.26126e-23 9.85028e+00 1.09538e+01 1.20556e+01
0.2040 2.25233e-23 9.84901e+00 1.09518e+01 1.20528e+01
0.2050 2.24363e-23 9.84858e+00 1.09510e+01 1.20516e+01
0.2060 2.23538e-23 9.84912e+00 1.09513e+01 1.20515e+01
0.2070 2.22691e-23 9.84935e+00 1.09509e+01 1.20505e+01
0.2080 2.21818e-23 9.84976e+00 1.09507e+01 1.20496e+01
0.2090 2.20945e-23 9.84973e+00 1.09500e+01 1.20483e+01
0.2100 2.20090e-23 9.84956e+00 1.09496e+01 1.20477e+01
0.2110 2.19261e-23 9.85041e+00 1.09498e+01 1.20473e+01
0.2120 2.18483e-23 9.84953e+00 1.09487e+01 1.20458e+01
0.2130 2.17699e-23 9.84917e+00 1.09483e+01 1.20454e+01
0.2140 2.16930e-23 9.85089e+00 1.09494e+01 1.20462e+01
0.2150 2.16148e-23 9.85181e+00 1.09499e+01 1.20463e+01
0.2160 2.15301e-23 9.85148e+00 1.09492e+01 1.20453e+01
0.2170 2.14527e-23 9.85153e+00 1.09491e+01 1.20448e+01
0.2180 2.13752e-23 9.85152e+00 1.09493e+01 1.20449e+01
0.2190 2.13028e-23 9.85309e+00 1.09500e+01 1.20450e+01
0.2200 2.12301e-23 9.85280e+00 1.09492e+01 1.20437e+01
0.2210 2.11605e-23 9.85342e+00 1.09495e+01 1.20434e+01
0.2220 2.10864e-23 9.85398e+00 1.09497e+01 1.20434e+01
0.2230 2.10257e-23 9.85392e+00 1.09490e+01 1.20419e+01
0.2240 2.09594e-23 9.85547e+00 1.09501e+01 1.20425e+01
0.2250 2.08969e-23 9.85541e+00 1.09497e+01 1.20418e+01
0.2260 2.08316e-23 9.85673e+00 1.09504e+01 1.20419e+01
0.2270 2.07650e-23 9.85801e+00 1.09512e+01 1.20421e+01
0.2280 2.06987e-23 9.85982e+00 1.09524e+01 1.20425e+01
0.2290 2.06265e-23 9.86032e+00 1.09524e+01 1.20419e+01
0.2300 2.05588e-23 9.86062e+00 1.09523e+01 1.20413e+01
0.2310 2.04906e-23 9.86123e+00 1.09527e+01 1.20414e+01
0.2320 2.04245e-23 9.86221e+00 1.09534e+01 1.20419e+01
0.2330 2.03621e-23 9.86372e+00 1.09542e+01 1.20421e+01
0.2340 2.02996e-23 9.86308e+00 1.09533e+01 1.20408e+01
0.2350 2.02356e-23 9.86482e+00 1.09544e+01 1.20412e+01
0.2360 2.01740e-23 9.86582e+00 1.09546e+01 1.20407e+01
0.2370 2.01098e-23 9.86825e+00 1.09561e+01 1.20414e+01
0.2380 2.00466e-23 9.87017e+00 1.09571e+01 1.20416e+01
0.2390 1.99809e-23 9.86941e+00 1.09562e+01 1.20406e+01
0.2400 1.99177e-23 9.87094e+00 1.09572e+01 1.20410e+01
0.2410 1.98579e-23 9.87129e+00 1.09575e+01 1.20411e+01
0.2420 1.98044e-23 9.87155e+00 1.09575e+01 1.20408e+01
0.2430 1.97520e-23 9.87275e+00 1.09582e+01 1.20412e+01
0.2440 1.96984e-23 9.87603e+00 1.09606e+01 1.20429e+01
0.2450 1.96461e-23 9.87441e+00 1.09593e+01 1.20417e+01
0.2460 1.95889e-23 9.87782e+00 1.09616e+01 1.20431e+01
0.2470 1.95358e-23 9.87733e+00 1.09609e+01 1.20422e+01
0.2480 1.94824e-23 9.87794e+00 1.09612e+01 1.20419e+01
0.2482 1.94706e-23 9.87843e+00 1.09616e+01 1.20422e+01
0.2490 1.94266e-23 9.87951e+00 1.09624e+01 1.20427e+01
0.2500 1.93722e-23 9.88097e+00 1.09633e+01 1.20431e+01
0.2510 1.93181e-23 9.88251e+00 1.09644e+01 1.20438e+01
0.2520 1.92683e-23 9.88410e+00 1.09654e+01 1.20443e+01
0.2530 1.92206e-23 9.88569e+00 1.09664e+01 1.20448e+01
0.2540 1.91711e-23 9.88702e+00 1.09675e+01 1.20455e+01
0.2550 1.91219e-23 9.88958e+00 1.09690e+01 1.20463e+01
0.2560 1.90762e-23 9.89109e+00 1.09697e+01 1.20462e+01
0.2570 1.90306e-23 9.89152e+00 1.09699e+01 1.20461e+01
0.2580 1.89849e-23 9.89306e+00 1.09711e+01 1.20469e+01
0.2590 1.89394e-23 9.89442e+00 1.09722e+01 1.20478e+01
0.2600 1.88934e-23 9.89647e+00 1.09734e+01 1.20486e+01
0.2610 1.88534e-23 9.89711e+00 1.09739e+01 1.20488e+01
0.2620 1.88079e-23 9.89837e+00 1.09750e+01 1.20497e+01
0.2630 1.87626e-23 9.90052e+00 1.09767e+01 1.20509e+01
0.2640 1.87212e-23 9.90209e+00 1.09781e+01 1.20523e+01
0.2650 1.86791e-23 9.90368e+00 1.09795e+01 1.20535e+01
0.2660 1.86314e-23 9.90570e+00 1.09812e+01 1.20550e+01
0.2670 1.85861e-23 9.90747e+00 1.09825e+01 1.20558e+01
0.2680 1.85400e-23 9.90877e+00 1.09834e+01 1.20564e+01
0.2690 1.84984e-23 9.91033e+00 1.09843e+01 1.20567e+01
0.2700 1.84615e-23 9.91045e+00 1.09843e+01 1.20565e+01
0.2710 1.84219e-23 9.91169e+00 1.09853e+01 1.20572e+01
0.2720 1.83844e-23 9.91451e+00 1.09875e+01 1.20589e+01
0.2730 1.83475e-23 9.91505e+00 1.09881e+01 1.20594e+01
0.2740 1.83085e-23 9.91846e+00 1.09906e+01 1.20614e+01
0.2750 1.82625e-23 9.91960e+00 1.09918e+01 1.20625e+01
0.2760 1.82203e-23 9.92242e+00 1.09939e+01 1.20641e+01
0.2770 1.81764e-23 9.92165e+00 1.09935e+01 1.20638e+01
0.2780 1.81312e-23 9.92317e+00 1.09945e+01 1.20646e+01
0.2790 1.80850e-23 9.92725e+00 1.09977e+01 1.20673e+01
0.2800 1.80450e-23 9.92634e+00 1.09972e+01 1.20669e+01
0.2810 1.80054e-23 9.92542e+00 1.09973e+01 1.20675e+01
0.2820 1.79627e-23 9.93066e+00 1.10016e+01 1.20712e+01
0.2830 1.79163e-23 9.93214e+00 1.10032e+01 1.20728e+01
0.2840 1.78666e-23 9.93522e+00 1.10058e+01 1.20751e+01
0.2850 1.78209e-23 9.93537e+00 1.10064e+01 1.20758e+01
0.2860 1.77717e-23 9.93948e+00 1.10097e+01 1.20788e+01
0.2870 1.77296e-23 9.94250e+00 1.10123e+01 1.20814e+01
0.2880 1.76950e-23 9.94042e+00 1.10113e+01 1.20811e+01
0.2890 1.76617e-23 9.94176e+00 1.10129e+01 1.20827e+01
0.2900 1.76296e-23 9.94461e+00 1.10154e+01 1.20853e+01
0.2910 1.75996e-23 9.94679e+00 1.10176e+01 1.20876e+01
0.2920 1.75704e-23 9.94787e+00 1.10191e+01 1.20894e+01
0.2930 1.75408e-23 9.94965e+00 1.10209e+01 1.20912e+01
0.2940 1.75115e-23 9.95233e+00 1.10234e+01 1.20935e+01
0.2950 1.74842e-23 9.95192e+00 1.10239e+01 1.20945e+01
0.2960 1.74549e-23 9.95550e+00 1.10273e+01 1.20978e+01
0.2970 1.74278e-23 9.95545e+00 1.10279e+01 1.20988e+01
0.2980 1.73951e-23 9.95997e+00 1.10315e+01 1.21018e+01
0.2990 1.73647e-23 9.96131e+00 1.10332e+01 1.21037e+01
0.3000 1.73352e-23 9.96380e+00 1.10359e+01 1.21065e+01
0.3010 1.73040e-23 9.96618e+00 1.10384e+01 1.21093e+01
0.3020 1.72793e-23 9.96534e+00 1.10387e+01 1.21102e+01
0.3030 1.72469e-23 9.97131e+00 1.10436e+01 1.21145e+01
0.3040 1.72173e-23 9.97293e+00 1.10454e+01 1.21166e+01
0.3050 1.71863e-23 9.97236e+00 1.10457e+01 1.21175e+01
0.3060 1.71551e-23 9.97385e+00 1.10476e+01 1.21198e+01
0.3070 1.71215e-23 9.97569e+00 1.10497e+01 1.21222e+01
0.3080 1.70833e-23 9.97973e+00 1.10534e+01 1.21257e+01
0.3090 1.70495e-23 9.98113e+00 1.10552e+01 1.21279e+01
0.3100 1.70175e-23 9.98377e+00 1.10578e+01 1.21305e+01
0.3110 1.69889e-23 9.98575e+00 1.10600e+01 1.21330e+01
0.3120 1.69640e-23 9.98546e+00 1.10604e+01 1.21340e+01
0.3130 1.69331e-23 9.99104e+00 1.10653e+01 1.21386e+01
0.3140 1.69047e-23 9.99153e+00 1.10666e+01 1.21403e+01
0.3150 1.68716e-23 9.99423e+00 1.10693e+01 1.21432e+01
0.3160 1.68390e-23 9.99472e+00 1.10706e+01 1.21452e+01
0.3170 1.68053e-23 9.99698e+00 1.10731e+01 1.21478e+01
0.3180 1.67746e-23 9.99699e+00 1.10739e+01 1.21493e+01
0.3190 1.67418e-23 1.00006e+01 1.10771e+01 1.21524e+01
0.3200 1.67134e-23 1.00014e+01 1.10783e+01 1.21539e+01
0.3210 1.66850e-23 1.00037e+01 1.10806e+01 1.21564e+01
0.3220 1.66595e-23 1.00035e+01 1.10812e+01 1.21575e+01
0.3230 1.66303e-23 1.00092e+01 1.10861e+01 1.21620e+01
0.3240 1.65997e-23 1.00140e+01 1.10904e+01 1.21659e+01
0.3250 1.65721e-23 1.00151e+01 1.10918e+01 1.21677e+01
0.3260 1.65432e-23 1.00149e+01 1.10923e+01 1.21685e+01
0.3270 1.65149e-23 1.00174e+01 1.10949e+01 1.21712e+01
0.3280 1.64882e-23 1.00203e+01 1.10975e+01 1.21739e+01
0.3290 1.64647e-23 1.00170e+01 1.10960e+01 1.21735e+01
0.3300 1.64340e-23 1.00234e+01 1.11013e+01 1.21783e+01
0.3310 1.64062e-23 1.00249e+01 1.11031e+01 1.21803e+01
0.3320 1.63782e-23 1.00266e+01 1.11049e+01 1.21823e+01
0.3330 1.63495e-23 1.00275e+01 1.11063e+01 1.21839e+01
0.3340 1.63189e-23 1.00311e+01 1.11094e+01 1.21868e+01
0.3350 1.62933e-23 1.00297e+01 1.11089e+01 1.21869e+01
0.3360 1.62679e-23 1.00324e+01 1.11111e+01 1.21889e+01
0.3370 1.62444e-23 1.00356e+01 1.11145e+01 1.21925e+01
0.3380 1.62207e-23 1.00382e+01 1.11171e+01 1.21952e+01
0.3390 1.61972e-23 1.00376e+01 1.11177e+01 1.21964e+01
0.3400 1.61718e-23 1.00408e+01 1.11205e+01 1.21993e+01
0.3410 1.61486e-23 1.00440e+01 1.11233e+01 1.22018e+01
0.3420 1.61281e-23 1.00471e+01 1.11261e+01 1.22045e+01
0.3430 1.61054e-23 1.00499e+01 1.11286e+01 1.22068e+01
0.3440 1.60847e-23 1.00492e+01 1.11287e+01 1.22074e+01
0.3450 1.60604e-23 1.00491e+01 1.11294e+01 1.22088e+01
0.3460 1.60316e-23 1.00509e+01 1.11313e+01 1.22107e+01
0.3470 1.59992e-23 1.00552e+01 1.11351e+01 1.22144e+01
0.3480 1.59682e-23 1.00561e+01 1.11364e+01 1.22160e+01
0.3490 1.59329e-23 1.00613e+01 1.11406e+01 1.22196e+01
0.3500 1.59018e-23 1.00612e+01 1.11412e+01 1.22206e+01
0.3510 1.58743e-23 1.00604e+01 1.11413e+01 1.22213e+01
0.3520 1.58443e-23 1.00640e+01 1.11446e+01 1.22246e+01
0.3530 1.58177e-23 1.00652e+01 1.11462e+01 1.22268e+01
0.3540 1.57880e-23 1.00697e+01 1.11503e+01 1.22307e+01
0.3550 1.57605e-23 1.00693e+01 1.11505e+01 1.22313e+01
0.3560 1.57326e-23 1.00724e+01 1.11534e+01 1.22340e+01
0.3570 1.57088e-23 1.00728e+01 1.11540e+01 1.22347e+01
0.3580 1.56884e-23 1.00751e+01 1.11559e+01 1.22365e+01
0.3590 1.56675e-23 1.00786e+01 1.11589e+01 1.22391e+01
0.3600 1.56472e-23 1.00805e+01 1.11609e+01 1.22411e+01
0.3610 1.56225e-23 1.00851e+01 1.11649e+01 1.22448e+01
0.3620 1.56009e-23 1.00807e+01 1.11623e+01 1.22433e+01
0.3630 1.55703e-23 1.00887e+01 1.11683e+01 1.22482e+01
0.3640 1.55465e-23 1.00879e+01 1.11683e+01 1.22488e+01
0.3650 1.55208e-23 1.00896e+01 1.11704e+01 1.22509e+01
0.3657 1.55077e-23 1.00857e+01 1.11677e+01 1.22492e+01
0.3660 1.54975e-23 1.00890e+01 1.11703e+01 1.22513e+01
0.3670 1.54724e-23 1.00914e+01 1.11726e+01 1.22537e+01
0.3680 1.54462e-23 1.00971e+01 1.11773e+01 1.22579e+01
0.3690 1.54225e-23 1.01003e+01 1.11805e+01 1.22611e+01
0.3700 1.54001e-23 1.00989e+01 1.11801e+01 1.22614e+01
0.3710 1.53754e-23 1.01006e+01 1.11817e+01 1.22630e+01
0.3720 1.53479e-23 1.01064e+01 1.11864e+01 1.22669e+01
0.3730 1.53228e-23 1.01079e+01 1.11877e+01 1.22682e+01
0.3740 1.53005e-23 1.01042e+01 1.11856e+01 1.22669e+01
0.3750 1.52733e-23 1.01077e+01 1.11886e+01 1.22696e+01
0.3760 1.52490e-23 1.01103e+01 1.11908e+01 1.22717e+01
0.3770 1.52321e-23 1.01124e+01 1.11931e+01 1.22742e+01
0.3780 1.52180e-23 1.01136e+01 1.11943e+01 1.22754e+01
0.3790 1.52082e-23 1.01152e+01 1.11958e+01 1.22768e+01
0.3800 1.52013e-23 1.01154e+01 1.11961e+01 1.22772e+01
0.3810 1.51881e-23 1.01178e+01 1.11984e+01 1.22793e+01
0.3820 1.51701e-23 1.01213e+01 1.12015e+01 1.22823e+01
0.3830 1.51519e-23 1.01205e+01 1.12014e+01 1.22826e+01
0.3840 1.51302e-23 1.01219e+01 1.12031e+01 1.22845e+01
0.3850 1.51047e-23 1.01233e+01 1.12046e+01 1.22861e+01
0.3860 1.50739e-23 1.01244e+01 1.12060e+01 1.22876e+01
0.3870 1.50409e-23 1.01283e+01 1.12093e+01 1.22907e+01
0.3880 1.50116e-23 1.01260e+01 1.12082e+01 1.22902e+01
0.3890 1.49810e-23 1.01315e+01 1.12125e+01 1.22939e+01
0.3900 1.49532e-23 1.01316e+01 1.12129e+01 1.22946e+01
0.3910 1.49283e-23 1.01292e+01 1.12113e+01 1.22935e+01
0.3920 1.49053e-23 1.01301e+01 1.12120e+01 1.22942e+01
0.3930 1.48830e-23 1.01336e+01 1.12154e+01 1.22975e+01
0.3940 1.48602e-23 1.01401e+01 1.12205e+01 1.23018e+01
0.3950 1.48413e-23 1.01390e+01 1.12201e+01 1.23018e+01
0.3960 1.48195e-23 1.01426e+01 1.12235e+01 1.23051e+01
0.3970 1.47990e-23 1.01440e+01 1.12253e+01 1.23073e+01
0.3980 1.47768e-23 1.01433e+01 1.12253e+01 1.23076e+01
0.3990 1.47517e-23 1.01448e+01 1.12265e+01 1.23088e+01
0.4000 1.47255e-23 1.01467e+01 1.12283e+01 1.23105e+01
0.4010 1.47043e-23 1.01451e+01 1.12275e+01 1.23100e+01
0.4020 1.46825e-23 1.01490e+01 1.12305e+01 1.23125e+01
0.4030 1.46616e-23 1.01538e+01 1.12340e+01 1.23154e+01
0.4040 1.46440e-23 1.01510e+01 1.12323e+01 1.23143e+01
0.4050 1.46230e-23 1.01524e+01 1.12337e+01 1.23158e+01
0.4060 1.45962e-23 1.01610e+01 1.12408e+01 1.23218e+01
0.4070 1.45771e-23 1.01585e+01 1.12395e+01 1.23215e+01
0.4080 1.45511e-23 1.01633e+01 1.12435e+01 1.23249e+01
0.4090 1.45262e-23 1.01620e+01 1.12427e+01 1.23245e+01
0.4100 1.45033e-23 1.01640e+01 1.12444e+01 1.23261e+01
0.4110 1.44825e-23 1.01671e+01 1.12470e+01 1.23284e+01
0.4120 1.44626e-23 1.01652e+01 1.12459e+01 1.23278e+01
0.4130 1.44420e-23 1.01646e+01 1.12457e+01 1.23279e+01
0.4140 1.44192e-23 1.01704e+01 1.12502e+01 1.23315e+01
0.4150 1.43979e-23 1.01722e+01 1.12522e+01 1.23336e+01
0.4160 1.43717e-23 1.01816e+01 1.12592e+01 1.23391e+01
0.4170 1.43529e-23 1.01760e+01 1.12556e+01 1.23367e+01
0.4180 1.43302e-23 1.01797e+01 1.12584e+01 1.23392e+01
0.4190 1.43086e-23 1.01805e+01 1.12596e+01 1.23407e+01
0.4200 1.42872e-23 1.01831e+01 1.12620e+01 1.23431e+01
0.4210 1.42703e-23 1.01834e+01 1.12629e+01 1.23443e+01
0.4220 1.42507e-23 1.01895e+01 1.12681e+01 1.23488e+01
0.4230 1.42394e-23 1.01872e+01 1.12668e+01 1.23485e+01
0.4240 1.42212e-23 1.01897e+01 1.12690e+01 1.23504e+01
0.4250 1.42031e-23 1.01939e+01 1.12722e+01 1.23531e+01
0.4260 1.41855e-23 1.01961e+01 1.12741e+01 1.23548e+01
0.4270 1.41657e-23 1.02031e+01 1.12795e+01 1.23591e+01
0.4280 1.41559e-23 1.01964e+01 1.12748e+01 1.23555e+01
0.4290 1.41441e-23 1.01990e+01 1.12769e+01 1.23572e+01
0.4300 1.41395e-23 1.01936e+01 1.12732e+01 1.23544e+01
0.4310 1.41321e-23 1.01962e+01 1.12748e+01 1.23555e+01
0.4320 1.41196e-23 1.02039e+01 1.12810e+01 1.23607e+01
0.4330 1.41079e-23 1.02038e+01 1.12818e+01 1.23622e+01
0.4340 1.40882e-23 1.02113e+01 1.12879e+01 1.23676e+01
0.4350 1.40622e-23 1.02137e+01 1.12907e+01 1.23708e+01
0.4360 1.40421e-23 1.02099e+01 1.12887e+01 1.23700e+01
0.4370 1.40276e-23 1.02073e+01 1.12873e+01 1.23694e+01
0.4380 1.40089e-23 1.02088e+01 1.12888e+01 1.23709e+01
0.4390 1.40244e-23 1.01883e+01 1.12683e+01 1.23522e+01
0.4400 1.40213e-23 1.01688e+01 1.12521e+01 1.23387e+01
0.4410 1.39974e-23 1.01646e+01 1.12490e+01 1.23365e+01
0.4420 1.39739e-23 1.01689e+01 1.12526e+01 1.23398e+01
0.4430 1.39494e-23 1.01756e+01 1.12578e+01 1.23442e+01
0.4440 1.39283e-23 1.01720e+01 1.12565e+01 1.23441e+01
0.4450 1.39119e-23 1.01748e+01 1.12586e+01 1.23461e+01
0.4460 1.38911e-23 1.01757e+01 1.12599e+01 1.23477e+01
0.4470 1.38674e-23 1.01792e+01 1.12632e+01 1.23511e+01
0.4480 1.38407e-23 1.01786e+01 1.12640e+01 1.23526e+01
0.4490 1.38103e-23 1.01867e+01 1.12706e+01 1.23583e+01
0.4500 1.37865e-23 1.01891e+01 1.12717e+01 1.23590e+01
0.4510 1.37646e-23 1.01876e+01 1.12712e+01 1.23589e+01
0.4520 1.37418e-23 1.01865e+01 1.12705e+01 1.23585e+01
0.4530 1.37303e-23 1.01818e+01 1.12665e+01 1.23547e+01
0.4540 1.37125e-23 1.01919e+01 1.12733e+01 1.23596e+01
0.4550 1.36978e-23 1.01901e+01 1.12728e+01 1.23596e+01
0.4560 1.36856e-23 1.01839e+01 1.12680e+01 1.23558e+01
0.4570 1.36620e-23 1.01931e+01 1.12749e+01 1.23613e+01
0.4580 1.36494e-23 1.01894e+01 1.12720e+01 1.23589e+01
0.4590 1.36258e-23 1.01971e+01 1.12784e+01 1.23643e+01
0.4600 1.36036e-23 1.02017e+01 1.12826e+01 1.23681e+01
0.4610 1.35881e-23 1.01991e+01 1.12812e+01 1.23675e+01
0.4620 1.35648e-23 1.02049e+01 1.12861e+01 1.23717e+01
0.4630 1.35559e-23 1.01936e+01 1.12779e+01 1.23655e+01
0.4640 1.35232e-23 1.02096e+01 1.12896e+01 1.23748e+01
0.4650 1.35019e-23 1.02022e+01 1.12842e+01 1.23710e+01
0.4660 1.34711e-23 1.02048e+01 1.12871e+01 1.23738e+01
0.4670 1.34496e-23 1.02113e+01 1.12911e+01 1.23766e+01
0.4680 1.34302e-23 1.02138e+01 1.12935e+01 1.23787e+01
0.4690 1.34239e-23 1.02134e+01 1.12924e+01 1.23774e+01
0.4700 1.34168e-23 1.02028e+01 1.12853e+01 1.23723e+01
0.4710 1.34699e-23 1.01560e+01 1.12428e+01 1.23355e+01
0.4720 1.34475e-23 1.01533e+01 1.12400e+01 1.23331e+01
0.4730 1.34226e-23 1.01500e+01 1.12381e+01 1.23319e+01
0.4740 1.33866e-23 1.01648e+01 1.12501e+01 1.23420e+01
0.4750 1.33870e-23 1.01472e+01 1.12357e+01 1.23301e+01
0.4760 1.33665e-23 1.01596e+01 1.12447e+01 1.23369e+01
0.4770 1.33450e-23 1.01553e+01 1.12426e+01 1.23359e+01
0.4780 1.33234e-23 1.01564e+01 1.12436e+01 1.23371e+01
0.4790 1.32829e-23 1.01684e+01 1.12537e+01 1.23459e+01
0.4800 1.32610e-23 1.01589e+01 1.12465e+01 1.23403e+01
0.4810 1.32306e-23 1.01652e+01 1.12507e+01 1.23437e+01
0.4820 1.32053e-23 1.01603e+01 1.12475e+01 1.23414e+01
0.4830 1.31740e-23 1.01699e+01 1.12552e+01 1.23478e+01
0.4830 1.31856e-23 1.01641e+01 1.12498e+01 1.23429e+01
0.4840 1.31593e-23 1.01691e+01 1.12541e+01 1.23467e+01
0.4850 1.31475e-23 1.01643e+01 1.12496e+01 1.23426e+01
0.4860 1.31085e-23 1.01774e+01 1.12618e+01 1.23532e+01
0.4870 1.31023e-23 1.01675e+01 1.12538e+01 1.23468e+01
0.4880 1.30859e-23 1.01677e+01 1.12537e+01 1.23466e+01
0.4890 1.30569e-23 1.01816e+01 1.12645e+01 1.23552e+01
0.4900 1.30509e-23 1.01714e+01 1.12568e+01 1.23493e+01
0.4910 1.30448e-23 1.01689e+01 1.12543e+01 1.23468e+01
0.4920 1.30316e-23 1.01702e+01 1.12558e+01 1.23485e+01
0.4930 1.30157e-23 1.01717e+01 1.12568e+01 1.23491e+01
0.4940 1.30060e-23 1.01722e+01 1.12562e+01 1.23483e+01
0.4950 1.29712e-23 1.01831e+01 1.12653e+01 1.23557e+01
0.4960 1.29465e-23 1.01773e+01 1.12625e+01 1.23543e+01
0.4970 1.29128e-23 1.01855e+01 1.12705e+01 1.23621e+01
0.4980 1.29019e-23 1.01822e+01 1.12674e+01 1.23596e+01
0.4990 1.28787e-23 1.01854e+01 1.12705e+01 1.23626e+01
0.5000 1.28663e-23 1.01851e+01 1.12689e+01 1.23608e+01
0.5010 1.28583e-23 1.01818e+01 1.12658e+01 1.23580e+01
0.5020 1.28396e-23 1.01888e+01 1.12709e+01 1.23619e+01
0.5030 1.28318e-23 1.01889e+01 1.12701e+01 1.23609e+01
0.5040 1.28109e-23 1.01908e+01 1.12738e+01 1.23652e+01
0.5050 1.27979e-23 1.01865e+01 1.12707e+01 1.23627e+01
0.5060 1.27883e-23 1.01855e+01 1.12699e+01 1.23623e+01
0.5070 1.27754e-23 1.01934e+01 1.12768e+01 1.23682e+01
0.5080 1.27627e-23 1.02034e+01 1.12835e+01 1.23731e+01
0.5090 1.27494e-23 1.01963e+01 1.12792e+01 1.23703e+01
0.5100 1.27305e-23 1.01990e+01 1.12824e+01 1.23732e+01
0.5110 1.27119e-23 1.02132e+01 1.12916e+01 1.23797e+01
0.5120 1.27153e-23 1.02060e+01 1.12866e+01 1.23759e+01
0.5130 1.27073e-23 1.02163e+01 1.12944e+01 1.23822e+01
0.5140 1.27012e-23 1.02119e+01 1.12921e+01 1.23811e+01
0.5150 1.26802e-23 1.02177e+01 1.12967e+01 1.23849e+01
0.5160 1.26552e-23 1.02172e+01 1.12976e+01 1.23861e+01
0.5170 1.26292e-23 1.02183e+01 1.12987e+01 1.23871e+01
0.5180 1.26220e-23 1.02060e+01 1.12872e+01 1.23773e+01
0.5190 1.25861e-23 1.02113e+01 1.12932e+01 1.23831e+01
0.5200 1.25681e-23 1.02099e+01 1.12911e+01 1.23811e+01
0.5210 1.25331e-23 1.02221e+01 1.13012e+01 1.23895e+01
0.5220 1.25207e-23 1.02201e+01 1.12998e+01 1.23887e+01
0.5230 1.25070e-23 1.02172e+01 1.12987e+01 1.23883e+01
0.5240 1.24915e-23 1.02268e+01 1.13054e+01 1.23935e+01
0.5250 1.24734e-23 1.02335e+01 1.13111e+01 1.23986e+01
0.5260 1.24812e-23 1.02257e+01 1.13044e+01 1.23930e+01
0.5270 1.24447e-23 1.02427e+01 1.13195e+01 1.24061e+01
0.5280 1.24327e-23 1.02428e+01 1.13190e+01 1.24055e+01
0.5290 1.24212e-23 1.02367e+01 1.13139e+01 1.24016e+01
0.5300 1.23895e-23 1.02395e+01 1.13186e+01 1.24067e+01
0.5310 1.23805e-23 1.02394e+01 1.13170e+01 1.24050e+01
0.5320 1.23580e-23 1.02393e+01 1.13164e+01 1.24043e+01
0.5330 1.23346e-23 1.02422e+01 1.13183e+01 1.24058e+01
0.5340 1.23117e-23 1.02447e+01 1.13212e+01 1.24086e+01
0.5350 1.22898e-23 1.02496e+01 1.13264e+01 1.24135e+01
0.5360 1.22780e-23 1.02427e+01 1.13206e+01 1.24089e+01
0.5370 1.22740e-23 1.02442e+01 1.13217e+01 1.24098e+01
0.5380 1.22654e-23 1.02467e+01 1.13246e+01 1.24127e+01
0.5390 1.22510e-23 1.02575e+01 1.13322e+01 1.24182e+01
0.5400 1.22498e-23 1.02486e+01 1.13256e+01 1.24137e+01
0.5410 1.22258e-23 1.02507e+01 1.13267e+01 1.24137e+01
0.5420 1.22034e-23 1.02485e+01 1.13255e+01 1.24130e+01
0.5430 1.22547e-23 1.02526e+01 1.13236e+01 1.24092e+01
0.5440 1.22265e-23 1.02581e+01 1.13302e+01 1.24145e+01
0.5450 1.22200e-23 1.02649e+01 1.13392e+01 1.24261e+01
0.5460 1.22071e-23 1.02598e+01 1.13335e+01 1.24185e+01
0.5470 1.22502e-23 1.02391e+01 1.13125e+01 1.24027e+01
0.5480 1.21679e-23 1.02603e+01 1.13345e+01 1.24204e+01
0.5490 1.21584e-23 1.02637e+01 1.13378e+01 1.24233e+01
0.5500 1.21265e-23 1.02626e+01 1.13364e+01 1.24227e+01
0.5510 1.22493e-23 1.02381e+01 1.13070e+01 1.23945e+01
0.5520 1.20881e-23 1.02429e+01 1.13235e+01 1.24191e+01
0.5530 1.21017e-23 1.02574e+01 1.13307e+01 1.24185e+01
0.5540 1.20452e-23 1.02757e+01 1.13502e+01 1.24381e+01
0.5550 1.20658e-23 1.02482e+01 1.13251e+01 1.24188e+01
0.5560 1.19932e-23 1.02843e+01 1.13621e+01 1.24519e+01
0.5570 1.20360e-23 1.02800e+01 1.13513e+01 1.24350e+01
0.5580 1.20310e-23 1.02783e+01 1.13529e+01 1.24418e+01
0.5590 1.20717e-23 1.02617e+01 1.13327e+01 1.24218e+01
0.5600 1.19982e-23 1.02745e+01 1.13501e+01 1.24412e+01
0.5610 1.19453e-23 1.02971e+01 1.13680e+01 1.24518e+01
0.5620 1.20761e-23 1.02520e+01 1.13209e+01 1.24081e+01
0.5630 1.19433e-23 1.02774e+01 1.13513e+01 1.24423e+01
0.5640 1.22355e-23 1.01731e+01 1.12257e+01 1.23138e+01
0.5650 1.21587e-23 1.01600e+01 1.12108e+01 1.22983e+01
0.5660 1.21066e-23 1.01509e+01 1.12021e+01 1.22908e+01
0.5670 1.21061e-23 1.01375e+01 1.11873e+01 1.22752e+01
0.5680 1.21321e-23 1.01202e+01 1.11682e+01 1.22555e+01
0.5690 1.20565e-23 1.01339e+01 1.11834e+01 1.22707e+01
0.5700 1.23644e-23 1.00590e+01 1.10937e+01 1.21809e+01
0.5710 1.22419e-23 1.00497e+01 1.10840e+01 1.21724e+01
0.5720 1.22120e-23 1.00385e+01 1.10703e+01 1.21575e+01
0.5730 1.22025e-23 1.00200e+01 1.10520e+01 1.21408e+01
0.5740 1.21590e-23 1.00223e+01 1.10537e+01 1.21415e+01
0.5750 1.20275e-23 1.00443e+01 1.10766e+01 1.21619e+01
0.5760 1.20832e-23 1.00190e+01 1.10489e+01 1.21355e+01
0.5770 1.19757e-23 1.00410e+01 1.10728e+01 1.21588e+01
0.5780 1.18952e-23 1.00504e+01 1.10840e+01 1.21703e+01
0.5790 1.19461e-23 1.00328e+01 1.10630e+01 1.21474e+01
0.5800 1.18944e-23 1.00317e+01 1.10661e+01 1.21542e+01
0.5810 1.19552e-23 1.00122e+01 1.10427e+01 1.21289e+01
0.5820 1.19156e-23 1.00254e+01 1.10566e+01 1.21432e+01
0.5830 1.18971e-23 1.00341e+01 1.10628e+01 1.21468e+01
0.5840 1.19217e-23 1.00161e+01 1.10444e+01 1.21288e+01
0.5850 1.18453e-23 1.00324e+01 1.10614e+01 1.21461e+01
0.5860 1.18369e-23 1.00151e+01 1.10423e+01 1.21260e+01
0.5870 1.17833e-23 1.00261e+01 1.10553e+01 1.21404e+01
0.5880 1.17584e-23 1.00167e+01 1.10476e+01 1.21346e+01
0.5890 1.17358e-23 1.00150e+01 1.10416e+01 1.21247e+01
0.5900 1.16527e-23 1.00376e+01 1.10696e+01 1.21563e+01
0.5910 1.16227e-23 1.00432e+01 1.10729e+01 1.21567e+01
0.5920 1.16581e-23 1.00172e+01 1.10513e+01 1.21394e+01
0.5930 1.16238e-23 1.00237e+01 1.10576e+01 1.21451e+01
0.5940 1.15864e-23 1.00250e+01 1.10598e+01 1.21487e+01
0.5950 1.16638e-23 9.98984e+00 1.10202e+01 1.21073e+01
0.5960 1.15966e-23 1.00151e+01 1.10445e+01 1.21307e+01
0.5970 1.15592e-23 1.00072e+01 1.10411e+01 1.21286e+01
0.5980 1.15680e-23 1.00215e+01 1.10519e+01 1.21385e+01
0.5990 1.15940e-23 1.00146e+01 1.10461e+01 1.21333e+01
0.6000 1.16093e-23 1.00125e+01 1.10415e+01 1.21275e+01
0.6010 1.15520e-23 1.00093e+01 1.10428e+01 1.21312e+01
0.6015 1.15582e-23 1.00179e+01 1.10491e+01 1.21364e+01
0.6020 1.16061e-23 1.00080e+01 1.10362e+01 1.21228e+01
0.6030 1.15432e-23 1.00184e+01 1.10481e+01 1.21331e+01
0.6040 1.17132e-23 1.00108e+01 1.10227e+01 1.20992e+01
0.6050 1.16482e-23 1.00023e+01 1.10208e+01 1.21012e+01
0.6060 1.15760e-23 9.99060e+00 1.10135e+01 1.20955e+01
0.6070 1.15606e-23 9.98425e+00 1.10104e+01 1.20952e+01
0.6080 1.15368e-23 9.97979e+00 1.10066e+01 1.20922e+01
0.6090 1.14543e-23 1.00381e+01 1.10613e+01 1.21424e+01
0.6100 1.14765e-23 1.00290e+01 1.10501e+01 1.21309e+01
0.6110 1.14765e-23 1.00199e+01 1.10430e+01 1.21259e+01
0.6120 1.14314e-23 1.00089e+01 1.10371e+01 1.21225e+01
0.6130 1.14654e-23 1.00107e+01 1.10326e+01 1.21153e+01
0.6140 1.14470e-23 1.00186e+01 1.10394e+01 1.21221e+01
0.6150 1.13867e-23 1.00112e+01 1.10341e+01 1.21157e+01
0.6160 1.13976e-23 1.00055e+01 1.10312e+01 1.21159e+01
0.6170 1.13752e-23 1.00299e+01 1.10507e+01 1.21323e+01
0.6180 1.13606e-23 1.00026e+01 1.10275e+01 1.21110e+01
0.6190 1.13944e-23 9.99883e+00 1.10192e+01 1.21018e+01
0.6200 1.13561e-23 1.00194e+01 1.10380e+01 1.21185e+01
0.6210 1.13336e-23 1.00184e+01 1.10381e+01 1.21187e+01
0.6220 1.13629e-23 1.00370e+01 1.10527e+01 1.21313e+01
0.6230 1.12930e-23 1.00476e+01 1.10670e+01 1.21468e+01
0.6240 1.12983e-23 1.00230e+01 1.10454e+01 1.21276e+01
0.6250 1.12363e-23 1.00389e+01 1.10630e+01 1.21453e+01
0.6260 1.13189e-23 1.00220e+01 1.10410e+01 1.21226e+01
0.6270 1.12776e-23 1.00454e+01 1.10623e+01 1.21410e+01
0.6280 1.12465e-23 1.00407e+01 1.10620e+01 1.21440e+01
0.6290 1.12882e-23 1.00051e+01 1.10277e+01 1.21122e+01
0.6300 1.11563e-23 1.00547e+01 1.10773e+01 1.21590e+01
0.6310 1.11730e-23 1.00330e+01 1.10587e+01 1.21426e+01
0.6320 1.12216e-23 1.00018e+01 1.10269e+01 1.21119e+01
0.6330 1.12175e-23 1.00466e+01 1.10612e+01 1.21382e+01
0.6340 1.11910e-23 1.00424e+01 1.10603e+01 1.21397e+01
0.6350 1.11387e-23 1.00481e+01 1.10689e+01 1.21495e+01
0.6360 1.12410e-23 1.00236e+01 1.10403e+01 1.21207e+01
0.6370 1.11506e-23 1.00373e+01 1.10597e+01 1.21417e+01
0.6380 1.11727e-23 1.00433e+01 1.10633e+01 1.21442e+01
0.6390 1.11598e-23 1.00573e+01 1.10750e+01 1.21538e+01
0.6400 1.11213e-23 1.00720e+01 1.10907e+01 1.21693e+01
0.6410 1.11177e-23 1.00404e+01 1.10626e+01 1.21440e+01
0.6420 1.10697e-23 1.00618e+01 1.10847e+01 1.21671e+01
0.6430 1.10585e-23 1.00588e+01 1.10830e+01 1.21660e+01
0.6440 1.10352e-23 1.00737e+01 1.10982e+01 1.21796e+01
0.6450 1.10832e-23 1.00557e+01 1.10805e+01 1.21641e+01
0.6460 1.10114e-23 1.00658e+01 1.10936e+01 1.21792e+01
0.6470 1.10352e-23 1.00797e+01 1.11015e+01 1.21822e+01
0.6480 1.09734e-23 1.00916e+01 1.11186e+01 1.22025e+01
0.6490 1.09867e-23 1.00834e+01 1.11088e+01 1.21919e+01
0.6500 1.09822e-23 1.00674e+01 1.10959e+01 1.21820e+01
0.6510 1.09672e-23 1.00762e+01 1.11028e+01 1.21869e+01
0.6520 1.09305e-23 1.00747e+01 1.11036e+01 1.21898e+01
0.6530 1.09187e-23 1.00766e+01 1.11042e+01 1.21883e+01
0.6540 1.09123e-23 1.01013e+01 1.11269e+01 1.22099e+01
0.6550 1.08748e-23 1.01164e+01 1.11468e+01 1.22319e+01
0.6560 1.08692e-23 1.01513e+01 1.11753e+01 1.22550e+01
0.6570 1.09280e-23 1.01085e+01 1.11384e+01 1.22244e+01
0.6580 1.08590e-23 1.01256e+01 1.11566e+01 1.22425e+01
0.6590 1.09247e-23 1.00970e+01 1.11286e+01 1.22164e+01
0.6600 1.08679e-23 1.01190e+01 1.11486e+01 1.22340e+01
0.6610 1.09207e-23 1.00827e+01 1.11169e+01 1.22071e+01
0.6620 1.08500e-23 1.00953e+01 1.11343e+01 1.22270e+01
0.6630 1.08667e-23 1.00847e+01 1.11225e+01 1.22147e+01
0.6640 1.08223e-23 1.00982e+01 1.11358e+01 1.22276e+01
0.6650 1.08096e-23 1.00963e+01 1.11342e+01 1.22259e+01
0.6660 1.08291e-23 1.00913e+01 1.11281e+01 1.22198e+01
0.6670 1.07905e-23 1.00939e+01 1.11323e+01 1.22244e+01
0.6680 1.07926e-23 1.00968e+01 1.11339e+01 1.22245e+01
0.6690 1.07612e-23 1.01053e+01 1.11413e+01 1.22317e+01
0.6700 1.07795e-23 1.01149e+01 1.11476e+01 1.22352e+01
0.6710 1.07622e-23 1.01087e+01 1.11428e+01 1.22312e+01
0.6720 1.07061e-23 1.01170e+01 1.11543e+01 1.22443e+01
0.6730 1.07371e-23 1.01172e+01 1.11512e+01 1.22393e+01
0.6740 1.07062e-23 1.01223e+01 1.11572e+01 1.22459e+01
0.6750 1.07112e-23 1.01216e+01 1.11519e+01 1.22377e+01
0.6760 1.07043e-23 1.01290e+01 1.11560e+01 1.22400e+01
0.6770 1.06825e-23 1.01207e+01 1.11513e+01 1.22371e+01
0.6780 1.06977e-23 1.01057e+01 1.11379e+01 1.22260e+01
0.6790 1.06806e-23 1.00845e+01 1.11204e+01 1.22121e+01
0.6800 1.06396e-23 1.00934e+01 1.11281e+01 1.22184e+01
0.6810 1.06261e-23 1.00912e+01 1.11261e+01 1.22171e+01
0.6820 1.05934e-23 1.00937e+01 1.11289e+01 1.22192e+01
0.6830 1.05695e-23 1.00924e+01 1.11304e+01 1.22228e+01
0.6840 1.05982e-23 1.00796e+01 1.11158e+01 1.22080e+01
0.6850 1.05852e-23 1.00721e+01 1.11092e+01 1.22026e+01
0.6860 1.05353e-23 1.00683e+01 1.11094e+01 1.22045e+01
0.6870 1.05244e-23 1.00849e+01 1.11216e+01 1.22134e+01
0.6880 1.04800e-23 1.00935e+01 1.11308e+01 1.22225e+01
0.6890 1.04911e-23 1.00919e+01 1.11276e+01 1.22184e+01
0.6900 1.04734e-23 1.00993e+01 1.11341e+01 1.22245e+01
0.6910 1.04371e-23 1.01243e+01 1.11563e+01 1.22443e+01
0.6920 1.04582e-23 1.01055e+01 1.11410e+01 1.22315e+01
0.6930 1.04355e-23 1.01129e+01 1.11469e+01 1.22365e+01
0.6940 1.04210e-23 1.01131e+01 1.11499e+01 1.22413e+01
0.6950 1.04512e-23 1.00961e+01 1.11335e+01 1.22260e+01
0.6960 1.04161e-23 1.01346e+01 1.11668e+01 1.22539e+01
0.6970 1.04606e-23 1.01059e+01 1.11410e+01 1.22315e+01
0.6980 1.04266e-23 1.01018e+01 1.11410e+01 1.22336e+01
0.6990 1.04144e-23 1.01176e+01 1.11561e+01 1.22481e+01
0.7000 1.03761e-23 1.01349e+01 1.11704e+01 1.22593e+01
0.7010 1.04124e-23 1.01131e+01 1.11499e+01 1.22412e+01
0.7020 1.03771e-23 1.01354e+01 1.11699e+01 1.22587e+01
0.7030 1.03592e-23 1.01113e+01 1.11517e+01 1.22447e+01
0.7040 1.03495e-23 1.01089e+01 1.11462e+01 1.22365e+01
0.7050 1.03435e-23 1.00974e+01 1.11354e+01 1.22284e+01
0.7060 1.02736e-23 1.01107e+01 1.11528e+01 1.22471e+01
0.7070 1.02135e-23 1.01441e+01 1.11861e+01 1.22780e+01
0.7080 1.02465e-23 1.01244e+01 1.11683e+01 1.22624e+01
0.7090 1.02071e-23 1.01502e+01 1.11954e+01 1.22897e+01
0.7100 1.02372e-23 1.01311e+01 1.11781e+01 1.22744e+01
0.7110 1.02343e-23 1.01257e+01 1.11757e+01 1.22732e+01
0.7120 1.02315e-23 1.01416e+01 1.11898e+01 1.22850e+01
0.7130 1.02740e-23 1.01349e+01 1.11834e+01 1.22799e+01
0.7140 1.02890e-23 1.01320e+01 1.11819e+01 1.22786e+01
0.7150 1.02760e-23 1.01749e+01 1.12200e+01 1.23121e+01
0.7160 1.03060e-23 1.01710e+01 1.12169e+01 1.23091e+01
0.7170 1.03072e-23 1.01733e+01 1.12203e+01 1.23142e+01
0.7180 1.03111e-23 1.01787e+01 1.12269e+01 1.23213e+01
0.7188 1.03070e-23 1.01843e+01 1.12323e+01 1.23265e+01
0.7190 1.02952e-23 1.01789e+01 1.12294e+01 1.23252e+01
0.7200 1.02958e-23 1.01798e+01 1.12290e+01 1.23243e+01
0.7210 1.02629e-23 1.01918e+01 1.12397e+01 1.23337e+01
0.7220 1.02587e-23 1.01844e+01 1.12336e+01 1.23287e+01
0.7230 1.02265e-23 1.02176e+01 1.12614e+01 1.23516e+01
0.7240 1.02374e-23 1.02133e+01 1.12588e+01 1.23507e+01
0.7250 1.02056e-23 1.02272e+01 1.12720e+01 1.23628e+01
0.7260 1.01873e-23 1.02326e+01 1.12783e+01 1.23701e+01
0.7270 1.02096e-23 1.01979e+01 1.12485e+01 1.23445e+01
0.7280 1.02089e-23 1.01912e+01 1.12429e+01 1.23399e+01
0.7290 1.01836e-23 1.02015e+01 1.12528e+01 1.23496e+01
0.7300 1.01833e-23 1.01973e+01 1.12477e+01 1.23442e+01
0.7310 1.01702e-23 1.01967e+01 1.12485e+01 1.23459e+01
0.7320 1.01657e-23 1.01763e+01 1.12314e+01 1.23321e+01
0.7330 1.01465e-23 1.01785e+01 1.12323e+01 1.23317e+01
0.7340 1.01375e-23 1.01805e+01 1.12348e+01 1.23353e+01
0.7350 1.01283e-23 1.01851e+01 1.12404e+01 1.23411e+01
0.7360 1.01267e-23 1.01828e+01 1.12381e+01 1.23389e+01
0.7370 1.01162e-23 1.01803e+01 1.12366e+01 1.23382e+01
0.7380 1.00965e-23 1.01878e+01 1.12412e+01 1.23403e+01
0.7390 1.00992e-23 1.01852e+01 1.12409e+01 1.23421e+01
0.7400 1.00976e-23 1.01877e+01 1.12430e+01 1.23438e+01
0.7410 1.00880e-23 1.01953e+01 1.12496e+01 1.23497e+01
0.7420 1.00774e-23 1.01924e+01 1.12476e+01 1.23483e+01
0.7430 1.00444e-23 1.01964e+01 1.12532e+01 1.23553e+01
0.7440 1.00386e-23 1.01928e+01 1.12477e+01 1.23487e+01
0.7450 1.00250e-23 1.01884e+01 1.12443e+01 1.23463e+01
0.7460 1.00065e-23 1.01827e+01 1.12416e+01 1.23460e+01
0.7470 9.99953e-24 1.01794e+01 1.12383e+01 1.23431e+01
0.7480 9.97313e-24 1.01809e+01 1.12395e+01 1.23438e+01
0.7490 9.95162e-24 1.01814e+01 1.12399e+01 1.23438e+01
0.7500 9.94515e-24 1.01811e+01 1.12390e+01 1.23424e+01
0.7510 9.94582e-24 1.01832e+01 1.12412e+01 1.23452e+01
0.7520 9.95316e-24 1.01960e+01 1.12525e+01 1.23544e+01
0.7530 9.95911e-24 1.01990e+01 1.12548e+01 1.23559e+01
0.7540 9.94263e-24 1.02197e+01 1.12720e+01 1.23698e+01
0.7550 9.96791e-24 1.02016e+01 1.12565e+01 1.23574e+01
0.7560 9.94948e-24 1.02024e+01 1.12581e+01 1.23590e+01
0.7570 9.95189e-24 1.02057e+01 1.12601e+01 1.23602e+01
0.7580 9.93300e-24 1.02219e+01 1.12740e+01 1.23718e+01
0.7590 9.91704e-24 1.02397e+01 1.12890e+01 1.23842e+01
0.7600 9.91531e-24 1.02435e+01 1.12931e+01 1.23885e+01
0.7610 9.92936e-24 1.02222e+01 1.12746e+01 1.23730e+01
0.7620 9.91006e-24 1.02305e+01 1.12830e+01 1.23810e+01
0.7630 9.91034e-24 1.01957e+01 1.12539e+01 1.23565e+01
0.7640 9.89178e-24 1.01907e+01 1.12506e+01 1.23548e+01
0.7650 9.86631e-24 1.01905e+01 1.12516e+01 1.23570e+01
0.7660 9.84620e-24 1.01929e+01 1.12544e+01 1.23596e+01
0.7670 9.83816e-24 1.01911e+01 1.12517e+01 1.23565e+01
0.7680 9.82959e-24 1.01929e+01 1.12523e+01 1.23560e+01
0.7690 9.81414e-24 1.01970e+01 1.12576e+01 1.23624e+01
0.7700 9.80231e-24 1.02017e+01 1.12622e+01 1.23668e+01
0.7710 9.78124e-24 1.02158e+01 1.12748e+01 1.23776e+01
0.7720 9.77036e-24 1.02158e+01 1.12739e+01 1.23763e+01
0.7730 9.75885e-24 1.02278e+01 1.12837e+01 1.23841e+01
0.7740 9.76608e-24 1.02275e+01 1.12853e+01 1.23873e+01
0.7750 9.77694e-24 1.02295e+01 1.12876e+01 1.23893e+01
0.7760 9.76442e-24 1.02420e+01 1.12981e+01 1.23986e+01
0.7770 9.75725e-24 1.02399e+01 1.12955e+01 1.23954e+01
0.7780 9.76765e-24 1.02410e+01 1.12968e+01 1.23973e+01
0.7790 9.74570e-24 1.02555e+01 1.13099e+01 1.24095e+01
0.7800 9.75621e-24 1.02486e+01 1.13038e+01 1.24040e+01
0.7810 9.77257e-24 1.02503e+01 1.13045e+01 1.24037e+01
0.7820 9.79600e-24 1.02308e+01 1.12869e+01 1.23880e+01
0.7830 9.79835e-24 1.02374e+01 1.12918e+01 1.23917e+01
0.7840 9.79665e-24 1.02410e+01 1.12944e+01 1.23936e+01
0.7850 9.77897e-24 1.02437e+01 1.12972e+01 1.23964e+01
0.7860 9.75586e-24 1.02551e+01 1.13071e+01 1.24050e+01
0.7870 9.75876e-24 1.02480e+01 1.13009e+01 1.23995e+01
0.7880 9.74841e-24 1.02530e+01 1.13060e+01 1.24052e+01
0.7890 9.74458e-24 1.02337e+01 1.12905e+01 1.23925e+01
0.7900 9.72417e-24 1.02378e+01 1.12947e+01 1.23967e+01
0.7910 9.70601e-24 1.02384e+01 1.12947e+01 1.23962e+01
0.7920 9.69010e-24 1.02375e+01 1.12953e+01 1.23978e+01
0.7930 9.66618e-24 1.02399e+01 1.12991e+01 1.24023e+01
0.7940 9.65171e-24 1.02395e+01 1.12992e+01 1.24023e+01
0.7950 9.64265e-24 1.02418e+01 1.13004e+01 1.24032e+01
0.7960 9.63781e-24 1.02382e+01 1.12968e+01 1.23996e+01
0.7970 9.62320e-24 1.02389e+01 1.12985e+01 1.24020e+01
0.7980 9.61710e-24 1.02321e+01 1.12936e+01 1.23985e+01
0.7990 9.61477e-24 1.02278e+01 1.12894e+01 1.23947e+01
0.8000 9.60736e-24 1.02325e+01 1.12931e+01 1.23976e+01
0.8010 9.59196e-24 1.02401e+01 1.12986e+01 1.24016e+01
0.8020 9.58109e-24 1.02383e+01 1.12978e+01 1.24016e+01
0.8030 9.57165e-24 1.02313e+01 1.12928e+01 1.23982e+01
0.8040 9.55733e-24 1.02285e+01 1.12905e+01 1.23961e+01
0.8050 9.53616e-24 1.02364e+01 1.12968e+01 1.24008e+01
0.8060 9.52284e-24 1.02415e+01 1.12999e+01 1.24029e+01
0.8070 9.51237e-24 1.02415e+01 1.13020e+01 1.24064e+01
0.8080 9.51913e-24 1.02316e+01 1.12937e+01 1.23993e+01
0.8090 9.52548e-24 1.02336e+01 1.12947e+01 1.23997e+01
0.8100 9.53888e-24 1.02362e+01 1.12949e+01 1.23977e+01
0.8110 9.54913e-24 1.02395e+01 1.12977e+01 1.23997e+01
0.8120 9.54824e-24 1.02486e+01 1.13068e+01 1.24086e+01
0.8130 9.55045e-24 1.02477e+01 1.13068e+01 1.24092e+01
0.8140 9.53995e-24 1.02481e+01 1.13076e+01 1.24103e+01
0.8150 9.52104e-24 1.02535e+01 1.13113e+01 1.24128e+01
0.8160 9.50994e-24 1.02563e+01 1.13138e+01 1.24149e+01
0.8170 9.49983e-24 1.02548e+01 1.13145e+01 1.24177e+01
0.8180 9.50289e-24 1.02487e+01 1.13098e+01 1.24141e+01
0.8190 9.50396e-24 1.02457e+01 1.13081e+01 1.24134e+01
0.8200 9.49835e-24 1.02479e+01 1.13087e+01 1.24127e+01
0.8210 9.49876e-24 1.02447e+01 1.13062e+01 1.24106e+01
0.8220 9.48726e-24 1.02499e+01 1.13121e+01 1.24173e+01
0.8230 9.48631e-24 1.02509e+01 1.13139e+01 1.24196e+01
0.8240 9.47956e-24 1.02560e+01 1.13184e+01 1.24238e+01
0.8250 9.48007e-24 1.02549e+01 1.13162e+01 1.24206e+01
0.8260 9.47674e-24 1.02596e+01 1.13191e+01 1.24222e+01
0.8270 9.47666e-24 1.02514e+01 1.13143e+01 1.24199e+01
0.8280 9.47261e-24 1.02556e+01 1.13181e+01 1.24232e+01
0.8290 9.46586e-24 1.02610e+01 1.13229e+01 1.24273e+01
0.8300 9.46088e-24 1.02573e+01 1.13186e+01 1.24227e+01
0.8310 9.45040e-24 1.02612e+01 1.13211e+01 1.24243e+01
0.8320 9.44631e-24 1.02540e+01 1.13167e+01 1.24221e+01
0.8330 9.43319e-24 1.02649e+01 1.13262e+01 1.24305e+01
0.8340 9.42390e-24 1.02671e+01 1.13288e+01 1.24332e+01
0.8350 9.41969e-24 1.02619e+01 1.13231e+01 1.24276e+01
0.8360 9.40520e-24 1.02607e+01 1.13216e+01 1.24254e+01
0.8370 9.39007e-24 1.02646e+01 1.13262e+01 1.24307e+01
0.8379 9.38340e-24 1.02629e+01 1.13254e+01 1.24304e+01
