# 1:time 2:Lum 3:eave 4:erms 5:eskw
0.0100 1.00948e-22 1.47619e+01 1.82037e+01 2.25853e+01
0.0110 1.00081e-22 1.45980e+01 1.78017e+01 2.18614e+01
0.0120 9.08172e-23 1.34817e+01 1.61298e+01 1.94186e+01
0.0130 9.80875e-23 1.37815e+01 1.63086e+01 1.92915e+01
0.0140 1.00317e-22 1.38491e+01 1.63548e+01 1.92400e+01
0.0150 1.01687e-22 1.38680e+01 1.63164e+01 1.90907e+01
0.0160 1.01005e-22 1.37897e+01 1.61908e+01 1.88818e+01
0.0170 1.02853e-22 1.37826e+01 1.61359e+01 1.87421e+01
0.0180 1.06208e-22 1.38810e+01 1.62552e+01 1.88538e+01
0.0190 1.07336e-22 1.38699e+01 1.62425e+01 1.88565e+01
0.0200 1.08135e-22 1.38373e+01 1.61526e+01 1.86733e+01
0.0210 1.07969e-22 1.37727e+01 1.60250e+01 1.84635e+01
0.0220 1.05730e-22 1.36138e+01 1.57676e+01 1.80706e+01
0.0230 1.05532e-22 1.35946e+01 1.57341e+01 1.79967e+01
0.0240 1.05463e-22 1.35744e+01 1.56690e+01 1.78621e+01
0.0250 1.06223e-22 1.35677e+01 1.56263e+01 1.77576e+01
0.0260 1.07741e-22 1.35844e+01 1.56334e+01 1.77411e+01
0.0270 1.09263e-22 1.36394e+01 1.57016e+01 1.78216e+01
0.0280 1.09836e-22 1.36619e+01 1.57502e+01 1.79003e+01
0.0290 1.10157e-22 1.36803e+01 1.57836e+01 1.79516e+01
0.0300 1.10448e-22 1.37099e+01 1.57998e+01 1.79520e+01
0.0310 1.09495e-22 1.36536e+01 1.57230e+01 1.78457e+01
0.0320 1.08883e-22 1.36131e+01 1.56500e+01 1.77293e+01
0.0330 1.08835e-22 1.35937e+01 1.56192e+01 1.76783e+01
0.0340 1.09211e-22 1.35966e+01 1.56089e+01 1.76490e+01
0.0350 1.09695e-22 1.36195e+01 1.56266e+01 1.76601e+01
0.0360 1.10110e-22 1.36318e+01 1.56360e+01 1.76631e+01
0.0370 1.10746e-22 1.36318e+01 1.56344e+01 1.76586e+01
0.0380 1.10858e-22 1.36449e+01 1.56487e+01 1.76730e+01
0.0390 1.10703e-22 1.36493e+01 1.56522e+01 1.76727e+01
0.0400 1.10739e-22 1.36798e+01 1.56965e+01 1.77324e+01
0.0410 1.10791e-22 1.37043e+01 1.57293e+01 1.77750e+01
0.0420 1.10909e-22 1.37132e+01 1.57441e+01 1.77975e+01
0.0430 1.10750e-22 1.37074e+01 1.57381e+01 1.77907e+01
0.0440 1.10539e-22 1.36842e+01 1.57030e+01 1.77378e+01
0.0450 1.10106e-22 1.36606e+01 1.56636e+01 1.76773e+01
0.0460 1.09459e-22 1.36371e+01 1.56271e+01 1.76226e+01
0.0470 1.08902e-22 1.36243e+01 1.56023e+01 1.75801e+01
0.0480 1.08799e-22 1.36164e+01 1.55899e+01 1.75567e+01
0.0490 1.08748e-22 1.36199e+01 1.55919e+01 1.75535e+01
0.0500 1.08675e-22 1.36536e+01 1.56094e+01 1.75588e+01
0.0510 1.08370e-22 1.36657e+01 1.56040e+01 1.75361e+01
0.0520 1.08207e-22 1.36615e+01 1.56021e+01 1.75349e+01
0.0530 1.07949e-22 1.37300e+01 1.56586e+01 1.75920e+01
0.0540 1.07595e-22 1.36606e+01 1.56047e+01 1.75431e+01
0.0550 1.07204e-22 1.36979e+01 1.56234e+01 1.75494e+01
0.0560 1.07011e-22 1.36745e+01 1.56194e+01 1.75601e+01
0.0570 1.06735e-22 1.37187e+01 1.56599e+01 1.76014e+01
0.0580 1.06517e-22 1.37353e+01 1.56763e+01 1.76175e+01
0.0590 1.06400e-22 1.37326e+01 1.56819e+01 1.76298e+01
0.0600 1.06088e-22 1.37538e+01 1.57033e+01 1.76533e+01
0.0610 1.05832e-22 1.37233e+01 1.56873e+01 1.76473e+01
0.0620 1.05628e-22 1.37217e+01 1.56957e+01 1.76646e+01
0.0630 1.05368e-22 1.37509e+01 1.57200e+01 1.76884e+01
0.0640 1.05104e-22 1.37754e+01 1.57387e+01 1.77043e+01
0.0650 1.04803e-22 1.37650e+01 1.57351e+01 1.77037e+01
0.0660 1.04506e-22 1.37361e+01 1.57066e+01 1.76704e+01
0.0670 1.04166e-22 1.37568e+01 1.57197e+01 1.76777e+01
0.0680 1.04029e-22 1.37718e+01 1.57439e+01 1.77146e+01
0.0690 1.03625e-22 1.37748e+01 1.57507e+01 1.77264e+01
0.0700 1.03094e-22 1.37786e+01 1.57482e+01 1.77165e+01
0.0710 1.03037e-22 1.37563e+01 1.57407e+01 1.77175e+01
0.0720 1.02991e-22 1.37668e+01 1.57522e+01 1.77311e+01
0.0730 1.02640e-22 1.37812e+01 1.57544e+01 1.77219e+01
0.0740 1.02255e-22 1.37607e+01 1.57279e+01 1.76838e+01
0.0750 1.01899e-22 1.37535e+01 1.57176e+01 1.76669e+01
0.0760 1.01702e-22 1.37695e+01 1.57453e+01 1.77077e+01
0.0770 1.01652e-22 1.37762e+01 1.57536e+01 1.77200e+01
0.0780 1.01323e-22 1.37746e+01 1.57615e+01 1.77336e+01
0.0790 1.01273e-22 1.37779e+01 1.57762e+01 1.77600e+01
0.0800 1.01071e-22 1.37772e+01 1.57826e+01 1.77747e+01
0.0810 1.00954e-22 1.37942e+01 1.58070e+01 1.78107e+01
0.0820 1.00601e-22 1.38104e+01 1.58351e+01 1.78504e+01
0.0830 1.00510e-22 1.38294e+01 1.58478e+01 1.78616e+01
0.0840 1.00154e-22 1.38191e+01 1.58406e+01 1.78547e+01
0.0850 9.99037e-23 1.37935e+01 1.58238e+01 1.78419e+01
0.0860 9.96732e-23 1.38080e+01 1.58382e+01 1.78573e+01
0.0870 9.94394e-23 1.38224e+01 1.58564e+01 1.78795e+01
0.0880 9.93879e-23 1.37964e+01 1.58386e+01 1.78683e+01
0.0890 9.91760e-23 1.37801e+01 1.58292e+01 1.78625e+01
0.0900 9.88712e-23 1.37744e+01 1.58252e+01 1.78590e+01
0.0910 9.84957e-23 1.38035e+01 1.58470e+01 1.78773e+01
0.0920 9.82761e-23 1.38072e+01 1.58520e+01 1.78831e+01
0.0930 9.79836e-23 1.38375e+01 1.58740e+01 1.79007e+01
0.0940 9.76937e-23 1.38014e+01 1.58485e+01 1.78798e+01
0.0950 9.74134e-23 1.37982e+01 1.58437e+01 1.78733e+01
0.0960 9.71554e-23 1.37945e+01 1.58397e+01 1.78680e+01
0.0970 9.67816e-23 1.38158e+01 1.58561e+01 1.78798e+01
0.0980 9.64630e-23 1.38143e+01 1.58561e+01 1.78798e+01
0.0990 9.62222e-23 1.38042e+01 1.58490e+01 1.78736e+01
0.1000 9.59624e-23 1.37827e+01 1.58334e+01 1.78602e+01
0.1010 9.57371e-23 1.37701e+01 1.58241e+01 1.78511e+01
0.1020 9.53462e-23 1.38115e+01 1.58532e+01 1.78716e+01
0.1030 9.51554e-23 1.37875e+01 1.58298e+01 1.78480e+01
0.1040 9.48204e-23 1.37812e+01 1.58243e+01 1.78406e+01
0.1050 9.45109e-23 1.37909e+01 1.58296e+01 1.78424e+01
0.1060 9.43445e-23 1.37654e+01 1.58083e+01 1.78228e+01
0.1070 9.39605e-23 1.37955e+01 1.58297e+01 1.78381e+01
0.1080 9.37842e-23 1.37595e+01 1.58022e+01 1.78148e+01
0.1090 9.34708e-23 1.37770e+01 1.58134e+01 1.78221e+01
0.1100 9.31329e-23 1.37897e+01 1.58227e+01 1.78280e+01
0.1110 9.29538e-23 1.37509e+01 1.57925e+01 1.78016e+01
0.1120 9.26516e-23 1.37763e+01 1.58114e+01 1.78162e+01
0.1130 9.25427e-23 1.37472e+01 1.57873e+01 1.77953e+01
0.1140 9.21899e-23 1.37583e+01 1.57975e+01 1.78042e+01
0.1150 9.18242e-23 1.37568e+01 1.57984e+01 1.78052e+01
0.1160 9.17454e-23 1.37498e+01 1.57897e+01 1.77956e+01
0.1170 9.13761e-23 1.37457e+01 1.57905e+01 1.77973e+01
0.1180 9.11799e-23 1.37447e+01 1.57868e+01 1.77919e+01
0.1190 9.08763e-23 1.37449e+01 1.57884e+01 1.77930e+01
0.1200 9.06285e-23 1.37435e+01 1.57857e+01 1.77887e+01
0.1210 9.03756e-23 1.37436e+01 1.57833e+01 1.77847e+01
0.1220 9.00670e-23 1.37506e+01 1.57903e+01 1.77909e+01
0.1230 8.98181e-23 1.37420e+01 1.57845e+01 1.77854e+01
0.1240 8.95533e-23 1.37544e+01 1.57906e+01 1.77877e+01
0.1250 8.93539e-23 1.37425e+01 1.57802e+01 1.77769e+01
0.1260 8.89824e-23 1.37633e+01 1.57962e+01 1.77886e+01
0.1270 8.90692e-23 1.37050e+01 1.57473e+01 1.77476e+01
0.1280 8.87575e-23 1.37239e+01 1.57602e+01 1.77592e+01
0.1290 8.85908e-23 1.37058e+01 1.57369e+01 1.77345e+01
0.1300 8.81573e-23 1.36637e+01 1.56702e+01 1.76500e+01
0.1310 8.75201e-23 1.36379e+01 1.56198e+01 1.75756e+01
0.1310 8.75215e-23 1.36376e+01 1.56191e+01 1.75744e+01
0.1320 8.69381e-23 1.36273e+01 1.55796e+01 1.75075e+01
0.1330 8.66094e-23 1.35851e+01 1.55319e+01 1.74518e+01
0.1340 8.62726e-23 1.35978e+01 1.55378e+01 1.74500e+01
0.1350 8.59439e-23 1.35903e+01 1.55245e+01 1.74316e+01
0.1360 8.57841e-23 1.35724e+01 1.55107e+01 1.74207e+01
0.1370 8.54741e-23 1.35888e+01 1.55251e+01 1.74341e+01
0.1380 8.51967e-23 1.36055e+01 1.55370e+01 1.74441e+01
0.1390 8.49594e-23 1.35882e+01 1.55258e+01 1.74369e+01
0.1400 8.47090e-23 1.35815e+01 1.55230e+01 1.74371e+01
0.1410 8.43867e-23 1.35978e+01 1.55367e+01 1.74490e+01
0.1420 8.42745e-23 1.35807e+01 1.55231e+01 1.74385e+01
0.1430 8.39946e-23 1.35802e+01 1.55258e+01 1.74430e+01
0.1440 8.37864e-23 1.35867e+01 1.55296e+01 1.74459e+01
0.1450 8.34195e-23 1.36202e+01 1.55546e+01 1.74667e+01
0.1460 8.32390e-23 1.35989e+01 1.55389e+01 1.74546e+01
0.1470 8.31233e-23 1.35688e+01 1.55163e+01 1.74368e+01
0.1480 8.27584e-23 1.35901e+01 1.55338e+01 1.74520e+01
0.1490 8.25288e-23 1.35911e+01 1.55339e+01 1.74519e+01
0.1500 8.22824e-23 1.35745e+01 1.55233e+01 1.74445e+01
0.1510 8.20801e-23 1.35968e+01 1.55356e+01 1.74524e+01
0.1520 8.18734e-23 1.35818e+01 1.55248e+01 1.74441e+01
0.1530 8.15394e-23 1.36026e+01 1.55418e+01 1.74590e+01
0.1540 8.13904e-23 1.35907e+01 1.55326e+01 1.74515e+01
0.1550 8.12552e-23 1.35717e+01 1.55164e+01 1.74379e+01
0.1560 8.09727e-23 1.35689e+01 1.55159e+01 1.74388e+01
0.1570 8.08022e-23 1.35590e+01 1.55074e+01 1.74317e+01
0.1580 8.06138e-23 1.35632e+01 1.55080e+01 1.74314e+01
0.1590 8.03761e-23 1.35481e+01 1.54989e+01 1.74250e+01
0.1600 8.01831e-23 1.35502e+01 1.54989e+01 1.74247e+01
0.1610 7.99027e-23 1.35620e+01 1.55092e+01 1.74338e+01
0.1620 7.98630e-23 1.35367e+01 1.54859e+01 1.74137e+01
0.1630 7.95714e-23 1.35688e+01 1.55129e+01 1.74368e+01
0.1640 7.94012e-23 1.35547e+01 1.55029e+01 1.74302e+01
0.1650 7.92030e-23 1.35467e+01 1.54974e+01 1.74265e+01
0.1660 7.88956e-23 1.35646e+01 1.55136e+01 1.74411e+01
0.1670 7.87812e-23 1.35597e+01 1.55054e+01 1.74328e+01
0.1680 7.85533e-23 1.35486e+01 1.54987e+01 1.74285e+01
0.1690 7.83589e-23 1.35450e+01 1.54959e+01 1.74268e+01
0.1700 7.81541e-23 1.35465e+01 1.54975e+01 1.74289e+01
0.1710 7.79781e-23 1.35331e+01 1.54876e+01 1.74216e+01
0.1720 7.77908e-23 1.35348e+01 1.54881e+01 1.74217e+01
0.1730 7.75833e-23 1.35386e+01 1.54901e+01 1.74233e+01
0.1740 7.74265e-23 1.35194e+01 1.54755e+01 1.74115e+01
0.1750 7.72215e-23 1.35143e+01 1.54716e+01 1.74085e+01
0.1760 7.70358e-23 1.35284e+01 1.54799e+01 1.74146e+01
0.1770 7.68222e-23 1.35217e+01 1.54758e+01 1.74116e+01
0.1780 7.65984e-23 1.35198e+01 1.54746e+01 1.74104e+01
0.1790 7.64325e-23 1.35147e+01 1.54687e+01 1.74050e+01
0.1800 7.62179e-23 1.35092e+01 1.54638e+01 1.74005e+01
0.1810 7.60434e-23 1.35052e+01 1.54591e+01 1.73957e+01
0.1820 7.58344e-23 1.35043e+01 1.54578e+01 1.73943e+01
0.1830 7.56386e-23 1.35004e+01 1.54543e+01 1.73912e+01
0.1840 7.54926e-23 1.34781e+01 1.54369e+01 1.73767e+01
0.1850 7.52982e-23 1.34942e+01 1.54470e+01 1.73839e+01
0.1860 7.51106e-23 1.35048e+01 1.54540e+01 1.73890e+01
0.1870 7.49265e-23 1.34968e+01 1.54479e+01 1.73844e+01
0.1880 7.47528e-23 1.34851e+01 1.54392e+01 1.73774e+01
0.1890 7.45644e-23 1.34766e+01 1.54325e+01 1.73724e+01
0.1900 7.43869e-23 1.34850e+01 1.54382e+01 1.73766e+01
0.1910 7.42044e-23 1.34887e+01 1.54405e+01 1.73785e+01
0.1920 7.40986e-23 1.34627e+01 1.54215e+01 1.73635e+01
0.1930 7.39097e-23 1.34853e+01 1.54366e+01 1.73751e+01
0.1940 7.35969e-23 1.34851e+01 1.54419e+01 1.73822e+01
0.1950 7.33715e-23 1.35084e+01 1.54640e+01 1.74023e+01
0.1960 7.33178e-23 1.34917e+01 1.54484e+01 1.73886e+01
0.1970 7.31055e-23 1.34911e+01 1.54483e+01 1.73888e+01
0.1980 7.27988e-23 1.35076e+01 1.54647e+01 1.74040e+01
0.1990 7.27926e-23 1.34867e+01 1.54431e+01 1.73843e+01
0.2000 7.25603e-23 1.34900e+01 1.54474e+01 1.73884e+01
0.2010 7.24150e-23 1.34961e+01 1.54485e+01 1.73878e+01
0.2020 7.22016e-23 1.34839e+01 1.54415e+01 1.73831e+01
0.2030 7.19862e-23 1.34963e+01 1.54512e+01 1.73911e+01
0.2040 7.19278e-23 1.34746e+01 1.54308e+01 1.73729e+01
0.2050 7.17185e-23 1.34822e+01 1.54364e+01 1.73773e+01
0.2060 7.15259e-23 1.34898e+01 1.54432e+01 1.73835e+01
0.2070 7.13978e-23 1.34716e+01 1.54305e+01 1.73739e+01
0.2080 7.12287e-23 1.34808e+01 1.54361e+01 1.73777e+01
0.2090 7.10650e-23 1.34694e+01 1.54288e+01 1.73725e+01
0.2100 7.10539e-23 1.34478e+01 1.54068e+01 1.73527e+01
0.2110 7.08762e-23 1.34374e+01 1.53983e+01 1.73454e+01
0.2120 7.05992e-23 1.34706e+01 1.54268e+01 1.73699e+01
0.2130 7.05396e-23 1.34484e+01 1.54060e+01 1.73516e+01
0.2140 7.03750e-23 1.34464e+01 1.54042e+01 1.73504e+01
0.2150 7.03166e-23 1.34210e+01 1.53828e+01 1.73324e+01
0.2160 7.00975e-23 1.34312e+01 1.53944e+01 1.73433e+01
0.2170 6.99979e-23 1.34267e+01 1.53874e+01 1.73365e+01
0.2180 6.98475e-23 1.34262e+01 1.53865e+01 1.73353e+01
0.2190 6.97040e-23 1.34206e+01 1.53814e+01 1.73310e+01
0.2200 6.95615e-23 1.34186e+01 1.53788e+01 1.73282e+01
0.2210 6.93813e-23 1.34345e+01 1.53901e+01 1.73371e+01
0.2220 6.92833e-23 1.34088e+01 1.53702e+01 1.73210e+01
0.2230 6.90927e-23 1.34230e+01 1.53807e+01 1.73293e+01
0.2240 6.89717e-23 1.34088e+01 1.53691e+01 1.73198e+01
0.2250 6.87290e-23 1.34153e+01 1.53776e+01 1.73284e+01
0.2260 6.87423e-23 1.33759e+01 1.53468e+01 1.73034e+01
0.2270 6.84374e-23 1.34159e+01 1.53777e+01 1.73286e+01
0.2280 6.82727e-23 1.34341e+01 1.53966e+01 1.73461e+01
0.2290 6.81630e-23 1.34283e+01 1.53923e+01 1.73429e+01
0.2300 6.80053e-23 1.34406e+01 1.54008e+01 1.73494e+01
0.2310 6.78736e-23 1.34325e+01 1.53950e+01 1.73449e+01
0.2320 6.77494e-23 1.34269e+01 1.53905e+01 1.73415e+01
0.2330 6.76079e-23 1.34292e+01 1.53917e+01 1.73419e+01
0.2340 6.75167e-23 1.34070e+01 1.53745e+01 1.73280e+01
0.2350 6.73694e-23 1.34149e+01 1.53791e+01 1.73311e+01
0.2360 6.72581e-23 1.34041e+01 1.53708e+01 1.73243e+01
0.2370 6.71028e-23 1.34220e+01 1.53828e+01 1.73332e+01
0.2380 6.70231e-23 1.33882e+01 1.53576e+01 1.73131e+01
0.2390 6.69152e-23 1.33848e+01 1.53538e+01 1.73095e+01
0.2400 6.67226e-23 1.34093e+01 1.53717e+01 1.73237e+01
0.2410 6.65540e-23 1.34255e+01 1.53831e+01 1.73326e+01
0.2420 6.64775e-23 1.33990e+01 1.53628e+01 1.73163e+01
0.2430 6.63221e-23 1.34086e+01 1.53696e+01 1.73216e+01
0.2440 6.62168e-23 1.33939e+01 1.53579e+01 1.73123e+01
0.2450 6.60988e-23 1.33773e+01 1.53461e+01 1.73029e+01
0.2460 6.60122e-23 1.33593e+01 1.53314e+01 1.72907e+01
0.2470 6.58432e-23 1.33826e+01 1.53477e+01 1.73033e+01
0.2480 6.57389e-23 1.33590e+01 1.53302e+01 1.72895e+01
0.2482 6.56801e-23 1.33771e+01 1.53437e+01 1.73000e+01
0.2490 6.55624e-23 1.33840e+01 1.53486e+01 1.73037e+01
0.2500 6.54329e-23 1.33852e+01 1.53485e+01 1.73034e+01
0.2510 6.53398e-23 1.33757e+01 1.53402e+01 1.72963e+01
0.2520 6.51749e-23 1.33908e+01 1.53513e+01 1.73051e+01
0.2530 6.50756e-23 1.33830e+01 1.53448e+01 1.72996e+01
0.2540 6.49668e-23 1.33645e+01 1.53313e+01 1.72890e+01
0.2550 6.48233e-23 1.33804e+01 1.53411e+01 1.72961e+01
0.2560 6.46927e-23 1.33735e+01 1.53362e+01 1.72921e+01
0.2570 6.45745e-23 1.33745e+01 1.53358e+01 1.72911e+01
0.2580 6.44843e-23 1.33437e+01 1.53136e+01 1.72739e+01
0.2590 6.43377e-23 1.33567e+01 1.53220e+01 1.72803e+01
0.2600 6.42140e-23 1.33562e+01 1.53219e+01 1.72801e+01
0.2610 6.40889e-23 1.33668e+01 1.53280e+01 1.72844e+01
0.2620 6.39550e-23 1.33696e+01 1.53302e+01 1.72862e+01
0.2630 6.38668e-23 1.33580e+01 1.53209e+01 1.72786e+01
0.2640 6.37708e-23 1.33364e+01 1.53065e+01 1.72677e+01
0.2650 6.36408e-23 1.33515e+01 1.53170e+01 1.72760e+01
0.2660 6.35691e-23 1.33212e+01 1.52950e+01 1.72591e+01
0.2670 6.34315e-23 1.33340e+01 1.53037e+01 1.72658e+01
0.2680 6.33195e-23 1.33290e+01 1.52995e+01 1.72623e+01
0.2690 6.32324e-23 1.33066e+01 1.52827e+01 1.72489e+01
0.2700 6.31324e-23 1.32992e+01 1.52761e+01 1.72432e+01
0.2710 6.29887e-23 1.33162e+01 1.52882e+01 1.72527e+01
0.2720 6.28840e-23 1.33134e+01 1.52851e+01 1.72499e+01
0.2730 6.27944e-23 1.33068e+01 1.52793e+01 1.72450e+01
0.2740 6.26693e-23 1.33140e+01 1.52849e+01 1.72494e+01
0.2750 6.25847e-23 1.33029e+01 1.52760e+01 1.72423e+01
0.2760 6.24288e-23 1.33260e+01 1.52934e+01 1.72561e+01
0.2770 6.23749e-23 1.33053e+01 1.52768e+01 1.72427e+01
0.2780 6.22643e-23 1.32997e+01 1.52733e+01 1.72400e+01
0.2790 6.21200e-23 1.33223e+01 1.52901e+01 1.72534e+01
0.2800 6.20259e-23 1.33209e+01 1.52892e+01 1.72529e+01
0.2810 6.19743e-23 1.32944e+01 1.52689e+01 1.72369e+01
0.2820 6.18393e-23 1.33126e+01 1.52823e+01 1.72478e+01
0.2830 6.18265e-23 1.32654e+01 1.52483e+01 1.72212e+01
0.2840 6.17198e-23 1.32713e+01 1.52517e+01 1.72241e+01
0.2850 6.15967e-23 1.32867e+01 1.52629e+01 1.72329e+01
0.2860 6.14352e-23 1.33098e+01 1.52805e+01 1.72476e+01
0.2870 6.13431e-23 1.32914e+01 1.52682e+01 1.72386e+01
0.2880 6.12372e-23 1.33015e+01 1.52743e+01 1.72434e+01
0.2890 6.11476e-23 1.32941e+01 1.52685e+01 1.72387e+01
0.2900 6.10261e-23 1.33059e+01 1.52765e+01 1.72449e+01
0.2910 6.09228e-23 1.33055e+01 1.52760e+01 1.72447e+01
0.2920 6.08496e-23 1.32818e+01 1.52590e+01 1.72315e+01
0.2930 6.07004e-23 1.33142e+01 1.52820e+01 1.72495e+01
0.2940 6.06225e-23 1.32954e+01 1.52685e+01 1.72392e+01
0.2950 6.05122e-23 1.32986e+01 1.52709e+01 1.72413e+01
0.2960 6.04657e-23 1.32766e+01 1.52540e+01 1.72280e+01
0.2970 6.03581e-23 1.32769e+01 1.52543e+01 1.72284e+01
0.2980 6.02159e-23 1.32932e+01 1.52673e+01 1.72394e+01
0.2990 6.01526e-23 1.32751e+01 1.52535e+01 1.72287e+01
0.3000 6.00158e-23 1.32925e+01 1.52671e+01 1.72400e+01
0.3010 5.99189e-23 1.32811e+01 1.52597e+01 1.72350e+01
0.3020 5.97911e-23 1.33048e+01 1.52769e+01 1.72487e+01
0.3030 5.96712e-23 1.32969e+01 1.52726e+01 1.72463e+01
0.3040 5.96146e-23 1.32820e+01 1.52617e+01 1.72377e+01
0.3050 5.96717e-23 1.32465e+01 1.52294e+01 1.72096e+01
0.3060 5.94515e-23 1.32602e+01 1.52466e+01 1.72271e+01
0.3070 5.93641e-23 1.32677e+01 1.52514e+01 1.72309e+01
0.3080 5.92189e-23 1.32890e+01 1.52684e+01 1.72454e+01
0.3090 5.91522e-23 1.32801e+01 1.52613e+01 1.72400e+01
0.3100 5.90303e-23 1.32925e+01 1.52707e+01 1.72481e+01
0.3110 5.89254e-23 1.33024e+01 1.52780e+01 1.72542e+01
0.3120 5.88389e-23 1.32885e+01 1.52686e+01 1.72475e+01
0.3130 5.87424e-23 1.32875e+01 1.52690e+01 1.72483e+01
0.3140 5.86824e-23 1.32833e+01 1.52651e+01 1.72452e+01
0.3150 5.85380e-23 1.32943e+01 1.52745e+01 1.72538e+01
0.3160 5.84725e-23 1.32944e+01 1.52742e+01 1.72538e+01
0.3170 5.83123e-23 1.33049e+01 1.52848e+01 1.72641e+01
0.3180 5.83175e-23 1.32844e+01 1.52670e+01 1.72489e+01
0.3190 5.81401e-23 1.33030e+01 1.52843e+01 1.72646e+01
0.3200 5.81164e-23 1.32904e+01 1.52718e+01 1.72537e+01
0.3210 5.79303e-23 1.33021e+01 1.52843e+01 1.72656e+01
0.3220 5.79522e-23 1.32619e+01 1.52511e+01 1.72379e+01
0.3230 5.77666e-23 1.32943e+01 1.52783e+01 1.72613e+01
0.3240 5.77262e-23 1.32914e+01 1.52737e+01 1.72569e+01
0.3250 5.76702e-23 1.32838e+01 1.52672e+01 1.72518e+01
0.3260 5.76262e-23 1.32558e+01 1.52469e+01 1.72361e+01
0.3270 5.74490e-23 1.32823e+01 1.52698e+01 1.72559e+01
0.3280 5.73702e-23 1.32856e+01 1.52703e+01 1.72561e+01
0.3290 5.72129e-23 1.32948e+01 1.52797e+01 1.72651e+01
0.3300 5.71513e-23 1.33059e+01 1.52859e+01 1.72695e+01
0.3310 5.70434e-23 1.33062e+01 1.52872e+01 1.72711e+01
0.3320 5.70106e-23 1.32957e+01 1.52780e+01 1.72633e+01
0.3330 5.69656e-23 1.32752e+01 1.52633e+01 1.72521e+01
0.3340 5.72868e-23 1.32337e+01 1.52078e+01 1.71960e+01
0.3350 5.71021e-23 1.32235e+01 1.52015e+01 1.71911e+01
0.3360 5.70784e-23 1.32187e+01 1.51945e+01 1.71838e+01
0.3370 5.69470e-23 1.32217e+01 1.51994e+01 1.71895e+01
0.3380 5.68911e-23 1.32231e+01 1.51990e+01 1.71887e+01
0.3390 5.68288e-23 1.32151e+01 1.51930e+01 1.71839e+01
0.3400 5.66898e-23 1.32203e+01 1.51978e+01 1.71890e+01
0.3410 5.67158e-23 1.32001e+01 1.51790e+01 1.71721e+01
0.3420 5.65768e-23 1.32062e+01 1.51867e+01 1.71799e+01
0.3430 5.65006e-23 1.32113e+01 1.51891e+01 1.71816e+01
0.3440 5.64437e-23 1.31999e+01 1.51808e+01 1.71751e+01
0.3450 5.63041e-23 1.32132e+01 1.51920e+01 1.71853e+01
0.3460 5.62430e-23 1.32252e+01 1.51995e+01 1.71906e+01
0.3470 5.61691e-23 1.32175e+01 1.51940e+01 1.71871e+01
0.3480 5.61505e-23 1.31839e+01 1.51694e+01 1.71678e+01
0.3490 5.60293e-23 1.32145e+01 1.51920e+01 1.71859e+01
0.3500 5.58627e-23 1.32316e+01 1.52074e+01 1.72000e+01
0.3510 5.58878e-23 1.32110e+01 1.51902e+01 1.71851e+01
0.3520 5.57547e-23 1.32276e+01 1.52029e+01 1.71961e+01
0.3530 5.57886e-23 1.31972e+01 1.51774e+01 1.71747e+01
0.3540 5.55879e-23 1.32325e+01 1.52075e+01 1.72008e+01
0.3550 5.56359e-23 1.32069e+01 1.51840e+01 1.71800e+01
0.3560 5.54958e-23 1.32042e+01 1.51842e+01 1.71816e+01
0.3570 5.53379e-23 1.32180e+01 1.51979e+01 1.71944e+01
0.3580 5.53002e-23 1.32085e+01 1.51890e+01 1.71866e+01
0.3590 5.52613e-23 1.31959e+01 1.51781e+01 1.71775e+01
0.3600 5.51770e-23 1.32080e+01 1.51865e+01 1.71838e+01
0.3610 5.50010e-23 1.32268e+01 1.52043e+01 1.72003e+01
0.3620 5.49640e-23 1.32252e+01 1.52016e+01 1.71978e+01
0.3630 5.49117e-23 1.32111e+01 1.51901e+01 1.71882e+01
0.3640 5.48242e-23 1.32189e+01 1.51967e+01 1.71942e+01
0.3650 5.46872e-23 1.32325e+01 1.52092e+01 1.72058e+01
0.3657 5.46746e-23 1.32412e+01 1.52124e+01 1.72066e+01
0.3660 5.47117e-23 1.32075e+01 1.51876e+01 1.71870e+01
0.3670 5.46363e-23 1.32170e+01 1.51941e+01 1.71920e+01
0.3680 5.45405e-23 1.32162e+01 1.51944e+01 1.71932e+01
0.3690 5.44776e-23 1.32158e+01 1.51930e+01 1.71917e+01
0.3700 5.44310e-23 1.32162e+01 1.51920e+01 1.71907e+01
0.3710 5.43115e-23 1.32172e+01 1.51947e+01 1.71941e+01
0.3720 5.42268e-23 1.32153e+01 1.51951e+01 1.71952e+01
0.3730 5.41553e-23 1.32201e+01 1.51974e+01 1.71968e+01
0.3740 5.40360e-23 1.32222e+01 1.52007e+01 1.72004e+01
0.3750 5.39366e-23 1.32387e+01 1.52131e+01 1.72105e+01
0.3760 5.39006e-23 1.32299e+01 1.52041e+01 1.72025e+01
0.3770 5.38348e-23 1.32184e+01 1.51972e+01 1.71981e+01
0.3780 5.38493e-23 1.31934e+01 1.51766e+01 1.71798e+01
0.3790 5.36896e-23 1.31983e+01 1.51815e+01 1.71849e+01
0.3800 5.36303e-23 1.31866e+01 1.51733e+01 1.71786e+01
0.3810 5.35215e-23 1.32082e+01 1.51904e+01 1.71928e+01
0.3820 5.34185e-23 1.32185e+01 1.51990e+01 1.72017e+01
0.3830 5.33807e-23 1.32249e+01 1.52023e+01 1.72028e+01
0.3840 5.34647e-23 1.32087e+01 1.51823e+01 1.71822e+01
0.3850 5.32745e-23 1.32173e+01 1.51957e+01 1.71975e+01
0.3860 5.31711e-23 1.32204e+01 1.51998e+01 1.72028e+01
0.3870 5.31118e-23 1.32310e+01 1.52062e+01 1.72069e+01
0.3880 5.30823e-23 1.32180e+01 1.51962e+01 1.71989e+01
0.3890 5.29987e-23 1.32175e+01 1.51976e+01 1.72017e+01
0.3900 5.29203e-23 1.32341e+01 1.52079e+01 1.72084e+01
0.3910 5.27776e-23 1.32328e+01 1.52091e+01 1.72109e+01
0.3920 5.28167e-23 1.32240e+01 1.51990e+01 1.72011e+01
0.3930 5.26890e-23 1.32214e+01 1.52003e+01 1.72041e+01
0.3940 5.28187e-23 1.32162e+01 1.51857e+01 1.71857e+01
0.3950 5.27214e-23 1.32143e+01 1.51840e+01 1.71847e+01
0.3960 5.23457e-23 1.32386e+01 1.52167e+01 1.72200e+01
0.3970 5.24067e-23 1.32417e+01 1.52152e+01 1.72156e+01
0.3980 5.23100e-23 1.32305e+01 1.52073e+01 1.72102e+01
0.3990 5.22532e-23 1.32348e+01 1.52089e+01 1.72111e+01
0.4000 5.21523e-23 1.32306e+01 1.52078e+01 1.72113e+01
0.4010 5.21918e-23 1.32338e+01 1.52030e+01 1.72037e+01
0.4020 5.19874e-23 1.32556e+01 1.52248e+01 1.72244e+01
0.4030 5.20020e-23 1.32313e+01 1.52022e+01 1.72049e+01
0.4040 5.19925e-23 1.32106e+01 1.51869e+01 1.71920e+01
0.4050 5.21822e-23 1.32083e+01 1.51740e+01 1.71744e+01
0.4060 5.18362e-23 1.32213e+01 1.51945e+01 1.71990e+01
0.4070 5.17992e-23 1.32073e+01 1.51850e+01 1.71918e+01
0.4080 5.18842e-23 1.32029e+01 1.51754e+01 1.71794e+01
0.4090 5.15236e-23 1.32173e+01 1.51989e+01 1.72074e+01
0.4100 5.14499e-23 1.32205e+01 1.52014e+01 1.72089e+01
0.4110 5.12899e-23 1.32340e+01 1.52147e+01 1.72232e+01
0.4120 5.13678e-23 1.32369e+01 1.52081e+01 1.72123e+01
0.4130 5.13667e-23 1.32135e+01 1.51904e+01 1.71976e+01
0.4140 5.13942e-23 1.32095e+01 1.51811e+01 1.71858e+01
0.4150 5.11799e-23 1.32255e+01 1.52002e+01 1.72058e+01
0.4160 5.10307e-23 1.32100e+01 1.51938e+01 1.72047e+01
0.4170 5.09469e-23 1.32238e+01 1.52050e+01 1.72145e+01
0.4180 5.12530e-23 1.31731e+01 1.51482e+01 1.71575e+01
0.4190 5.10180e-23 1.31981e+01 1.51755e+01 1.71850e+01
0.4200 5.07875e-23 1.32174e+01 1.51959e+01 1.72051e+01
0.4210 5.10400e-23 1.32078e+01 1.51732e+01 1.71763e+01
0.4220 5.06103e-23 1.32301e+01 1.52107e+01 1.72188e+01
0.4230 5.04953e-23 1.32354e+01 1.52161e+01 1.72258e+01
0.4240 5.04886e-23 1.32322e+01 1.52088e+01 1.72171e+01
0.4250 5.07738e-23 1.32059e+01 1.51724e+01 1.71783e+01
0.4260 5.03126e-23 1.31980e+01 1.51831e+01 1.71980e+01
0.4270 5.03663e-23 1.31820e+01 1.51620e+01 1.71760e+01
0.4280 5.03105e-23 1.32184e+01 1.51941e+01 1.72039e+01
0.4290 5.04863e-23 1.31956e+01 1.51690e+01 1.71788e+01
0.4300 5.01573e-23 1.32149e+01 1.51900e+01 1.71991e+01
0.4310 5.02867e-23 1.32059e+01 1.51748e+01 1.71818e+01
0.4320 5.00048e-23 1.32185e+01 1.51917e+01 1.72015e+01
0.4330 4.97789e-23 1.32354e+01 1.52130e+01 1.72232e+01
0.4340 5.01023e-23 1.31884e+01 1.51622e+01 1.71732e+01
0.4350 4.96606e-23 1.32265e+01 1.52087e+01 1.72224e+01
0.4360 4.94801e-23 1.32204e+01 1.51995e+01 1.72120e+01
0.4370 4.97740e-23 1.31958e+01 1.51718e+01 1.71840e+01
0.4380 4.95951e-23 1.32221e+01 1.52003e+01 1.72120e+01
0.4390 5.00763e-23 1.31596e+01 1.51171e+01 1.71215e+01
0.4400 4.97570e-23 1.31635e+01 1.51279e+01 1.71359e+01
0.4410 4.95523e-23 1.31919e+01 1.51605e+01 1.71697e+01
0.4420 4.97356e-23 1.31658e+01 1.51285e+01 1.71352e+01
0.4430 4.95934e-23 1.31582e+01 1.51249e+01 1.71349e+01
0.4440 4.93188e-23 1.31906e+01 1.51566e+01 1.71654e+01
0.4450 4.94431e-23 1.31657e+01 1.51353e+01 1.71466e+01
0.4460 4.93656e-23 1.31733e+01 1.51412e+01 1.71510e+01
0.4470 4.92871e-23 1.31653e+01 1.51333e+01 1.71441e+01
0.4480 4.91491e-23 1.31666e+01 1.51379e+01 1.71508e+01
0.4490 4.88927e-23 1.31970e+01 1.51698e+01 1.71827e+01
0.4500 4.92829e-23 1.31524e+01 1.51122e+01 1.71201e+01
0.4510 4.91855e-23 1.31221e+01 1.50897e+01 1.71029e+01
0.4520 4.88293e-23 1.31733e+01 1.51458e+01 1.71595e+01
0.4530 4.88285e-23 1.31632e+01 1.51344e+01 1.71489e+01
0.4540 4.88164e-23 1.31821e+01 1.51472e+01 1.71573e+01
0.4550 4.85782e-23 1.31858e+01 1.51567e+01 1.71703e+01
0.4560 4.85675e-23 1.31944e+01 1.51616e+01 1.71725e+01
0.4570 4.86978e-23 1.31887e+01 1.51513e+01 1.71606e+01
0.4580 4.83999e-23 1.32318e+01 1.51975e+01 1.72063e+01
0.4590 4.87418e-23 1.31871e+01 1.51489e+01 1.71587e+01
0.4600 4.81689e-23 1.32261e+01 1.52038e+01 1.72200e+01
0.4610 4.82070e-23 1.32169e+01 1.51975e+01 1.72147e+01
0.4620 4.79926e-23 1.32045e+01 1.51817e+01 1.71994e+01
0.4630 4.85040e-23 1.32170e+01 1.51762e+01 1.71826e+01
0.4640 4.79940e-23 1.32275e+01 1.52009e+01 1.72154e+01
0.4650 4.81942e-23 1.32057e+01 1.51766e+01 1.71905e+01
0.4660 4.81507e-23 1.31993e+01 1.51591e+01 1.71688e+01
0.4670 4.82438e-23 1.31474e+01 1.51136e+01 1.71274e+01
0.4680 4.81320e-23 1.31546e+01 1.51185e+01 1.71303e+01
0.4690 4.80959e-23 1.31616e+01 1.51224e+01 1.71329e+01
0.4700 4.80198e-23 1.31470e+01 1.51060e+01 1.71159e+01
0.4710 4.79232e-23 1.31840e+01 1.51357e+01 1.71403e+01
0.4720 4.80942e-23 1.31417e+01 1.50941e+01 1.71013e+01
0.4730 4.78952e-23 1.31487e+01 1.51059e+01 1.71148e+01
0.4740 4.77628e-23 1.31581e+01 1.51146e+01 1.71230e+01
0.4750 4.78886e-23 1.31346e+01 1.50921e+01 1.71016e+01
0.4760 4.78871e-23 1.31192e+01 1.50778e+01 1.70891e+01
0.4770 4.77381e-23 1.31435e+01 1.51013e+01 1.71117e+01
0.4780 4.75763e-23 1.31360e+01 1.50961e+01 1.71082e+01
0.4790 4.75915e-23 1.31527e+01 1.51079e+01 1.71168e+01
0.4800 4.75962e-23 1.31624e+01 1.51129e+01 1.71199e+01
0.4810 4.75503e-23 1.31375e+01 1.50920e+01 1.71018e+01
0.4820 4.73814e-23 1.31624e+01 1.51154e+01 1.71230e+01
0.4830 4.73757e-23 1.31519e+01 1.51057e+01 1.71140e+01
0.4830 4.74327e-23 1.31516e+01 1.51033e+01 1.71100e+01
0.4840 4.73516e-23 1.31475e+01 1.51025e+01 1.71127e+01
0.4850 4.74545e-23 1.31443e+01 1.50965e+01 1.71035e+01
0.4860 4.70543e-23 1.31711e+01 1.51296e+01 1.71402e+01
0.4870 4.71706e-23 1.31597e+01 1.51131e+01 1.71216e+01
0.4880 4.71185e-23 1.31540e+01 1.51090e+01 1.71188e+01
0.4890 4.69622e-23 1.31721e+01 1.51240e+01 1.71317e+01
0.4900 4.69482e-23 1.31494e+01 1.51049e+01 1.71150e+01
0.4910 4.68746e-23 1.31556e+01 1.51091e+01 1.71180e+01
0.4920 4.69588e-23 1.31467e+01 1.50991e+01 1.71073e+01
0.4930 4.69029e-23 1.31511e+01 1.51012e+01 1.71085e+01
0.4940 4.71347e-23 1.31549e+01 1.50943e+01 1.70912e+01
0.4950 4.67697e-23 1.31406e+01 1.50943e+01 1.71039e+01
0.4960 4.65980e-23 1.31642e+01 1.51169e+01 1.71262e+01
0.4970 4.64175e-23 1.31746e+01 1.51307e+01 1.71419e+01
0.4980 4.65139e-23 1.31667e+01 1.51196e+01 1.71294e+01
0.4990 4.64339e-23 1.31429e+01 1.51015e+01 1.71141e+01
0.5000 4.65063e-23 1.31375e+01 1.50928e+01 1.71040e+01
0.5010 4.65738e-23 1.31222e+01 1.50761e+01 1.70873e+01
0.5020 4.64944e-23 1.31217e+01 1.50765e+01 1.70886e+01
0.5030 4.64397e-23 1.31052e+01 1.50618e+01 1.70767e+01
0.5040 4.62841e-23 1.31306e+01 1.50858e+01 1.70981e+01
0.5050 4.62412e-23 1.31275e+01 1.50846e+01 1.70971e+01
0.5060 4.61812e-23 1.31336e+01 1.50884e+01 1.71002e+01
0.5070 4.61122e-23 1.31529e+01 1.51044e+01 1.71126e+01
0.5080 4.62279e-23 1.31112e+01 1.50608e+01 1.70694e+01
0.5090 4.61131e-23 1.31103e+01 1.50657e+01 1.70782e+01
0.5100 4.60148e-23 1.31253e+01 1.50759e+01 1.70835e+01
0.5110 4.59137e-23 1.31148e+01 1.50722e+01 1.70861e+01
0.5120 4.60955e-23 1.31162e+01 1.50678e+01 1.70756e+01
0.5130 4.57915e-23 1.31197e+01 1.50731e+01 1.70853e+01
0.5140 4.61901e-23 1.31053e+01 1.50512e+01 1.70556e+01
0.5150 4.58516e-23 1.30982e+01 1.50549e+01 1.70677e+01
0.5160 4.57850e-23 1.31209e+01 1.50781e+01 1.70890e+01
0.5170 4.56231e-23 1.31210e+01 1.50798e+01 1.70940e+01
0.5180 4.55977e-23 1.31322e+01 1.50853e+01 1.70985e+01
0.5190 4.55043e-23 1.31350e+01 1.50948e+01 1.71099e+01
0.5200 4.55515e-23 1.31261e+01 1.50835e+01 1.70975e+01
0.5210 4.54344e-23 1.31513e+01 1.51018e+01 1.71112e+01
0.5220 4.54482e-23 1.31307e+01 1.50852e+01 1.70980e+01
0.5230 4.53652e-23 1.31333e+01 1.50932e+01 1.71072e+01
0.5240 4.53472e-23 1.31663e+01 1.51109e+01 1.71164e+01
0.5250 4.52039e-23 1.31583e+01 1.51104e+01 1.71211e+01
0.5260 4.58162e-23 1.31708e+01 1.51005e+01 1.70893e+01
0.5270 4.50887e-23 1.31279e+01 1.50866e+01 1.71024e+01
0.5280 4.49805e-23 1.31226e+01 1.50831e+01 1.71019e+01
0.5290 4.52078e-23 1.31126e+01 1.50651e+01 1.70774e+01
0.5300 4.49326e-23 1.31259e+01 1.50901e+01 1.71074e+01
0.5310 4.52537e-23 1.31307e+01 1.50775e+01 1.70815e+01
0.5320 4.51217e-23 1.31365e+01 1.50838e+01 1.70899e+01
0.5330 4.52368e-23 1.31246e+01 1.50678e+01 1.70722e+01
0.5340 4.52560e-23 1.31460e+01 1.50883e+01 1.70884e+01
0.5350 4.46613e-23 1.31072e+01 1.50706e+01 1.70870e+01
0.5360 4.48507e-23 1.31253e+01 1.50754e+01 1.70849e+01
0.5370 4.46277e-23 1.31228e+01 1.50772e+01 1.70907e+01
0.5380 4.46146e-23 1.31364e+01 1.50896e+01 1.70999e+01
0.5390 4.45801e-23 1.31343e+01 1.50836e+01 1.70919e+01
0.5400 4.46471e-23 1.31271e+01 1.50787e+01 1.70894e+01
0.5410 4.44113e-23 1.30975e+01 1.50569e+01 1.70753e+01
0.5420 4.47164e-23 1.31401e+01 1.50835e+01 1.70862e+01
0.5430 4.46652e-23 1.31615e+01 1.50894e+01 1.70816e+01
0.5440 4.46087e-23 1.31457e+01 1.50780e+01 1.70744e+01
0.5450 4.42972e-23 1.31251e+01 1.50757e+01 1.70848e+01
0.5460 4.43850e-23 1.31307e+01 1.50751e+01 1.70797e+01
0.5470 4.46796e-23 1.31400e+01 1.50683e+01 1.70598e+01
0.5480 4.43743e-23 1.31036e+01 1.50508e+01 1.70581e+01
0.5490 4.45054e-23 1.31221e+01 1.50640e+01 1.70646e+01
0.5500 4.41864e-23 1.31109e+01 1.50514e+01 1.70569e+01
0.5510 4.44123e-23 1.31757e+01 1.50994e+01 1.70856e+01
0.5520 4.40069e-23 1.31117e+01 1.50506e+01 1.70575e+01
0.5530 4.42370e-23 1.31238e+01 1.50604e+01 1.70600e+01
0.5540 4.40026e-23 1.31390e+01 1.50757e+01 1.70752e+01
0.5550 4.40905e-23 1.31346e+01 1.50631e+01 1.70595e+01
0.5560 4.34584e-23 1.31384e+01 1.50796e+01 1.70896e+01
0.5570 4.38957e-23 1.31366e+01 1.50756e+01 1.70761e+01
0.5580 4.38410e-23 1.31417e+01 1.50731e+01 1.70705e+01
0.5590 4.38741e-23 1.31795e+01 1.50969e+01 1.70827e+01
0.5600 4.37359e-23 1.31326e+01 1.50602e+01 1.70576e+01
0.5610 4.36364e-23 1.31535e+01 1.50834e+01 1.70798e+01
0.5620 4.38446e-23 1.31548e+01 1.50737e+01 1.70602e+01
0.5630 4.33247e-23 1.31812e+01 1.50995e+01 1.70922e+01
0.5640 4.35768e-23 1.31332e+01 1.50562e+01 1.70509e+01
0.5650 4.35828e-23 1.31844e+01 1.50966e+01 1.70822e+01
0.5660 4.34960e-23 1.31648e+01 1.50829e+01 1.70726e+01
0.5670 4.36904e-23 1.31780e+01 1.50854e+01 1.70657e+01
0.5680 4.37753e-23 1.31748e+01 1.50792e+01 1.70559e+01
0.5690 4.35090e-23 1.31669e+01 1.50759e+01 1.70596e+01
0.5700 4.32151e-23 1.31587e+01 1.50779e+01 1.70697e+01
0.5710 4.32145e-23 1.31505e+01 1.50707e+01 1.70649e+01
0.5720 4.35077e-23 1.31938e+01 1.50997e+01 1.70770e+01
0.5730 4.33428e-23 1.31539e+01 1.50635e+01 1.70504e+01
0.5740 4.32902e-23 1.31411e+01 1.50558e+01 1.70453e+01
0.5750 4.30490e-23 1.31721e+01 1.50831e+01 1.70684e+01
0.5760 4.32399e-23 1.31525e+01 1.50616e+01 1.70463e+01
0.5770 4.30288e-23 1.31623e+01 1.50746e+01 1.70619e+01
0.5780 4.28157e-23 1.31888e+01 1.51047e+01 1.70918e+01
0.5790 4.31721e-23 1.31662e+01 1.50727e+01 1.70528e+01
0.5800 4.29710e-23 1.31486e+01 1.50637e+01 1.70529e+01
0.5810 4.30615e-23 1.31818e+01 1.50826e+01 1.70581e+01
0.5820 4.27892e-23 1.31428e+01 1.50607e+01 1.70498e+01
0.5830 4.29009e-23 1.31572e+01 1.50650e+01 1.70456e+01
0.5840 4.29874e-23 1.31598e+01 1.50628e+01 1.70398e+01
0.5850 4.26019e-23 1.31426e+01 1.50597e+01 1.70506e+01
0.5860 4.29770e-23 1.31712e+01 1.50718e+01 1.70463e+01
0.5870 4.28127e-23 1.31653e+01 1.50665e+01 1.70456e+01
0.5880 4.27595e-23 1.32139e+01 1.51042e+01 1.70746e+01
0.5890 4.28861e-23 1.32100e+01 1.50993e+01 1.70660e+01
0.5900 4.22735e-23 1.31621e+01 1.50731e+01 1.70626e+01
0.5910 4.24701e-23 1.31757e+01 1.50770e+01 1.70576e+01
0.5920 4.24692e-23 1.31447e+01 1.50501e+01 1.70328e+01
0.5930 4.23166e-23 1.31013e+01 1.50212e+01 1.70163e+01
0.5940 4.21278e-23 1.31085e+01 1.50325e+01 1.70296e+01
0.5950 4.25092e-23 1.31418e+01 1.50466e+01 1.70271e+01
0.5960 4.22294e-23 1.31286e+01 1.50368e+01 1.70257e+01
0.5970 4.23952e-23 1.30863e+01 1.49986e+01 1.69879e+01
0.5980 4.20150e-23 1.31422e+01 1.50471e+01 1.70345e+01
0.5990 4.22455e-23 1.31118e+01 1.50213e+01 1.70098e+01
0.6000 4.22135e-23 1.31252e+01 1.50262e+01 1.70077e+01
0.6010 4.21591e-23 1.31008e+01 1.50090e+01 1.69970e+01
0.6015 4.21388e-23 1.31005e+01 1.50125e+01 1.70016e+01
0.6020 4.21838e-23 1.31477e+01 1.50420e+01 1.70164e+01
0.6030 4.19920e-23 1.31617e+01 1.50585e+01 1.70362e+01
0.6040 4.20700e-23 1.31690e+01 1.50568e+01 1.70270e+01
0.6050 4.20876e-23 1.31521e+01 1.50387e+01 1.70029e+01
0.6060 4.20860e-23 1.31475e+01 1.50338e+01 1.69988e+01
0.6070 4.21699e-23 1.31713e+01 1.50412e+01 1.69992e+01
0.6080 4.19658e-23 1.31462e+01 1.50212e+01 1.69859e+01
0.6090 4.19406e-23 1.32178e+01 1.50791e+01 1.70327e+01
0.6100 4.20583e-23 1.32097e+01 1.50678e+01 1.70162e+01
0.6110 4.17208e-23 1.31929e+01 1.50554e+01 1.70137e+01
0.6120 4.18378e-23 1.31576e+01 1.50303e+01 1.69934e+01
0.6130 4.18125e-23 1.31809e+01 1.50452e+01 1.70016e+01
0.6140 4.15860e-23 1.32172e+01 1.50757e+01 1.70290e+01
0.6150 4.17849e-23 1.31685e+01 1.50379e+01 1.69948e+01
0.6160 4.17456e-23 1.30950e+01 1.49830e+01 1.69546e+01
0.6170 4.16769e-23 1.31400e+01 1.50180e+01 1.69795e+01
0.6180 4.17926e-23 1.31146e+01 1.49939e+01 1.69581e+01
0.6190 4.16216e-23 1.31272e+01 1.50056e+01 1.69671e+01
0.6200 4.15518e-23 1.31416e+01 1.50165e+01 1.69758e+01
0.6210 4.15720e-23 1.31397e+01 1.50145e+01 1.69731e+01
0.6220 4.15248e-23 1.31227e+01 1.50021e+01 1.69641e+01
0.6230 4.14388e-23 1.30862e+01 1.49765e+01 1.69465e+01
0.6240 4.13567e-23 1.30887e+01 1.49767e+01 1.69478e+01
0.6250 4.15905e-23 1.31489e+01 1.50170e+01 1.69682e+01
0.6260 4.13853e-23 1.31495e+01 1.50131e+01 1.69558e+01
0.6270 4.13412e-23 1.31432e+01 1.50060e+01 1.69507e+01
0.6280 4.14157e-23 1.31060e+01 1.49721e+01 1.69221e+01
0.6290 4.13391e-23 1.31302e+01 1.49931e+01 1.69375e+01
0.6300 4.12230e-23 1.31306e+01 1.49953e+01 1.69426e+01
0.6310 4.13726e-23 1.31044e+01 1.49819e+01 1.69378e+01
0.6320 4.10895e-23 1.31129e+01 1.49920e+01 1.69484e+01
0.6330 4.11797e-23 1.31637e+01 1.50323e+01 1.69737e+01
0.6340 4.13286e-23 1.31674e+01 1.50287e+01 1.69649e+01
0.6350 4.10276e-23 1.31580e+01 1.50252e+01 1.69701e+01
0.6360 4.11250e-23 1.31366e+01 1.50113e+01 1.69594e+01
0.6370 4.10087e-23 1.31488e+01 1.50151e+01 1.69613e+01
0.6380 4.10437e-23 1.31594e+01 1.50283e+01 1.69735e+01
0.6390 4.10319e-23 1.31850e+01 1.50459e+01 1.69836e+01
0.6400 4.09068e-23 1.31675e+01 1.50323e+01 1.69769e+01
0.6410 4.08375e-23 1.32329e+01 1.50807e+01 1.70152e+01
0.6420 4.08185e-23 1.31959e+01 1.50438e+01 1.69824e+01
0.6430 4.07858e-23 1.31839e+01 1.50389e+01 1.69818e+01
0.6440 4.07697e-23 1.31663e+01 1.50292e+01 1.69712e+01
0.6450 4.06109e-23 1.31415e+01 1.50176e+01 1.69658e+01
0.6460 4.05795e-23 1.31406e+01 1.50140e+01 1.69668e+01
0.6470 4.07598e-23 1.31110e+01 1.49861e+01 1.69360e+01
0.6480 4.05731e-23 1.31371e+01 1.50097e+01 1.69600e+01
0.6490 4.06494e-23 1.31267e+01 1.50030e+01 1.69539e+01
0.6500 4.05426e-23 1.31658e+01 1.50273e+01 1.69696e+01
0.6510 4.05136e-23 1.31717e+01 1.50309e+01 1.69718e+01
0.6520 4.04141e-23 1.31861e+01 1.50433e+01 1.69880e+01
0.6530 4.02660e-23 1.32182e+01 1.50738e+01 1.70132e+01
0.6540 4.03073e-23 1.31787e+01 1.50421e+01 1.69858e+01
0.6550 4.04659e-23 1.31285e+01 1.49979e+01 1.69462e+01
0.6560 4.01937e-23 1.32328e+01 1.50788e+01 1.70135e+01
0.6570 4.00895e-23 1.32252e+01 1.50759e+01 1.70124e+01
0.6580 4.03813e-23 1.31543e+01 1.50085e+01 1.69495e+01
0.6590 4.00927e-23 1.31621e+01 1.50254e+01 1.69709e+01
0.6600 4.01721e-23 1.32135e+01 1.50585e+01 1.69930e+01
0.6610 4.01844e-23 1.31837e+01 1.50397e+01 1.69794e+01
0.6620 4.01419e-23 1.31213e+01 1.49921e+01 1.69432e+01
0.6630 4.00542e-23 1.31787e+01 1.50344e+01 1.69752e+01
0.6640 4.00521e-23 1.31425e+01 1.50076e+01 1.69561e+01
0.6650 4.00000e-23 1.31381e+01 1.50093e+01 1.69581e+01
0.6660 3.99222e-23 1.31555e+01 1.50229e+01 1.69697e+01
0.6670 3.99224e-23 1.31584e+01 1.50224e+01 1.69678e+01
0.6680 3.98439e-23 1.31860e+01 1.50416e+01 1.69827e+01
0.6690 3.98070e-23 1.31680e+01 1.50287e+01 1.69726e+01
0.6700 3.97791e-23 1.31950e+01 1.50448e+01 1.69824e+01
0.6710 3.97536e-23 1.31623e+01 1.50225e+01 1.69690e+01
0.6720 3.97033e-23 1.32028e+01 1.50565e+01 1.69951e+01
0.6730 3.95303e-23 1.32000e+01 1.50501e+01 1.69910e+01
0.6740 3.97104e-23 1.31460e+01 1.50034e+01 1.69488e+01
0.6750 3.95920e-23 1.31501e+01 1.50130e+01 1.69592e+01
0.6760 3.95427e-23 1.31471e+01 1.50111e+01 1.69568e+01
0.6770 3.96430e-23 1.31117e+01 1.49751e+01 1.69237e+01
0.6780 3.94438e-23 1.31383e+01 1.50035e+01 1.69517e+01
0.6790 3.93204e-23 1.31423e+01 1.50109e+01 1.69611e+01
0.6800 3.95528e-23 1.30947e+01 1.49574e+01 1.69073e+01
0.6810 3.94055e-23 1.31069e+01 1.49695e+01 1.69204e+01
0.6820 3.93474e-23 1.31187e+01 1.49788e+01 1.69290e+01
0.6830 3.94327e-23 1.31101e+01 1.49699e+01 1.69199e+01
0.6840 3.93347e-23 1.31140e+01 1.49740e+01 1.69226e+01
0.6850 3.90910e-23 1.31738e+01 1.50300e+01 1.69755e+01
0.6860 3.91858e-23 1.31299e+01 1.49940e+01 1.69478e+01
0.6870 3.91728e-23 1.31432e+01 1.50027e+01 1.69537e+01
0.6880 3.90764e-23 1.31032e+01 1.49812e+01 1.69452e+01
0.6890 3.91499e-23 1.31103e+01 1.49776e+01 1.69323e+01
0.6900 3.91772e-23 1.31121e+01 1.49733e+01 1.69240e+01
0.6910 3.90232e-23 1.31556e+01 1.50164e+01 1.69634e+01
0.6920 3.88707e-23 1.31416e+01 1.50127e+01 1.69660e+01
0.6930 3.90024e-23 1.31529e+01 1.50162e+01 1.69658e+01
0.6940 3.89923e-23 1.31173e+01 1.49818e+01 1.69352e+01
0.6950 3.87987e-23 1.31155e+01 1.49865e+01 1.69445e+01
0.6960 3.87705e-23 1.31327e+01 1.50007e+01 1.69564e+01
0.6970 3.88385e-23 1.31002e+01 1.49696e+01 1.69266e+01
0.6980 3.87967e-23 1.30906e+01 1.49618e+01 1.69221e+01
0.6990 3.87727e-23 1.30915e+01 1.49624e+01 1.69224e+01
0.7000 3.85326e-23 1.31254e+01 1.49924e+01 1.69533e+01
0.7010 3.86708e-23 1.30784e+01 1.49524e+01 1.69151e+01
0.7020 3.86224e-23 1.31315e+01 1.49995e+01 1.69547e+01
0.7030 3.85978e-23 1.31080e+01 1.49792e+01 1.69403e+01
0.7040 3.87112e-23 1.30666e+01 1.49439e+01 1.69079e+01
0.7050 3.85829e-23 1.30914e+01 1.49614e+01 1.69212e+01
0.7060 3.84156e-23 1.31139e+01 1.49869e+01 1.69480e+01
0.7070 3.85593e-23 1.30783e+01 1.49548e+01 1.69194e+01
0.7080 3.84323e-23 1.30769e+01 1.49563e+01 1.69236e+01
0.7090 3.83954e-23 1.30958e+01 1.49722e+01 1.69353e+01
0.7100 3.83211e-23 1.31079e+01 1.49833e+01 1.69444e+01
0.7110 3.82578e-23 1.30917e+01 1.49692e+01 1.69342e+01
0.7120 3.82456e-23 1.31307e+01 1.49981e+01 1.69570e+01
0.7130 3.82549e-23 1.31215e+01 1.49876e+01 1.69470e+01
0.7140 3.81903e-23 1.31019e+01 1.49761e+01 1.69391e+01
0.7150 3.81021e-23 1.30743e+01 1.49565e+01 1.69255e+01
0.7160 3.81393e-23 1.31021e+01 1.49794e+01 1.69422e+01
0.7170 3.81932e-23 1.30652e+01 1.49434e+01 1.69091e+01
0.7180 3.80024e-23 1.30915e+01 1.49688e+01 1.69332e+01
0.7188 3.82494e-23 1.30576e+01 1.49392e+01 1.69061e+01
0.7190 3.79939e-23 1.30596e+01 1.49416e+01 1.69130e+01
0.7200 3.81480e-23 1.30775e+01 1.49527e+01 1.69183e+01
0.7210 3.80138e-23 1.30874e+01 1.49718e+01 1.69400e+01
0.7220 3.79459e-23 1.30992e+01 1.49734e+01 1.69368e+01
0.7230 3.79661e-23 1.30661e+01 1.49409e+01 1.69080e+01
0.7240 3.80055e-23 1.30827e+01 1.49547e+01 1.69188e+01
0.7250 3.78787e-23 1.30961e+01 1.49718e+01 1.69359e+01
0.7260 3.78997e-23 1.30810e+01 1.49577e+01 1.69246e+01
0.7270 3.79130e-23 1.30530e+01 1.49318e+01 1.69031e+01
0.7280 3.76961e-23 1.30726e+01 1.49539e+01 1.69260e+01
0.7290 3.76419e-23 1.30643e+01 1.49545e+01 1.69334e+01
0.7300 3.77777e-23 1.30511e+01 1.49321e+01 1.69051e+01
0.7310 3.77586e-23 1.30579e+01 1.49333e+01 1.69033e+01
0.7320 3.76135e-23 1.30660e+01 1.49453e+01 1.69186e+01
0.7330 3.77838e-23 1.30549e+01 1.49323e+01 1.69028e+01
0.7340 3.77925e-23 1.30333e+01 1.49103e+01 1.68826e+01
0.7350 3.75855e-23 1.30495e+01 1.49275e+01 1.69030e+01
0.7360 3.75336e-23 1.30520e+01 1.49286e+01 1.69021e+01
0.7370 3.74853e-23 1.30561e+01 1.49346e+01 1.69099e+01
0.7380 3.74608e-23 1.30864e+01 1.49635e+01 1.69354e+01
0.7390 3.74565e-23 1.30515e+01 1.49323e+01 1.69096e+01
0.7400 3.75947e-23 1.30966e+01 1.49718e+01 1.69414e+01
0.7410 3.74483e-23 1.30708e+01 1.49564e+01 1.69381e+01
0.7420 3.75079e-23 1.30613e+01 1.49326e+01 1.69009e+01
0.7430 3.73830e-23 1.30565e+01 1.49352e+01 1.69086e+01
0.7440 3.74303e-23 1.30895e+01 1.49617e+01 1.69331e+01
0.7450 3.74232e-23 1.30911e+01 1.49693e+01 1.69434e+01
0.7460 3.73578e-23 1.30617e+01 1.49405e+01 1.69168e+01
0.7470 3.73176e-23 1.30845e+01 1.49669e+01 1.69437e+01
0.7480 3.73557e-23 1.30718e+01 1.49552e+01 1.69330e+01
0.7490 3.73869e-23 1.30864e+01 1.49573e+01 1.69262e+01
0.7500 3.72665e-23 1.30543e+01 1.49275e+01 1.68996e+01
0.7510 3.73129e-23 1.30632e+01 1.49396e+01 1.69132e+01
0.7520 3.71604e-23 1.30562e+01 1.49310e+01 1.69044e+01
0.7530 3.71437e-23 1.30584e+01 1.49363e+01 1.69122e+01
0.7540 3.72201e-23 1.30691e+01 1.49430e+01 1.69162e+01
0.7550 3.70454e-23 1.30647e+01 1.49397e+01 1.69142e+01
0.7560 3.69448e-23 1.31040e+01 1.49716e+01 1.69422e+01
0.7570 3.69285e-23 1.31175e+01 1.49813e+01 1.69499e+01
0.7580 3.70101e-23 1.30957e+01 1.49625e+01 1.69323e+01
0.7590 3.69140e-23 1.30734e+01 1.49469e+01 1.69211e+01
0.7600 3.69369e-23 1.30807e+01 1.49514e+01 1.69226e+01
0.7610 3.68737e-23 1.30812e+01 1.49535e+01 1.69256e+01
0.7620 3.68896e-23 1.30825e+01 1.49549e+01 1.69319e+01
0.7630 3.67818e-23 1.30986e+01 1.49695e+01 1.69435e+01
0.7640 3.67804e-23 1.30990e+01 1.49703e+01 1.69429e+01
0.7650 3.67387e-23 1.30619e+01 1.49403e+01 1.69182e+01
0.7660 3.67935e-23 1.30734e+01 1.49520e+01 1.69276e+01
0.7670 3.67085e-23 1.30749e+01 1.49507e+01 1.69260e+01
0.7680 3.67932e-23 1.30634e+01 1.49383e+01 1.69115e+01
0.7690 3.66662e-23 1.30576e+01 1.49417e+01 1.69207e+01
0.7700 3.66569e-23 1.30990e+01 1.49723e+01 1.69424e+01
0.7710 3.66623e-23 1.30971e+01 1.49728e+01 1.69452e+01
0.7720 3.68140e-23 1.30830e+01 1.49603e+01 1.69323e+01
0.7730 3.66216e-23 1.31102e+01 1.49817e+01 1.69543e+01
0.7740 3.64036e-23 1.31572e+01 1.50230e+01 1.69923e+01
0.7750 3.63277e-23 1.31311e+01 1.50035e+01 1.69778e+01
0.7760 3.64515e-23 1.30902e+01 1.49646e+01 1.69413e+01
0.7770 3.63362e-23 1.30960e+01 1.49745e+01 1.69539e+01
0.7780 3.63633e-23 1.31038e+01 1.49814e+01 1.69585e+01
0.7790 3.63342e-23 1.31081e+01 1.49792e+01 1.69547e+01
0.7800 3.62023e-23 1.31079e+01 1.49807e+01 1.69561e+01
0.7810 3.61817e-23 1.31085e+01 1.49849e+01 1.69643e+01
0.7820 3.62496e-23 1.31100e+01 1.49799e+01 1.69526e+01
0.7830 3.61763e-23 1.30855e+01 1.49561e+01 1.69331e+01
0.7840 3.62022e-23 1.30837e+01 1.49636e+01 1.69438e+01
0.7850 3.61308e-23 1.31156e+01 1.49902e+01 1.69653e+01
0.7860 3.60981e-23 1.31158e+01 1.49884e+01 1.69630e+01
0.7870 3.60954e-23 1.30980e+01 1.49746e+01 1.69523e+01
0.7880 3.59965e-23 1.31189e+01 1.49941e+01 1.69714e+01
0.7890 3.60276e-23 1.31027e+01 1.49758e+01 1.69511e+01
0.7900 3.60375e-23 1.31001e+01 1.49744e+01 1.69505e+01
0.7910 3.60939e-23 1.31005e+01 1.49741e+01 1.69502e+01
0.7920 3.60104e-23 1.31143e+01 1.49847e+01 1.69586e+01
0.7930 3.59377e-23 1.31005e+01 1.49783e+01 1.69590e+01
0.7940 3.60042e-23 1.31053e+01 1.49791e+01 1.69572e+01
0.7950 3.60132e-23 1.30845e+01 1.49587e+01 1.69365e+01
0.7960 3.59727e-23 1.30809e+01 1.49547e+01 1.69332e+01
0.7970 3.57666e-23 1.30937e+01 1.49679e+01 1.69486e+01
0.7980 3.59634e-23 1.30820e+01 1.49520e+01 1.69282e+01
0.7990 3.58760e-23 1.30993e+01 1.49701e+01 1.69449e+01
0.8000 3.57271e-23 1.31112e+01 1.49860e+01 1.69652e+01
0.8010 3.57453e-23 1.30936e+01 1.49652e+01 1.69433e+01
0.8020 3.57422e-23 1.30898e+01 1.49666e+01 1.69456e+01
0.8030 3.56992e-23 1.30871e+01 1.49682e+01 1.69499e+01
0.8040 3.56032e-23 1.30817e+01 1.49682e+01 1.69542e+01
0.8050 3.56858e-23 1.30796e+01 1.49624e+01 1.69433e+01
0.8060 3.56246e-23 1.31144e+01 1.49835e+01 1.69609e+01
0.8070 3.55847e-23 1.31024e+01 1.49752e+01 1.69554e+01
0.8080 3.54687e-23 1.30801e+01 1.49555e+01 1.69385e+01
0.8090 3.55652e-23 1.30877e+01 1.49581e+01 1.69356e+01
0.8100 3.54793e-23 1.30837e+01 1.49557e+01 1.69324e+01
0.8110 3.54272e-23 1.30824e+01 1.49534e+01 1.69296e+01
0.8120 3.56558e-23 1.30873e+01 1.49491e+01 1.69159e+01
0.8130 3.53662e-23 1.30773e+01 1.49495e+01 1.69285e+01
0.8140 3.53990e-23 1.30989e+01 1.49695e+01 1.69444e+01
0.8150 3.55529e-23 1.30960e+01 1.49631e+01 1.69355e+01
0.8160 3.55228e-23 1.31012e+01 1.49672e+01 1.69396e+01
0.8170 3.53180e-23 1.30866e+01 1.49612e+01 1.69405e+01
0.8180 3.53166e-23 1.31030e+01 1.49757e+01 1.69516e+01
0.8190 3.53064e-23 1.30881e+01 1.49623e+01 1.69457e+01
0.8200 3.52769e-23 1.30898e+01 1.49626e+01 1.69414e+01
0.8210 3.51023e-23 1.30891e+01 1.49631e+01 1.69454e+01
0.8220 3.52209e-23 1.31033e+01 1.49729e+01 1.69516e+01
0.8230 3.51788e-23 1.30933e+01 1.49650e+01 1.69439e+01
0.8240 3.52815e-23 1.30985e+01 1.49671e+01 1.69420e+01
0.8250 3.52294e-23 1.30984e+01 1.49689e+01 1.69466e+01
0.8260 3.52048e-23 1.31011e+01 1.49741e+01 1.69537e+01
0.8270 3.52335e-23 1.30994e+01 1.49692e+01 1.69447e+01
0.8280 3.51183e-23 1.30685e+01 1.49426e+01 1.69247e+01
0.8290 3.50892e-23 1.30837e+01 1.49599e+01 1.69421e+01
0.8300 3.50596e-23 1.30675e+01 1.49450e+01 1.69282e+01
0.8310 3.50222e-23 1.30869e+01 1.49609e+01 1.69428e+01
0.8320 3.50206e-23 1.30722e+01 1.49481e+01 1.69311e+01
0.8330 3.51345e-23 1.30882e+01 1.49565e+01 1.69318e+01
0.8340 3.50254e-23 1.30694e+01 1.49419e+01 1.69215e+01
0.8350 3.51315e-23 1.30735e+01 1.49469e+01 1.69256e+01
0.8360 3.50013e-23 1.30755e+01 1.49493e+01 1.69297e+01
0.8370 3.50416e-23 1.30860e+01 1.49549e+01 1.69313e+01
0.8379 3.49415e-23 1.30874e+01 1.49559e+01 1.69347e+01
