#  1:t_sim[s]   2:t_pb[s]    3:Lne[1/s]   4:Lnb[1/s]   5:Lnx[1/s]   6:Lee[e/s]   7:Leb[e/s]   8:Lex[e/s]   9:Eme[MeV]  10:Emb[MeV]  11:Emx[MeV]  12:Ere[MeV]  13:Erb[MeV]  14:Erx[MeV] 
   0.00000E+00 -0.23721E+00  0.00000E+00  0.00000E+00  0.00000E+00  0.00000E+00  0.00000E+00  0.00000E+00  0.00000E+00  0.00000E+00  0.00000E+00  0.00000E+00  0.00000E+00  0.00000E+00
   0.10005E-02 -0.23621E+00  0.86287E+55  0.25373E+52  0.54145E+51  0.53172E+50  0.15097E+47  0.30062E+46  0.38452E+01  0.37129E+01  0.34645E+01  0.41987E+01  0.39940E+01  0.37695E+01
   0.20006E-02 -0.23521E+00  0.11592E+56  0.29393E+52  0.62712E+51  0.74380E+50  0.17561E+47  0.35048E+46  0.40038E+01  0.37282E+01  0.34874E+01  0.43647E+01  0.40180E+01  0.37996E+01
   0.30002E-02 -0.23421E+00  0.11809E+56  0.30304E+52  0.64572E+51  0.76012E+50  0.18104E+47  0.36086E+46  0.40166E+01  0.37278E+01  0.34872E+01  0.43768E+01  0.40207E+01  0.38018E+01
   0.40009E-02 -0.23320E+00  0.11915E+56  0.30709E+52  0.65325E+51  0.76907E+50  0.18368E+47  0.36554E+46  0.40277E+01  0.37323E+01  0.34918E+01  0.43874E+01  0.40261E+01  0.38071E+01
   0.50006E-02 -0.23221E+00  0.12110E+56  0.31034E+52  0.66017E+51  0.78267E+50  0.18587E+47  0.36989E+46  0.40330E+01  0.37372E+01  0.34962E+01  0.43932E+01  0.40317E+01  0.38122E+01
   0.60002E-02 -0.23121E+00  0.12240E+56  0.31351E+52  0.66691E+51  0.79235E+50  0.18800E+47  0.37413E+46  0.40393E+01  0.37420E+01  0.35005E+01  0.43998E+01  0.40370E+01  0.38171E+01
   0.70003E-02 -0.23021E+00  0.12368E+56  0.31658E+52  0.67342E+51  0.80181E+50  0.19007E+47  0.37822E+46  0.40453E+01  0.37465E+01  0.35047E+01  0.44058E+01  0.40421E+01  0.38218E+01
   0.80011E-02 -0.22920E+00  0.12496E+56  0.31956E+52  0.67974E+51  0.81124E+50  0.19208E+47  0.38220E+46  0.40511E+01  0.37507E+01  0.35085E+01  0.44116E+01  0.40469E+01  0.38263E+01
   0.90007E-02 -0.22821E+00  0.12626E+56  0.32249E+52  0.68597E+51  0.82083E+50  0.19406E+47  0.38611E+46  0.40567E+01  0.37549E+01  0.35123E+01  0.44173E+01  0.40515E+01  0.38306E+01
   0.10001E-01 -0.22720E+00  0.12758E+56  0.32538E+52  0.69211E+51  0.83052E+50  0.19601E+47  0.38999E+46  0.40622E+01  0.37590E+01  0.35161E+01  0.44228E+01  0.40561E+01  0.38348E+01
   0.11000E-01 -0.22621E+00  0.12890E+56  0.32823E+52  0.69816E+51  0.84022E+50  0.19794E+47  0.39380E+46  0.40676E+01  0.37630E+01  0.35197E+01  0.44282E+01  0.40605E+01  0.38390E+01
   0.12000E-01 -0.22521E+00  0.13023E+56  0.33105E+52  0.70412E+51  0.84995E+50  0.19984E+47  0.39757E+46  0.40727E+01  0.37668E+01  0.35233E+01  0.44334E+01  0.40648E+01  0.38430E+01
   0.13000E-01 -0.22421E+00  0.13156E+56  0.33379E+52  0.70993E+51  0.85971E+50  0.20169E+47  0.40124E+46  0.40777E+01  0.37706E+01  0.35267E+01  0.44383E+01  0.40690E+01  0.38469E+01
   0.14001E-01 -0.22321E+00  0.13292E+56  0.33648E+52  0.71564E+51  0.86967E+50  0.20352E+47  0.40485E+46  0.40826E+01  0.37742E+01  0.35301E+01  0.44433E+01  0.40730E+01  0.38506E+01
   0.15001E-01 -0.22220E+00  0.13431E+56  0.33917E+52  0.72135E+51  0.87980E+50  0.20534E+47  0.40846E+46  0.40876E+01  0.37778E+01  0.35334E+01  0.44483E+01  0.40770E+01  0.38544E+01
   0.16001E-01 -0.22120E+00  0.13572E+56  0.34031E+52  0.72708E+51  0.89014E+50  0.20637E+47  0.41210E+46  0.40925E+01  0.37840E+01  0.35368E+01  0.44533E+01  0.40830E+01  0.38582E+01
   0.17001E-01 -0.22020E+00  0.13717E+56  0.34452E+52  0.73278E+51  0.90068E+50  0.20898E+47  0.41573E+46  0.40974E+01  0.37852E+01  0.35401E+01  0.44582E+01  0.40851E+01  0.38619E+01
   0.18001E-01 -0.21920E+00  0.13863E+56  0.34725E+52  0.73848E+51  0.91135E+50  0.21084E+47  0.41935E+46  0.41022E+01  0.37887E+01  0.35434E+01  0.44631E+01  0.40890E+01  0.38656E+01
   0.19000E-01 -0.21821E+00  0.14011E+56  0.34992E+52  0.74413E+51  0.92221E+50  0.21266E+47  0.42294E+46  0.41071E+01  0.37922E+01  0.35466E+01  0.44680E+01  0.40930E+01  0.38693E+01
   0.20001E-01 -0.21721E+00  0.14164E+56  0.35219E+52  0.74977E+51  0.93339E+50  0.21428E+47  0.42654E+46  0.41120E+01  0.37965E+01  0.35499E+01  0.44729E+01  0.40975E+01  0.38729E+01
   0.21000E-01 -0.21621E+00  0.14321E+56  0.35524E+52  0.75545E+51  0.94486E+50  0.21629E+47  0.43017E+46  0.41170E+01  0.37993E+01  0.35531E+01  0.44780E+01  0.41008E+01  0.38766E+01
   0.22001E-01 -0.21520E+00  0.14481E+56  0.35800E+52  0.76120E+51  0.95660E+50  0.21818E+47  0.43385E+46  0.41220E+01  0.38029E+01  0.35565E+01  0.44830E+01  0.41048E+01  0.38803E+01
   0.23001E-01 -0.21420E+00  0.14645E+56  0.36071E+52  0.76694E+51  0.96858E+50  0.22004E+47  0.43752E+46  0.41270E+01  0.38065E+01  0.35598E+01  0.44881E+01  0.41088E+01  0.38841E+01
   0.24001E-01 -0.21320E+00  0.14813E+56  0.36342E+52  0.77268E+51  0.98090E+50  0.22191E+47  0.44121E+46  0.41322E+01  0.38102E+01  0.35631E+01  0.44933E+01  0.41129E+01  0.38879E+01
   0.25000E-01 -0.21221E+00  0.14984E+56  0.36615E+52  0.77844E+51  0.99350E+50  0.22378E+47  0.44492E+46  0.41373E+01  0.38138E+01  0.35665E+01  0.44985E+01  0.41170E+01  0.38916E+01
   0.26001E-01 -0.21120E+00  0.15160E+56  0.36890E+52  0.78426E+51  0.10064E+51  0.22568E+47  0.44867E+46  0.41426E+01  0.38175E+01  0.35698E+01  0.45038E+01  0.41210E+01  0.38954E+01
   0.27001E-01 -0.21021E+00  0.15340E+56  0.37164E+52  0.79006E+51  0.10197E+51  0.22758E+47  0.45240E+46  0.41478E+01  0.38211E+01  0.35731E+01  0.45092E+01  0.41250E+01  0.38991E+01
   0.28001E-01 -0.20921E+00  0.15523E+56  0.37440E+52  0.79590E+51  0.10332E+51  0.22948E+47  0.45616E+46  0.41531E+01  0.38247E+01  0.35764E+01  0.45145E+01  0.41290E+01  0.39028E+01
   0.29001E-01 -0.20820E+00  0.15712E+56  0.37716E+52  0.80174E+51  0.10471E+51  0.23139E+47  0.45993E+46  0.41585E+01  0.38282E+01  0.35797E+01  0.45200E+01  0.41329E+01  0.39065E+01
   0.30000E-01 -0.20721E+00  0.15905E+56  0.37992E+52  0.80759E+51  0.10613E+51  0.23330E+47  0.46370E+46  0.41639E+01  0.38318E+01  0.35829E+01  0.45254E+01  0.41368E+01  0.39101E+01
   0.31000E-01 -0.20621E+00  0.16101E+56  0.38270E+52  0.81347E+51  0.10759E+51  0.23522E+47  0.46751E+46  0.41695E+01  0.38353E+01  0.35862E+01  0.45311E+01  0.41408E+01  0.39138E+01
   0.32001E-01 -0.20520E+00  0.16305E+56  0.38552E+52  0.81943E+51  0.10909E+51  0.23718E+47  0.47137E+46  0.41750E+01  0.38390E+01  0.35895E+01  0.45366E+01  0.41448E+01  0.39175E+01
   0.33001E-01 -0.20420E+00  0.16514E+56  0.38835E+52  0.82541E+51  0.11064E+51  0.23915E+47  0.47525E+46  0.41806E+01  0.38427E+01  0.35928E+01  0.45424E+01  0.41489E+01  0.39213E+01
   0.34001E-01 -0.20320E+00  0.16726E+56  0.39119E+52  0.83141E+51  0.11221E+51  0.24113E+47  0.47916E+46  0.41863E+01  0.38463E+01  0.35962E+01  0.45482E+01  0.41530E+01  0.39251E+01
   0.35001E-01 -0.20221E+00  0.16939E+56  0.39403E+52  0.83742E+51  0.11380E+51  0.24311E+47  0.48306E+46  0.41923E+01  0.38500E+01  0.35995E+01  0.45543E+01  0.41570E+01  0.39289E+01
   0.36000E-01 -0.20121E+00  0.17155E+56  0.39686E+52  0.84341E+51  0.11541E+51  0.24509E+47  0.48697E+46  0.41979E+01  0.38536E+01  0.36029E+01  0.45598E+01  0.41611E+01  0.39326E+01
   0.37001E-01 -0.20020E+00  0.17394E+56  0.39970E+52  0.84941E+51  0.11718E+51  0.24707E+47  0.49088E+46  0.42039E+01  0.38572E+01  0.36061E+01  0.45661E+01  0.41651E+01  0.39363E+01
   0.38000E-01 -0.19921E+00  0.17624E+56  0.40250E+52  0.85534E+51  0.11891E+51  0.24903E+47  0.49475E+46  0.42100E+01  0.38607E+01  0.36094E+01  0.45723E+01  0.41690E+01  0.39399E+01
   0.39001E-01 -0.19820E+00  0.17858E+56  0.40533E+52  0.86131E+51  0.12066E+51  0.25101E+47  0.49865E+46  0.42162E+01  0.38643E+01  0.36126E+01  0.45787E+01  0.41730E+01  0.39436E+01
   0.40001E-01 -0.19720E+00  0.18102E+56  0.40817E+52  0.86732E+51  0.12249E+51  0.25301E+47  0.50258E+46  0.42223E+01  0.38679E+01  0.36159E+01  0.45850E+01  0.41769E+01  0.39473E+01
   0.41000E-01 -0.19621E+00  0.18350E+56  0.41103E+52  0.87335E+51  0.12435E+51  0.25501E+47  0.50653E+46  0.42286E+01  0.38714E+01  0.36191E+01  0.45915E+01  0.41809E+01  0.39509E+01
   0.42001E-01 -0.19521E+00  0.18603E+56  0.41391E+52  0.87944E+51  0.12626E+51  0.25703E+47  0.51051E+46  0.42350E+01  0.38750E+01  0.36223E+01  0.45980E+01  0.41848E+01  0.39546E+01
   0.43001E-01 -0.19420E+00  0.18858E+56  0.41680E+52  0.88556E+51  0.12819E+51  0.25907E+47  0.51452E+46  0.42416E+01  0.38785E+01  0.36255E+01  0.46047E+01  0.41887E+01  0.39582E+01
   0.44001E-01 -0.19321E+00  0.19124E+56  0.41973E+52  0.89173E+51  0.13019E+51  0.26112E+47  0.51857E+46  0.42479E+01  0.38820E+01  0.36287E+01  0.46113E+01  0.41927E+01  0.39618E+01
   0.45000E-01 -0.19221E+00  0.19399E+56  0.42269E+52  0.89799E+51  0.13226E+51  0.26320E+47  0.52267E+46  0.42545E+01  0.38856E+01  0.36320E+01  0.46180E+01  0.41966E+01  0.39655E+01
   0.46001E-01 -0.19121E+00  0.19676E+56  0.42570E+52  0.90436E+51  0.13437E+51  0.26533E+47  0.52686E+46  0.42611E+01  0.38892E+01  0.36353E+01  0.46249E+01  0.42007E+01  0.39692E+01
   0.47000E-01 -0.19021E+00  0.19958E+56  0.42875E+52  0.91080E+51  0.13651E+51  0.26748E+47  0.53110E+46  0.42680E+01  0.38928E+01  0.36386E+01  0.46320E+01  0.42047E+01  0.39730E+01
   0.48000E-01 -0.18921E+00  0.20141E+56  0.43184E+52  0.91732E+51  0.13810E+51  0.26966E+47  0.53539E+46  0.42785E+01  0.38965E+01  0.36419E+01  0.46419E+01  0.42088E+01  0.39767E+01
   0.49000E-01 -0.18821E+00  0.20460E+56  0.43499E+52  0.92397E+51  0.14040E+51  0.27188E+47  0.53977E+46  0.42820E+01  0.39002E+01  0.36453E+01  0.46451E+01  0.42129E+01  0.39806E+01
   0.50001E-01 -0.18720E+00  0.20833E+56  0.43821E+52  0.93076E+51  0.14321E+51  0.27416E+47  0.54425E+46  0.42897E+01  0.39040E+01  0.36488E+01  0.46538E+01  0.42171E+01  0.39845E+01
   0.51001E-01 -0.18620E+00  0.21178E+56  0.44145E+52  0.93762E+51  0.14580E+51  0.27646E+47  0.54878E+46  0.42959E+01  0.39078E+01  0.36522E+01  0.46606E+01  0.42213E+01  0.39884E+01
   0.52001E-01 -0.18520E+00  0.21513E+56  0.44474E+52  0.94455E+51  0.14836E+51  0.27878E+47  0.55336E+46  0.43033E+01  0.39116E+01  0.36557E+01  0.46683E+01  0.42255E+01  0.39922E+01
   0.53000E-01 -0.18421E+00  0.21843E+56  0.44807E+52  0.95157E+51  0.15089E+51  0.28114E+47  0.55800E+46  0.43104E+01  0.39153E+01  0.36591E+01  0.46757E+01  0.42297E+01  0.39961E+01
   0.54001E-01 -0.18320E+00  0.22190E+56  0.45145E+52  0.95871E+51  0.15354E+51  0.28354E+47  0.56272E+46  0.43176E+01  0.39191E+01  0.36626E+01  0.46833E+01  0.42339E+01  0.40000E+01
   0.55001E-01 -0.18220E+00  0.22539E+56  0.45488E+52  0.96594E+51  0.15622E+51  0.28597E+47  0.56750E+46  0.43249E+01  0.39230E+01  0.36661E+01  0.46909E+01  0.42381E+01  0.40039E+01
   0.56000E-01 -0.18121E+00  0.22896E+56  0.45836E+52  0.97328E+51  0.15896E+51  0.28844E+47  0.57236E+46  0.43322E+01  0.39268E+01  0.36695E+01  0.46984E+01  0.42424E+01  0.40078E+01
   0.57001E-01 -0.18020E+00  0.23261E+56  0.46189E+52  0.98073E+51  0.16177E+51  0.29095E+47  0.57729E+46  0.43396E+01  0.39307E+01  0.36731E+01  0.47061E+01  0.42466E+01  0.40118E+01
   0.58000E-01 -0.17921E+00  0.23631E+56  0.46544E+52  0.98822E+51  0.16463E+51  0.29348E+47  0.58226E+46  0.43471E+01  0.39345E+01  0.36766E+01  0.47139E+01  0.42509E+01  0.40158E+01
   0.59001E-01 -0.17820E+00  0.24014E+56  0.46909E+52  0.99590E+51  0.16758E+51  0.29607E+47  0.58736E+46  0.43544E+01  0.39385E+01  0.36802E+01  0.47215E+01  0.42553E+01  0.40199E+01
   0.60001E-01 -0.17721E+00  0.24406E+56  0.47278E+52  0.10037E+52  0.17061E+51  0.29871E+47  0.59255E+46  0.43620E+01  0.39426E+01  0.36839E+01  0.47294E+01  0.42598E+01  0.40240E+01
   0.61001E-01 -0.17620E+00  0.24804E+56  0.47652E+52  0.10116E+52  0.17369E+51  0.30139E+47  0.59781E+46  0.43696E+01  0.39466E+01  0.36876E+01  0.47372E+01  0.42644E+01  0.40282E+01
   0.62000E-01 -0.17521E+00  0.25209E+56  0.48032E+52  0.10196E+52  0.17683E+51  0.30411E+47  0.60315E+46  0.43771E+01  0.39507E+01  0.36914E+01  0.47451E+01  0.42689E+01  0.40325E+01
   0.63001E-01 -0.17420E+00  0.25620E+56  0.48417E+52  0.10277E+52  0.18004E+51  0.30687E+47  0.60857E+46  0.43849E+01  0.39549E+01  0.36952E+01  0.47531E+01  0.42735E+01  0.40367E+01
   0.64001E-01 -0.17321E+00  0.26048E+56  0.48808E+52  0.10359E+52  0.18335E+51  0.30967E+47  0.61408E+46  0.43924E+01  0.39590E+01  0.36990E+01  0.47609E+01  0.42781E+01  0.40410E+01
   0.65001E-01 -0.17220E+00  0.26490E+56  0.49205E+52  0.10443E+52  0.18680E+51  0.31252E+47  0.61969E+46  0.44002E+01  0.39633E+01  0.37029E+01  0.47689E+01  0.42828E+01  0.40453E+01
   0.66001E-01 -0.17120E+00  0.26939E+56  0.49609E+52  0.10528E+52  0.19030E+51  0.31543E+47  0.62541E+46  0.44079E+01  0.39676E+01  0.37068E+01  0.47770E+01  0.42876E+01  0.40497E+01
   0.67001E-01 -0.17021E+00  0.27362E+56  0.50018E+52  0.10615E+52  0.19367E+51  0.31837E+47  0.63122E+46  0.44166E+01  0.39719E+01  0.37108E+01  0.47857E+01  0.42923E+01  0.40542E+01
   0.68001E-01 -0.16921E+00  0.27818E+56  0.50435E+52  0.10702E+52  0.19721E+51  0.32138E+47  0.63714E+46  0.44237E+01  0.39763E+01  0.37148E+01  0.47928E+01  0.42972E+01  0.40587E+01
   0.69001E-01 -0.16820E+00  0.28336E+56  0.50860E+52  0.10792E+52  0.20126E+51  0.32445E+47  0.64318E+46  0.44319E+01  0.39807E+01  0.37189E+01  0.48015E+01  0.43021E+01  0.40633E+01
   0.70000E-01 -0.16721E+00  0.28833E+56  0.51294E+52  0.10884E+52  0.20514E+51  0.32759E+47  0.64934E+46  0.44397E+01  0.39852E+01  0.37230E+01  0.48095E+01  0.43072E+01  0.40680E+01
   0.71000E-01 -0.16621E+00  0.29349E+56  0.51737E+52  0.10977E+52  0.20919E+51  0.33080E+47  0.65563E+46  0.44477E+01  0.39898E+01  0.37271E+01  0.48179E+01  0.43123E+01  0.40727E+01
   0.72001E-01 -0.16520E+00  0.29864E+56  0.52186E+52  0.11071E+52  0.21326E+51  0.33406E+47  0.66204E+46  0.44561E+01  0.39944E+01  0.37313E+01  0.48267E+01  0.43174E+01  0.40774E+01
   0.73001E-01 -0.16420E+00  0.30388E+56  0.52639E+52  0.11167E+52  0.21741E+51  0.33735E+47  0.66850E+46  0.44644E+01  0.39991E+01  0.37355E+01  0.48352E+01  0.43226E+01  0.40822E+01
   0.74000E-01 -0.16321E+00  0.30940E+56  0.53100E+52  0.11264E+52  0.22176E+51  0.34070E+47  0.67506E+46  0.44724E+01  0.40037E+01  0.37397E+01  0.48436E+01  0.43277E+01  0.40869E+01
   0.75000E-01 -0.16221E+00  0.31497E+56  0.53568E+52  0.11362E+52  0.22618E+51  0.34410E+47  0.68173E+46  0.44808E+01  0.40084E+01  0.37440E+01  0.48523E+01  0.43329E+01  0.40917E+01
   0.76001E-01 -0.16120E+00  0.32054E+56  0.54045E+52  0.11463E+52  0.23061E+51  0.34758E+47  0.68853E+46  0.44893E+01  0.40131E+01  0.37482E+01  0.48610E+01  0.43382E+01  0.40965E+01
   0.77001E-01 -0.16020E+00  0.32606E+56  0.54531E+52  0.11565E+52  0.23502E+51  0.35112E+47  0.69547E+46  0.44977E+01  0.40179E+01  0.37526E+01  0.48694E+01  0.43435E+01  0.41014E+01
   0.78001E-01 -0.15920E+00  0.33070E+56  0.55021E+52  0.11662E+52  0.23890E+51  0.35470E+47  0.70224E+46  0.45079E+01  0.40227E+01  0.37573E+01  0.48792E+01  0.43489E+01  0.41067E+01
   0.79000E-01 -0.15821E+00  0.33568E+56  0.55521E+52  0.11537E+52  0.24302E+51  0.35836E+47  0.69713E+46  0.45176E+01  0.40276E+01  0.37706E+01  0.48884E+01  0.43543E+01  0.41194E+01
   0.80001E-01 -0.15720E+00  0.34318E+56  0.56031E+52  0.11880E+52  0.24886E+51  0.36210E+47  0.71697E+46  0.45250E+01  0.40325E+01  0.37658E+01  0.48966E+01  0.43598E+01  0.41165E+01
   0.81001E-01 -0.15620E+00  0.35013E+56  0.56552E+52  0.11994E+52  0.25435E+51  0.36591E+47  0.72469E+46  0.45331E+01  0.40375E+01  0.37704E+01  0.49054E+01  0.43654E+01  0.41218E+01
   0.82001E-01 -0.15520E+00  0.35792E+56  0.57080E+52  0.12104E+52  0.26048E+51  0.36978E+47  0.73227E+46  0.45412E+01  0.40424E+01  0.37749E+01  0.49146E+01  0.43709E+01  0.41269E+01
   0.83000E-01 -0.15421E+00  0.36468E+56  0.57615E+52  0.12217E+52  0.26592E+51  0.37371E+47  0.73996E+46  0.45501E+01  0.40475E+01  0.37795E+01  0.49239E+01  0.43765E+01  0.41321E+01
   0.84001E-01 -0.15321E+00  0.37143E+56  0.58081E+52  0.12318E+52  0.27136E+51  0.37736E+47  0.74715E+46  0.45589E+01  0.40542E+01  0.37850E+01  0.49330E+01  0.43836E+01  0.41381E+01
   0.85001E-01 -0.15220E+00  0.37835E+56  0.58299E+52  0.12444E+52  0.27696E+51  0.37957E+47  0.75559E+46  0.45678E+01  0.40627E+01  0.37888E+01  0.49422E+01  0.43920E+01  0.41426E+01
   0.86000E-01 -0.15121E+00  0.38551E+56  0.59163E+52  0.12566E+52  0.28276E+51  0.38535E+47  0.76390E+46  0.45768E+01  0.40643E+01  0.37934E+01  0.49516E+01  0.43948E+01  0.41479E+01
   0.87000E-01 -0.15021E+00  0.39285E+56  0.59813E+52  0.12686E+52  0.28870E+51  0.38994E+47  0.77217E+46  0.45856E+01  0.40681E+01  0.37982E+01  0.49607E+01  0.43995E+01  0.41533E+01
   0.88000E-01 -0.14921E+00  0.40031E+56  0.60441E+52  0.12807E+52  0.29476E+51  0.39453E+47  0.78053E+46  0.45947E+01  0.40732E+01  0.38029E+01  0.49702E+01  0.44053E+01  0.41587E+01
   0.89001E-01 -0.14820E+00  0.40791E+56  0.61029E+52  0.12930E+52  0.30096E+51  0.39887E+47  0.78900E+46  0.46039E+01  0.40784E+01  0.38076E+01  0.49797E+01  0.44111E+01  0.41640E+01
   0.90001E-01 -0.14721E+00  0.41553E+56  0.61623E+52  0.13055E+52  0.30720E+51  0.40327E+47  0.79758E+46  0.46132E+01  0.40836E+01  0.38124E+01  0.49891E+01  0.44169E+01  0.41694E+01
   0.91001E-01 -0.14620E+00  0.42363E+56  0.62227E+52  0.13181E+52  0.31381E+51  0.40775E+47  0.80631E+46  0.46224E+01  0.40888E+01  0.38171E+01  0.49987E+01  0.44228E+01  0.41748E+01
   0.92001E-01 -0.14520E+00  0.43178E+56  0.62841E+52  0.13309E+52  0.32052E+51  0.41230E+47  0.81519E+46  0.46321E+01  0.40941E+01  0.38219E+01  0.50087E+01  0.44287E+01  0.41803E+01
   0.93000E-01 -0.14421E+00  0.44009E+56  0.63466E+52  0.13440E+52  0.32739E+51  0.41694E+47  0.82426E+46  0.46420E+01  0.40994E+01  0.38268E+01  0.50189E+01  0.44347E+01  0.41858E+01
   0.94001E-01 -0.14320E+00  0.44872E+56  0.64100E+52  0.13573E+52  0.33450E+51  0.42166E+47  0.83347E+46  0.46517E+01  0.41048E+01  0.38317E+01  0.50290E+01  0.44407E+01  0.41914E+01
   0.95001E-01 -0.14221E+00  0.45748E+56  0.64741E+52  0.13708E+52  0.34178E+51  0.42644E+47  0.84279E+46  0.46619E+01  0.41102E+01  0.38366E+01  0.50397E+01  0.44468E+01  0.41969E+01
   0.96001E-01 -0.14121E+00  0.46645E+56  0.65392E+52  0.13844E+52  0.34929E+51  0.43129E+47  0.85227E+46  0.46727E+01  0.41156E+01  0.38415E+01  0.50509E+01  0.44528E+01  0.42024E+01
   0.97001E-01 -0.14020E+00  0.47389E+56  0.66051E+52  0.13982E+52  0.35578E+51  0.43620E+47  0.86185E+46  0.46848E+01  0.41209E+01  0.38463E+01  0.50628E+01  0.44587E+01  0.42079E+01
   0.98000E-01 -0.13921E+00  0.48357E+56  0.66719E+52  0.14122E+52  0.36391E+51  0.44118E+47  0.87155E+46  0.46959E+01  0.41262E+01  0.38511E+01  0.50745E+01  0.44647E+01  0.42134E+01
   0.99000E-01 -0.13821E+00  0.49405E+56  0.67400E+52  0.14265E+52  0.37259E+51  0.44627E+47  0.88146E+46  0.47059E+01  0.41316E+01  0.38559E+01  0.50854E+01  0.44706E+01  0.42189E+01
   0.10000E+00 -0.13721E+00  0.50587E+56  0.68090E+52  0.14409E+52  0.38233E+51  0.45143E+47  0.89152E+46  0.47162E+01  0.41370E+01  0.38609E+01  0.50971E+01  0.44767E+01  0.42244E+01
   0.10100E+00 -0.13621E+00  0.51631E+56  0.68792E+52  0.14556E+52  0.39112E+51  0.45668E+47  0.90177E+46  0.47270E+01  0.41425E+01  0.38658E+01  0.51087E+01  0.44828E+01  0.42301E+01
   0.10200E+00 -0.13520E+00  0.52663E+56  0.69508E+52  0.14705E+52  0.39986E+51  0.46205E+47  0.91221E+46  0.47378E+01  0.41480E+01  0.38708E+01  0.51200E+01  0.44889E+01  0.42358E+01
   0.10300E+00 -0.13421E+00  0.53710E+56  0.70231E+52  0.14856E+52  0.40876E+51  0.46746E+47  0.92275E+46  0.47490E+01  0.41534E+01  0.38758E+01  0.51315E+01  0.44950E+01  0.42414E+01
   0.10400E+00 -0.13320E+00  0.54795E+56  0.70965E+52  0.15010E+52  0.41797E+51  0.47297E+47  0.93346E+46  0.47598E+01  0.41588E+01  0.38807E+01  0.51427E+01  0.45011E+01  0.42470E+01
   0.10500E+00 -0.13220E+00  0.55929E+56  0.71706E+52  0.15164E+52  0.42763E+51  0.47853E+47  0.94428E+46  0.47711E+01  0.41643E+01  0.38856E+01  0.51546E+01  0.45072E+01  0.42526E+01
   0.10600E+00 -0.13120E+00  0.57088E+56  0.72459E+52  0.15321E+52  0.43754E+51  0.48419E+47  0.95527E+46  0.47826E+01  0.41697E+01  0.38906E+01  0.51666E+01  0.45132E+01  0.42582E+01
   0.10700E+00 -0.13021E+00  0.58272E+56  0.73228E+52  0.15482E+52  0.44770E+51  0.48996E+47  0.96650E+46  0.47942E+01  0.41752E+01  0.38956E+01  0.51789E+01  0.45194E+01  0.42639E+01
   0.10800E+00 -0.12920E+00  0.59470E+56  0.74011E+52  0.15645E+52  0.45805E+51  0.49586E+47  0.97796E+46  0.48061E+01  0.41807E+01  0.39007E+01  0.51914E+01  0.45256E+01  0.42697E+01
   0.10900E+00 -0.12821E+00  0.60538E+56  0.74804E+52  0.15810E+52  0.46757E+51  0.50185E+47  0.98958E+46  0.48196E+01  0.41863E+01  0.39058E+01  0.52050E+01  0.45319E+01  0.42755E+01
   0.11000E+00 -0.12720E+00  0.61797E+56  0.75614E+52  0.15979E+52  0.47857E+51  0.50797E+47  0.10015E+47  0.48324E+01  0.41920E+01  0.39109E+01  0.52185E+01  0.45383E+01  0.42814E+01
   0.11100E+00 -0.12620E+00  0.63335E+56  0.76433E+52  0.16149E+52  0.49159E+51  0.51416E+47  0.10135E+47  0.48433E+01  0.41976E+01  0.39160E+01  0.52309E+01  0.45446E+01  0.42872E+01
   0.11200E+00 -0.12520E+00  0.64731E+56  0.77265E+52  0.16322E+52  0.50376E+51  0.52045E+47  0.10257E+47  0.48561E+01  0.42032E+01  0.39212E+01  0.52449E+01  0.45509E+01  0.42931E+01
   0.11300E+00 -0.12420E+00  0.66077E+56  0.78110E+52  0.16498E+52  0.51553E+51  0.52685E+47  0.10381E+47  0.48684E+01  0.42089E+01  0.39263E+01  0.52577E+01  0.45573E+01  0.42990E+01
   0.11400E+00 -0.12320E+00  0.67438E+56  0.78966E+52  0.16676E+52  0.52746E+51  0.53334E+47  0.10507E+47  0.48805E+01  0.42145E+01  0.39315E+01  0.52702E+01  0.45637E+01  0.43049E+01
   0.11500E+00 -0.12221E+00  0.68879E+56  0.79841E+52  0.16858E+52  0.54008E+51  0.53999E+47  0.10635E+47  0.48928E+01  0.42203E+01  0.39368E+01  0.52831E+01  0.45702E+01  0.43109E+01
   0.11600E+00 -0.12120E+00  0.70374E+56  0.80734E+52  0.17043E+52  0.55323E+51  0.54680E+47  0.10767E+47  0.49055E+01  0.42262E+01  0.39421E+01  0.52964E+01  0.45769E+01  0.43171E+01
   0.11700E+00 -0.12020E+00  0.71792E+56  0.81641E+52  0.17231E+52  0.56599E+51  0.55371E+47  0.10901E+47  0.49194E+01  0.42322E+01  0.39476E+01  0.53108E+01  0.45836E+01  0.43233E+01
   0.11800E+00 -0.11920E+00  0.73223E+56  0.82561E+52  0.17422E+52  0.57866E+51  0.56074E+47  0.11037E+47  0.49313E+01  0.42381E+01  0.39530E+01  0.53227E+01  0.45903E+01  0.43295E+01
   0.11900E+00 -0.11821E+00  0.74983E+56  0.83494E+52  0.17616E+52  0.59413E+51  0.56787E+47  0.11175E+47  0.49443E+01  0.42441E+01  0.39584E+01  0.53371E+01  0.45971E+01  0.43358E+01
   0.12000E+00 -0.11720E+00  0.76701E+56  0.84441E+52  0.17812E+52  0.60958E+51  0.57512E+47  0.11315E+47  0.49592E+01  0.42500E+01  0.39638E+01  0.53536E+01  0.46038E+01  0.43420E+01
   0.12100E+00 -0.11621E+00  0.78338E+56  0.85408E+52  0.18013E+52  0.62421E+51  0.58253E+47  0.11458E+47  0.49721E+01  0.42560E+01  0.39693E+01  0.53673E+01  0.46107E+01  0.43483E+01
   0.12200E+00 -0.11520E+00  0.80022E+56  0.86391E+52  0.18216E+52  0.63927E+51  0.59009E+47  0.11604E+47  0.49850E+01  0.42622E+01  0.39749E+01  0.53806E+01  0.46177E+01  0.43548E+01
   0.12300E+00 -0.11420E+00  0.81750E+56  0.87391E+52  0.18423E+52  0.65480E+51  0.59778E+47  0.11752E+47  0.49981E+01  0.42683E+01  0.39805E+01  0.53945E+01  0.46247E+01  0.43613E+01
   0.12400E+00 -0.11321E+00  0.83509E+56  0.88412E+52  0.18635E+52  0.67061E+51  0.60565E+47  0.11904E+47  0.50110E+01  0.42746E+01  0.39862E+01  0.54079E+01  0.46318E+01  0.43679E+01
   0.12500E+00 -0.11220E+00  0.85259E+56  0.89447E+52  0.18849E+52  0.68628E+51  0.61363E+47  0.12058E+47  0.50228E+01  0.42808E+01  0.39919E+01  0.54198E+01  0.46390E+01  0.43744E+01
   0.12600E+00 -0.11121E+00  0.87242E+56  0.90498E+52  0.19066E+52  0.70459E+51  0.62175E+47  0.12214E+47  0.50396E+01  0.42871E+01  0.39976E+01  0.54382E+01  0.46461E+01  0.43810E+01
   0.12700E+00 -0.11020E+00  0.89214E+56  0.91568E+52  0.19287E+52  0.72272E+51  0.63002E+47  0.12373E+47  0.50550E+01  0.42934E+01  0.40033E+01  0.54550E+01  0.46533E+01  0.43876E+01
   0.12800E+00 -0.10920E+00  0.91154E+56  0.92652E+52  0.19511E+52  0.74037E+51  0.63842E+47  0.12535E+47  0.50683E+01  0.42997E+01  0.40091E+01  0.54689E+01  0.46605E+01  0.43943E+01
   0.12900E+00 -0.10821E+00  0.93167E+56  0.93750E+52  0.19738E+52  0.75878E+51  0.64696E+47  0.12700E+47  0.50821E+01  0.43061E+01  0.40149E+01  0.54833E+01  0.46679E+01  0.44011E+01
   0.13000E+00 -0.10721E+00  0.95205E+56  0.94853E+52  0.19970E+52  0.77741E+51  0.65557E+47  0.12868E+47  0.50954E+01  0.43127E+01  0.40208E+01  0.54972E+01  0.46754E+01  0.44079E+01
   0.13100E+00 -0.10621E+00  0.97245E+56  0.95984E+52  0.20205E+52  0.79611E+51  0.66437E+47  0.13038E+47  0.51085E+01  0.43192E+01  0.40266E+01  0.55106E+01  0.46827E+01  0.44147E+01
   0.13200E+00 -0.10521E+00  0.99622E+56  0.97089E+52  0.20442E+52  0.81854E+51  0.67309E+47  0.13210E+47  0.51271E+01  0.43260E+01  0.40325E+01  0.55313E+01  0.46904E+01  0.44215E+01
   0.13300E+00 -0.10421E+00  0.10183E+57  0.98257E+52  0.20682E+52  0.83905E+51  0.68218E+47  0.13385E+47  0.51417E+01  0.43323E+01  0.40384E+01  0.55469E+01  0.46976E+01  0.44283E+01
   0.13400E+00 -0.10320E+00  0.10411E+57  0.99440E+52  0.20926E+52  0.86020E+51  0.69146E+47  0.13563E+47  0.51560E+01  0.43390E+01  0.40442E+01  0.55619E+01  0.47053E+01  0.44351E+01
   0.13500E+00 -0.10220E+00  0.10634E+57  0.10064E+53  0.21174E+52  0.88084E+51  0.70086E+47  0.13743E+47  0.51689E+01  0.43457E+01  0.40501E+01  0.55751E+01  0.47129E+01  0.44418E+01
   0.13600E+00 -0.10120E+00  0.10887E+57  0.10194E+53  0.21425E+52  0.90486E+51  0.71089E+47  0.13927E+47  0.51865E+01  0.43517E+01  0.40560E+01  0.55941E+01  0.47199E+01  0.44486E+01
   0.13700E+00 -0.10021E+00  0.11139E+57  0.10320E+53  0.21681E+52  0.92883E+51  0.72078E+47  0.14113E+47  0.52033E+01  0.43582E+01  0.40618E+01  0.56125E+01  0.47274E+01  0.44554E+01
   0.13800E+00 -0.99206E-01  0.11391E+57  0.10448E+53  0.21941E+52  0.95258E+51  0.73080E+47  0.14303E+47  0.52184E+01  0.43645E+01  0.40676E+01  0.56284E+01  0.47346E+01  0.44621E+01
   0.13900E+00 -0.98205E-01  0.11641E+57  0.10577E+53  0.22204E+52  0.97606E+51  0.74087E+47  0.14495E+47  0.52321E+01  0.43709E+01  0.40734E+01  0.56426E+01  0.47420E+01  0.44688E+01
   0.14000E+00 -0.97205E-01  0.11917E+57  0.10708E+53  0.22472E+52  0.10025E+52  0.75113E+47  0.14690E+47  0.52496E+01  0.43773E+01  0.40792E+01  0.56614E+01  0.47493E+01  0.44756E+01
   0.14100E+00 -0.96205E-01  0.12196E+57  0.10842E+53  0.22746E+52  0.10295E+52  0.76164E+47  0.14891E+47  0.52671E+01  0.43836E+01  0.40850E+01  0.56806E+01  0.47565E+01  0.44823E+01
   0.14200E+00 -0.95206E-01  0.12463E+57  0.10978E+53  0.23024E+52  0.10547E+52  0.77229E+47  0.15094E+47  0.52807E+01  0.43899E+01  0.40907E+01  0.56947E+01  0.47638E+01  0.44890E+01
   0.14300E+00 -0.94206E-01  0.12761E+57  0.11116E+53  0.23306E+52  0.10834E+52  0.78315E+47  0.15300E+47  0.52980E+01  0.43963E+01  0.40965E+01  0.57130E+01  0.47710E+01  0.44956E+01
   0.14400E+00 -0.93205E-01  0.13055E+57  0.11258E+53  0.23597E+52  0.11120E+52  0.79426E+47  0.15512E+47  0.53152E+01  0.44025E+01  0.41022E+01  0.57319E+01  0.47782E+01  0.45023E+01
   0.14500E+00 -0.92205E-01  0.13345E+57  0.11401E+53  0.23890E+52  0.11398E+52  0.80553E+47  0.15727E+47  0.53293E+01  0.44088E+01  0.41078E+01  0.57466E+01  0.47854E+01  0.45089E+01
   0.14600E+00 -0.91206E-01  0.13679E+57  0.11547E+53  0.24189E+52  0.11727E+52  0.81703E+47  0.15946E+47  0.53496E+01  0.44152E+01  0.41135E+01  0.57691E+01  0.47927E+01  0.45155E+01
   0.14700E+00 -0.90206E-01  0.13980E+57  0.11697E+53  0.24495E+52  0.12015E+52  0.82881E+47  0.16170E+47  0.53631E+01  0.44214E+01  0.41192E+01  0.57834E+01  0.47999E+01  0.45221E+01
   0.14800E+00 -0.89205E-01  0.14344E+57  0.11849E+53  0.24804E+52  0.12378E+52  0.84075E+47  0.16396E+47  0.53846E+01  0.44277E+01  0.41248E+01  0.58070E+01  0.48072E+01  0.45288E+01
   0.14900E+00 -0.88205E-01  0.14663E+57  0.12003E+53  0.25119E+52  0.12689E+52  0.85291E+47  0.16628E+47  0.53998E+01  0.44342E+01  0.41306E+01  0.58237E+01  0.48146E+01  0.45355E+01
   0.15000E+00 -0.87206E-01  0.15042E+57  0.12160E+53  0.25439E+52  0.13067E+52  0.86531E+47  0.16863E+47  0.54206E+01  0.44405E+01  0.41363E+01  0.58463E+01  0.48219E+01  0.45422E+01
   0.15100E+00 -0.86206E-01  0.15380E+57  0.12320E+53  0.25765E+52  0.13399E+52  0.87795E+47  0.17102E+47  0.54364E+01  0.44469E+01  0.41420E+01  0.58639E+01  0.48293E+01  0.45490E+01
   0.15200E+00 -0.85205E-01  0.15786E+57  0.12482E+53  0.26096E+52  0.13808E+52  0.89085E+47  0.17347E+47  0.54583E+01  0.44534E+01  0.41478E+01  0.58881E+01  0.48369E+01  0.45558E+01
   0.15300E+00 -0.84205E-01  0.16156E+57  0.12649E+53  0.26434E+52  0.14176E+52  0.90402E+47  0.17596E+47  0.54754E+01  0.44598E+01  0.41536E+01  0.59071E+01  0.48444E+01  0.45627E+01
   0.15400E+00 -0.83205E-01  0.16575E+57  0.12818E+53  0.26779E+52  0.14601E+52  0.91745E+47  0.17850E+47  0.54969E+01  0.44663E+01  0.41594E+01  0.59313E+01  0.48520E+01  0.45696E+01
   0.15500E+00 -0.82205E-01  0.16998E+57  0.12989E+53  0.27128E+52  0.15028E+52  0.93111E+47  0.18109E+47  0.55170E+01  0.44730E+01  0.41653E+01  0.59535E+01  0.48597E+01  0.45766E+01
   0.15600E+00 -0.81206E-01  0.17405E+57  0.13163E+53  0.27484E+52  0.15439E+52  0.94493E+47  0.18372E+47  0.55353E+01  0.44796E+01  0.41711E+01  0.59743E+01  0.48674E+01  0.45836E+01
   0.15700E+00 -0.80205E-01  0.17863E+57  0.13338E+53  0.27847E+52  0.15908E+52  0.95894E+47  0.18641E+47  0.55570E+01  0.44861E+01  0.41770E+01  0.59985E+01  0.48751E+01  0.45906E+01
   0.15800E+00 -0.79206E-01  0.18320E+57  0.13515E+53  0.28217E+52  0.16376E+52  0.97313E+47  0.18915E+47  0.55778E+01  0.44930E+01  0.41829E+01  0.60215E+01  0.48831E+01  0.45976E+01
   0.15900E+00 -0.78206E-01  0.18790E+57  0.13706E+53  0.28594E+52  0.16861E+52  0.98838E+47  0.19195E+47  0.55993E+01  0.44997E+01  0.41888E+01  0.60453E+01  0.48910E+01  0.46048E+01
   0.16000E+00 -0.77206E-01  0.19267E+57  0.13899E+53  0.28977E+52  0.17357E+52  0.10038E+48  0.19479E+47  0.56215E+01  0.45064E+01  0.41948E+01  0.60700E+01  0.48990E+01  0.46119E+01
   0.16100E+00 -0.76205E-01  0.19769E+57  0.14096E+53  0.29366E+52  0.17882E+52  0.10195E+48  0.19769E+47  0.56441E+01  0.45131E+01  0.42007E+01  0.60949E+01  0.49071E+01  0.46191E+01
   0.16200E+00 -0.75206E-01  0.20280E+57  0.14292E+53  0.29762E+52  0.18417E+52  0.10353E+48  0.20064E+47  0.56667E+01  0.45199E+01  0.42068E+01  0.61200E+01  0.49151E+01  0.46264E+01
   0.16300E+00 -0.74205E-01  0.20818E+57  0.14492E+53  0.30163E+52  0.18981E+52  0.10513E+48  0.20364E+47  0.56893E+01  0.45267E+01  0.42128E+01  0.61448E+01  0.49231E+01  0.46337E+01
   0.16400E+00 -0.73205E-01  0.21368E+57  0.14692E+53  0.30567E+52  0.19558E+52  0.10674E+48  0.20667E+47  0.57115E+01  0.45334E+01  0.42189E+01  0.61693E+01  0.49310E+01  0.46410E+01
   0.16500E+00 -0.72205E-01  0.21912E+57  0.14895E+53  0.30977E+52  0.20137E+52  0.10838E+48  0.20974E+47  0.57347E+01  0.45402E+01  0.42249E+01  0.61945E+01  0.49391E+01  0.46484E+01
   0.16600E+00 -0.71206E-01  0.22497E+57  0.15101E+53  0.31389E+52  0.20745E+52  0.11004E+48  0.21284E+47  0.57539E+01  0.45472E+01  0.42311E+01  0.62168E+01  0.49473E+01  0.46558E+01
   0.16700E+00 -0.70206E-01  0.23060E+57  0.15307E+53  0.31803E+52  0.21348E+52  0.11172E+48  0.21596E+47  0.57768E+01  0.45542E+01  0.42373E+01  0.62420E+01  0.49557E+01  0.46633E+01
   0.16800E+00 -0.69205E-01  0.23674E+57  0.15514E+53  0.32218E+52  0.22002E+52  0.11340E+48  0.21910E+47  0.57994E+01  0.45613E+01  0.42436E+01  0.62674E+01  0.49640E+01  0.46709E+01
   0.16900E+00 -0.68205E-01  0.24318E+57  0.15724E+53  0.32637E+52  0.22688E+52  0.11512E+48  0.22228E+47  0.58218E+01  0.45685E+01  0.42499E+01  0.62924E+01  0.49726E+01  0.46785E+01
   0.17000E+00 -0.67206E-01  0.24997E+57  0.15934E+53  0.33056E+52  0.23428E+52  0.11684E+48  0.22547E+47  0.58482E+01  0.45759E+01  0.42564E+01  0.63209E+01  0.49813E+01  0.46863E+01
   0.17100E+00 -0.66206E-01  0.25736E+57  0.16145E+53  0.33476E+52  0.24229E+52  0.11858E+48  0.22869E+47  0.58746E+01  0.45832E+01  0.42629E+01  0.63490E+01  0.49899E+01  0.46942E+01
   0.17200E+00 -0.65206E-01  0.26451E+57  0.16359E+53  0.33902E+52  0.24973E+52  0.12035E+48  0.23196E+47  0.58914E+01  0.45906E+01  0.42693E+01  0.63678E+01  0.49987E+01  0.47020E+01
   0.17300E+00 -0.64206E-01  0.27100E+57  0.16578E+53  0.34337E+52  0.25698E+52  0.12216E+48  0.23528E+47  0.59174E+01  0.45981E+01  0.42757E+01  0.63970E+01  0.50075E+01  0.47098E+01
   0.17400E+00 -0.63206E-01  0.27959E+57  0.16798E+53  0.34778E+52  0.26619E+52  0.12399E+48  0.23868E+47  0.59409E+01  0.46058E+01  0.42825E+01  0.64218E+01  0.50164E+01  0.47179E+01
   0.17500E+00 -0.62206E-01  0.28547E+57  0.17028E+53  0.35235E+52  0.27258E+52  0.12588E+48  0.24218E+47  0.59583E+01  0.46129E+01  0.42889E+01  0.64427E+01  0.50249E+01  0.47256E+01
   0.17600E+00 -0.61205E-01  0.29552E+57  0.17264E+53  0.35709E+52  0.28361E+52  0.12782E+48  0.24580E+47  0.59885E+01  0.46201E+01  0.42952E+01  0.64740E+01  0.50332E+01  0.47332E+01
   0.17700E+00 -0.60206E-01  0.30197E+57  0.17522E+53  0.36211E+52  0.29065E+52  0.12992E+48  0.24958E+47  0.60061E+01  0.46267E+01  0.43010E+01  0.64950E+01  0.50413E+01  0.47402E+01
   0.17800E+00 -0.59206E-01  0.31169E+57  0.17788E+53  0.36738E+52  0.30131E+52  0.13207E+48  0.25354E+47  0.60322E+01  0.46329E+01  0.43064E+01  0.65223E+01  0.50488E+01  0.47470E+01
   0.17900E+00 -0.58205E-01  0.32021E+57  0.18074E+53  0.37303E+52  0.31051E+52  0.13435E+48  0.25774E+47  0.60509E+01  0.46384E+01  0.43114E+01  0.65419E+01  0.50557E+01  0.47533E+01
   0.18000E+00 -0.57205E-01  0.32924E+57  0.18373E+53  0.37895E+52  0.32073E+52  0.13672E+48  0.26210E+47  0.60787E+01  0.46434E+01  0.43159E+01  0.65730E+01  0.50620E+01  0.47590E+01
   0.18100E+00 -0.56205E-01  0.33900E+57  0.18692E+53  0.38506E+52  0.33139E+52  0.13922E+48  0.26660E+47  0.60998E+01  0.46477E+01  0.43203E+01  0.65948E+01  0.50677E+01  0.47647E+01
   0.18200E+00 -0.55205E-01  0.34608E+57  0.19030E+53  0.39185E+52  0.33933E+52  0.14186E+48  0.27149E+47  0.61183E+01  0.46514E+01  0.43234E+01  0.66166E+01  0.50728E+01  0.47691E+01
   0.18300E+00 -0.54205E-01  0.35741E+57  0.19403E+53  0.39902E+52  0.35194E+52  0.14472E+48  0.27665E+47  0.61445E+01  0.46543E+01  0.43263E+01  0.66439E+01  0.50770E+01  0.47732E+01
   0.18400E+00 -0.53206E-01  0.36722E+57  0.19810E+53  0.40704E+52  0.36274E+52  0.14783E+48  0.28238E+47  0.61638E+01  0.46565E+01  0.43290E+01  0.66638E+01  0.50805E+01  0.47771E+01
   0.18500E+00 -0.52206E-01  0.37710E+57  0.20262E+53  0.41584E+52  0.37412E+52  0.15123E+48  0.28858E+47  0.61908E+01  0.46575E+01  0.43303E+01  0.66944E+01  0.50829E+01  0.47795E+01
   0.18600E+00 -0.51205E-01  0.38597E+57  0.20756E+53  0.42527E+52  0.38376E+52  0.15494E+48  0.29525E+47  0.62043E+01  0.46581E+01  0.43323E+01  0.67080E+01  0.50845E+01  0.47824E+01
   0.18700E+00 -0.50205E-01  0.40128E+57  0.21288E+53  0.43545E+52  0.40132E+52  0.15890E+48  0.30234E+47  0.62406E+01  0.46577E+01  0.43325E+01  0.67458E+01  0.50854E+01  0.47836E+01
   0.18800E+00 -0.49205E-01  0.41120E+57  0.21856E+53  0.44642E+52  0.41281E+52  0.16311E+48  0.30998E+47  0.62644E+01  0.46570E+01  0.43328E+01  0.67734E+01  0.50859E+01  0.47849E+01
   0.18900E+00 -0.48206E-01  0.42331E+57  0.22470E+53  0.45829E+52  0.42621E+52  0.16766E+48  0.31826E+47  0.62828E+01  0.46560E+01  0.43334E+01  0.67922E+01  0.50859E+01  0.47865E+01
   0.19000E+00 -0.47205E-01  0.43845E+57  0.23121E+53  0.47136E+52  0.44385E+52  0.17246E+48  0.32724E+47  0.63168E+01  0.46546E+01  0.43321E+01  0.68289E+01  0.50856E+01  0.47862E+01
   0.19100E+00 -0.46206E-01  0.45160E+57  0.23813E+53  0.48532E+52  0.45890E+52  0.17756E+48  0.33686E+47  0.63409E+01  0.46529E+01  0.43311E+01  0.68553E+01  0.50850E+01  0.47861E+01
   0.19200E+00 -0.45206E-01  0.46552E+57  0.24546E+53  0.49938E+52  0.47497E+52  0.18294E+48  0.34656E+47  0.63667E+01  0.46507E+01  0.43305E+01  0.68825E+01  0.50838E+01  0.47864E+01
   0.19300E+00 -0.44205E-01  0.48115E+57  0.25319E+53  0.51430E+52  0.49316E+52  0.18861E+48  0.35683E+47  0.63958E+01  0.46485E+01  0.43294E+01  0.69135E+01  0.50826E+01  0.47861E+01
   0.19400E+00 -0.43205E-01  0.49732E+57  0.26113E+53  0.52938E+52  0.51211E+52  0.19445E+48  0.36723E+47  0.64257E+01  0.46465E+01  0.43287E+01  0.69457E+01  0.50816E+01  0.47862E+01
   0.19500E+00 -0.42206E-01  0.51370E+57  0.26926E+53  0.54474E+52  0.53122E+52  0.20043E+48  0.37782E+47  0.64528E+01  0.46449E+01  0.43279E+01  0.69746E+01  0.50811E+01  0.47863E+01
   0.19600E+00 -0.41205E-01  0.53179E+57  0.27751E+53  0.56023E+52  0.55263E+52  0.20652E+48  0.38854E+47  0.64846E+01  0.46437E+01  0.43277E+01  0.70086E+01  0.50810E+01  0.47870E+01
   0.19700E+00 -0.40205E-01  0.54861E+57  0.28584E+53  0.57586E+52  0.57240E+52  0.21269E+48  0.39936E+47  0.65106E+01  0.46431E+01  0.43275E+01  0.70367E+01  0.50814E+01  0.47878E+01
   0.19800E+00 -0.39205E-01  0.56723E+57  0.29421E+53  0.59145E+52  0.59458E+52  0.21891E+48  0.41020E+47  0.65409E+01  0.46428E+01  0.43278E+01  0.70686E+01  0.50823E+01  0.47890E+01
   0.19900E+00 -0.38206E-01  0.58654E+57  0.30260E+53  0.60705E+52  0.61767E+52  0.22516E+48  0.42106E+47  0.65712E+01  0.46430E+01  0.43282E+01  0.71006E+01  0.50836E+01  0.47905E+01
   0.20000E+00 -0.37206E-01  0.60724E+57  0.31101E+53  0.62253E+52  0.64258E+52  0.23144E+48  0.43188E+47  0.66031E+01  0.46435E+01  0.43290E+01  0.71340E+01  0.50854E+01  0.47923E+01
   0.20100E+00 -0.36205E-01  0.63009E+57  0.31950E+53  0.63812E+52  0.67001E+52  0.23780E+48  0.44276E+47  0.66353E+01  0.46443E+01  0.43296E+01  0.71676E+01  0.50874E+01  0.47941E+01
   0.20200E+00 -0.35205E-01  0.65379E+57  0.32809E+53  0.65389E+52  0.69861E+52  0.24425E+48  0.45383E+47  0.66677E+01  0.46455E+01  0.43308E+01  0.72016E+01  0.50898E+01  0.47965E+01
   0.20300E+00 -0.34205E-01  0.67912E+57  0.33670E+53  0.66981E+52  0.72922E+52  0.25075E+48  0.46501E+47  0.67003E+01  0.46471E+01  0.43321E+01  0.72358E+01  0.50924E+01  0.47989E+01
   0.20400E+00 -0.33205E-01  0.70638E+57  0.34559E+53  0.68608E+52  0.76212E+52  0.25747E+48  0.47649E+47  0.67324E+01  0.46490E+01  0.43337E+01  0.72696E+01  0.50955E+01  0.48018E+01
   0.20500E+00 -0.32205E-01  0.73580E+57  0.35475E+53  0.70268E+52  0.79776E+52  0.26442E+48  0.48824E+47  0.67654E+01  0.46511E+01  0.43357E+01  0.73039E+01  0.50987E+01  0.48049E+01
   0.20600E+00 -0.31206E-01  0.76488E+57  0.36403E+53  0.71955E+52  0.83334E+52  0.27147E+48  0.50022E+47  0.67985E+01  0.46533E+01  0.43380E+01  0.73386E+01  0.51022E+01  0.48084E+01
   0.20700E+00 -0.30205E-01  0.79555E+57  0.37353E+53  0.73671E+52  0.87108E+52  0.27870E+48  0.51243E+47  0.68324E+01  0.46559E+01  0.43403E+01  0.73740E+01  0.51060E+01  0.48119E+01
   0.20800E+00 -0.29205E-01  0.82756E+57  0.38307E+53  0.75391E+52  0.91081E+52  0.28599E+48  0.52469E+47  0.68677E+01  0.46585E+01  0.43428E+01  0.74108E+01  0.51098E+01  0.48155E+01
   0.20900E+00 -0.28205E-01  0.86882E+57  0.39288E+53  0.77143E+52  0.96109E+52  0.29349E+48  0.53720E+47  0.69027E+01  0.46614E+01  0.43453E+01  0.74456E+01  0.51139E+01  0.48191E+01
   0.21000E+00 -0.27205E-01  0.90728E+57  0.40279E+53  0.78900E+52  0.10076E+53  0.30109E+48  0.54974E+47  0.69302E+01  0.46644E+01  0.43478E+01  0.74760E+01  0.51182E+01  0.48227E+01
   0.21100E+00 -0.26206E-01  0.94620E+57  0.41287E+53  0.80689E+52  0.10569E+53  0.30884E+48  0.56252E+47  0.69702E+01  0.46677E+01  0.43501E+01  0.75167E+01  0.51228E+01  0.48263E+01
   0.21200E+00 -0.25206E-01  0.99110E+57  0.42305E+53  0.82478E+52  0.11126E+53  0.31669E+48  0.57535E+47  0.70048E+01  0.46712E+01  0.43529E+01  0.75521E+01  0.51277E+01  0.48304E+01
   0.21300E+00 -0.24205E-01  0.10389E+58  0.43330E+53  0.84282E+52  0.11723E+53  0.32464E+48  0.58835E+47  0.70410E+01  0.46751E+01  0.43560E+01  0.75894E+01  0.51330E+01  0.48349E+01
   0.21400E+00 -0.23205E-01  0.10903E+58  0.44361E+53  0.86058E+52  0.12366E+53  0.33265E+48  0.60118E+47  0.70776E+01  0.46792E+01  0.43591E+01  0.76271E+01  0.51387E+01  0.48394E+01
   0.21500E+00 -0.22205E-01  0.11475E+58  0.45385E+53  0.87819E+52  0.13080E+53  0.34065E+48  0.61393E+47  0.71128E+01  0.46836E+01  0.43623E+01  0.76630E+01  0.51448E+01  0.48442E+01
   0.21600E+00 -0.21205E-01  0.12098E+58  0.46373E+53  0.89516E+52  0.13856E+53  0.34835E+48  0.62622E+47  0.71466E+01  0.46875E+01  0.43653E+01  0.76979E+01  0.51506E+01  0.48489E+01
   0.21700E+00 -0.20206E-01  0.12783E+58  0.47358E+53  0.91171E+52  0.14713E+53  0.35609E+48  0.63821E+47  0.71822E+01  0.46918E+01  0.43681E+01  0.77339E+01  0.51569E+01  0.48537E+01
   0.21800E+00 -0.19205E-01  0.13506E+58  0.48319E+53  0.92771E+52  0.15626E+53  0.36362E+48  0.64979E+47  0.72198E+01  0.46959E+01  0.43707E+01  0.77720E+01  0.51630E+01  0.48583E+01
   0.21900E+00 -0.18205E-01  0.14308E+58  0.49262E+53  0.94317E+52  0.16640E+53  0.37103E+48  0.66094E+47  0.72570E+01  0.46998E+01  0.43728E+01  0.78099E+01  0.51691E+01  0.48625E+01
   0.22000E+00 -0.17206E-01  0.15203E+58  0.50187E+53  0.95817E+52  0.17768E+53  0.37830E+48  0.67178E+47  0.72927E+01  0.47036E+01  0.43749E+01  0.78463E+01  0.51750E+01  0.48667E+01
   0.22100E+00 -0.16206E-01  0.16179E+58  0.51150E+53  0.97396E+52  0.19007E+53  0.38595E+48  0.68331E+47  0.73305E+01  0.47085E+01  0.43779E+01  0.78848E+01  0.51822E+01  0.48719E+01
   0.22200E+00 -0.15206E-01  0.17236E+58  0.52136E+53  0.99019E+52  0.20364E+53  0.39389E+48  0.69533E+47  0.73724E+01  0.47144E+01  0.43818E+01  0.79283E+01  0.51904E+01  0.48784E+01
   0.22300E+00 -0.14205E-01  0.18363E+58  0.53103E+53  0.10058E+53  0.21830E+53  0.40170E+48  0.70692E+47  0.74184E+01  0.47203E+01  0.43858E+01  0.79761E+01  0.51985E+01  0.48848E+01
   0.22400E+00 -0.13206E-01  0.19637E+58  0.54046E+53  0.10209E+53  0.23515E+53  0.40932E+48  0.71817E+47  0.74724E+01  0.47259E+01  0.43895E+01  0.80316E+01  0.52066E+01  0.48910E+01
   0.22500E+00 -0.12205E-01  0.21126E+58  0.54998E+53  0.10362E+53  0.25494E+53  0.41709E+48  0.72965E+47  0.75302E+01  0.47323E+01  0.43942E+01  0.80899E+01  0.52156E+01  0.48983E+01
   0.22600E+00 -0.11206E-01  0.23117E+58  0.55931E+53  0.10510E+53  0.28064E+53  0.42477E+48  0.74089E+47  0.75753E+01  0.47390E+01  0.43988E+01  0.81340E+01  0.52250E+01  0.49059E+01
   0.22700E+00 -0.10206E-01  0.25461E+58  0.56814E+53  0.10646E+53  0.31081E+53  0.43202E+48  0.75114E+47  0.76173E+01  0.47450E+01  0.44027E+01  0.81748E+01  0.52338E+01  0.49127E+01
   0.22800E+00 -0.92048E-02  0.28077E+58  0.57651E+53  0.10772E+53  0.34467E+53  0.43890E+48  0.76057E+47  0.76603E+01  0.47506E+01  0.44060E+01  0.82170E+01  0.52423E+01  0.49191E+01
   0.22900E+00 -0.82058E-02  0.29770E+58  0.58433E+53  0.10885E+53  0.37110E+53  0.44533E+48  0.76900E+47  0.77786E+01  0.47557E+01  0.44085E+01  0.83410E+01  0.52505E+01  0.49249E+01
   0.23000E+00 -0.72058E-02  0.31990E+58  0.59122E+53  0.10982E+53  0.40446E+53  0.45098E+48  0.77611E+47  0.78896E+01  0.47598E+01  0.44100E+01  0.84576E+01  0.52579E+01  0.49299E+01
   0.23100E+00 -0.62058E-02  0.35150E+58  0.59724E+53  0.11063E+53  0.45004E+53  0.45592E+48  0.78206E+47  0.79894E+01  0.47635E+01  0.44112E+01  0.85619E+01  0.52648E+01  0.49350E+01
   0.23200E+00 -0.52058E-02  0.39307E+58  0.60281E+53  0.11139E+53  0.51007E+53  0.46059E+48  0.78781E+47  0.80972E+01  0.47678E+01  0.44135E+01  0.86770E+01  0.52725E+01  0.49414E+01
   0.23300E+00 -0.42058E-02  0.45082E+58  0.60826E+53  0.11216E+53  0.59479E+53  0.46530E+48  0.79409E+47  0.82327E+01  0.47734E+01  0.44177E+01  0.88210E+01  0.52818E+01  0.49507E+01
   0.23400E+00 -0.32058E-02  0.51654E+58  0.61356E+53  0.11295E+53  0.69508E+53  0.46998E+48  0.80068E+47  0.83968E+01  0.47798E+01  0.44233E+01  0.89989E+01  0.52921E+01  0.49620E+01
   0.23500E+00 -0.22058E-02  0.58273E+58  0.61785E+53  0.11361E+53  0.79291E+53  0.47378E+48  0.80617E+47  0.84907E+01  0.47850E+01  0.44278E+01  0.91134E+01  0.53013E+01  0.49729E+01
   0.23600E+00 -0.12058E-02  0.64710E+58  0.62093E+53  0.11418E+53  0.89587E+53  0.47650E+48  0.81060E+47  0.86389E+01  0.47885E+01  0.44299E+01  0.92773E+01  0.53089E+01  0.49818E+01
   0.23700E+00 -0.20579E-03  0.69556E+58  0.62317E+53  0.11535E+53  0.98391E+53  0.47849E+48  0.81827E+47  0.88268E+01  0.47913E+01  0.44267E+01  0.94763E+01  0.53160E+01  0.49858E+01
   0.23800E+00  0.79421E-03  0.73324E+58  0.62508E+53  0.12617E+53  0.10602E+54  0.48032E+48  0.89147E+47  0.90224E+01  0.47949E+01  0.44088E+01  0.96966E+01  0.53240E+01  0.49662E+01
   0.23900E+00  0.17942E-02  0.68306E+58  0.59206E+53  0.76156E+54  0.99003E+53  0.45886E+48  0.48103E+49  0.90443E+01  0.48362E+01  0.39415E+01  0.97884E+01  0.53645E+01  0.41769E+01
   0.24000E+00  0.27942E-02  0.63789E+58  0.10544E+56  0.26941E+57  0.94653E+53  0.14981E+51  0.47392E+52  0.92592E+01  0.88663E+01  0.10977E+02  0.99494E+01  0.97541E+01  0.12016E+02
   0.24100E+00  0.37942E-02  0.46643E+58  0.58136E+55  0.40078E+57  0.77443E+53  0.97453E+50  0.94105E+52  0.10361E+02  0.10460E+02  0.14652E+02  0.11421E+02  0.12813E+02  0.17638E+02
   0.24200E+00  0.47942E-02  0.77681E+58  0.75007E+55  0.41038E+57  0.15405E+54  0.10731E+51  0.83983E+52  0.12375E+02  0.89273E+01  0.12770E+02  0.13442E+02  0.10317E+02  0.14828E+02
   0.24300E+00  0.57942E-02  0.12685E+59  0.14017E+56  0.43523E+57  0.25922E+54  0.20548E+51  0.88510E+52  0.12751E+02  0.91474E+01  0.12690E+02  0.13717E+02  0.10224E+02  0.14781E+02
   0.24400E+00  0.67942E-02  0.13938E+59  0.26432E+56  0.46648E+57  0.28214E+54  0.39059E+51  0.96045E+52  0.12631E+02  0.92209E+01  0.12848E+02  0.13537E+02  0.10156E+02  0.15047E+02
   0.24500E+00  0.77942E-02  0.13016E+59  0.46884E+56  0.50612E+57  0.25834E+54  0.69490E+51  0.10724E+53  0.12385E+02  0.92487E+01  0.13221E+02  0.13282E+02  0.10130E+02  0.15593E+02
   0.24600E+00  0.87942E-02  0.12744E+59  0.76522E+56  0.55948E+57  0.24703E+54  0.11430E+52  0.12268E+53  0.12096E+02  0.93209E+01  0.13683E+02  0.12969E+02  0.10172E+02  0.16267E+02
   0.24700E+00  0.97942E-02  0.12188E+59  0.11491E+57  0.61846E+57  0.23012E+54  0.17280E+52  0.13956E+53  0.11782E+02  0.93836E+01  0.14081E+02  0.12626E+02  0.10218E+02  0.16794E+02
   0.24800E+00  0.10794E-01  0.11547E+59  0.16426E+57  0.68163E+57  0.21289E+54  0.24949E+52  0.15743E+53  0.11504E+02  0.94779E+01  0.14412E+02  0.12306E+02  0.10306E+02  0.17208E+02
   0.24900E+00  0.11794E-01  0.10804E+59  0.22251E+57  0.75645E+57  0.19479E+54  0.34098E+52  0.17866E+53  0.11250E+02  0.95624E+01  0.14738E+02  0.12027E+02  0.10387E+02  0.17589E+02
   0.25000E+00  0.12794E-01  0.10199E+59  0.28863E+57  0.83676E+57  0.18044E+54  0.44672E+52  0.20153E+53  0.11039E+02  0.96578E+01  0.15029E+02  0.11805E+02  0.10484E+02  0.17913E+02
   0.25100E+00  0.13794E-01  0.95853E+58  0.36072E+57  0.91620E+57  0.16682E+54  0.56348E+52  0.22465E+53  0.10860E+02  0.97474E+01  0.15300E+02  0.11612E+02  0.10579E+02  0.18220E+02
   0.25200E+00  0.14794E-01  0.90573E+58  0.43787E+57  0.99113E+57  0.15532E+54  0.69047E+52  0.24637E+53  0.10701E+02  0.98397E+01  0.15511E+02  0.11437E+02  0.10676E+02  0.18444E+02
   0.25300E+00  0.15794E-01  0.86425E+58  0.52042E+57  0.10567E+58  0.14599E+54  0.82909E+52  0.26549E+53  0.10541E+02  0.99411E+01  0.15677E+02  0.11276E+02  0.10787E+02  0.18628E+02
   0.25400E+00  0.16794E-01  0.82909E+58  0.60813E+57  0.11172E+58  0.13814E+54  0.97954E+52  0.28333E+53  0.10397E+02  0.10051E+02  0.15825E+02  0.11122E+02  0.10908E+02  0.18796E+02
   0.25500E+00  0.17794E-01  0.79095E+58  0.69897E+57  0.11714E+58  0.13040E+54  0.11375E+53  0.29909E+53  0.10287E+02  0.10155E+02  0.15933E+02  0.11005E+02  0.11020E+02  0.18922E+02
   0.25600E+00  0.18794E-01  0.75497E+58  0.79345E+57  0.12233E+58  0.12282E+54  0.13045E+53  0.31389E+53  0.10152E+02  0.10259E+02  0.16011E+02  0.10875E+02  0.11126E+02  0.19013E+02
   0.25700E+00  0.19794E-01  0.73303E+58  0.89185E+57  0.12724E+58  0.11808E+54  0.14818E+53  0.32787E+53  0.10051E+02  0.10368E+02  0.16079E+02  0.10763E+02  0.11239E+02  0.19097E+02
   0.25800E+00  0.20794E-01  0.70564E+58  0.99527E+57  0.13179E+58  0.11210E+54  0.16719E+53  0.34105E+53  0.99134E+01  0.10482E+02  0.16149E+02  0.10627E+02  0.11359E+02  0.19184E+02
   0.25900E+00  0.21794E-01  0.68128E+58  0.10979E+58  0.13602E+58  0.10736E+54  0.18637E+53  0.35333E+53  0.98337E+01  0.10593E+02  0.16209E+02  0.10555E+02  0.11476E+02  0.19256E+02
   0.26000E+00  0.22794E-01  0.65877E+58  0.11995E+58  0.13972E+58  0.10296E+54  0.20554E+53  0.36386E+53  0.97529E+01  0.10693E+02  0.16251E+02  0.10476E+02  0.11583E+02  0.19310E+02
   0.26100E+00  0.23794E-01  0.64149E+58  0.12968E+58  0.14310E+58  0.99425E+53  0.22407E+53  0.37366E+53  0.96714E+01  0.10782E+02  0.16294E+02  0.10398E+02  0.11678E+02  0.19375E+02
   0.26200E+00  0.24794E-01  0.62478E+58  0.13913E+58  0.14628E+58  0.95808E+53  0.24201E+53  0.38323E+53  0.95689E+01  0.10854E+02  0.16347E+02  0.10297E+02  0.11753E+02  0.19451E+02
   0.26300E+00  0.25794E-01  0.61035E+58  0.14862E+58  0.14910E+58  0.92704E+53  0.26030E+53  0.39134E+53  0.94777E+01  0.10929E+02  0.16378E+02  0.10202E+02  0.11831E+02  0.19494E+02
   0.26400E+00  0.26794E-01  0.59655E+58  0.15806E+58  0.15152E+58  0.89883E+53  0.27881E+53  0.39786E+53  0.94019E+01  0.11007E+02  0.16385E+02  0.10127E+02  0.11915E+02  0.19495E+02
   0.26500E+00  0.27794E-01  0.58507E+58  0.16694E+58  0.15368E+58  0.87535E+53  0.29629E+53  0.40350E+53  0.93359E+01  0.11075E+02  0.16384E+02  0.10062E+02  0.11988E+02  0.19482E+02
   0.26600E+00  0.28794E-01  0.57515E+58  0.17579E+58  0.15566E+58  0.85528E+53  0.31395E+53  0.40883E+53  0.92792E+01  0.11145E+02  0.16389E+02  0.10008E+02  0.12063E+02  0.19483E+02
   0.26700E+00  0.29794E-01  0.56575E+58  0.18450E+58  0.15752E+58  0.83635E+53  0.33155E+53  0.41383E+53  0.92247E+01  0.11213E+02  0.16394E+02  0.99557E+01  0.12138E+02  0.19483E+02
   0.26800E+00  0.30794E-01  0.55720E+58  0.19278E+58  0.15934E+58  0.81954E+53  0.34841E+53  0.41906E+53  0.91779E+01  0.11277E+02  0.16411E+02  0.99086E+01  0.12208E+02  0.19502E+02
   0.26900E+00  0.31794E-01  0.54740E+58  0.20119E+58  0.16104E+58  0.79956E+53  0.36577E+53  0.42428E+53  0.91144E+01  0.11345E+02  0.16440E+02  0.98424E+01  0.12281E+02  0.19550E+02
   0.27000E+00  0.32794E-01  0.53868E+58  0.20912E+58  0.16256E+58  0.78145E+53  0.38213E+53  0.42861E+53  0.90522E+01  0.11403E+02  0.16453E+02  0.97805E+01  0.12345E+02  0.19574E+02
   0.27100E+00  0.33794E-01  0.53241E+58  0.21663E+58  0.16409E+58  0.76894E+53  0.39782E+53  0.43330E+53  0.90122E+01  0.11459E+02  0.16478E+02  0.97454E+01  0.12406E+02  0.19610E+02
   0.27200E+00  0.34794E-01  0.52779E+58  0.22398E+58  0.16566E+58  0.76071E+53  0.41332E+53  0.43855E+53  0.89939E+01  0.11515E+02  0.16519E+02  0.97281E+01  0.12468E+02  0.19675E+02
   0.27300E+00  0.35794E-01  0.52215E+58  0.23112E+58  0.16697E+58  0.74965E+53  0.42853E+53  0.44295E+53  0.89588E+01  0.11570E+02  0.16554E+02  0.96972E+01  0.12529E+02  0.19739E+02
   0.27400E+00  0.36794E-01  0.51528E+58  0.23803E+58  0.16810E+58  0.73723E+53  0.44339E+53  0.44635E+53  0.89278E+01  0.11624E+02  0.16569E+02  0.96668E+01  0.12589E+02  0.19766E+02
   0.27500E+00  0.37794E-01  0.51241E+58  0.24420E+58  0.16918E+58  0.73067E+53  0.45648E+53  0.44937E+53  0.88980E+01  0.11664E+02  0.16575E+02  0.96375E+01  0.12632E+02  0.19762E+02
   0.27600E+00  0.38794E-01  0.51024E+58  0.25016E+58  0.17044E+58  0.72653E+53  0.46916E+53  0.45345E+53  0.88852E+01  0.11703E+02  0.16601E+02  0.96286E+01  0.12674E+02  0.19794E+02
   0.27700E+00  0.39794E-01  0.50429E+58  0.25621E+58  0.17136E+58  0.71512E+53  0.48246E+53  0.45612E+53  0.88487E+01  0.11750E+02  0.16609E+02  0.95913E+01  0.12728E+02  0.19818E+02
   0.27800E+00  0.40794E-01  0.50346E+58  0.26198E+58  0.17235E+58  0.71494E+53  0.49497E+53  0.45944E+53  0.88612E+01  0.11789E+02  0.16635E+02  0.96111E+01  0.12770E+02  0.19851E+02
   0.27900E+00  0.41794E-01  0.50010E+58  0.26756E+58  0.17343E+58  0.70814E+53  0.50710E+53  0.46309E+53  0.88358E+01  0.11827E+02  0.16662E+02  0.95872E+01  0.12811E+02  0.19882E+02
   0.28000E+00  0.42794E-01  0.49816E+58  0.27287E+58  0.17441E+58  0.70512E+53  0.51899E+53  0.46618E+53  0.88324E+01  0.11868E+02  0.16679E+02  0.95891E+01  0.12857E+02  0.19926E+02
   0.28100E+00  0.43794E-01  0.49630E+58  0.27849E+58  0.17543E+58  0.70228E+53  0.53142E+53  0.47003E+53  0.88298E+01  0.11907E+02  0.16719E+02  0.95882E+01  0.12901E+02  0.19981E+02
   0.28200E+00  0.44794E-01  0.49488E+58  0.28307E+58  0.17653E+58  0.70041E+53  0.54166E+53  0.47359E+53  0.88315E+01  0.11941E+02  0.16741E+02  0.95946E+01  0.12936E+02  0.20010E+02
   0.28300E+00  0.45794E-01  0.49331E+58  0.28819E+58  0.17706E+58  0.69837E+53  0.55344E+53  0.47545E+53  0.88338E+01  0.11983E+02  0.16756E+02  0.95979E+01  0.12985E+02  0.20030E+02
   0.28400E+00  0.46794E-01  0.49295E+58  0.29263E+58  0.17831E+58  0.69876E+53  0.56376E+53  0.48014E+53  0.88452E+01  0.12021E+02  0.16803E+02  0.96163E+01  0.13025E+02  0.20098E+02
   0.28500E+00  0.47794E-01  0.49073E+58  0.29684E+58  0.17883E+58  0.69566E+53  0.57313E+53  0.48196E+53  0.88459E+01  0.12048E+02  0.16817E+02  0.96170E+01  0.13057E+02  0.20127E+02
   0.28600E+00  0.48794E-01  0.49120E+58  0.30089E+58  0.18002E+58  0.69827E+53  0.58287E+53  0.48658E+53  0.88706E+01  0.12088E+02  0.16866E+02  0.96508E+01  0.13099E+02  0.20193E+02
   0.28700E+00  0.49794E-01  0.48768E+58  0.30487E+58  0.18045E+58  0.69252E+53  0.59163E+53  0.48800E+53  0.88610E+01  0.12109E+02  0.16875E+02  0.96390E+01  0.13126E+02  0.20212E+02
   0.28800E+00  0.50794E-01  0.48835E+58  0.30858E+58  0.18148E+58  0.69527E+53  0.60042E+53  0.49195E+53  0.88839E+01  0.12141E+02  0.16915E+02  0.96688E+01  0.13158E+02  0.20270E+02
   0.28900E+00  0.51794E-01  0.48536E+58  0.31227E+58  0.18193E+58  0.69078E+53  0.60916E+53  0.49356E+53  0.88809E+01  0.12173E+02  0.16929E+02  0.96663E+01  0.13196E+02  0.20292E+02
   0.29000E+00  0.52794E-01  0.48628E+58  0.31566E+58  0.18248E+58  0.69424E+53  0.61688E+53  0.49532E+53  0.89087E+01  0.12195E+02  0.16937E+02  0.97028E+01  0.13217E+02  0.20291E+02
   0.29100E+00  0.53794E-01  0.48412E+58  0.31869E+58  0.18288E+58  0.69138E+53  0.62470E+53  0.49656E+53  0.89116E+01  0.12232E+02  0.16943E+02  0.97051E+01  0.13260E+02  0.20288E+02
   0.29200E+00  0.54794E-01  0.48370E+58  0.32187E+58  0.18347E+58  0.69256E+53  0.63148E+53  0.49843E+53  0.89345E+01  0.12242E+02  0.16952E+02  0.97369E+01  0.13272E+02  0.20292E+02
   0.29300E+00  0.55794E-01  0.48286E+58  0.32526E+58  0.18404E+58  0.69222E+53  0.64062E+53  0.50073E+53  0.89455E+01  0.12290E+02  0.16978E+02  0.97481E+01  0.13322E+02  0.20322E+02
   0.29400E+00  0.56794E-01  0.48156E+58  0.32756E+58  0.18449E+58  0.69175E+53  0.64568E+53  0.50208E+53  0.89635E+01  0.12300E+02  0.16981E+02  0.97712E+01  0.13339E+02  0.20325E+02
   0.29500E+00  0.57794E-01  0.48132E+58  0.33099E+58  0.18507E+58  0.69310E+53  0.65416E+53  0.50461E+53  0.89856E+01  0.12333E+02  0.17014E+02  0.97999E+01  0.13371E+02  0.20363E+02
   0.29600E+00  0.58794E-01  0.48092E+58  0.33364E+58  0.18533E+58  0.69400E+53  0.66140E+53  0.50575E+53  0.90047E+01  0.12370E+02  0.17028E+02  0.98212E+01  0.13415E+02  0.20387E+02
   0.29700E+00  0.59794E-01  0.48039E+58  0.33643E+58  0.18610E+58  0.69495E+53  0.66753E+53  0.50885E+53  0.90270E+01  0.12381E+02  0.17062E+02  0.98489E+01  0.13428E+02  0.20428E+02
   0.29800E+00  0.60794E-01  0.47991E+58  0.33960E+58  0.18643E+58  0.69611E+53  0.67631E+53  0.51042E+53  0.90510E+01  0.12427E+02  0.17084E+02  0.98780E+01  0.13476E+02  0.20455E+02
   0.29900E+00  0.61794E-01  0.48031E+58  0.34114E+58  0.18678E+58  0.69890E+53  0.68020E+53  0.51163E+53  0.90798E+01  0.12442E+02  0.17092E+02  0.99113E+01  0.13496E+02  0.20470E+02
   0.30000E+00  0.62794E-01  0.47866E+58  0.34429E+58  0.18724E+58  0.69775E+53  0.68849E+53  0.51410E+53  0.90961E+01  0.12479E+02  0.17133E+02  0.99312E+01  0.13535E+02  0.20521E+02
   0.30100E+00  0.63794E-01  0.47845E+58  0.34608E+58  0.18722E+58  0.69985E+53  0.69378E+53  0.51428E+53  0.91275E+01  0.12509E+02  0.17140E+02  0.99694E+01  0.13569E+02  0.20528E+02
   0.30200E+00  0.64794E-01  0.47836E+58  0.34730E+58  0.18791E+58  0.70197E+53  0.69652E+53  0.51696E+53  0.91568E+01  0.12515E+02  0.17167E+02  0.10004E+02  0.13577E+02  0.20568E+02
   0.30300E+00  0.65794E-01  0.47704E+58  0.35022E+58  0.18834E+58  0.70179E+53  0.70466E+53  0.51931E+53  0.91797E+01  0.12555E+02  0.17206E+02  0.10031E+02  0.13621E+02  0.20620E+02
   0.30400E+00  0.66794E-01  0.47757E+58  0.35189E+58  0.18837E+58  0.70539E+53  0.70963E+53  0.51992E+53  0.92168E+01  0.12584E+02  0.17222E+02  0.10075E+02  0.13651E+02  0.20643E+02
   0.30500E+00  0.67794E-01  0.47840E+58  0.35327E+58  0.18882E+58  0.70941E+53  0.71305E+53  0.52177E+53  0.92532E+01  0.12595E+02  0.17243E+02  0.10118E+02  0.13666E+02  0.20668E+02
   0.30600E+00  0.68794E-01  0.47861E+58  0.35601E+58  0.18904E+58  0.71204E+53  0.72062E+53  0.52318E+53  0.92834E+01  0.12631E+02  0.17270E+02  0.10154E+02  0.13705E+02  0.20701E+02
   0.30700E+00  0.69794E-01  0.47943E+58  0.35877E+58  0.18898E+58  0.71620E+53  0.72891E+53  0.52351E+53  0.93218E+01  0.12678E+02  0.17286E+02  0.10198E+02  0.13755E+02  0.20722E+02
   0.30800E+00  0.70794E-01  0.48039E+58  0.36004E+58  0.18926E+58  0.72063E+53  0.73196E+53  0.52444E+53  0.93607E+01  0.12686E+02  0.17291E+02  0.10243E+02  0.13767E+02  0.20719E+02
   0.30900E+00  0.71794E-01  0.48132E+58  0.36226E+58  0.18975E+58  0.72450E+53  0.73841E+53  0.52645E+53  0.93926E+01  0.12719E+02  0.17313E+02  0.10279E+02  0.13803E+02  0.20729E+02
   0.31000E+00  0.72794E-01  0.48278E+58  0.36414E+58  0.18945E+58  0.72978E+53  0.74505E+53  0.52578E+53  0.94326E+01  0.12767E+02  0.17318E+02  0.10326E+02  0.13854E+02  0.20720E+02
   0.31100E+00  0.73794E-01  0.48318E+58  0.36486E+58  0.18926E+58  0.73356E+53  0.74789E+53  0.52533E+53  0.94735E+01  0.12791E+02  0.17321E+02  0.10373E+02  0.13882E+02  0.20715E+02
   0.31200E+00  0.74794E-01  0.48185E+58  0.36661E+58  0.18944E+58  0.73335E+53  0.75213E+53  0.52688E+53  0.94969E+01  0.12802E+02  0.17355E+02  0.10400E+02  0.13897E+02  0.20762E+02
   0.31300E+00  0.75794E-01  0.48136E+58  0.36833E+58  0.18981E+58  0.73506E+53  0.75796E+53  0.52846E+53  0.95288E+01  0.12841E+02  0.17373E+02  0.10436E+02  0.13937E+02  0.20783E+02
   0.31400E+00  0.76794E-01  0.48223E+58  0.36864E+58  0.18990E+58  0.73974E+53  0.76047E+53  0.52887E+53  0.95721E+01  0.12873E+02  0.17378E+02  0.10486E+02  0.13972E+02  0.20774E+02
   0.31500E+00  0.77794E-01  0.48252E+58  0.36908E+58  0.18973E+58  0.74339E+53  0.76261E+53  0.52876E+53  0.96136E+01  0.12893E+02  0.17391E+02  0.10535E+02  0.13997E+02  0.20777E+02
   0.31600E+00  0.78794E-01  0.48141E+58  0.36999E+58  0.18934E+58  0.74457E+53  0.76587E+53  0.52815E+53  0.96510E+01  0.12917E+02  0.17406E+02  0.10579E+02  0.14025E+02  0.20795E+02
   0.31700E+00  0.79794E-01  0.47970E+58  0.37142E+58  0.18911E+58  0.74422E+53  0.77001E+53  0.52829E+53  0.96809E+01  0.12937E+02  0.17431E+02  0.10613E+02  0.14047E+02  0.20830E+02
   0.31800E+00  0.80794E-01  0.47924E+58  0.37298E+58  0.18931E+58  0.74618E+53  0.77531E+53  0.52954E+53  0.97157E+01  0.12971E+02  0.17455E+02  0.10652E+02  0.14083E+02  0.20849E+02
   0.31900E+00  0.81794E-01  0.48008E+58  0.37358E+58  0.18940E+58  0.75115E+53  0.77888E+53  0.53008E+53  0.97635E+01  0.13010E+02  0.17464E+02  0.10707E+02  0.14125E+02  0.20843E+02
   0.32000E+00  0.82794E-01  0.48030E+58  0.37383E+58  0.18891E+58  0.75476E+53  0.78117E+53  0.52918E+53  0.98059E+01  0.13039E+02  0.17479E+02  0.10755E+02  0.14158E+02  0.20856E+02
   0.32100E+00  0.83794E-01  0.47890E+58  0.37458E+58  0.18863E+58  0.75514E+53  0.78401E+53  0.52917E+53  0.98393E+01  0.13060E+02  0.17505E+02  0.10794E+02  0.14183E+02  0.20891E+02
   0.32200E+00  0.84794E-01  0.47752E+58  0.37573E+58  0.18849E+58  0.75556E+53  0.78781E+53  0.52992E+53  0.98732E+01  0.13084E+02  0.17543E+02  0.10832E+02  0.14210E+02  0.20951E+02
   0.32300E+00  0.85794E-01  0.47723E+58  0.37701E+58  0.18854E+58  0.75808E+53  0.79323E+53  0.53108E+53  0.99123E+01  0.13129E+02  0.17576E+02  0.10876E+02  0.14257E+02  0.20996E+02
   0.32400E+00  0.86794E-01  0.47740E+58  0.37688E+58  0.18830E+58  0.76171E+53  0.79496E+53  0.53070E+53  0.99562E+01  0.13162E+02  0.17587E+02  0.10926E+02  0.14294E+02  0.20998E+02
   0.32500E+00  0.87794E-01  0.47676E+58  0.37682E+58  0.18797E+58  0.76369E+53  0.79624E+53  0.53032E+53  0.99954E+01  0.13185E+02  0.17605E+02  0.10970E+02  0.14321E+02  0.21012E+02
   0.32600E+00  0.88794E-01  0.47571E+58  0.37721E+58  0.18755E+58  0.76491E+53  0.79869E+53  0.52991E+53  0.10034E+02  0.13212E+02  0.17631E+02  0.11013E+02  0.14353E+02  0.21039E+02
   0.32700E+00  0.89794E-01  0.47501E+58  0.37793E+58  0.18708E+58  0.76692E+53  0.80195E+53  0.52915E+53  0.10075E+02  0.13241E+02  0.17650E+02  0.11060E+02  0.14386E+02  0.21062E+02
   0.32800E+00  0.90794E-01  0.47505E+58  0.37859E+58  0.18666E+58  0.77038E+53  0.80554E+53  0.52860E+53  0.10119E+02  0.13277E+02  0.17671E+02  0.11111E+02  0.14426E+02  0.21083E+02
   0.32900E+00  0.91794E-01  0.47447E+58  0.37861E+58  0.18627E+58  0.77255E+53  0.80754E+53  0.52793E+53  0.10160E+02  0.13309E+02  0.17686E+02  0.11158E+02  0.14462E+02  0.21090E+02
   0.33000E+00  0.92794E-01  0.47335E+58  0.37898E+58  0.18603E+58  0.77346E+53  0.81017E+53  0.52741E+53  0.10196E+02  0.13340E+02  0.17691E+02  0.11198E+02  0.14496E+02  0.21086E+02
   0.33100E+00  0.93794E-01  0.47217E+58  0.37911E+58  0.18549E+58  0.77436E+53  0.81237E+53  0.52620E+53  0.10234E+02  0.13371E+02  0.17702E+02  0.11239E+02  0.14530E+02  0.21091E+02
   0.33200E+00  0.94794E-01  0.47154E+58  0.37915E+58  0.18514E+58  0.77645E+53  0.81459E+53  0.52562E+53  0.10275E+02  0.13406E+02  0.17716E+02  0.11286E+02  0.14569E+02  0.21099E+02
   0.33300E+00  0.95794E-01  0.47100E+58  0.37888E+58  0.18469E+58  0.77870E+53  0.81589E+53  0.52478E+53  0.10316E+02  0.13437E+02  0.17731E+02  0.11332E+02  0.14603E+02  0.21114E+02
   0.33400E+00  0.96794E-01  0.46979E+58  0.37856E+58  0.18404E+58  0.77955E+53  0.81688E+53  0.52338E+53  0.10354E+02  0.13465E+02  0.17745E+02  0.11373E+02  0.14633E+02  0.21124E+02
   0.33500E+00  0.97794E-01  0.46871E+58  0.37857E+58  0.18336E+58  0.78065E+53  0.81893E+53  0.52180E+53  0.10393E+02  0.13498E+02  0.17758E+02  0.11416E+02  0.14671E+02  0.21128E+02
   0.33600E+00  0.98794E-01  0.46781E+58  0.37844E+58  0.18300E+58  0.78223E+53  0.82074E+53  0.52116E+53  0.10434E+02  0.13533E+02  0.17771E+02  0.11462E+02  0.14710E+02  0.21132E+02
   0.33700E+00  0.99794E-01  0.46668E+58  0.37788E+58  0.18245E+58  0.78354E+53  0.82145E+53  0.52024E+53  0.10477E+02  0.13565E+02  0.17792E+02  0.11510E+02  0.14745E+02  0.21148E+02
   0.33800E+00  0.10079E+00  0.46567E+58  0.37741E+58  0.18186E+58  0.78483E+53  0.82231E+53  0.51925E+53  0.10517E+02  0.13596E+02  0.17816E+02  0.11554E+02  0.14779E+02  0.21169E+02
   0.33900E+00  0.10179E+00  0.46452E+58  0.37690E+58  0.18101E+58  0.78604E+53  0.82299E+53  0.51714E+53  0.10559E+02  0.13625E+02  0.17828E+02  0.11602E+02  0.14811E+02  0.21181E+02
   0.34000E+00  0.10279E+00  0.46350E+58  0.37651E+58  0.18055E+58  0.78743E+53  0.82404E+53  0.51677E+53  0.10601E+02  0.13657E+02  0.17860E+02  0.11648E+02  0.14846E+02  0.21217E+02
   0.34100E+00  0.10379E+00  0.46233E+58  0.37618E+58  0.17987E+58  0.78869E+53  0.82532E+53  0.51527E+53  0.10645E+02  0.13690E+02  0.17875E+02  0.11697E+02  0.14882E+02  0.21236E+02
   0.34200E+00  0.10479E+00  0.46124E+58  0.37592E+58  0.17931E+58  0.78990E+53  0.82691E+53  0.51417E+53  0.10686E+02  0.13726E+02  0.17893E+02  0.11743E+02  0.14921E+02  0.21251E+02
   0.34300E+00  0.10579E+00  0.45996E+58  0.37520E+58  0.17860E+58  0.79067E+53  0.82726E+53  0.51235E+53  0.10726E+02  0.13758E+02  0.17901E+02  0.11786E+02  0.14958E+02  0.21254E+02
   0.34400E+00  0.10679E+00  0.45856E+58  0.37456E+58  0.17783E+58  0.79129E+53  0.82784E+53  0.51023E+53  0.10768E+02  0.13791E+02  0.17903E+02  0.11832E+02  0.14995E+02  0.21247E+02
   0.34500E+00  0.10779E+00  0.45735E+58  0.37396E+58  0.17718E+58  0.79231E+53  0.82835E+53  0.50861E+53  0.10810E+02  0.13822E+02  0.17912E+02  0.11879E+02  0.15029E+02  0.21245E+02
   0.34600E+00  0.10879E+00  0.45582E+58  0.37312E+58  0.17628E+58  0.79270E+53  0.82848E+53  0.50648E+53  0.10852E+02  0.13855E+02  0.17929E+02  0.11925E+02  0.15066E+02  0.21257E+02
   0.34700E+00  0.10979E+00  0.45427E+58  0.37257E+58  0.17547E+58  0.79308E+53  0.82933E+53  0.50449E+53  0.10894E+02  0.13890E+02  0.17941E+02  0.11971E+02  0.15104E+02  0.21267E+02
   0.34800E+00  0.11079E+00  0.45270E+58  0.37184E+58  0.17473E+58  0.79339E+53  0.82952E+53  0.50270E+53  0.10936E+02  0.13921E+02  0.17952E+02  0.12017E+02  0.15138E+02  0.21274E+02
   0.34900E+00  0.11179E+00  0.45093E+58  0.37071E+58  0.17426E+58  0.79312E+53  0.82867E+53  0.50183E+53  0.10975E+02  0.13949E+02  0.17970E+02  0.12060E+02  0.15169E+02  0.21281E+02
   0.35000E+00  0.11279E+00  0.44929E+58  0.36963E+58  0.17321E+58  0.79306E+53  0.82801E+53  0.49917E+53  0.11015E+02  0.13978E+02  0.17983E+02  0.12102E+02  0.15201E+02  0.21290E+02
   0.35100E+00  0.11379E+00  0.44757E+58  0.36886E+58  0.17232E+58  0.79290E+53  0.82816E+53  0.49686E+53  0.11055E+02  0.14010E+02  0.17992E+02  0.12147E+02  0.15236E+02  0.21288E+02
   0.35200E+00  0.11479E+00  0.44605E+58  0.36806E+58  0.17147E+58  0.79302E+53  0.82823E+53  0.49470E+53  0.11094E+02  0.14042E+02  0.18002E+02  0.12190E+02  0.15270E+02  0.21290E+02
   0.35300E+00  0.11579E+00  0.44451E+58  0.36703E+58  0.17077E+58  0.79320E+53  0.82777E+53  0.49301E+53  0.11135E+02  0.14073E+02  0.18015E+02  0.12235E+02  0.15304E+02  0.21298E+02
   0.35400E+00  0.11679E+00  0.44303E+58  0.36608E+58  0.17002E+58  0.79347E+53  0.82746E+53  0.49141E+53  0.11176E+02  0.14104E+02  0.18036E+02  0.12281E+02  0.15338E+02  0.21319E+02
   0.35500E+00  0.11779E+00  0.44163E+58  0.36518E+58  0.16912E+58  0.79384E+53  0.82744E+53  0.48941E+53  0.11217E+02  0.14139E+02  0.18057E+02  0.12326E+02  0.15377E+02  0.21342E+02
   0.35600E+00  0.11879E+00  0.44025E+58  0.36470E+58  0.16834E+58  0.79436E+53  0.82846E+53  0.48765E+53  0.11259E+02  0.14175E+02  0.18077E+02  0.12372E+02  0.15417E+02  0.21362E+02
   0.35700E+00  0.11979E+00  0.43908E+58  0.36421E+58  0.16728E+58  0.79547E+53  0.82954E+53  0.48501E+53  0.11305E+02  0.14212E+02  0.18092E+02  0.12422E+02  0.15459E+02  0.21381E+02
   0.35800E+00  0.12079E+00  0.43768E+58  0.36310E+58  0.16661E+58  0.79599E+53  0.82894E+53  0.48354E+53  0.11348E+02  0.14246E+02  0.18110E+02  0.12470E+02  0.15495E+02  0.21390E+02
   0.35900E+00  0.12179E+00  0.43591E+58  0.36183E+58  0.16566E+58  0.79546E+53  0.82783E+53  0.48114E+53  0.11387E+02  0.14276E+02  0.18123E+02  0.12511E+02  0.15529E+02  0.21395E+02
   0.36000E+00  0.12279E+00  0.43398E+58  0.36068E+58  0.16479E+58  0.79461E+53  0.82690E+53  0.47899E+53  0.11425E+02  0.14306E+02  0.18138E+02  0.12553E+02  0.15562E+02  0.21405E+02
   0.36100E+00  0.12379E+00  0.43200E+58  0.35947E+58  0.16402E+58  0.79351E+53  0.82560E+53  0.47728E+53  0.11462E+02  0.14331E+02  0.18158E+02  0.12592E+02  0.15590E+02  0.21425E+02
   0.36200E+00  0.12479E+00  0.42973E+58  0.35803E+58  0.16313E+58  0.79185E+53  0.82385E+53  0.47527E+53  0.11498E+02  0.14359E+02  0.18180E+02  0.12632E+02  0.15619E+02  0.21451E+02
   0.36300E+00  0.12579E+00  0.42760E+58  0.35671E+58  0.16210E+58  0.79044E+53  0.82244E+53  0.47263E+53  0.11535E+02  0.14387E+02  0.18194E+02  0.12672E+02  0.15651E+02  0.21468E+02
   0.36400E+00  0.12679E+00  0.42555E+58  0.35529E+58  0.16129E+58  0.78904E+53  0.82064E+53  0.47075E+53  0.11570E+02  0.14413E+02  0.18213E+02  0.12711E+02  0.15679E+02  0.21487E+02
   0.36500E+00  0.12779E+00  0.42347E+58  0.35379E+58  0.16045E+58  0.78745E+53  0.81870E+53  0.46887E+53  0.11603E+02  0.14440E+02  0.18235E+02  0.12748E+02  0.15709E+02  0.21508E+02
   0.36600E+00  0.12879E+00  0.42152E+58  0.35241E+58  0.15944E+58  0.78625E+53  0.81725E+53  0.46626E+53  0.11639E+02  0.14471E+02  0.18248E+02  0.12787E+02  0.15743E+02  0.21518E+02
   0.36700E+00  0.12979E+00  0.41964E+58  0.35143E+58  0.15843E+58  0.78517E+53  0.81680E+53  0.46361E+53  0.11675E+02  0.14503E+02  0.18260E+02  0.12826E+02  0.15778E+02  0.21524E+02
   0.36800E+00  0.13079E+00  0.41799E+58  0.35033E+58  0.15758E+58  0.78462E+53  0.81612E+53  0.46147E+53  0.11713E+02  0.14537E+02  0.18274E+02  0.12868E+02  0.15815E+02  0.21534E+02
   0.36900E+00  0.13179E+00  0.41636E+58  0.34921E+58  0.15672E+58  0.78425E+53  0.81539E+53  0.45938E+53  0.11753E+02  0.14570E+02  0.18291E+02  0.12912E+02  0.15852E+02  0.21551E+02
   0.37000E+00  0.13279E+00  0.41459E+58  0.34820E+58  0.15569E+58  0.78349E+53  0.81480E+53  0.45685E+53  0.11792E+02  0.14602E+02  0.18310E+02  0.12954E+02  0.15888E+02  0.21573E+02
   0.37100E+00  0.13379E+00  0.41267E+58  0.34682E+58  0.15480E+58  0.78231E+53  0.81314E+53  0.45461E+53  0.11829E+02  0.14630E+02  0.18326E+02  0.12996E+02  0.15919E+02  0.21591E+02
   0.37200E+00  0.13479E+00  0.41011E+58  0.34482E+58  0.15378E+58  0.77970E+53  0.80956E+53  0.45198E+53  0.11864E+02  0.14650E+02  0.18340E+02  0.13033E+02  0.15942E+02  0.21609E+02
   0.37300E+00  0.13579E+00  0.40689E+58  0.34206E+58  0.15270E+58  0.77525E+53  0.80399E+53  0.44921E+53  0.11889E+02  0.14667E+02  0.18357E+02  0.13062E+02  0.15960E+02  0.21631E+02
   0.37400E+00  0.13679E+00  0.40321E+58  0.33905E+58  0.15144E+58  0.76977E+53  0.79771E+53  0.44555E+53  0.11913E+02  0.14681E+02  0.18359E+02  0.13089E+02  0.15975E+02  0.21633E+02
   0.37500E+00  0.13779E+00  0.39927E+58  0.33568E+58  0.15028E+58  0.76345E+53  0.79057E+53  0.44220E+53  0.11932E+02  0.14696E+02  0.18362E+02  0.13110E+02  0.15991E+02  0.21625E+02
   0.37600E+00  0.13879E+00  0.39510E+58  0.33210E+58  0.14901E+58  0.75656E+53  0.78312E+53  0.43844E+53  0.11949E+02  0.14715E+02  0.18360E+02  0.13128E+02  0.16010E+02  0.21610E+02
   0.37700E+00  0.13979E+00  0.39136E+58  0.32908E+58  0.14770E+58  0.75062E+53  0.77701E+53  0.43450E+53  0.11968E+02  0.14734E+02  0.18356E+02  0.13151E+02  0.16030E+02  0.21592E+02
   0.37800E+00  0.14079E+00  0.38819E+58  0.32666E+58  0.14643E+58  0.74599E+53  0.77265E+53  0.43069E+53  0.11992E+02  0.14760E+02  0.18354E+02  0.13178E+02  0.16058E+02  0.21578E+02
   0.37900E+00  0.14179E+00  0.38564E+58  0.32459E+58  0.14530E+58  0.74263E+53  0.76920E+53  0.42739E+53  0.12016E+02  0.14788E+02  0.18355E+02  0.13207E+02  0.16087E+02  0.21568E+02
   0.38000E+00  0.14279E+00  0.38374E+58  0.32300E+58  0.14429E+58  0.74074E+53  0.76704E+53  0.42453E+53  0.12045E+02  0.14818E+02  0.18360E+02  0.13238E+02  0.16121E+02  0.21567E+02
   0.38100E+00  0.14379E+00  0.38204E+58  0.32164E+58  0.14321E+58  0.73956E+53  0.76531E+53  0.42144E+53  0.12079E+02  0.14848E+02  0.18364E+02  0.13277E+02  0.16155E+02  0.21566E+02
   0.38200E+00  0.14479E+00  0.38023E+58  0.32044E+58  0.14191E+58  0.73812E+53  0.76358E+53  0.41767E+53  0.12113E+02  0.14870E+02  0.18366E+02  0.13314E+02  0.16182E+02  0.21569E+02
   0.38300E+00  0.14579E+00  0.37807E+58  0.31862E+58  0.14111E+58  0.73598E+53  0.76043E+53  0.41568E+53  0.12147E+02  0.14892E+02  0.18381E+02  0.13350E+02  0.16208E+02  0.21580E+02
   0.38400E+00  0.14679E+00  0.37573E+58  0.31650E+58  0.13999E+58  0.73344E+53  0.75679E+53  0.41259E+53  0.12181E+02  0.14921E+02  0.18391E+02  0.13387E+02  0.16239E+02  0.21588E+02
   0.38500E+00  0.14779E+00  0.37313E+58  0.31379E+58  0.13878E+58  0.72998E+53  0.75181E+53  0.40908E+53  0.12208E+02  0.14950E+02  0.18394E+02  0.13417E+02  0.16272E+02  0.21586E+02
   0.38600E+00  0.14879E+00  0.36944E+58  0.30994E+58  0.13764E+58  0.72393E+53  0.74357E+53  0.40561E+53  0.12227E+02  0.14970E+02  0.18388E+02  0.13438E+02  0.16292E+02  0.21572E+02
   0.38700E+00  0.14979E+00  0.36419E+58  0.30422E+58  0.13634E+58  0.71370E+53  0.72966E+53  0.40149E+53  0.12228E+02  0.14966E+02  0.18375E+02  0.13441E+02  0.16285E+02  0.21551E+02
   0.38800E+00  0.15079E+00  0.35690E+58  0.29670E+58  0.13492E+58  0.69799E+53  0.70996E+53  0.39689E+53  0.12203E+02  0.14932E+02  0.18356E+02  0.13418E+02  0.16248E+02  0.21525E+02
   0.38900E+00  0.15179E+00  0.34912E+58  0.29103E+58  0.13344E+58  0.68211E+53  0.69627E+53  0.39224E+53  0.12192E+02  0.14929E+02  0.18342E+02  0.13404E+02  0.16243E+02  0.21508E+02
   0.39000E+00  0.15279E+00  0.34386E+58  0.28754E+58  0.13215E+58  0.67241E+53  0.68935E+53  0.38856E+53  0.12202E+02  0.14960E+02  0.18347E+02  0.13414E+02  0.16277E+02  0.21508E+02
   0.39100E+00  0.15379E+00  0.34046E+58  0.28452E+58  0.13120E+58  0.66806E+53  0.68353E+53  0.38587E+53  0.12244E+02  0.14991E+02  0.18353E+02  0.13466E+02  0.16317E+02  0.21511E+02
   0.39200E+00  0.15479E+00  0.33415E+58  0.27806E+58  0.12977E+58  0.65490E+53  0.66627E+53  0.38117E+53  0.12230E+02  0.14952E+02  0.18329E+02  0.13457E+02  0.16278E+02  0.21481E+02
   0.39300E+00  0.15579E+00  0.32818E+58  0.27534E+58  0.12868E+58  0.64286E+53  0.66059E+53  0.37815E+53  0.12223E+02  0.14971E+02  0.18337E+02  0.13448E+02  0.16297E+02  0.21494E+02
   0.39400E+00  0.15679E+00  0.32320E+58  0.27200E+58  0.12767E+58  0.63478E+53  0.65353E+53  0.37522E+53  0.12256E+02  0.14993E+02  0.18340E+02  0.13486E+02  0.16324E+02  0.21501E+02
   0.39500E+00  0.15779E+00  0.31809E+58  0.26831E+58  0.12657E+58  0.62518E+53  0.64436E+53  0.37205E+53  0.12264E+02  0.14986E+02  0.18343E+02  0.13498E+02  0.16317E+02  0.21513E+02
   0.39600E+00  0.15879E+00  0.31324E+58  0.26531E+58  0.12553E+58  0.61585E+53  0.63733E+53  0.36929E+53  0.12268E+02  0.14990E+02  0.18357E+02  0.13504E+02  0.16323E+02  0.21540E+02
   0.39700E+00  0.15979E+00  0.30923E+58  0.26259E+58  0.12437E+58  0.60875E+53  0.63146E+53  0.36583E+53  0.12284E+02  0.15005E+02  0.18355E+02  0.13525E+02  0.16342E+02  0.21546E+02
   0.39800E+00  0.16079E+00  0.30530E+58  0.25979E+58  0.12325E+58  0.60183E+53  0.62527E+53  0.36250E+53  0.12301E+02  0.15019E+02  0.18352E+02  0.13547E+02  0.16359E+02  0.21550E+02
   0.39900E+00  0.16179E+00  0.30190E+58  0.25749E+58  0.12213E+58  0.59608E+53  0.62041E+53  0.35931E+53  0.12320E+02  0.15035E+02  0.18359E+02  0.13568E+02  0.16380E+02  0.21566E+02
   0.40000E+00  0.16279E+00  0.29916E+58  0.25532E+58  0.12101E+58  0.59157E+53  0.61606E+53  0.35608E+53  0.12339E+02  0.15057E+02  0.18362E+02  0.13594E+02  0.16408E+02  0.21573E+02
   0.40100E+00  0.16379E+00  0.29539E+58  0.25165E+58  0.11989E+58  0.58400E+53  0.60759E+53  0.35264E+53  0.12337E+02  0.15066E+02  0.18354E+02  0.13595E+02  0.16418E+02  0.21561E+02
   0.40200E+00  0.16479E+00  0.29046E+58  0.24714E+58  0.11865E+58  0.57319E+53  0.59624E+53  0.34886E+53  0.12314E+02  0.15054E+02  0.18347E+02  0.13568E+02  0.16404E+02  0.21555E+02
   0.40300E+00  0.16579E+00  0.28748E+58  0.24416E+58  0.11756E+58  0.56737E+53  0.58944E+53  0.34550E+53  0.12315E+02  0.15065E+02  0.18338E+02  0.13570E+02  0.16417E+02  0.21541E+02
   0.40400E+00  0.16679E+00  0.28381E+58  0.23996E+58  0.11633E+58  0.55992E+53  0.57891E+53  0.34147E+53  0.12311E+02  0.15054E+02  0.18317E+02  0.13570E+02  0.16411E+02  0.21513E+02
   0.40500E+00  0.16779E+00  0.27958E+58  0.23525E+58  0.11531E+58  0.55130E+53  0.56740E+53  0.33837E+53  0.12305E+02  0.15050E+02  0.18310E+02  0.13569E+02  0.16411E+02  0.21505E+02
   0.40600E+00  0.16879E+00  0.27444E+58  0.23036E+58  0.11426E+58  0.54117E+53  0.55574E+53  0.33527E+53  0.12304E+02  0.15054E+02  0.18311E+02  0.13573E+02  0.16422E+02  0.21507E+02
   0.40700E+00  0.16979E+00  0.27313E+58  0.22938E+58  0.11319E+58  0.54005E+53  0.55524E+53  0.33189E+53  0.12338E+02  0.15105E+02  0.18296E+02  0.13608E+02  0.16477E+02  0.21490E+02
   0.40800E+00  0.17079E+00  0.27092E+58  0.22720E+58  0.11222E+58  0.53710E+53  0.55054E+53  0.32898E+53  0.12371E+02  0.15120E+02  0.18293E+02  0.13649E+02  0.16499E+02  0.21485E+02
   0.40900E+00  0.17179E+00  0.26535E+58  0.22320E+58  0.11126E+58  0.52456E+53  0.53934E+53  0.32593E+53  0.12336E+02  0.15078E+02  0.18279E+02  0.13615E+02  0.16449E+02  0.21472E+02
   0.41000E+00  0.17279E+00  0.26214E+58  0.22080E+58  0.11029E+58  0.51875E+53  0.53488E+53  0.32294E+53  0.12348E+02  0.15116E+02  0.18272E+02  0.13630E+02  0.16492E+02  0.21466E+02
   0.41100E+00  0.17379E+00  0.25818E+58  0.21713E+58  0.10943E+58  0.51107E+53  0.52654E+53  0.32029E+53  0.12352E+02  0.15132E+02  0.18264E+02  0.13640E+02  0.16515E+02  0.21456E+02
   0.41200E+00  0.17479E+00  0.25407E+58  0.21317E+58  0.10854E+58  0.50270E+53  0.51731E+53  0.31787E+53  0.12346E+02  0.15143E+02  0.18275E+02  0.13641E+02  0.16531E+02  0.21469E+02
   0.41300E+00  0.17579E+00  0.25106E+58  0.21046E+58  0.10767E+58  0.49808E+53  0.51192E+53  0.31512E+53  0.12380E+02  0.15178E+02  0.18262E+02  0.13678E+02  0.16573E+02  0.21456E+02
   0.41400E+00  0.17679E+00  0.24623E+58  0.20590E+58  0.10693E+58  0.48925E+53  0.50082E+53  0.31321E+53  0.12398E+02  0.15178E+02  0.18278E+02  0.13709E+02  0.16586E+02  0.21476E+02
   0.41500E+00  0.17779E+00  0.23986E+58  0.20060E+58  0.10606E+58  0.47500E+53  0.48688E+53  0.31046E+53  0.12357E+02  0.15145E+02  0.18266E+02  0.13667E+02  0.16554E+02  0.21472E+02
   0.41600E+00  0.17879E+00  0.23295E+58  0.19485E+58  0.10536E+58  0.45953E+53  0.47182E+53  0.30847E+53  0.12309E+02  0.15110E+02  0.18269E+02  0.13620E+02  0.16518E+02  0.21485E+02
   0.41700E+00  0.17979E+00  0.22820E+58  0.19117E+58  0.10453E+58  0.44976E+53  0.46293E+53  0.30629E+53  0.12299E+02  0.15110E+02  0.18285E+02  0.13608E+02  0.16519E+02  0.21514E+02
   0.41800E+00  0.18079E+00  0.22399E+58  0.18843E+58  0.10376E+58  0.44272E+53  0.45733E+53  0.30444E+53  0.12334E+02  0.15145E+02  0.18310E+02  0.13656E+02  0.16564E+02  0.21548E+02
   0.41900E+00  0.18179E+00  0.22006E+58  0.18547E+58  0.10291E+58  0.43527E+53  0.45087E+53  0.30223E+53  0.12343E+02  0.15170E+02  0.18326E+02  0.13671E+02  0.16592E+02  0.21577E+02
   0.42000E+00  0.18279E+00  0.21662E+58  0.18279E+58  0.10239E+58  0.42936E+53  0.44529E+53  0.30080E+53  0.12368E+02  0.15201E+02  0.18332E+02  0.13700E+02  0.16625E+02  0.21588E+02
   0.42100E+00  0.18379E+00  0.21522E+58  0.18099E+58  0.10175E+58  0.42865E+53  0.44237E+53  0.29887E+53  0.12428E+02  0.15251E+02  0.18330E+02  0.13764E+02  0.16681E+02  0.21589E+02
   0.42200E+00  0.18479E+00  0.21294E+58  0.17826E+58  0.10100E+58  0.42581E+53  0.43718E+53  0.29684E+53  0.12478E+02  0.15303E+02  0.18339E+02  0.13831E+02  0.16755E+02  0.21611E+02
   0.42300E+00  0.18579E+00  0.20286E+58  0.16929E+58  0.10019E+58  0.40042E+53  0.41183E+53  0.29431E+53  0.12317E+02  0.15180E+02  0.18331E+02  0.13664E+02  0.16620E+02  0.21615E+02
   0.42400E+00  0.18679E+00  0.20029E+58  0.16778E+58  0.99542E+57  0.39725E+53  0.41016E+53  0.29248E+53  0.12376E+02  0.15255E+02  0.18335E+02  0.13723E+02  0.16702E+02  0.21629E+02
   0.42500E+00  0.18779E+00  0.19475E+58  0.16351E+58  0.98919E+57  0.38532E+53  0.39913E+53  0.29083E+53  0.12346E+02  0.15232E+02  0.18346E+02  0.13700E+02  0.16680E+02  0.21650E+02
   0.42600E+00  0.18879E+00  0.19194E+58  0.16208E+58  0.98269E+57  0.38118E+53  0.39703E+53  0.28904E+53  0.12392E+02  0.15285E+02  0.18353E+02  0.13754E+02  0.16742E+02  0.21668E+02
   0.42700E+00  0.18979E+00  0.18775E+58  0.15845E+58  0.97535E+57  0.37313E+53  0.38850E+53  0.28717E+53  0.12401E+02  0.15300E+02  0.18372E+02  0.13779E+02  0.16771E+02  0.21701E+02
   0.42800E+00  0.19079E+00  0.18221E+58  0.15346E+58  0.96709E+57  0.35955E+53  0.37491E+53  0.28482E+53  0.12314E+02  0.15245E+02  0.18378E+02  0.13686E+02  0.16712E+02  0.21715E+02
   0.42900E+00  0.19179E+00  0.17705E+58  0.14883E+58  0.95957E+57  0.34741E+53  0.36255E+53  0.28256E+53  0.12244E+02  0.15201E+02  0.18375E+02  0.13607E+02  0.16650E+02  0.21719E+02
   0.43000E+00  0.19279E+00  0.17348E+58  0.14575E+58  0.95296E+57  0.33944E+53  0.35466E+53  0.28056E+53  0.12209E+02  0.15184E+02  0.18371E+02  0.13563E+02  0.16634E+02  0.21717E+02
   0.43100E+00  0.19379E+00  0.17231E+58  0.14499E+58  0.94875E+57  0.33881E+53  0.35464E+53  0.27967E+53  0.12270E+02  0.15263E+02  0.18394E+02  0.13629E+02  0.16725E+02  0.21748E+02
   0.43200E+00  0.19479E+00  0.16877E+58  0.14284E+58  0.94303E+57  0.33211E+53  0.34977E+53  0.27837E+53  0.12280E+02  0.15280E+02  0.18419E+02  0.13656E+02  0.16753E+02  0.21787E+02
   0.43300E+00  0.19579E+00  0.16653E+58  0.14089E+58  0.93747E+57  0.32721E+53  0.34479E+53  0.27674E+53  0.12261E+02  0.15271E+02  0.18420E+02  0.13621E+02  0.16735E+02  0.21799E+02
   0.43400E+00  0.19679E+00  0.16277E+58  0.13666E+58  0.93231E+57  0.31956E+53  0.33438E+53  0.27540E+53  0.12251E+02  0.15268E+02  0.18433E+02  0.13630E+02  0.16740E+02  0.21820E+02
   0.43500E+00  0.19779E+00  0.16085E+58  0.13560E+58  0.92867E+57  0.31683E+53  0.33363E+53  0.27456E+53  0.12291E+02  0.15353E+02  0.18448E+02  0.13675E+02  0.16829E+02  0.21843E+02
   0.43600E+00  0.19879E+00  0.15903E+58  0.13273E+58  0.92423E+57  0.31402E+53  0.32676E+53  0.27328E+53  0.12321E+02  0.15363E+02  0.18451E+02  0.13714E+02  0.16842E+02  0.21848E+02
   0.43700E+00  0.19979E+00  0.15466E+58  0.12836E+58  0.91999E+57  0.30375E+53  0.31522E+53  0.27216E+53  0.12255E+02  0.15324E+02  0.18459E+02  0.13647E+02  0.16798E+02  0.21863E+02
   0.43800E+00  0.20079E+00  0.15268E+58  0.12674E+58  0.91569E+57  0.29988E+53  0.31192E+53  0.27113E+53  0.12256E+02  0.15358E+02  0.18476E+02  0.13649E+02  0.16834E+02  0.21885E+02
   0.43900E+00  0.20179E+00  0.15028E+58  0.12506E+58  0.91215E+57  0.29481E+53  0.30788E+53  0.27021E+53  0.12241E+02  0.15362E+02  0.18485E+02  0.13631E+02  0.16835E+02  0.21901E+02
   0.44000E+00  0.20279E+00  0.14759E+58  0.12266E+58  0.90792E+57  0.28838E+53  0.30140E+53  0.26914E+53  0.12193E+02  0.15333E+02  0.18498E+02  0.13568E+02  0.16800E+02  0.21920E+02
   0.44100E+00  0.20379E+00  0.14535E+58  0.12112E+58  0.90454E+57  0.28388E+53  0.29759E+53  0.26849E+53  0.12187E+02  0.15332E+02  0.18522E+02  0.13564E+02  0.16800E+02  0.21952E+02
   0.44200E+00  0.20479E+00  0.14369E+58  0.12061E+58  0.90140E+57  0.28098E+53  0.29679E+53  0.26772E+53  0.12202E+02  0.15356E+02  0.18533E+02  0.13581E+02  0.16826E+02  0.21966E+02
   0.44300E+00  0.20579E+00  0.14272E+58  0.12033E+58  0.89843E+57  0.28007E+53  0.29660E+53  0.26708E+53  0.12245E+02  0.15381E+02  0.18550E+02  0.13631E+02  0.16858E+02  0.21985E+02
   0.44400E+00  0.20679E+00  0.13995E+58  0.11877E+58  0.89433E+57  0.27373E+53  0.29281E+53  0.26594E+53  0.12205E+02  0.15384E+02  0.18555E+02  0.13583E+02  0.16863E+02  0.21998E+02
   0.44500E+00  0.20779E+00  0.13645E+58  0.11644E+58  0.89127E+57  0.26566E+53  0.28664E+53  0.26538E+53  0.12149E+02  0.15361E+02  0.18580E+02  0.13522E+02  0.16840E+02  0.22035E+02
   0.44600E+00  0.20879E+00  0.13302E+58  0.11425E+58  0.88692E+57  0.25769E+53  0.28072E+53  0.26437E+53  0.12089E+02  0.15333E+02  0.18600E+02  0.13459E+02  0.16812E+02  0.22069E+02
   0.44700E+00  0.20979E+00  0.13053E+58  0.11258E+58  0.88340E+57  0.25223E+53  0.27661E+53  0.26358E+53  0.12058E+02  0.15331E+02  0.18618E+02  0.13429E+02  0.16816E+02  0.22099E+02
   0.44800E+00  0.21079E+00  0.12896E+58  0.11135E+58  0.88043E+57  0.24943E+53  0.27413E+53  0.26315E+53  0.12069E+02  0.15363E+02  0.18651E+02  0.13445E+02  0.16850E+02  0.22145E+02
   0.44900E+00  0.21179E+00  0.12748E+58  0.10999E+58  0.87662E+57  0.24645E+53  0.27091E+53  0.26233E+53  0.12063E+02  0.15369E+02  0.18673E+02  0.13438E+02  0.16857E+02  0.22182E+02
   0.45000E+00  0.21279E+00  0.12629E+58  0.10816E+58  0.87243E+57  0.24405E+53  0.26648E+53  0.26129E+53  0.12058E+02  0.15374E+02  0.18688E+02  0.13439E+02  0.16863E+02  0.22208E+02
   0.45100E+00  0.21379E+00  0.12462E+58  0.10589E+58  0.86838E+57  0.23979E+53  0.26097E+53  0.26032E+53  0.12007E+02  0.15380E+02  0.18706E+02  0.13385E+02  0.16862E+02  0.22236E+02
   0.45200E+00  0.21479E+00  0.12293E+58  0.10381E+58  0.86400E+57  0.23555E+53  0.25580E+53  0.25903E+53  0.11957E+02  0.15376E+02  0.18708E+02  0.13331E+02  0.16859E+02  0.22244E+02
   0.45300E+00  0.21579E+00  0.12144E+58  0.10227E+58  0.86050E+57  0.23246E+53  0.25219E+53  0.25807E+53  0.11945E+02  0.15386E+02  0.18714E+02  0.13318E+02  0.16876E+02  0.22255E+02
   0.45400E+00  0.21679E+00  0.11962E+58  0.10081E+58  0.85759E+57  0.22837E+53  0.24840E+53  0.25741E+53  0.11913E+02  0.15375E+02  0.18730E+02  0.13278E+02  0.16865E+02  0.22275E+02
   0.45500E+00  0.21779E+00  0.11755E+58  0.99556E+57  0.85660E+57  0.22370E+53  0.24515E+53  0.25737E+53  0.11875E+02  0.15365E+02  0.18749E+02  0.13229E+02  0.16857E+02  0.22299E+02
   0.45600E+00  0.21879E+00  0.11521E+58  0.98027E+57  0.85440E+57  0.21806E+53  0.24085E+53  0.25694E+53  0.11810E+02  0.15332E+02  0.18765E+02  0.13149E+02  0.16816E+02  0.22315E+02
   0.45700E+00  0.21979E+00  0.11369E+58  0.97031E+57  0.85116E+57  0.21454E+53  0.23823E+53  0.25610E+53  0.11776E+02  0.15320E+02  0.18775E+02  0.13109E+02  0.16804E+02  0.22327E+02
   0.45800E+00  0.22079E+00  0.11263E+58  0.95578E+57  0.84728E+57  0.21186E+53  0.23472E+53  0.25497E+53  0.11738E+02  0.15324E+02  0.18778E+02  0.13064E+02  0.16807E+02  0.22328E+02
   0.45900E+00  0.22179E+00  0.11191E+58  0.94037E+57  0.84390E+57  0.21023E+53  0.23106E+53  0.25406E+53  0.11722E+02  0.15332E+02  0.18786E+02  0.13048E+02  0.16815E+02  0.22329E+02
   0.46000E+00  0.22279E+00  0.11052E+58  0.92854E+57  0.84159E+57  0.20701E+53  0.22814E+53  0.25367E+53  0.11688E+02  0.15332E+02  0.18809E+02  0.13004E+02  0.16818E+02  0.22346E+02
   0.46100E+00  0.22379E+00  0.10910E+58  0.92193E+57  0.83923E+57  0.20386E+53  0.22664E+53  0.25324E+53  0.11660E+02  0.15340E+02  0.18830E+02  0.12970E+02  0.16834E+02  0.22362E+02
   0.46200E+00  0.22479E+00  0.10793E+58  0.91177E+57  0.83614E+57  0.20107E+53  0.22411E+53  0.25243E+53  0.11625E+02  0.15338E+02  0.18839E+02  0.12928E+02  0.16833E+02  0.22366E+02
   0.46300E+00  0.22579E+00  0.10688E+58  0.89849E+57  0.83415E+57  0.19866E+53  0.22084E+53  0.25192E+53  0.11599E+02  0.15338E+02  0.18845E+02  0.12891E+02  0.16831E+02  0.22363E+02
   0.46400E+00  0.22679E+00  0.10563E+58  0.88897E+57  0.83219E+57  0.19591E+53  0.21872E+53  0.25143E+53  0.11573E+02  0.15353E+02  0.18853E+02  0.12854E+02  0.16851E+02  0.22364E+02
   0.46500E+00  0.22779E+00  0.10438E+58  0.88237E+57  0.82992E+57  0.19307E+53  0.21711E+53  0.25080E+53  0.11542E+02  0.15354E+02  0.18857E+02  0.12814E+02  0.16854E+02  0.22362E+02
   0.46600E+00  0.22879E+00  0.10327E+58  0.87727E+57  0.82782E+57  0.19074E+53  0.21592E+53  0.25024E+53  0.11525E+02  0.15358E+02  0.18863E+02  0.12790E+02  0.16864E+02  0.22366E+02
   0.46700E+00  0.22979E+00  0.10231E+58  0.87431E+57  0.82567E+57  0.18882E+53  0.21527E+53  0.24972E+53  0.11516E+02  0.15364E+02  0.18873E+02  0.12779E+02  0.16876E+02  0.22374E+02
   0.46800E+00  0.23079E+00  0.10149E+58  0.86975E+57  0.82320E+57  0.18717E+53  0.21434E+53  0.24907E+53  0.11508E+02  0.15378E+02  0.18880E+02  0.12768E+02  0.16894E+02  0.22379E+02
   0.46900E+00  0.23179E+00  0.10093E+58  0.86343E+57  0.82058E+57  0.18612E+53  0.21311E+53  0.24839E+53  0.11506E+02  0.15401E+02  0.18889E+02  0.12769E+02  0.16919E+02  0.22384E+02
   0.47000E+00  0.23279E+00  0.10042E+58  0.85790E+57  0.81702E+57  0.18510E+53  0.21221E+53  0.24724E+53  0.11502E+02  0.15436E+02  0.18883E+02  0.12762E+02  0.16958E+02  0.22371E+02
   0.47100E+00  0.23379E+00  0.10042E+58  0.84866E+57  0.81443E+57  0.18528E+53  0.21020E+53  0.24639E+53  0.11513E+02  0.15456E+02  0.18878E+02  0.12777E+02  0.16984E+02  0.22352E+02
   0.47200E+00  0.23479E+00  0.10004E+58  0.84315E+57  0.81291E+57  0.18467E+53  0.20869E+53  0.24614E+53  0.11519E+02  0.15445E+02  0.18894E+02  0.12772E+02  0.16977E+02  0.22360E+02
   0.47300E+00  0.23579E+00  0.98806E+57  0.84328E+57  0.81174E+57  0.18237E+53  0.20893E+53  0.24612E+53  0.11517E+02  0.15460E+02  0.18920E+02  0.12764E+02  0.16991E+02  0.22380E+02
   0.47400E+00  0.23679E+00  0.97697E+57  0.84722E+57  0.80968E+57  0.18048E+53  0.21021E+53  0.24571E+53  0.11527E+02  0.15482E+02  0.18936E+02  0.12777E+02  0.17017E+02  0.22387E+02
   0.47500E+00  0.23779E+00  0.96858E+57  0.85080E+57  0.80661E+57  0.17883E+53  0.21134E+53  0.24475E+53  0.11521E+02  0.15500E+02  0.18934E+02  0.12774E+02  0.17046E+02  0.22372E+02
   0.47600E+00  0.23879E+00  0.96622E+57  0.84629E+57  0.80286E+57  0.17845E+53  0.21063E+53  0.24341E+53  0.11525E+02  0.15531E+02  0.18919E+02  0.12788E+02  0.17083E+02  0.22339E+02
   0.47700E+00  0.23979E+00  0.96605E+57  0.83561E+57  0.79920E+57  0.17848E+53  0.20829E+53  0.24206E+53  0.11529E+02  0.15554E+02  0.18900E+02  0.12793E+02  0.17107E+02  0.22302E+02
   0.47800E+00  0.24079E+00  0.96656E+57  0.82704E+57  0.79537E+57  0.17865E+53  0.20639E+53  0.24068E+53  0.11534E+02  0.15572E+02  0.18883E+02  0.12797E+02  0.17129E+02  0.22269E+02
   0.47900E+00  0.24179E+00  0.96781E+57  0.81901E+57  0.79245E+57  0.17914E+53  0.20484E+53  0.23971E+53  0.11550E+02  0.15606E+02  0.18875E+02  0.12817E+02  0.17169E+02  0.22248E+02
   0.48000E+00  0.24279E+00  0.96704E+57  0.81207E+57  0.79027E+57  0.17910E+53  0.20348E+53  0.23905E+53  0.11557E+02  0.15636E+02  0.18875E+02  0.12821E+02  0.17199E+02  0.22235E+02
   0.48100E+00  0.24379E+00  0.96441E+57  0.80617E+57  0.78848E+57  0.17865E+53  0.20210E+53  0.23857E+53  0.11559E+02  0.15643E+02  0.18880E+02  0.12817E+02  0.17205E+02  0.22233E+02
   0.48200E+00  0.24479E+00  0.95920E+57  0.80369E+57  0.78691E+57  0.17780E+53  0.20153E+53  0.23820E+53  0.11567E+02  0.15647E+02  0.18888E+02  0.12825E+02  0.17211E+02  0.22234E+02
   0.48300E+00  0.24579E+00  0.95244E+57  0.80370E+57  0.78549E+57  0.17662E+53  0.20177E+53  0.23788E+53  0.11572E+02  0.15666E+02  0.18898E+02  0.12832E+02  0.17236E+02  0.22235E+02
   0.48400E+00  0.24679E+00  0.94552E+57  0.80334E+57  0.78388E+57  0.17545E+53  0.20193E+53  0.23755E+53  0.11579E+02  0.15685E+02  0.18910E+02  0.12842E+02  0.17255E+02  0.22241E+02
   0.48500E+00  0.24779E+00  0.94067E+57  0.80229E+57  0.78195E+57  0.17480E+53  0.20160E+53  0.23712E+53  0.11595E+02  0.15680E+02  0.18922E+02  0.12862E+02  0.17244E+02  0.22244E+02
   0.48600E+00  0.24879E+00  0.93525E+57  0.80282E+57  0.77959E+57  0.17394E+53  0.20191E+53  0.23648E+53  0.11605E+02  0.15693E+02  0.18928E+02  0.12874E+02  0.17263E+02  0.22238E+02
   0.48700E+00  0.24979E+00  0.93099E+57  0.80071E+57  0.77717E+57  0.17330E+53  0.20136E+53  0.23581E+53  0.11616E+02  0.15692E+02  0.18934E+02  0.12887E+02  0.17261E+02  0.22232E+02
   0.48800E+00  0.25079E+00  0.92743E+57  0.79611E+57  0.77417E+57  0.17276E+53  0.20019E+53  0.23488E+53  0.11624E+02  0.15691E+02  0.18932E+02  0.12895E+02  0.17255E+02  0.22219E+02
   0.48900E+00  0.25179E+00  0.92401E+57  0.78929E+57  0.77135E+57  0.17213E+53  0.19850E+53  0.23396E+53  0.11625E+02  0.15693E+02  0.18927E+02  0.12889E+02  0.17256E+02  0.22197E+02
   0.49000E+00  0.25279E+00  0.91841E+57  0.78583E+57  0.76919E+57  0.17121E+53  0.19779E+53  0.23335E+53  0.11632E+02  0.15706E+02  0.18930E+02  0.12892E+02  0.17272E+02  0.22192E+02
   0.49100E+00  0.25379E+00  0.90920E+57  0.78778E+57  0.76736E+57  0.16959E+53  0.19869E+53  0.23295E+53  0.11639E+02  0.15738E+02  0.18943E+02  0.12897E+02  0.17312E+02  0.22200E+02
   0.49200E+00  0.25479E+00  0.89992E+57  0.79089E+57  0.76567E+57  0.16797E+53  0.19976E+53  0.23262E+53  0.11647E+02  0.15760E+02  0.18958E+02  0.12905E+02  0.17337E+02  0.22214E+02
   0.49300E+00  0.25579E+00  0.89217E+57  0.79193E+57  0.76345E+57  0.16661E+53  0.20024E+53  0.23214E+53  0.11653E+02  0.15778E+02  0.18974E+02  0.12913E+02  0.17355E+02  0.22226E+02
   0.49400E+00  0.25679E+00  0.88581E+57  0.79084E+57  0.76169E+57  0.16553E+53  0.19998E+53  0.23179E+53  0.11661E+02  0.15779E+02  0.18989E+02  0.12920E+02  0.17353E+02  0.22239E+02
   0.49500E+00  0.25779E+00  0.87965E+57  0.78993E+57  0.75974E+57  0.16447E+53  0.19967E+53  0.23134E+53  0.11667E+02  0.15773E+02  0.19000E+02  0.12923E+02  0.17346E+02  0.22246E+02
   0.49600E+00  0.25879E+00  0.87367E+57  0.79122E+57  0.75758E+57  0.16348E+53  0.20014E+53  0.23079E+53  0.11676E+02  0.15784E+02  0.19010E+02  0.12932E+02  0.17361E+02  0.22248E+02
   0.49700E+00  0.25979E+00  0.86734E+57  0.79282E+57  0.75518E+57  0.16234E+53  0.20075E+53  0.23015E+53  0.11679E+02  0.15801E+02  0.19017E+02  0.12935E+02  0.17383E+02  0.22249E+02
   0.49800E+00  0.26079E+00  0.86194E+57  0.80627E+57  0.75271E+57  0.16139E+53  0.20466E+53  0.22946E+53  0.11684E+02  0.15839E+02  0.19023E+02  0.12940E+02  0.17428E+02  0.22246E+02
   0.49900E+00  0.26179E+00  0.85763E+57  0.81992E+57  0.75006E+57  0.16070E+53  0.20834E+53  0.22869E+53  0.11693E+02  0.15856E+02  0.19025E+02  0.12954E+02  0.17452E+02  0.22240E+02
   0.50000E+00  0.26279E+00  0.85604E+57  0.82765E+57  0.74724E+57  0.16054E+53  0.21049E+53  0.22782E+53  0.11702E+02  0.15870E+02  0.19025E+02  0.12969E+02  0.17468E+02  0.22230E+02
   0.50100E+00  0.26379E+00  0.85655E+57  0.83372E+57  0.74428E+57  0.16078E+53  0.21204E+53  0.22690E+53  0.11713E+02  0.15870E+02  0.19023E+02  0.12982E+02  0.17471E+02  0.22222E+02
   0.50200E+00  0.26479E+00  0.85630E+57  0.83089E+57  0.74182E+57  0.16083E+53  0.21165E+53  0.22614E+53  0.11720E+02  0.15895E+02  0.19022E+02  0.12985E+02  0.17496E+02  0.22212E+02
   0.50300E+00  0.26579E+00  0.85343E+57  0.82674E+57  0.73922E+57  0.16032E+53  0.21114E+53  0.22536E+53  0.11722E+02  0.15936E+02  0.19023E+02  0.12987E+02  0.17542E+02  0.22207E+02
   0.50400E+00  0.26679E+00  0.84966E+57  0.83530E+57  0.73673E+57  0.15987E+53  0.21435E+53  0.22465E+53  0.11741E+02  0.16013E+02  0.19027E+02  0.13012E+02  0.17622E+02  0.22208E+02
   0.50500E+00  0.26779E+00  0.84461E+57  0.82837E+57  0.73445E+57  0.15919E+53  0.21344E+53  0.22405E+53  0.11761E+02  0.16078E+02  0.19036E+02  0.13038E+02  0.17696E+02  0.22214E+02
   0.50600E+00  0.26879E+00  0.83868E+57  0.81502E+57  0.73187E+57  0.15818E+53  0.20980E+53  0.22333E+53  0.11769E+02  0.16063E+02  0.19041E+02  0.13043E+02  0.17674E+02  0.22217E+02
   0.50700E+00  0.26979E+00  0.83439E+57  0.81112E+57  0.72939E+57  0.15750E+53  0.20904E+53  0.22267E+53  0.11778E+02  0.16081E+02  0.19050E+02  0.13048E+02  0.17686E+02  0.22224E+02
   0.50800E+00  0.27079E+00  0.83194E+57  0.79797E+57  0.72733E+57  0.15716E+53  0.20561E+53  0.22218E+53  0.11788E+02  0.16078E+02  0.19062E+02  0.13057E+02  0.17690E+02  0.22233E+02
   0.50900E+00  0.27179E+00  0.82899E+57  0.78311E+57  0.72500E+57  0.15663E+53  0.20176E+53  0.22155E+53  0.11790E+02  0.16077E+02  0.19069E+02  0.13059E+02  0.17702E+02  0.22235E+02
   0.51000E+00  0.27279E+00  0.82839E+57  0.77174E+57  0.72210E+57  0.15658E+53  0.19870E+53  0.22063E+53  0.11794E+02  0.16067E+02  0.19066E+02  0.13069E+02  0.17688E+02  0.22220E+02
   0.51100E+00  0.27379E+00  0.82744E+57  0.75956E+57  0.71940E+57  0.15655E+53  0.19546E+53  0.21979E+53  0.11806E+02  0.16058E+02  0.19064E+02  0.13081E+02  0.17670E+02  0.22210E+02
   0.51200E+00  0.27479E+00  0.82424E+57  0.75251E+57  0.71721E+57  0.15605E+53  0.19337E+53  0.21918E+53  0.11814E+02  0.16035E+02  0.19069E+02  0.13086E+02  0.17649E+02  0.22207E+02
   0.51300E+00  0.27579E+00  0.81970E+57  0.75729E+57  0.71541E+57  0.15521E+53  0.19475E+53  0.21873E+53  0.11815E+02  0.16047E+02  0.19078E+02  0.13086E+02  0.17663E+02  0.22212E+02
   0.51400E+00  0.27679E+00  0.81707E+57  0.78207E+57  0.71375E+57  0.15477E+53  0.20463E+53  0.21828E+53  0.11820E+02  0.16327E+02  0.19084E+02  0.13090E+02  0.17954E+02  0.22211E+02
   0.51500E+00  0.27779E+00  0.81697E+57  0.76561E+57  0.71207E+57  0.15489E+53  0.20101E+53  0.21784E+53  0.11830E+02  0.16383E+02  0.19090E+02  0.13101E+02  0.18056E+02  0.22212E+02
   0.51600E+00  0.27879E+00  0.81616E+57  0.74520E+57  0.71045E+57  0.15497E+53  0.19465E+53  0.21749E+53  0.11848E+02  0.16299E+02  0.19103E+02  0.13123E+02  0.17982E+02  0.22224E+02
   0.51700E+00  0.27979E+00  0.81386E+57  0.73183E+57  0.70875E+57  0.15469E+53  0.18962E+53  0.21708E+53  0.11861E+02  0.16168E+02  0.19112E+02  0.13135E+02  0.17828E+02  0.22231E+02
   0.51800E+00  0.28079E+00  0.81011E+57  0.73296E+57  0.70689E+57  0.15408E+53  0.18948E+53  0.21660E+53  0.11868E+02  0.16131E+02  0.19120E+02  0.13140E+02  0.17768E+02  0.22238E+02
   0.51900E+00  0.28179E+00  0.80468E+57  0.73434E+57  0.70514E+57  0.15301E+53  0.18979E+53  0.21618E+53  0.11865E+02  0.16127E+02  0.19130E+02  0.13134E+02  0.17761E+02  0.22247E+02
   0.52000E+00  0.28279E+00  0.80108E+57  0.73130E+57  0.70272E+57  0.15246E+53  0.18894E+53  0.21548E+53  0.11876E+02  0.16122E+02  0.19134E+02  0.13148E+02  0.17755E+02  0.22246E+02
   0.52100E+00  0.28379E+00  0.79971E+57  0.72755E+57  0.70006E+57  0.15235E+53  0.18811E+53  0.21462E+53  0.11888E+02  0.16134E+02  0.19130E+02  0.13166E+02  0.17764E+02  0.22234E+02
   0.52200E+00  0.28479E+00  0.79945E+57  0.72092E+57  0.69771E+57  0.15251E+53  0.18664E+53  0.21388E+53  0.11904E+02  0.16155E+02  0.19129E+02  0.13188E+02  0.17784E+02  0.22225E+02
   0.52300E+00  0.28579E+00  0.79646E+57  0.71464E+57  0.69572E+57  0.15203E+53  0.18515E+53  0.21333E+53  0.11911E+02  0.16167E+02  0.19134E+02  0.13190E+02  0.17794E+02  0.22224E+02
   0.52400E+00  0.28679E+00  0.79093E+57  0.71088E+57  0.69362E+57  0.15100E+53  0.18438E+53  0.21280E+53  0.11913E+02  0.16184E+02  0.19144E+02  0.13185E+02  0.17817E+02  0.22232E+02
   0.52500E+00  0.28779E+00  0.78602E+57  0.71162E+57  0.69257E+57  0.15016E+53  0.18461E+53  0.21264E+53  0.11921E+02  0.16188E+02  0.19158E+02  0.13191E+02  0.17828E+02  0.22244E+02
   0.52600E+00  0.28879E+00  0.78193E+57  0.72937E+57  0.69124E+57  0.14949E+53  0.18975E+53  0.21240E+53  0.11930E+02  0.16234E+02  0.19174E+02  0.13199E+02  0.17874E+02  0.22255E+02
   0.52700E+00  0.28979E+00  0.77709E+57  0.74787E+57  0.68985E+57  0.14861E+53  0.19429E+53  0.21212E+53  0.11934E+02  0.16211E+02  0.19187E+02  0.13205E+02  0.17845E+02  0.22264E+02
   0.52800E+00  0.29079E+00  0.77468E+57  0.74911E+57  0.68830E+57  0.14834E+53  0.19525E+53  0.21171E+53  0.11949E+02  0.16265E+02  0.19193E+02  0.13227E+02  0.17904E+02  0.22264E+02
   0.52900E+00  0.29179E+00  0.77128E+57  0.74168E+57  0.68680E+57  0.14785E+53  0.19329E+53  0.21132E+53  0.11962E+02  0.16262E+02  0.19200E+02  0.13242E+02  0.17902E+02  0.22265E+02
   0.53000E+00  0.29279E+00  0.76652E+57  0.73207E+57  0.68524E+57  0.14699E+53  0.19079E+53  0.21090E+53  0.11966E+02  0.16263E+02  0.19206E+02  0.13243E+02  0.17908E+02  0.22264E+02
   0.53100E+00  0.29379E+00  0.76257E+57  0.72310E+57  0.68361E+57  0.14623E+53  0.18858E+53  0.21047E+53  0.11966E+02  0.16274E+02  0.19212E+02  0.13239E+02  0.17925E+02  0.22262E+02
   0.53200E+00  0.29479E+00  0.75916E+57  0.71852E+57  0.68191E+57  0.14558E+53  0.18734E+53  0.21005E+53  0.11966E+02  0.16269E+02  0.19222E+02  0.13240E+02  0.17923E+02  0.22269E+02
