# TBinMid=4.00279 ssec TBinWidth=8.69483 ss EBinWidth=0.2MeV Fluence at Earth for this timebin in neutrinos per cm^2
# E(GeV)	NuE	NuMu	NuTau	aNuE	aNuMu	aNuTau
   1.38589050E-13   3.40680447E-02   7.50048376E-01   7.50048376E-01   9.79972111E-11   2.84941558E-11   2.84941558E-11
   2.00000000E-04   4.50884561E+06   4.20991880E+06   4.20991880E+06   3.29749194E+06   4.23584462E+06   4.23584462E+06
   4.00000000E-04   1.96664922E+07   1.83035977E+07   1.83035977E+07   1.48851060E+07   1.85955847E+07   1.85955847E+07
   6.00000000E-04   4.57964864E+07   4.44262175E+07   4.44262175E+07   3.54230203E+07   4.34152953E+07   4.34152953E+07
   8.00000000E-04   8.23394198E+07   8.33415154E+07   8.33415154E+07   6.47847286E+07   7.81888188E+07   7.81888188E+07
   1.00000000E-03   1.28417799E+08   1.35129410E+08   1.35129410E+08   1.02526896E+08   1.22105531E+08   1.22105531E+08
   1.20000000E-03   1.83018459E+08   1.99422710E+08   1.99422710E+08   1.48045235E+08   1.74224558E+08   1.74224558E+08
   1.40000000E-03   2.45080450E+08   2.75541585E+08   2.75541585E+08   2.00651132E+08   2.33558325E+08   2.33558325E+08
   1.60000000E-03   3.13543854E+08   3.62585697E+08   3.62585697E+08   2.59615425E+08   2.99118615E+08   2.99118615E+08
   1.80000000E-03   3.87378699E+08   4.59503209E+08   4.59503209E+08   3.24195550E+08   3.69943612E+08   3.69943612E+08
   2.00000000E-03   4.65602439E+08   5.65144277E+08   5.65144277E+08   3.93653215E+08   4.45114105E+08   4.45114105E+08
   2.20000000E-03   5.47290314E+08   6.78302786E+08   6.78302786E+08   4.67266244E+08   5.23763062E+08   5.23763062E+08
   2.40000000E-03   6.31581083E+08   7.97748748E+08   7.97748748E+08   5.44336636E+08   6.05080933E+08   6.05080933E+08
   2.60000000E-03   7.17679637E+08   9.22253311E+08   9.22253311E+08   6.24196047E+08   6.88318119E+08   6.88318119E+08
   2.80000000E-03   8.04857499E+08   1.05060800E+09   1.05060800E+09   7.06209474E+08   7.72785537E+08   7.72785537E+08
   3.00000000E-03   8.92451877E+08   1.18163955E+09   1.18163955E+09   7.89777637E+08   8.57853876E+08   8.57853876E+08
   3.20000000E-03   9.79863752E+08   1.31422146E+09   1.31422146E+09   8.74338400E+08   9.42951977E+08   9.42951977E+08
   3.40000000E-03   1.06655532E+09   1.44728303E+09   1.44728303E+09   9.59367479E+08   1.02756462E+09   1.02756462E+09
   3.60000000E-03   1.15204704E+09   1.57981652E+09   1.57981652E+09   1.04437860E+09   1.11122992E+09   1.11122992E+09
   3.80000000E-03   1.23591442E+09   1.71088279E+09   1.71088279E+09   1.12892325E+09   1.19353653E+09   1.19353653E+09
   4.00000000E-03   1.31778476E+09   1.83961567E+09   1.83961567E+09   1.21259004E+09   1.27412063E+09   1.27412063E+09
   4.20000000E-03   1.39733371E+09   1.96522517E+09   1.96522517E+09   1.29500393E+09   1.35266297E+09   1.35266297E+09
   4.40000000E-03   1.47428206E+09   2.08699963E+09   2.08699963E+09   1.37582513E+09   1.42888589E+09   1.42888589E+09
   4.60000000E-03   1.54839239E+09   2.20430685E+09   2.20430685E+09   1.45474792E+09   1.50255035E+09   1.50255035E+09
   4.80000000E-03   1.61946593E+09   2.31659424E+09   2.31659424E+09   1.53149934E+09   1.57345309E+09   1.57345309E+09
   5.00000000E-03   1.68733951E+09   2.42338797E+09   2.42338797E+09   1.60583778E+09   1.64142387E+09   1.64142387E+09
   5.20000000E-03   1.75188262E+09   2.52429131E+09   2.52429131E+09   1.67755152E+09   1.70632284E+09   1.70632284E+09
   5.40000000E-03   1.81299458E+09   2.61898212E+09   2.61898212E+09   1.74645722E+09   1.76803802E+09   1.76803802E+09
   5.60000000E-03   1.87060189E+09   2.70720960E+09   2.70720960E+09   1.81239837E+09   1.82648291E+09   1.82648291E+09
   5.80000000E-03   1.92465566E+09   2.78879053E+09   2.78879053E+09   1.87524376E+09   1.88159423E+09   1.88159423E+09
   6.00000000E-03   1.97512927E+09   2.86360489E+09   2.86360489E+09   1.93488595E+09   1.93332981E+09   1.93332981E+09
   6.20000000E-03   2.02201606E+09   2.93159122E+09   2.93159122E+09   1.99123970E+09   1.98166659E+09   1.98166659E+09
   6.40000000E-03   2.06532725E+09   2.99274161E+09   2.99274161E+09   2.04424051E+09   2.02659873E+09   2.02659873E+09
   6.60000000E-03   2.10508995E+09   3.04709666E+09   3.04709666E+09   2.09384309E+09   2.06813587E+09   2.06813587E+09
   6.80000000E-03   2.14134528E+09   3.09474029E+09   3.09474029E+09   2.14001999E+09   2.10630152E+09   2.10630152E+09
   7.00000000E-03   2.17414672E+09   3.13579461E+09   3.13579461E+09   2.18276009E+09   2.14113151E+09   2.14113151E+09
   7.20000000E-03   2.20355848E+09   3.17041499E+09   3.17041499E+09   2.22206737E+09   2.17267262E+09   2.17267262E+09
   7.40000000E-03   2.22965404E+09   3.19878523E+09   3.19878523E+09   2.25795952E+09   2.20098122E+09   2.20098122E+09
   7.60000000E-03   2.25251481E+09   3.22111297E+09   3.22111297E+09   2.29046669E+09   2.22612213E+09   2.22612213E+09
   7.80000000E-03   2.27222888E+09   3.23762544E+09   3.23762544E+09   2.31963034E+09   2.24816742E+09   2.24816742E+09
   8.00000000E-03   2.28888990E+09   3.24856546E+09   3.24856546E+09   2.34550206E+09   2.26719548E+09   2.26719548E+09
   8.20000000E-03   2.30259609E+09   3.25418780E+09   3.25418780E+09   2.36814250E+09   2.28328998E+09   2.28328998E+09
   8.40000000E-03   2.31344922E+09   3.25475582E+09   3.25475582E+09   2.38762031E+09   2.29653908E+09   2.29653908E+09
   8.60000000E-03   2.32155385E+09   3.25053850E+09   3.25053850E+09   2.40401121E+09   2.30703457E+09   2.30703457E+09
   8.80000000E-03   2.32701655E+09   3.24180780E+09   3.24180780E+09   2.41739704E+09   2.31487121E+09   2.31487121E+09
   9.00000000E-03   2.32994518E+09   3.22883626E+09   3.22883626E+09   2.42786495E+09   2.32014599E+09   2.32014599E+09
   9.20000000E-03   2.33044833E+09   3.21189498E+09   3.21189498E+09   2.43550653E+09   2.32295761E+09   2.32295761E+09
   9.40000000E-03   2.32863475E+09   3.19125186E+09   3.19125186E+09   2.44041710E+09   2.32340587E+09   2.32340587E+09
   9.60000000E-03   2.32461288E+09   3.16717009E+09   3.16717009E+09   2.44269500E+09   2.32159122E+09   2.32159122E+09
   9.80000000E-03   2.31849044E+09   3.13990691E+09   3.13990691E+09   2.44244097E+09   2.31761426E+09   2.31761426E+09
   1.00000000E-02   2.31037402E+09   3.10971254E+09   3.10971254E+09   2.43975750E+09   2.31157542E+09   2.31157542E+09
   1.02000000E-02   2.30036879E+09   3.07682938E+09   3.07682938E+09   2.43474833E+09   2.30357453E+09   2.30357453E+09
   1.04000000E-02   2.28857821E+09   3.04149134E+09   3.04149134E+09   2.42751793E+09   2.29371053E+09   2.29371053E+09
   1.06000000E-02   2.27510381E+09   3.00392334E+09   3.00392334E+09   2.41817101E+09   2.28208119E+09   2.28208119E+09
   1.08000000E-02   2.26004491E+09   2.96434096E+09   2.96434096E+09   2.40681214E+09   2.26878285E+09   2.26878285E+09
   1.10000000E-02   2.24349856E+09   2.92295019E+09   2.92295019E+09   2.39354534E+09   2.25391020E+09   2.25391020E+09
   1.12000000E-02   2.22555931E+09   2.87994732E+09   2.87994732E+09   2.37847376E+09   2.23755610E+09   2.23755610E+09
   1.14000000E-02   2.20631911E+09   2.83551887E+09   2.83551887E+09   2.36169935E+09   2.21981141E+09   2.21981141E+09
   1.16000000E-02   2.18586725E+09   2.78984168E+09   2.78984168E+09   2.34332260E+09   2.20076486E+09   2.20076486E+09
   1.18000000E-02   2.16429024E+09   2.74308294E+09   2.74308294E+09   2.32344228E+09   2.18050288E+09   2.18050288E+09
   1.20000000E-02   2.14167182E+09   2.69540043E+09   2.69540043E+09   2.30215526E+09   2.15910959E+09   2.15910959E+09
   1.22000000E-02   2.11809285E+09   2.64694263E+09   2.64694263E+09   2.27955625E+09   2.13666665E+09   2.13666665E+09
   1.24000000E-02   2.09363133E+09   2.59784905E+09   2.59784905E+09   2.25573774E+09   2.11325319E+09   2.11325319E+09
   1.26000000E-02   2.06836240E+09   2.54825040E+09   2.54825040E+09   2.23078977E+09   2.08894584E+09   2.08894584E+09
   1.28000000E-02   2.04235833E+09   2.49826896E+09   2.49826896E+09   2.20479985E+09   2.06381861E+09   2.06381861E+09
   1.30000000E-02   2.01568851E+09   2.44801881E+09   2.44801881E+09   2.17785290E+09   2.03794290E+09   2.03794290E+09
   1.32000000E-02   1.98841954E+09   2.39760618E+09   2.39760618E+09   2.15003110E+09   2.01138752E+09   2.01138752E+09
   1.34000000E-02   1.96061519E+09   2.34712978E+09   2.34712978E+09   2.12141390E+09   1.98421863E+09   1.98421863E+09
   1.36000000E-02   1.93233647E+09   2.29668108E+09   2.29668108E+09   2.09207790E+09   1.95649980E+09   1.95649980E+09
   1.38000000E-02   1.90364168E+09   2.24634468E+09   2.24634468E+09   2.06209692E+09   1.92829201E+09   1.92829201E+09
   1.40000000E-02   1.87458646E+09   2.19619860E+09   2.19619860E+09   2.03154190E+09   1.89965366E+09   1.89965366E+09
   1.42000000E-02   1.84522384E+09   2.14631460E+09   2.14631460E+09   2.00048092E+09   1.87064063E+09   1.87064063E+09
   1.44000000E-02   1.81560426E+09   2.09675851E+09   2.09675851E+09   1.96897923E+09   1.84130627E+09   1.84130627E+09
   1.46000000E-02   1.78577572E+09   2.04759053E+09   2.04759053E+09   1.93709923E+09   1.81170151E+09   1.81170151E+09
   1.48000000E-02   1.75578374E+09   1.99886553E+09   1.99886553E+09   1.90490054E+09   1.78187483E+09   1.78187483E+09
   1.50000000E-02   1.72567151E+09   1.95063332E+09   1.95063332E+09   1.87243998E+09   1.75187238E+09   1.75187238E+09
   1.52000000E-02   1.69547991E+09   1.90293896E+09   1.90293896E+09   1.83977166E+09   1.72173798E+09   1.72173798E+09
   1.54000000E-02   1.66524757E+09   1.85582302E+09   1.85582302E+09   1.80694698E+09   1.69151319E+09   1.69151319E+09
   1.56000000E-02   1.63501100E+09   1.80932184E+09   1.80932184E+09   1.77401473E+09   1.66123740E+09   1.66123740E+09
   1.58000000E-02   1.60480457E+09   1.76346780E+09   1.76346780E+09   1.74102111E+09   1.63094783E+09   1.63094783E+09
   1.60000000E-02   1.57466067E+09   1.71828953E+09   1.71828953E+09   1.70800980E+09   1.60067964E+09   1.60067964E+09
   1.62000000E-02   1.54460971E+09   1.67381217E+09   1.67381217E+09   1.67502201E+09   1.57046598E+09   1.57046598E+09
   1.64000000E-02   1.51468023E+09   1.63005757E+09   1.63005757E+09   1.64209660E+09   1.54033804E+09   1.54033804E+09
   1.66000000E-02   1.48489895E+09   1.58704456E+09   1.58704456E+09   1.60927007E+09   1.51032512E+09   1.51032512E+09
   1.68000000E-02   1.45529083E+09   1.54478906E+09   1.54478906E+09   1.57657669E+09   1.48045471E+09   1.48045471E+09
   1.70000000E-02   1.42587918E+09   1.50330435E+09   1.50330435E+09   1.54404854E+09   1.45075251E+09   1.45075251E+09
   1.72000000E-02   1.39668567E+09   1.46260123E+09   1.46260123E+09   1.51171560E+09   1.42124255E+09   1.42124255E+09
   1.74000000E-02   1.36773042E+09   1.42268820E+09   1.42268820E+09   1.47960582E+09   1.39194722E+09   1.39194722E+09
   1.76000000E-02   1.33903208E+09   1.38357160E+09   1.38357160E+09   1.44774517E+09   1.36288731E+09   1.36288731E+09
   1.78000000E-02   1.31060787E+09   1.34525582E+09   1.34525582E+09   1.41615776E+09   1.33408214E+09   1.33408214E+09
   1.80000000E-02   1.28247365E+09   1.30774340E+09   1.30774340E+09   1.38486586E+09   1.30554954E+09   1.30554954E+09
   1.82000000E-02   1.25464396E+09   1.27103519E+09   1.27103519E+09   1.35389002E+09   1.27730598E+09   1.27730598E+09
   1.84000000E-02   1.22713213E+09   1.23513052E+09   1.23513052E+09   1.32324910E+09   1.24936658E+09   1.24936658E+09
   1.86000000E-02   1.19995027E+09   1.20002725E+09   1.20002725E+09   1.29296037E+09   1.22174519E+09   1.22174519E+09
   1.88000000E-02   1.17310938E+09   1.16572197E+09   1.16572197E+09   1.26303957E+09   1.19445443E+09   1.19445443E+09
   1.90000000E-02   1.14661937E+09   1.13221006E+09   1.13221006E+09   1.23350099E+09   1.16750577E+09   1.16750577E+09
   1.92000000E-02   1.12048912E+09   1.09948581E+09   1.09948581E+09   1.20435751E+09   1.14090958E+09   1.14090958E+09
   1.94000000E-02   1.09472656E+09   1.06754254E+09   1.06754254E+09   1.17562068E+09   1.11467514E+09   1.11467514E+09
   1.96000000E-02   1.06933866E+09   1.03637267E+09   1.03637267E+09   1.14730080E+09   1.08881075E+09   1.08881075E+09
   1.98000000E-02   1.04433153E+09   1.00596782E+09   1.00596782E+09   1.11940697E+09   1.06332373E+09   1.06332373E+09
   2.00000000E-02   1.01971043E+09   9.76318871E+08   9.76318871E+08   1.09194712E+09   1.03822052E+09   1.03822052E+09
   2.02000000E-02   9.95479855E+08   9.47416088E+08   9.47416088E+08   1.06492815E+09   1.01350668E+09   1.01350668E+09
   2.04000000E-02   9.71643534E+08   9.19249149E+08   9.19249149E+08   1.03835588E+09   9.89186931E+08   9.89186931E+08
   2.06000000E-02   9.48204496E+08   8.91807232E+08   8.91807232E+08   1.01223520E+09   9.65265256E+08   9.65265256E+08
   2.08000000E-02   9.25165102E+08   8.65079075E+08   8.65079075E+08   9.86570084E+08   9.41744887E+08   9.41744887E+08
   2.10000000E-02   9.02527087E+08   8.39053036E+08   8.39053036E+08   9.61363624E+08   9.18628363E+08   9.18628363E+08
   2.12000000E-02   8.80291592E+08   8.13717144E+08   8.13717144E+08   9.36618115E+08   8.95917575E+08   8.95917575E+08
   2.14000000E-02   8.58459204E+08   7.89059155E+08   7.89059155E+08   9.12335086E+08   8.73613798E+08   8.73613798E+08
   2.16000000E-02   8.37029985E+08   7.65066594E+08   7.65066594E+08   8.88515347E+08   8.51717726E+08   8.51717726E+08
   2.18000000E-02   8.16003510E+08   7.41726804E+08   7.41726804E+08   8.65159040E+08   8.30229511E+08   8.30229511E+08
   2.20000000E-02   7.95378894E+08   7.19026980E+08   7.19026980E+08   8.42265674E+08   8.09148795E+08   8.09148795E+08
   2.22000000E-02   7.75154821E+08   6.96954213E+08   6.96954213E+08   8.19834174E+08   7.88474743E+08   7.88474743E+08
   2.24000000E-02   7.55329577E+08   6.75495518E+08   6.75495518E+08   7.97862917E+08   7.68206070E+08   7.68206070E+08
   2.26000000E-02   7.35901074E+08   6.54637870E+08   6.54637870E+08   7.76349767E+08   7.48341077E+08   7.48341077E+08
   2.28000000E-02   7.16866876E+08   6.34368232E+08   6.34368232E+08   7.55292119E+08   7.28877675E+08   7.28877675E+08
   2.30000000E-02   6.98224227E+08   6.14673579E+08   6.14673579E+08   7.34686926E+08   7.09813412E+08   7.09813412E+08
   2.32000000E-02   6.79970070E+08   5.95540925E+08   5.95540925E+08   7.14530738E+08   6.91145502E+08   6.91145502E+08
   2.34000000E-02   6.62101075E+08   5.76957346E+08   5.76957346E+08   6.94819729E+08   6.72870849E+08   6.72870849E+08
   2.36000000E-02   6.44613657E+08   5.58909994E+08   5.58909994E+08   6.75549731E+08   6.54986066E+08   6.54986066E+08
   2.38000000E-02   6.27503997E+08   5.41386122E+08   5.41386122E+08   6.56716259E+08   6.37487506E+08   6.37487506E+08
   2.40000000E-02   6.10768063E+08   5.24373098E+08   5.24373098E+08   6.38314541E+08   6.20371276E+08   6.20371276E+08
   2.42000000E-02   5.94401628E+08   5.07858417E+08   5.07858417E+08   6.20339545E+08   6.03633262E+08   6.03633262E+08
   2.44000000E-02   5.78400289E+08   4.91829717E+08   4.91829717E+08   6.02785998E+08   5.87269147E+08   5.87269147E+08
   2.46000000E-02   5.62759481E+08   4.76274792E+08   4.76274792E+08   5.85648417E+08   5.71274428E+08   5.71274428E+08
   2.48000000E-02   5.47474495E+08   4.61181597E+08   4.61181597E+08   5.68921124E+08   5.55644438E+08   5.55644438E+08
   2.50000000E-02   5.32540494E+08   4.46538263E+08   4.46538263E+08   5.52598271E+08   5.40374357E+08   5.40374357E+08
   2.52000000E-02   5.17952523E+08   4.32333103E+08   4.32333103E+08   5.36673860E+08   5.25459234E+08   5.25459234E+08
   2.54000000E-02   5.03705530E+08   4.18554616E+08   4.18554616E+08   5.21141759E+08   5.10893997E+08   5.10893997E+08
   2.56000000E-02   4.89794373E+08   4.05191496E+08   4.05191496E+08   5.05995721E+08   4.96673469E+08   4.96673469E+08
   2.58000000E-02   4.76213832E+08   3.92232638E+08   3.92232638E+08   4.91229404E+08   4.82792382E+08   4.82792382E+08
   2.60000000E-02   4.62958624E+08   3.79667137E+08   3.79667137E+08   4.76836378E+08   4.69245390E+08   4.69245390E+08
   2.62000000E-02   4.50023412E+08   3.67484299E+08   3.67484299E+08   4.62810149E+08   4.56027080E+08   4.56027080E+08
   2.64000000E-02   4.37402816E+08   3.55673637E+08   3.55673637E+08   4.49144167E+08   4.43131982E+08   4.43131982E+08
   2.66000000E-02   4.25091420E+08   3.44224874E+08   3.44224874E+08   4.35831842E+08   4.30554583E+08   4.30554583E+08
   2.68000000E-02   4.13083785E+08   3.33127948E+08   3.33127948E+08   4.22866555E+08   4.18289336E+08   4.18289336E+08
   2.70000000E-02   4.01374453E+08   3.22373009E+08   3.22373009E+08   4.10241667E+08   4.06330666E+08   4.06330666E+08
   2.72000000E-02   3.89957960E+08   3.11950423E+08   3.11950423E+08   3.97950534E+08   3.94672984E+08   3.94672984E+08
   2.74000000E-02   3.78828838E+08   3.01850768E+08   3.01850768E+08   3.85986513E+08   3.83310691E+08   3.83310691E+08
   2.76000000E-02   3.67981626E+08   2.92064835E+08   2.92064835E+08   3.74342975E+08   3.72238190E+08   3.72238190E+08
   2.78000000E-02   3.57410875E+08   2.82583628E+08   2.82583628E+08   3.63013310E+08   3.61449888E+08   3.61449888E+08
   2.80000000E-02   3.47111155E+08   2.73398361E+08   2.73398361E+08   3.51990936E+08   3.50940208E+08   3.50940208E+08
   2.82000000E-02   3.37077059E+08   2.64500458E+08   2.64500458E+08   3.41269307E+08   3.40703589E+08   3.40703589E+08
   2.84000000E-02   3.27303209E+08   2.55881551E+08   2.55881551E+08   3.30841919E+08   3.30734501E+08   3.30734501E+08
   2.86000000E-02   3.17784261E+08   2.47533475E+08   2.47533475E+08   3.20702317E+08   3.21027442E+08   3.21027442E+08
   2.88000000E-02   3.08514910E+08   2.39448270E+08   2.39448270E+08   3.10844100E+08   3.11576945E+08   3.11576945E+08
   2.90000000E-02   2.99489893E+08   2.31618176E+08   2.31618176E+08   3.01260928E+08   3.02377587E+08   3.02377587E+08
   2.92000000E-02   2.90703992E+08   2.24035629E+08   2.24035629E+08   2.91946523E+08   2.93423988E+08   2.93423988E+08
   2.94000000E-02   2.82152042E+08   2.16693263E+08   2.16693263E+08   2.82894678E+08   2.84710817E+08   2.84710817E+08
   2.96000000E-02   2.73828930E+08   2.09583901E+08   2.09583901E+08   2.74099257E+08   2.76232796E+08   2.76232796E+08
   2.98000000E-02   2.65729597E+08   2.02700555E+08   2.02700555E+08   2.65554200E+08   2.67984704E+08   2.67984704E+08
   3.00000000E-02   2.57849044E+08   1.96036422E+08   1.96036422E+08   2.57253529E+08   2.59961378E+08   2.59961378E+08
   3.02000000E-02   2.50182335E+08   1.89584884E+08   1.89584884E+08   2.49191347E+08   2.52157716E+08   2.52157716E+08
   3.04000000E-02   2.42724595E+08   1.83339497E+08   1.83339497E+08   2.41361840E+08   2.44568682E+08   2.44568682E+08
   3.06000000E-02   2.35471014E+08   1.77293997E+08   1.77293997E+08   2.33759284E+08   2.37189304E+08   2.37189304E+08
   3.08000000E-02   2.28416851E+08   1.71442289E+08   1.71442289E+08   2.26378042E+08   2.30014681E+08   2.30014681E+08
   3.10000000E-02   2.21557432E+08   1.65778447E+08   1.65778447E+08   2.19212571E+08   2.23039980E+08   2.23039980E+08
   3.12000000E-02   2.14888153E+08   1.60296709E+08   1.60296709E+08   2.12257416E+08   2.16260440E+08   2.16260440E+08
   3.14000000E-02   2.08404482E+08   1.54991476E+08   1.54991476E+08   2.05507218E+08   2.09671374E+08   2.09671374E+08
   3.16000000E-02   2.02101958E+08   1.49857305E+08   1.49857305E+08   1.98956713E+08   2.03268169E+08   2.03268169E+08
   3.18000000E-02   1.95976192E+08   1.44888909E+08   1.44888909E+08   1.92600731E+08   1.97046286E+08   1.97046286E+08
   3.20000000E-02   1.90022871E+08   1.40081151E+08   1.40081151E+08   1.86434198E+08   1.91001263E+08   1.91001263E+08
   3.22000000E-02   1.84237755E+08   1.35429040E+08   1.35429040E+08   1.80452136E+08   1.85128715E+08   1.85128715E+08
   3.24000000E-02   1.78616678E+08   1.30927730E+08   1.30927730E+08   1.74649664E+08   1.79424331E+08   1.79424331E+08
   3.26000000E-02   1.73155548E+08   1.26572516E+08   1.26572516E+08   1.69021998E+08   1.73883883E+08   1.73883883E+08
   3.28000000E-02   1.67850351E+08   1.22358828E+08   1.22358828E+08   1.63564449E+08   1.68503216E+08   1.68503216E+08
   3.30000000E-02   1.62697144E+08   1.18282232E+08   1.18282232E+08   1.58272425E+08   1.63278254E+08   1.63278254E+08
   3.32000000E-02   1.57692063E+08   1.14338421E+08   1.14338421E+08   1.53141431E+08   1.58205001E+08   1.58205001E+08
   3.34000000E-02   1.52831316E+08   1.10523217E+08   1.10523217E+08   1.48167065E+08   1.53279536E+08   1.53279536E+08
   3.36000000E-02   1.48111187E+08   1.06832566E+08   1.06832566E+08   1.43345022E+08   1.48498018E+08   1.48498018E+08
   3.38000000E-02   1.43528033E+08   1.03262534E+08   1.03262534E+08   1.38671091E+08   1.43856681E+08   1.43856681E+08
   3.40000000E-02   1.39078287E+08   9.98093026E+07   9.98093026E+07   1.34141154E+08   1.39351837E+08   1.39351837E+08
   3.42000000E-02   1.34758455E+08   9.64691707E+07   9.64691707E+07   1.29751186E+08   1.34979876E+08   1.34979876E+08
   3.44000000E-02   1.30565113E+08   9.32385464E+07   9.32385464E+07   1.25497254E+08   1.30737262E+08   1.30737262E+08
   3.46000000E-02   1.26494914E+08   9.01139464E+07   9.01139464E+07   1.21375514E+08   1.26620535E+08   1.26620535E+08
   3.48000000E-02   1.22544581E+08   8.70919929E+07   8.70919929E+07   1.17382214E+08   1.22626310E+08   1.22626310E+08
   3.50000000E-02   1.18710906E+08   8.41694103E+07   8.41694103E+07   1.13513691E+08   1.18751276E+08   1.18751276E+08
   3.52000000E-02   1.14990754E+08   8.13430229E+07   8.13430229E+07   1.09766367E+08   1.14992195E+08   1.14992195E+08
   3.54000000E-02   1.11381059E+08   7.86097517E+07   7.86097517E+07   1.06136753E+08   1.11345903E+08   1.11345903E+08
   3.56000000E-02   1.07878823E+08   7.59666118E+07   7.59666118E+07   1.02621444E+08   1.07809306E+08   1.07809306E+08
   3.58000000E-02   1.04481118E+08   7.34107100E+07   7.34107100E+07   9.92171178E+07   1.04379381E+08   1.04379381E+08
   3.60000000E-02   1.01185081E+08   7.09392419E+07   7.09392419E+07   9.59205371E+07   1.01053176E+08   1.01053176E+08
   3.62000000E-02   9.79879152E+07   6.85494898E+07   6.85494898E+07   9.27285443E+07   9.78278084E+07   9.78278084E+07
   3.64000000E-02   9.48868910E+07   6.62388197E+07   6.62388197E+07   8.96380621E+07   9.47004614E+07   9.47004614E+07
   3.66000000E-02   9.18793417E+07   6.40046793E+07   6.40046793E+07   8.66460918E+07   9.16683871E+07   9.16683871E+07
   3.68000000E-02   8.89626642E+07   6.18445956E+07   6.18445956E+07   8.37497119E+07   8.87289030E+07   8.87289030E+07
   3.70000000E-02   8.61343179E+07   5.97561723E+07   5.97561723E+07   8.09460765E+07   8.58793918E+07   8.58793918E+07
   3.72000000E-02   8.33918236E+07   5.77370882E+07   5.77370882E+07   7.82324145E+07   8.31173000E+07   8.31173000E+07
   3.74000000E-02   8.07327625E+07   5.57850942E+07   5.57850942E+07   7.56060272E+07   8.04401371E+07   8.04401371E+07
   3.76000000E-02   7.81547751E+07   5.38980118E+07   5.38980118E+07   7.30642881E+07   7.78454745E+07   7.78454745E+07
   3.78000000E-02   7.56555604E+07   5.20737309E+07   5.20737309E+07   7.06046404E+07   7.53309441E+07   7.53309441E+07
   3.80000000E-02   7.32328746E+07   5.03102077E+07   5.03102077E+07   6.82245961E+07   7.28942377E+07   7.28942377E+07
   3.82000000E-02   7.08845301E+07   4.86054625E+07   4.86054625E+07   6.59217348E+07   7.05331056E+07   7.05331056E+07
   3.84000000E-02   6.86083946E+07   4.69575782E+07   4.69575782E+07   6.36937018E+07   6.82453555E+07   6.82453555E+07
   3.86000000E-02   6.64023902E+07   4.53646985E+07   4.53646985E+07   6.15382068E+07   6.60288517E+07   6.60288517E+07
   3.88000000E-02   6.42644919E+07   4.38250255E+07   4.38250255E+07   5.94530230E+07   6.38815135E+07   6.38815135E+07
   3.90000000E-02   6.21927269E+07   4.23368183E+07   4.23368183E+07   5.74359850E+07   6.18013146E+07   6.18013146E+07
   3.92000000E-02   6.01851735E+07   4.08983916E+07   4.08983916E+07   5.54849878E+07   5.97862817E+07   5.97862817E+07
   3.94000000E-02   5.82399600E+07   3.95081134E+07   3.95081134E+07   5.35979857E+07   5.78344937E+07   5.78344937E+07
   3.96000000E-02   5.63552639E+07   3.81644038E+07   3.81644038E+07   5.17729904E+07   5.59440803E+07   5.59440803E+07
   3.98000000E-02   5.45293106E+07   3.68657332E+07   3.68657332E+07   5.00080698E+07   5.41132211E+07   5.41132211E+07
   4.00000000E-02   5.27603724E+07   3.56106210E+07   3.56106210E+07   4.83013473E+07   5.23401445E+07   5.23401445E+07
   4.02000000E-02   5.10467678E+07   3.43976338E+07   3.43976338E+07   4.66509994E+07   5.06231266E+07   5.06231266E+07
   4.04000000E-02   4.93868602E+07   3.32253843E+07   3.32253843E+07   4.50552554E+07   4.89604905E+07   4.89604905E+07
   4.06000000E-02   4.77790571E+07   3.20925296E+07   3.20925296E+07   4.35123956E+07   4.73506045E+07   4.73506045E+07
   4.08000000E-02   4.62218089E+07   3.09977698E+07   3.09977698E+07   4.20207504E+07   4.57918820E+07   4.57918820E+07
   4.10000000E-02   4.47136082E+07   2.99398471E+07   2.99398471E+07   4.05786984E+07   4.42827798E+07   4.42827798E+07
   4.12000000E-02   4.32529887E+07   2.89175440E+07   2.89175440E+07   3.91846662E+07   4.28217973E+07   4.28217973E+07
   4.14000000E-02   4.18385244E+07   2.79296823E+07   2.79296823E+07   3.78371262E+07   4.14074756E+07   4.14074756E+07
   4.16000000E-02   4.04688283E+07   2.69751218E+07   2.69751218E+07   3.65345962E+07   4.00383967E+07   4.00383967E+07
   4.18000000E-02   3.91425520E+07   2.60527593E+07   2.60527593E+07   3.52756376E+07   3.87131819E+07   3.87131819E+07
   4.20000000E-02   3.78583845E+07   2.51615271E+07   2.51615271E+07   3.40588550E+07   3.74304916E+07   3.74304916E+07
   4.22000000E-02   3.66150513E+07   2.43003922E+07   2.43003922E+07   3.28828942E+07   3.61890238E+07   3.61890238E+07
   4.24000000E-02   3.54113135E+07   2.34683550E+07   2.34683550E+07   3.17464420E+07   3.49875135E+07   3.49875135E+07
   4.26000000E-02   3.42459671E+07   2.26644486E+07   2.26644486E+07   3.06482244E+07   3.38247317E+07   3.38247317E+07
   4.28000000E-02   3.31178423E+07   2.18877373E+07   2.18877373E+07   2.95870061E+07   3.26994847E+07   3.26994847E+07
   4.30000000E-02   3.20258020E+07   2.11373158E+07   2.11373158E+07   2.85615891E+07   3.16106126E+07   3.16106126E+07
   4.32000000E-02   3.09687418E+07   2.04123086E+07   2.04123086E+07   2.75708117E+07   3.05569893E+07   3.05569893E+07
   4.34000000E-02   2.99455886E+07   1.97118683E+07   1.97118683E+07   2.66135478E+07   2.95375210E+07   2.95375210E+07
   4.36000000E-02   2.89553000E+07   1.90351756E+07   1.90351756E+07   2.56887057E+07   2.85511458E+07   2.85511458E+07
   4.38000000E-02   2.79968637E+07   1.83814377E+07   1.83814377E+07   2.47952273E+07   2.75968325E+07   2.75968325E+07
   4.40000000E-02   2.70692965E+07   1.77498878E+07   1.77498878E+07   2.39320870E+07   2.66735801E+07   2.66735801E+07
   4.42000000E-02   2.61716437E+07   1.71397842E+07   1.71397842E+07   2.30982908E+07   2.57804169E+07   2.57804169E+07
   4.44000000E-02   2.53029782E+07   1.65504094E+07   1.65504094E+07   2.22928756E+07   2.49163998E+07   2.49163998E+07
   4.46000000E-02   2.44623999E+07   1.59810697E+07   1.59810697E+07   2.15149081E+07   2.40806134E+07   2.40806134E+07
   4.48000000E-02   2.36490351E+07   1.54310939E+07   1.54310939E+07   2.07634844E+07   2.32721694E+07   2.32721694E+07
   4.50000000E-02   2.28620355E+07   1.48998330E+07   1.48998330E+07   2.00377284E+07   2.24902060E+07   2.24902060E+07
   4.52000000E-02   2.21005779E+07   1.43866593E+07   1.43866593E+07   1.93367918E+07   2.17338868E+07   2.17338868E+07
   4.54000000E-02   2.13638634E+07   1.38909657E+07   1.38909657E+07   1.86598528E+07   2.10024005E+07   2.10024005E+07
   4.56000000E-02   2.06511164E+07   1.34121652E+07   1.34121652E+07   1.80061155E+07   2.02949601E+07   2.02949601E+07
   4.58000000E-02   1.99615846E+07   1.29496900E+07   1.29496900E+07   1.73748091E+07   1.96108020E+07   1.96108020E+07
   4.60000000E-02   1.92945379E+07   1.25029914E+07   1.25029914E+07   1.67651873E+07   1.89491858E+07   1.89491858E+07
   4.62000000E-02   1.86492680E+07   1.20715383E+07   1.20715383E+07   1.61765275E+07   1.83093934E+07   1.83093934E+07
   4.64000000E-02   1.80250878E+07   1.16548176E+07   1.16548176E+07   1.56081300E+07   1.76907284E+07   1.76907284E+07
   4.66000000E-02   1.74213306E+07   1.12523329E+07   1.12523329E+07   1.50593174E+07   1.70925154E+07   1.70925154E+07
   4.68000000E-02   1.68373500E+07   1.08636044E+07   1.08636044E+07   1.45294341E+07   1.65140997E+07   1.65140997E+07
   4.70000000E-02   1.62725188E+07   1.04881681E+07   1.04881681E+07   1.40178453E+07   1.59548465E+07   1.59548465E+07
   4.72000000E-02   1.57262290E+07   1.01255754E+07   1.01255754E+07   1.35239369E+07   1.54141404E+07   1.54141404E+07
   4.74000000E-02   1.51978906E+07   9.77539260E+06   9.77539260E+06   1.30471143E+07   1.48913848E+07   1.48913848E+07
   4.76000000E-02   1.46869320E+07   9.43720041E+06   9.43720041E+06   1.25868021E+07   1.43860015E+07   1.43860015E+07
   4.78000000E-02   1.41927985E+07   9.11059345E+06   9.11059345E+06   1.21424436E+07   1.38974301E+07   1.38974301E+07
   4.80000000E-02   1.37149526E+07   8.79517986E+06   8.79517986E+06   1.17135002E+07   1.34251273E+07   1.34251273E+07
   4.82000000E-02   1.32528731E+07   8.49058079E+06   8.49058079E+06   1.12994507E+07   1.29685669E+07   1.29685669E+07
   4.84000000E-02   1.28060548E+07   8.19643002E+06   8.19643002E+06   1.08997907E+07   1.25272388E+07   1.25272388E+07
   4.86000000E-02   1.23740080E+07   7.91237354E+06   7.91237354E+06   1.05140325E+07   1.21006486E+07   1.21006486E+07
   4.88000000E-02   1.19562579E+07   7.63806913E+06   7.63806913E+06   1.01417042E+07   1.16883177E+07   1.16883177E+07
   4.90000000E-02   1.15523446E+07   7.37318601E+06   7.37318601E+06   9.78234940E+06   1.12897820E+07   1.12897820E+07
   4.92000000E-02   1.11618222E+07   7.11740445E+06   7.11740445E+06   9.43552658E+06   1.09045922E+07   1.09045922E+07
   4.94000000E-02   1.07842585E+07   6.87041539E+06   6.87041539E+06   9.10080878E+06   1.05323129E+07   1.05323129E+07
   4.96000000E-02   1.04192350E+07   6.63192013E+06   6.63192013E+06   8.77778310E+06   1.01725224E+07   1.01725224E+07
   4.98000000E-02   1.00663460E+07   6.40162993E+06   6.40162993E+06   8.46605021E+06   9.82481224E+06   9.82481224E+06
   5.00000000E-02   9.72519837E+06   6.17926577E+06   6.17926577E+06   8.16522401E+06   9.48878689E+06   9.48878689E+06
   5.02000000E-02   9.39541137E+06   5.96455794E+06   5.96455794E+06   7.87493115E+06   9.16406323E+06   9.16406323E+06
   5.04000000E-02   9.07661607E+06   5.75724580E+06   5.75724580E+06   7.59481066E+06   8.85027026E+06   8.85027026E+06
   5.06000000E-02   8.76845512E+06   5.55707743E+06   5.55707743E+06   7.32451354E+06   8.54704874E+06   8.54704874E+06
   5.08000000E-02   8.47058235E+06   5.36380939E+06   5.36380939E+06   7.06370240E+06   8.25405082E+06   8.25405082E+06
   5.10000000E-02   8.18266247E+06   5.17720642E+06   5.17720642E+06   6.81205110E+06   7.97093972E+06   7.97093972E+06
   5.12000000E-02   7.90437074E+06   4.99704116E+06   4.99704116E+06   6.56924435E+06   7.69738935E+06   7.69738935E+06
   5.14000000E-02   7.63539264E+06   4.82309390E+06   4.82309390E+06   6.33497743E+06   7.43308405E+06   7.43308405E+06
   5.16000000E-02   7.37542359E+06   4.65515232E+06   4.65515232E+06   6.10895579E+06   7.17771821E+06   7.17771821E+06
   5.18000000E-02   7.12416864E+06   4.49301127E+06   4.49301127E+06   5.89089475E+06   6.93099602E+06   6.93099602E+06
   5.20000000E-02   6.88134216E+06   4.33647250E+06   4.33647250E+06   5.68051919E+06   6.69263115E+06   6.69263115E+06
   5.22000000E-02   6.64666761E+06   4.18534445E+06   4.18534445E+06   5.47756325E+06   6.46234645E+06   6.46234645E+06
   5.24000000E-02   6.41987722E+06   4.03944202E+06   4.03944202E+06   5.28176999E+06   6.23987367E+06   6.23987367E+06
   5.26000000E-02   6.20071173E+06   3.89858636E+06   3.89858636E+06   5.09289116E+06   6.02495321E+06   6.02495321E+06
   5.28000000E-02   5.98892017E+06   3.76260466E+06   3.76260466E+06   4.91068686E+06   5.81733385E+06   5.81733385E+06
   5.30000000E-02   5.78425957E+06   3.63132996E+06   3.63132996E+06   4.73492532E+06   5.61677247E+06   5.61677247E+06
   5.32000000E-02   5.58649470E+06   3.50460094E+06   3.50460094E+06   4.56538262E+06   5.42303380E+06   5.42303380E+06
   5.34000000E-02   5.39539790E+06   3.38226173E+06   3.38226173E+06   4.40184239E+06   5.23589021E+06   5.23589021E+06
   5.36000000E-02   5.21074879E+06   3.26416177E+06   3.26416177E+06   4.24409565E+06   5.05512145E+06   5.05512145E+06
   5.38000000E-02   5.03233407E+06   3.15015555E+06   3.15015555E+06   4.09194049E+06   4.88051442E+06   4.88051442E+06
   5.40000000E-02   4.85994729E+06   3.04010254E+06   3.04010254E+06   3.94518189E+06   4.71186294E+06   4.71186294E+06
   5.42000000E-02   4.69338865E+06   2.93386695E+06   2.93386695E+06   3.80363144E+06   4.54896755E+06   4.54896755E+06
   5.44000000E-02   4.53246480E+06   2.83131760E+06   2.83131760E+06   3.66710720E+06   4.39163532E+06   4.39163532E+06
   5.46000000E-02   4.37698862E+06   2.73232778E+06   2.73232778E+06   3.53543340E+06   4.23967958E+06   4.23967958E+06
   5.48000000E-02   4.22677905E+06   2.63677506E+06   2.63677506E+06   3.40844032E+06   4.09291979E+06   4.09291979E+06
   5.50000000E-02   4.08166089E+06   2.54454119E+06   2.54454119E+06   3.28596401E+06   3.95118131E+06   3.95118131E+06
   5.52000000E-02   3.94146460E+06   2.45551193E+06   2.45551193E+06   3.16784616E+06   3.81429522E+06   3.81429522E+06
   5.54000000E-02   3.80602616E+06   2.36957692E+06   2.36957692E+06   3.05393390E+06   3.68209817E+06   3.68209817E+06
   5.56000000E-02   3.67518689E+06   2.28662959E+06   2.28662959E+06   2.94407958E+06   3.55443215E+06   3.55443215E+06
   5.58000000E-02   3.54879324E+06   2.20656697E+06   2.20656697E+06   2.83814065E+06   3.43114435E+06   3.43114435E+06
   5.60000000E-02   3.42669668E+06   2.12928960E+06   2.12928960E+06   2.73597946E+06   3.31208701E+06   3.31208701E+06
   5.62000000E-02   3.30875353E+06   2.05470141E+06   2.05470141E+06   2.63746311E+06   3.19711724E+06   3.19711724E+06
   5.64000000E-02   3.19482480E+06   1.98270963E+06   1.98270963E+06   2.54246326E+06   3.08609684E+06   3.08609684E+06
   5.66000000E-02   3.08477601E+06   1.91322463E+06   1.91322463E+06   2.45085604E+06   2.97889222E+06   2.97889222E+06
   5.68000000E-02   2.97847714E+06   1.84615985E+06   1.84615985E+06   2.36252182E+06   2.87537417E+06   2.87537417E+06
   5.70000000E-02   2.87580237E+06   1.78143168E+06   1.78143168E+06   2.27734513E+06   2.77541780E+06   2.77541780E+06
   5.72000000E-02   2.77663006E+06   1.71895939E+06   1.71895939E+06   2.19521451E+06   2.67890233E+06   2.67890233E+06
   5.74000000E-02   2.68084251E+06   1.65866498E+06   1.65866498E+06   2.11602234E+06   2.58571101E+06   2.58571101E+06
   5.76000000E-02   2.58832594E+06   1.60047314E+06   1.60047314E+06   2.03966474E+06   2.49573095E+06   2.49573095E+06
   5.78000000E-02   2.49897028E+06   1.54431112E+06   1.54431112E+06   1.96604146E+06   2.40885303E+06   2.40885303E+06
   5.80000000E-02   2.41266910E+06   1.49010868E+06   1.49010868E+06   1.89505570E+06   2.32497176E+06   2.32497176E+06
   5.82000000E-02   2.32931947E+06   1.43779797E+06   1.43779797E+06   1.82661405E+06   2.24398516E+06   2.24398516E+06
   5.84000000E-02   2.24882187E+06   1.38731348E+06   1.38731348E+06   1.76062635E+06   2.16579468E+06   2.16579468E+06
   5.86000000E-02   2.17108007E+06   1.33859193E+06   1.33859193E+06   1.69700559E+06   2.09030502E+06   2.09030502E+06
   5.88000000E-02   2.09600099E+06   1.29157223E+06   1.29157223E+06   1.63566777E+06   2.01742410E+06   2.01742410E+06
   5.90000000E-02   2.02349468E+06   1.24619536E+06   1.24619536E+06   1.57653185E+06   1.94706290E+06   1.94706290E+06
   5.92000000E-02   1.95347413E+06   1.20240435E+06   1.20240435E+06   1.51951961E+06   1.87913539E+06   1.87913539E+06
   5.94000000E-02   1.88585525E+06   1.16014419E+06   1.16014419E+06   1.46455557E+06   1.81355843E+06   1.81355843E+06
   5.96000000E-02   1.82055671E+06   1.11936173E+06   1.11936173E+06   1.41156689E+06   1.75025166E+06   1.75025166E+06
   5.98000000E-02   1.75749990E+06   1.08000567E+06   1.08000567E+06   1.36048327E+06   1.68913743E+06   1.68913743E+06
   6.00000000E-02   1.69660882E+06   1.04202648E+06   1.04202648E+06   1.31123690E+06   1.63014069E+06   1.63014069E+06
   6.02000000E-02   1.63781002E+06   1.00537632E+06   1.00537632E+06   1.26376233E+06   1.57318892E+06   1.57318892E+06
   6.04000000E-02   1.58103246E+06   9.70009001E+05   9.70009001E+05   1.21799641E+06   1.51821204E+06   1.51821204E+06
   6.06000000E-02   1.52620750E+06   9.35879925E+05   9.35879925E+05   1.17387821E+06   1.46514233E+06   1.46514233E+06
   6.08000000E-02   1.47326878E+06   9.02946032E+05   9.02946032E+05   1.13134896E+06   1.41391436E+06   1.41391436E+06
   6.10000000E-02   1.42215215E+06   8.71165745E+05   8.71165745E+05   1.09035193E+06   1.36446491E+06   1.36446491E+06
   6.12000000E-02   1.37279563E+06   8.40498919E+05   8.40498919E+05   1.05083241E+06   1.31673288E+06   1.31673288E+06
   6.14000000E-02   1.32513927E+06   8.10906796E+05   8.10906796E+05   1.01273761E+06   1.27065927E+06   1.27065927E+06
   6.16000000E-02   1.27912518E+06   7.82351955E+05   7.82351955E+05   9.76016595E+05   1.22618703E+06   1.22618703E+06
   6.18000000E-02   1.23469738E+06   7.54798266E+05   7.54798266E+05   9.40620239E+05   1.18326108E+06   1.18326108E+06
   6.20000000E-02   1.19180176E+06   7.28210848E+05   7.28210848E+05   9.06501146E+05   1.14182819E+06   1.14182819E+06
   6.22000000E-02   1.15038605E+06   7.02556023E+05   7.02556023E+05   8.73613594E+05   1.10183694E+06   1.10183694E+06
   6.24000000E-02   1.11039972E+06   6.77801280E+05   6.77801280E+05   8.41913481E+05   1.06323766E+06   1.06323766E+06
   6.26000000E-02   1.07179396E+06   6.53915228E+05   6.53915228E+05   8.11358263E+05   1.02598236E+06   1.02598236E+06
   6.28000000E-02   1.03452157E+06   6.30867567E+05   6.30867567E+05   7.81906904E+05   9.90024669E+05   9.90024669E+05
   6.30000000E-02   9.98536958E+05   6.08629040E+05   6.08629040E+05   7.53519822E+05   9.55319823E+05   9.55319823E+05
   6.32000000E-02   9.63796076E+05   5.87171407E+05   5.87171407E+05   7.26158836E+05   9.21824561E+05   9.21824561E+05
   6.34000000E-02   9.30256348E+05   5.66467404E+05   5.66467404E+05   6.99787124E+05   8.89497101E+05   8.89497101E+05
   6.36000000E-02   8.97876640E+05   5.46490711E+05   5.46490711E+05   6.74369166E+05   8.58297085E+05   8.58297085E+05
   6.38000000E-02   8.66617207E+05   5.27215922E+05   5.27215922E+05   6.49870707E+05   8.28185531E+05   8.28185531E+05
   6.40000000E-02   8.36439647E+05   5.08618509E+05   5.08618509E+05   6.26258708E+05   7.99124790E+05   7.99124790E+05
   6.42000000E-02   8.07306855E+05   4.90674796E+05   4.90674796E+05   6.03501306E+05   7.71078496E+05   7.71078496E+05
   6.44000000E-02   7.79182984E+05   4.73361930E+05   4.73361930E+05   5.81567770E+05   7.44011528E+05   7.44011528E+05
   6.46000000E-02   7.52033401E+05   4.56657848E+05   4.56657848E+05   5.60428464E+05   7.17889965E+05   7.17889965E+05
   6.48000000E-02   7.25824644E+05   4.40541255E+05   4.40541255E+05   5.40054808E+05   6.92681046E+05   6.92681046E+05
   6.50000000E-02   7.00524388E+05   4.24991595E+05   4.24991595E+05   5.20419240E+05   6.68353134E+05   6.68353134E+05
   6.52000000E-02   6.76101403E+05   4.09989025E+05   4.09989025E+05   5.01495181E+05   6.44875675E+05   6.44875675E+05
   6.54000000E-02   6.52525523E+05   3.95514394E+05   3.95514394E+05   4.83256999E+05   6.22219162E+05   6.22219162E+05
   6.56000000E-02   6.29767601E+05   3.81549214E+05   3.81549214E+05   4.65679978E+05   6.00355101E+05   6.00355101E+05
   6.58000000E-02   6.07799486E+05   3.68075642E+05   3.68075642E+05   4.48740286E+05   5.79255975E+05   5.79255975E+05
   6.60000000E-02   5.86593981E+05   3.55076454E+05   3.55076454E+05   4.32414939E+05   5.58895213E+05   5.58895213E+05
   6.62000000E-02   5.66124817E+05   3.42535027E+05   3.42535027E+05   4.16681779E+05   5.39247156E+05   5.39247156E+05
   6.64000000E-02   5.46366618E+05   3.30435316E+05   3.30435316E+05   4.01519436E+05   5.20287030E+05   5.20287030E+05
   6.66000000E-02   5.27294874E+05   3.18761834E+05   3.18761834E+05   3.86907307E+05   5.01990908E+05   5.01990908E+05
   6.68000000E-02   5.08885909E+05   3.07499634E+05   3.07499634E+05   3.72825528E+05   4.84335693E+05   4.84335693E+05
   6.70000000E-02   4.91116856E+05   2.96634290E+05   2.96634290E+05   3.59254943E+05   4.67299078E+05   4.67299078E+05
   6.72000000E-02   4.73965627E+05   2.86151878E+05   2.86151878E+05   3.46177085E+05   4.50859527E+05   4.50859527E+05
   6.74000000E-02   4.57410891E+05   2.76038961E+05   2.76038961E+05   3.33574148E+05   4.34996247E+05   4.34996247E+05
   6.76000000E-02   4.41432044E+05   2.66282569E+05   2.66282569E+05   3.21428965E+05   4.19689161E+05   4.19689161E+05
   6.78000000E-02   4.26009185E+05   2.56870184E+05   2.56870184E+05   3.09724983E+05   4.04918886E+05   4.04918886E+05
   6.80000000E-02   4.11123096E+05   2.47789727E+05   2.47789727E+05   2.98446247E+05   3.90666706E+05   3.90666706E+05
   6.82000000E-02   3.96755217E+05   2.39029540E+05   2.39029540E+05   2.87577370E+05   3.76914554E+05   3.76914554E+05
   6.84000000E-02   3.82887621E+05   2.30578370E+05   2.30578370E+05   2.77103522E+05   3.63644986E+05   3.63644986E+05
   6.86000000E-02   3.69502997E+05   2.22425360E+05   2.22425360E+05   2.67010404E+05   3.50841162E+05   3.50841162E+05
   6.88000000E-02   3.56584627E+05   2.14560029E+05   2.14560029E+05   2.57284232E+05   3.38486824E+05   3.38486824E+05
   6.90000000E-02   3.44116367E+05   2.06972266E+05   2.06972266E+05   2.47911715E+05   3.26566277E+05   3.26566277E+05
   6.92000000E-02   3.32082625E+05   1.99652311E+05   1.99652311E+05   2.38880045E+05   3.15064368E+05   3.15064368E+05
   6.94000000E-02   3.20468346E+05   1.92590746E+05   1.92590746E+05   2.30176870E+05   3.03966471E+05   3.03966471E+05
   6.96000000E-02   3.09258991E+05   1.85778481E+05   1.85778481E+05   2.21790286E+05   2.93258466E+05   2.93258466E+05
   6.98000000E-02   2.98440521E+05   1.79206747E+05   1.79206747E+05   2.13708816E+05   2.82926723E+05   2.82926723E+05
   7.00000000E-02   2.87999378E+05   1.72867079E+05   1.72867079E+05   2.05921398E+05   2.72958083E+05   2.72958083E+05
   7.02000000E-02   2.77922474E+05   1.66751310E+05   1.66751310E+05   1.98417368E+05   2.63339846E+05   2.63339846E+05
   7.04000000E-02   2.68197167E+05   1.60851558E+05   1.60851558E+05   1.91186446E+05   2.54059751E+05   2.54059751E+05
   7.06000000E-02   2.58811253E+05   1.55160217E+05   1.55160217E+05   1.84218724E+05   2.45105963E+05   2.45105963E+05
   7.08000000E-02   2.49752946E+05   1.49669949E+05   1.49669949E+05   1.77504651E+05   2.36467061E+05   2.36467061E+05
   7.10000000E-02   2.41010869E+05   1.44373672E+05   1.44373672E+05   1.71035019E+05   2.28132017E+05   2.28132017E+05
   7.12000000E-02   2.32574033E+05   1.39264551E+05   1.39264551E+05   1.64800955E+05   2.20090188E+05   2.20090188E+05
   7.14000000E-02   2.24431832E+05   1.34335992E+05   1.34335992E+05   1.58793906E+05   2.12331301E+05   2.12331301E+05
   7.16000000E-02   2.16574023E+05   1.29581634E+05   1.29581634E+05   1.53005626E+05   2.04845443E+05   2.04845443E+05
   7.18000000E-02   2.08990718E+05   1.24995335E+05   1.24995335E+05   1.47428169E+05   1.97623041E+05   1.97623041E+05
   7.20000000E-02   2.01672369E+05   1.20571172E+05   1.20571172E+05   1.42053876E+05   1.90654861E+05   1.90654861E+05
   7.22000000E-02   1.94609759E+05   1.16303428E+05   1.16303428E+05   1.36875364E+05   1.83931985E+05   1.83931985E+05
   7.24000000E-02   1.87793989E+05   1.12186587E+05   1.12186587E+05   1.31885518E+05   1.77445811E+05   1.77445811E+05
   7.26000000E-02   1.81216466E+05   1.08215327E+05   1.08215327E+05   1.27077479E+05   1.71188033E+05   1.71188033E+05
   7.28000000E-02   1.74868896E+05   1.04384514E+05   1.04384514E+05   1.22444639E+05   1.65150637E+05   1.65150637E+05
   7.30000000E-02   1.68743272E+05   1.00689191E+05   1.00689191E+05   1.17980626E+05   1.59325888E+05   1.59325888E+05
   7.32000000E-02   1.62831863E+05   9.71245789E+04   9.71245789E+04   1.13679300E+05   1.53706319E+05   1.53706319E+05
   7.34000000E-02   1.57127205E+05   9.36860643E+04   9.36860643E+04   1.09534745E+05   1.48284727E+05   1.48284727E+05
   7.36000000E-02   1.51622094E+05   9.03691966E+04   9.03691966E+04   1.05541257E+05   1.43054158E+05   1.43054158E+05
   7.38000000E-02   1.46309574E+05   8.71696816E+04   8.71696816E+04   1.01693339E+05   1.38007901E+05   1.38007901E+05
   7.40000000E-02   1.41182931E+05   8.40833762E+04   8.40833762E+04   9.79856953E+04   1.33139481E+05   1.33139481E+05
   7.42000000E-02   1.36235683E+05   8.11062829E+04   8.11062829E+04   9.44132194E+04   1.28442648E+05   1.28442648E+05
   7.44000000E-02   1.31461574E+05   7.82345448E+04   7.82345448E+04   9.09709917E+04   1.23911371E+05   1.23911371E+05
   7.46000000E-02   1.26854563E+05   7.54644408E+04   7.54644408E+04   8.76542706E+04   1.19539831E+05   1.19539831E+05
   7.48000000E-02   1.22408820E+05   7.27923808E+04   7.27923808E+04   8.44584866E+04   1.15322409E+05   1.15322409E+05
   7.50000000E-02   1.18118716E+05   7.02149010E+04   7.02149010E+04   8.13792359E+04   1.11253687E+05   1.11253687E+05
   7.52000000E-02   1.13978820E+05   6.77286594E+04   6.77286594E+04   7.84122746E+04   1.07328434E+05   1.07328434E+05
   7.54000000E-02   1.09983887E+05   6.53304319E+04   6.53304319E+04   7.55535129E+04   1.03541603E+05   1.03541603E+05
   7.56000000E-02   1.06128855E+05   6.30171080E+04   6.30171080E+04   7.27990094E+04   9.98883228E+04   9.98883228E+04
   7.58000000E-02   1.02408837E+05   6.07856865E+04   6.07856865E+04   7.01449661E+04   9.63638943E+04   9.63638943E+04
   7.60000000E-02   9.88191175E+04   5.86332723E+04   5.86332723E+04   6.75877226E+04   9.29637821E+04   9.29637821E+04
   7.62000000E-02   9.53551441E+04   5.65570719E+04   5.65570719E+04   6.51237519E+04   8.96836100E+04   8.96836100E+04
   7.64000000E-02   9.20125227E+04   5.45543905E+04   5.45543905E+04   6.27496547E+04   8.65191552E+04   8.65191552E+04
   7.66000000E-02   8.87870119E+04   5.26226285E+04   5.26226285E+04   6.04621557E+04   8.34663429E+04   8.34663429E+04
   7.68000000E-02   8.56745180E+04   5.07592776E+04   5.07592776E+04   5.82580983E+04   8.05212414E+04   8.05212414E+04
   7.70000000E-02   8.26710899E+04   4.89619180E+04   4.89619180E+04   5.61344411E+04   7.76800568E+04   7.76800568E+04
   7.72000000E-02   7.97729136E+04   4.72282155E+04   4.72282155E+04   5.40882528E+04   7.49391284E+04   7.49391284E+04
   7.74000000E-02   7.69763085E+04   4.55559181E+04   4.55559181E+04   5.21167091E+04   7.22949238E+04   7.22949238E+04
   7.76000000E-02   7.42777216E+04   4.39428532E+04   4.39428532E+04   5.02170884E+04   6.97440349E+04   6.97440349E+04
   7.78000000E-02   7.16737241E+04   4.23869248E+04   4.23869248E+04   4.83867679E+04   6.72831731E+04   6.72831731E+04
   7.80000000E-02   6.91610065E+04   4.08861112E+04   4.08861112E+04   4.66232204E+04   6.49091652E+04   6.49091652E+04
   7.82000000E-02   6.67363746E+04   3.94384617E+04   3.94384617E+04   4.49240108E+04   6.26189498E+04   6.26189498E+04
   7.84000000E-02   6.43967456E+04   3.80420947E+04   3.80420947E+04   4.32867923E+04   6.04095728E+04   6.04095728E+04
   7.86000000E-02   6.21391443E+04   3.66951950E+04   3.66951950E+04   4.17093040E+04   5.82781840E+04   5.82781840E+04
   7.88000000E-02   5.99606990E+04   3.53960114E+04   3.53960114E+04   4.01893669E+04   5.62220334E+04   5.62220334E+04
   7.90000000E-02   5.78586384E+04   3.41428546E+04   3.41428546E+04   3.87248816E+04   5.42384676E+04   5.42384676E+04
   7.92000000E-02   5.58302879E+04   3.29340951E+04   3.29340951E+04   3.73138250E+04   5.23249268E+04   5.23249268E+04
   7.94000000E-02   5.38730661E+04   3.17681608E+04   3.17681608E+04   3.59542479E+04   5.04789407E+04   5.04789407E+04
   7.96000000E-02   5.19844818E+04   3.06435353E+04   3.06435353E+04   3.46442720E+04   4.86981265E+04   4.86981265E+04
   7.98000000E-02   5.01621307E+04   2.95587556E+04   2.95587556E+04   3.33820874E+04   4.69801848E+04   4.69801848E+04
   8.00000000E-02   4.84036927E+04   2.85124106E+04   2.85124106E+04   3.21659502E+04   4.53228973E+04   4.53228973E+04
   8.02000000E-02   4.67069283E+04   2.75031391E+04   2.75031391E+04   3.09941800E+04   4.37241238E+04   4.37241238E+04
   8.04000000E-02   4.50696767E+04   2.65296278E+04   2.65296278E+04   2.98651578E+04   4.21817994E+04   4.21817994E+04
   8.06000000E-02   4.34898523E+04   2.55906099E+04   2.55906099E+04   2.87773235E+04   4.06939319E+04   4.06939319E+04
   8.08000000E-02   4.19654424E+04   2.46848637E+04   2.46848637E+04   2.77291739E+04   3.92585992E+04   3.92585992E+04
   8.10000000E-02   4.04945049E+04   2.38112103E+04   2.38112103E+04   2.67192605E+04   3.78739470E+04   3.78739470E+04
   8.12000000E-02   3.90751653E+04   2.29685128E+04   2.29685128E+04   2.57461879E+04   3.65381862E+04   3.65381862E+04
   8.14000000E-02   3.77056148E+04   2.21556743E+04   2.21556743E+04   2.48086114E+04   3.52495910E+04   3.52495910E+04
   8.16000000E-02   3.63841078E+04   2.13716369E+04   2.13716369E+04   2.39052352E+04   3.40064960E+04   3.40064960E+04
   8.18000000E-02   3.51089598E+04   2.06153799E+04   2.06153799E+04   2.30348110E+04   3.28072948E+04   3.28072948E+04
   8.20000000E-02   3.38785453E+04   1.98859190E+04   1.98859190E+04   2.21961361E+04   3.16504375E+04   3.16504375E+04
   8.22000000E-02   3.26912954E+04   1.91823046E+04   1.91823046E+04   2.13880513E+04   3.05344290E+04   3.05344290E+04
   8.24000000E-02   3.15456965E+04   1.85036206E+04   1.85036206E+04   2.06094401E+04   2.94578266E+04   2.94578266E+04
   8.26000000E-02   3.04402876E+04   1.78489834E+04   1.78489834E+04   1.98592266E+04   2.84192388E+04   2.84192388E+04
   8.28000000E-02   2.93736592E+04   1.72175409E+04   1.72175409E+04   1.91363740E+04   2.74173229E+04   2.74173229E+04
   8.30000000E-02   2.83444508E+04   1.66084709E+04   1.66084709E+04   1.84398836E+04   2.64507837E+04   2.64507837E+04
   8.32000000E-02   2.73513497E+04   1.60209804E+04   1.60209804E+04   1.77687929E+04   2.55183718E+04   2.55183718E+04
   8.34000000E-02   2.63930893E+04   1.54543045E+04   1.54543045E+04   1.71221747E+04   2.46188816E+04   2.46188816E+04
   8.36000000E-02   2.54684471E+04   1.49077054E+04   1.49077054E+04   1.64991356E+04   2.37511502E+04   2.37511502E+04
   8.38000000E-02   2.45762436E+04   1.43804713E+04   1.43804713E+04   1.58988149E+04   2.29140557E+04   2.29140557E+04
   8.40000000E-02   2.37153407E+04   1.38719158E+04   1.38719158E+04   1.53203830E+04   2.21065159E+04   2.21065159E+04
   8.42000000E-02   2.28846399E+04   1.33813768E+04   1.33813768E+04   1.47630410E+04   2.13274867E+04   2.13274867E+04
   8.44000000E-02   2.20830814E+04   1.29082154E+04   1.29082154E+04   1.42260190E+04   2.05759607E+04   2.05759607E+04
   8.46000000E-02   2.13096425E+04   1.24518157E+04   1.24518157E+04   1.37085750E+04   1.98509664E+04   1.98509664E+04
   8.48000000E-02   2.05633364E+04   1.20115834E+04   1.20115834E+04   1.32099944E+04   1.91515663E+04   1.91515663E+04
   8.50000000E-02   1.98432108E+04   1.15869454E+04   1.15869454E+04   1.27295886E+04   1.84768562E+04   1.84768562E+04
   8.52000000E-02   1.91483468E+04   1.11773486E+04   1.11773486E+04   1.22666941E+04   1.78259637E+04   1.78259637E+04
   8.54000000E-02   1.84778577E+04   1.07822599E+04   1.07822599E+04   1.18206717E+04   1.71980472E+04   1.71980472E+04
   8.56000000E-02   1.78308881E+04   1.04011649E+04   1.04011649E+04   1.13909054E+04   1.65922950E+04   1.65922950E+04
   8.58000000E-02   1.72066123E+04   1.00335675E+04   1.00335675E+04   1.09768018E+04   1.60079238E+04   1.60079238E+04
   8.60000000E-02   1.66042338E+04   9.67898898E+03   9.67898898E+03   1.05777893E+04   1.54441783E+04   1.54441783E+04
   8.62000000E-02   1.60229838E+04   9.33696786E+03   9.33696786E+03   1.01933169E+04   1.49003295E+04   1.49003295E+04
   8.64000000E-02   1.54621208E+04   9.00705890E+03   9.00705890E+03   9.82285387E+03   1.43756744E+04   1.43756744E+04
   8.66000000E-02   1.49209289E+04   8.68883263E+03   8.68883263E+03   9.46588894E+03   1.38695349E+04   1.38695349E+04
   8.68000000E-02   1.43987177E+04   8.38187486E+03   8.38187486E+03   9.12192940E+03   1.33812566E+04   1.33812566E+04
   8.70000000E-02   1.38948208E+04   8.08578603E+03   8.08578603E+03   8.79050058E+03   1.29102084E+04   1.29102084E+04
   8.72000000E-02   1.34085953E+04   7.80018080E+03   7.80018080E+03   8.47114513E+03   1.24557815E+04   1.24557815E+04
   8.74000000E-02   1.29394207E+04   7.52468746E+03   7.52468746E+03   8.16342244E+03   1.20173886E+04   1.20173886E+04
   8.76000000E-02   1.24866986E+04   7.25894749E+03   7.25894749E+03   7.86690796E+03   1.15944631E+04   1.15944631E+04
   8.78000000E-02   1.20498512E+04   7.00261509E+03   7.00261509E+03   7.58119266E+03   1.11864584E+04   1.11864584E+04
   8.80000000E-02   1.16283212E+04   6.75535673E+03   6.75535673E+03   7.30588246E+03   1.07928475E+04   1.07928475E+04
   8.82000000E-02   1.12215709E+04   6.51685068E+03   6.51685068E+03   7.04059768E+03   1.04131215E+04   1.04131215E+04
   8.84000000E-02   1.08290814E+04   6.28678667E+03   6.28678667E+03   6.78497248E+03   1.00467900E+04   1.00467900E+04
   8.86000000E-02   1.04503521E+04   6.06486538E+03   6.06486538E+03   6.53865442E+03   9.69337974E+03   9.69337974E+03
   8.88000000E-02   1.00848998E+04   5.85079815E+03   5.85079815E+03   6.30130392E+03   9.35243410E+03   9.35243410E+03
   8.90000000E-02   9.73225843E+03   5.64430654E+03   5.64430654E+03   6.07259379E+03   9.02351270E+03   9.02351270E+03
   8.92000000E-02   9.39197824E+03   5.44512199E+03   5.44512199E+03   5.85220882E+03   8.70619073E+03   8.70619073E+03
   8.94000000E-02   9.06362526E+03   5.25298547E+03   5.25298547E+03   5.63984529E+03   8.40005838E+03   8.40005838E+03
   8.96000000E-02   8.74678077E+03   5.06764713E+03   5.06764713E+03   5.43521060E+03   8.10472032E+03   8.10472032E+03
   8.98000000E-02   8.44104076E+03   4.88886599E+03   4.88886599E+03   5.23802281E+03   7.81979522E+03   7.81979522E+03
   9.00000000E-02   8.14601540E+03   4.71640962E+03   4.71640962E+03   5.04801031E+03   7.54491522E+03   7.54491522E+03
   9.02000000E-02   7.86132855E+03   4.55005384E+03   4.55005384E+03   4.86491138E+03   7.27972545E+03   7.27972545E+03
   9.04000000E-02   7.58661730E+03   4.38958241E+03   4.38958241E+03   4.68847388E+03   7.02388362E+03   7.02388362E+03
   9.06000000E-02   7.32153145E+03   4.23478677E+03   4.23478677E+03   4.51845487E+03   6.77705953E+03   6.77705953E+03
   9.08000000E-02   7.06573315E+03   4.08546577E+03   4.08546577E+03   4.35462030E+03   6.53893465E+03   6.53893465E+03
   9.10000000E-02   6.81889638E+03   3.94142536E+03   3.94142536E+03   4.19674466E+03   6.30920171E+03   6.30920171E+03
   9.12000000E-02   6.58070659E+03   3.80247843E+03   3.80247843E+03   4.04461066E+03   6.08756431E+03   6.08756431E+03
   9.14000000E-02   6.35086027E+03   3.66844446E+03   3.66844446E+03   3.89800897E+03   5.87373655E+03   5.87373655E+03
   9.16000000E-02   6.12906458E+03   3.53914935E+03   3.53914935E+03   3.75673790E+03   5.66744261E+03   5.66744261E+03
   9.18000000E-02   5.91503696E+03   3.41442519E+03   3.41442519E+03   3.62060311E+03   5.46841643E+03   5.46841643E+03
   9.20000000E-02   5.70850479E+03   3.29411001E+03   3.29411001E+03   3.48941739E+03   5.27640138E+03   5.27640138E+03
   9.22000000E-02   5.50920502E+03   3.17804760E+03   3.17804760E+03   3.36300032E+03   5.09114988E+03   5.09114988E+03
   9.24000000E-02   5.31688383E+03   3.06608728E+03   3.06608728E+03   3.24117812E+03   4.91242311E+03   4.91242311E+03
   9.26000000E-02   5.13129634E+03   2.95808372E+03   2.95808372E+03   3.12378333E+03   4.73999070E+03   4.73999070E+03
   9.28000000E-02   4.95220625E+03   2.85389675E+03   2.85389675E+03   3.01065459E+03   4.57363043E+03   4.57363043E+03
   9.30000000E-02   4.77938559E+03   2.75339118E+03   2.75339118E+03   2.90163646E+03   4.41312792E+03   4.41312792E+03
   9.32000000E-02   4.61261436E+03   2.65643659E+03   2.65643659E+03   2.79657916E+03   4.25827639E+03   4.25827639E+03
   9.34000000E-02   4.45168032E+03   2.56290721E+03   2.56290721E+03   2.69533839E+03   4.10887637E+03   4.10887637E+03
   9.36000000E-02   4.29637869E+03   2.47268173E+03   2.47268173E+03   2.59777511E+03   3.96473542E+03   3.96473542E+03
   9.38000000E-02   4.14651185E+03   2.38564314E+03   2.38564314E+03   2.50375535E+03   3.82566794E+03   3.82566794E+03
   9.40000000E-02   4.00188917E+03   2.30167857E+03   2.30167857E+03   2.41315004E+03   3.69149485E+03   3.69149485E+03
   9.42000000E-02   3.86232668E+03   2.22067917E+03   2.22067917E+03   2.32583483E+03   3.56204345E+03   3.56204345E+03
   9.44000000E-02   3.72764689E+03   2.14253995E+03   2.14253995E+03   2.24168989E+03   3.43714711E+03   3.43714711E+03
   9.46000000E-02   3.59767854E+03   2.06715964E+03   2.06715964E+03   2.16059977E+03   3.31664509E+03   3.31664509E+03
   9.48000000E-02   3.47225639E+03   1.99444055E+03   1.99444055E+03   2.08245325E+03   3.20038237E+03   3.20038237E+03
   9.50000000E-02   3.35122100E+03   1.92428847E+03   1.92428847E+03   2.00714314E+03   3.08820936E+03   3.08820936E+03
   9.52000000E-02   3.23441853E+03   1.85661254E+03   1.85661254E+03   1.93456619E+03   2.97998180E+03   2.97998180E+03
   9.54000000E-02   3.12170057E+03   1.79132510E+03   1.79132510E+03   1.86462291E+03   2.87556051E+03   2.87556051E+03
   9.56000000E-02   3.01292388E+03   1.72834162E+03   1.72834162E+03   1.79721742E+03   2.77481122E+03   2.77481122E+03
   9.58000000E-02   2.90795028E+03   1.66758055E+03   1.66758055E+03   1.73225736E+03   2.67760444E+03   2.67760444E+03
   9.60000000E-02   2.80664645E+03   1.60896325E+03   1.60896325E+03   1.66965374E+03   2.58381522E+03   2.58381522E+03
   9.62000000E-02   2.70888373E+03   1.55241385E+03   1.55241385E+03   1.60932082E+03   2.49332305E+03   2.49332305E+03
   9.64000000E-02   2.61453799E+03   1.49785918E+03   1.49785918E+03   1.55117596E+03   2.40601167E+03   2.40601167E+03
   9.66000000E-02   2.52348946E+03   1.44522867E+03   1.44522867E+03   1.49513956E+03   2.32176893E+03   2.32176893E+03
   9.68000000E-02   2.43562258E+03   1.39445425E+03   1.39445425E+03   1.44113492E+03   2.24048664E+03   2.24048664E+03
   9.70000000E-02   2.35082584E+03   1.34547026E+03   1.34547026E+03   1.38908814E+03   2.16206044E+03   2.16206044E+03
   9.72000000E-02   2.26899166E+03   1.29821336E+03   1.29821336E+03   1.33892800E+03   2.08638966E+03   2.08638966E+03
   9.74000000E-02   2.19001623E+03   1.25262247E+03   1.25262247E+03   1.29058589E+03   2.01337718E+03   2.01337718E+03
   9.76000000E-02   2.11379938E+03   1.20863867E+03   1.20863867E+03   1.24399571E+03   1.94292931E+03   1.94292931E+03
   9.78000000E-02   2.04024446E+03   1.16620513E+03   1.16620513E+03   1.19909374E+03   1.87495568E+03   1.87495568E+03
   9.80000000E-02   1.96925822E+03   1.12526703E+03   1.12526703E+03   1.15581863E+03   1.80936910E+03   1.80936910E+03
   9.82000000E-02   1.90075069E+03   1.08577150E+03   1.08577150E+03   1.11411121E+03   1.74608546E+03   1.74608546E+03
   9.84000000E-02   1.83463504E+03   1.04766753E+03   1.04766753E+03   1.07391452E+03   1.68502365E+03   1.68502365E+03
   9.86000000E-02   1.77082750E+03   1.01090595E+03   1.01090595E+03   1.03517364E+03   1.62610538E+03   1.62610538E+03
   9.88000000E-02   1.70924724E+03   9.75439293E+02   9.75439293E+02   9.97835666E+02   1.56925517E+03   1.56925517E+03
   9.90000000E-02   1.64981626E+03   9.41221799E+02   9.41221799E+02   9.61849625E+02   1.51440016E+03   1.51440016E+03
   9.92000000E-02   1.59245932E+03   9.08209321E+02   9.08209321E+02   9.27166395E+02   1.46147011E+03   1.46147011E+03
   9.94000000E-02   1.53710380E+03   8.76359279E+02   8.76359279E+02   8.93738648E+02   1.41039722E+03   1.41039722E+03
   9.96000000E-02   1.48367963E+03   8.45630600E+02   8.45630600E+02   8.61520776E+02   1.36111611E+03   1.36111611E+03
   9.98000000E-02   1.43211922E+03   8.15983668E+02   8.15983668E+02   8.30468838E+02   1.31356371E+03   1.31356371E+03
   1.00000000E-01   1.38235731E+03   7.87380268E+02   7.87380268E+02   8.00540491E+02   1.26767914E+03   1.26767914E+03