# TBinMid=3.71519 ssec TBinWidth=7.77057 ss EBinWidth=0.2MeV Fluence at Earth for this timebin in neutrinos per cm^2
# E(GeV)	NuE	NuMu	NuTau	aNuE	aNuMu	aNuTau
   1.38589050E-13   3.61731285E+00   7.96394267E+01   7.96394267E+01   1.30982935E-05   3.15505318E-06   3.15505318E-06
   2.00000000E-04   2.65142538E+06   2.24234268E+06   2.24234268E+06   2.06825685E+06   2.52965810E+06   2.52965810E+06
   4.00000000E-04   1.25294758E+07   1.10540250E+07   1.10540250E+07   9.88624793E+06   1.19637647E+07   1.19637647E+07
   6.00000000E-04   3.04360962E+07   2.85567369E+07   2.85567369E+07   2.42326542E+07   2.90507330E+07   2.90507330E+07
   8.00000000E-04   5.62248089E+07   5.56481096E+07   5.56481096E+07   4.51393532E+07   5.36478463E+07   5.36478463E+07
   1.00000000E-03   8.93599183E+07   9.25787975E+07   9.25787975E+07   7.23185163E+07   8.52488513E+07   8.52488513E+07
   1.20000000E-03   1.29115407E+08   1.39174051E+08   1.39174051E+08   1.05315272E+08   1.23171193E+08   1.23171193E+08
   1.40000000E-03   1.74676976E+08   1.94967295E+08   1.94967295E+08   1.43585949E+08   1.66651328E+08   1.66651328E+08
   1.60000000E-03   2.25201358E+08   2.59290613E+08   2.59290613E+08   1.86543796E+08   2.14899717E+08   2.14899717E+08
   1.80000000E-03   2.79852704E+08   3.31339256E+08   3.31339256E+08   2.33587505E+08   2.67134346E+08   2.67134346E+08
   2.00000000E-03   3.37825271E+08   4.10218809E+08   4.10218809E+08   2.84119619E+08   3.22601516E+08   3.22601516E+08
   2.20000000E-03   3.98357380E+08   4.94980193E+08   4.94980193E+08   3.37558570E+08   3.80588585E+08   3.80588585E+08
   2.40000000E-03   4.60739585E+08   5.84646049E+08   5.84646049E+08   3.93346526E+08   4.40431398E+08   4.40431398E+08
   2.60000000E-03   5.24318940E+08   6.78230998E+08   6.78230998E+08   4.50954405E+08   5.01518152E+08   5.01518152E+08
   2.80000000E-03   5.88500605E+08   7.74757631E+08   7.74757631E+08   5.09884917E+08   5.63290803E+08   5.63290803E+08
   3.00000000E-03   6.52747629E+08   8.73269495E+08   8.73269495E+08   5.69674236E+08   6.25244821E+08   6.25244821E+08
   3.20000000E-03   7.16579516E+08   9.72841950E+08   9.72841950E+08   6.29892683E+08   6.86927802E+08   6.86927802E+08
   3.40000000E-03   7.79569994E+08   1.07259141E+09   1.07259141E+09   6.90144726E+08   7.47937336E+08   7.47937336E+08
   3.60000000E-03   8.41344265E+08   1.17168329E+09   1.17168329E+09   7.50068477E+08   8.07918402E+08   8.07918402E+08
   3.80000000E-03   9.01575961E+08   1.26933874E+09   1.26933874E+09   8.09334846E+08   8.66560480E+08   8.66560480E+08
   4.00000000E-03   9.59983942E+08   1.36484019E+09   1.36484019E+09   8.67646452E+08   9.23594521E+08   9.23594521E+08
   4.20000000E-03   1.01632904E+09   1.45753581E+09   1.45753581E+09   9.24736360E+08   9.78789886E+08   9.78789886E+08
   4.40000000E-03   1.07041083E+09   1.54684261E+09   1.54684261E+09   9.80366716E+08   1.03195131E+09   1.03195131E+09
   4.60000000E-03   1.12206446E+09   1.63224841E+09   1.63224841E+09   1.03432731E+09   1.08291597E+09   1.08291597E+09
   4.80000000E-03   1.17115757E+09   1.71331255E+09   1.71331255E+09   1.08643410E+09   1.13155063E+09   1.13155063E+09
   5.00000000E-03   1.21758738E+09   1.78966550E+09   1.78966550E+09   1.13652774E+09   1.17774896E+09   1.17774896E+09
   5.20000000E-03   1.26127786E+09   1.86100731E+09   1.86100731E+09   1.18447208E+09   1.22142900E+09   1.22142900E+09
   5.40000000E-03   1.30217707E+09   1.92710514E+09   1.92710514E+09   1.23015270E+09   1.26253076E+09   1.26253076E+09
   5.60000000E-03   1.34025467E+09   1.98779001E+09   1.98779001E+09   1.27347548E+09   1.30101401E+09   1.30101401E+09
   5.80000000E-03   1.37549958E+09   2.04295279E+09   2.04295279E+09   1.31436521E+09   1.33685620E+09   1.33685620E+09
   6.00000000E-03   1.40791776E+09   2.09253975E+09   2.09253975E+09   1.35276421E+09   1.37005056E+09   1.37005056E+09
   6.20000000E-03   1.43753018E+09   2.13654771E+09   2.13654771E+09   1.38863100E+09   1.40060431E+09   1.40060431E+09
   6.40000000E-03   1.46437096E+09   2.17501894E+09   2.17501894E+09   1.42193906E+09   1.42853703E+09   1.42853703E+09
   6.60000000E-03   1.48848556E+09   2.20803602E+09   2.20803602E+09   1.45267556E+09   1.45387921E+09   1.45387921E+09
   6.80000000E-03   1.50992927E+09   2.23571670E+09   2.23571670E+09   1.48084026E+09   1.47667082E+09   1.47667082E+09
   7.00000000E-03   1.52876568E+09   2.25820883E+09   2.25820883E+09   1.50644429E+09   1.49696010E+09   1.49696010E+09
   7.20000000E-03   1.54506536E+09   2.27568562E+09   2.27568562E+09   1.52950917E+09   1.51480238E+09   1.51480238E+09
   7.40000000E-03   1.55890468E+09   2.28834102E+09   2.28834102E+09   1.55006577E+09   1.53025909E+09   1.53025909E+09
   7.60000000E-03   1.57036469E+09   2.29638548E+09   2.29638548E+09   1.56815330E+09   1.54339675E+09   1.54339675E+09
   7.80000000E-03   1.57953014E+09   2.30004210E+09   2.30004210E+09   1.58381846E+09   1.55428615E+09   1.55428615E+09
   8.00000000E-03   1.58648862E+09   2.29954301E+09   2.29954301E+09   1.59711453E+09   1.56300159E+09   1.56300159E+09
   8.20000000E-03   1.59132975E+09   2.29512625E+09   2.29512625E+09   1.60810061E+09   1.56962011E+09   1.56962011E+09
   8.40000000E-03   1.59414449E+09   2.28703292E+09   2.28703292E+09   1.61684080E+09   1.57422093E+09   1.57422093E+09
   8.60000000E-03   1.59502455E+09   2.27550475E+09   2.27550475E+09   1.62340352E+09   1.57688481E+09   1.57688481E+09
   8.80000000E-03   1.59406179E+09   2.26078195E+09   2.26078195E+09   1.62786085E+09   1.57769359E+09   1.57769359E+09
   9.00000000E-03   1.59134783E+09   2.24310143E+09   2.24310143E+09   1.63028788E+09   1.57672971E+09   1.57672971E+09
   9.20000000E-03   1.58697354E+09   2.22269524E+09   2.22269524E+09   1.63076215E+09   1.57407578E+09   1.57407578E+09
   9.40000000E-03   1.58102878E+09   2.19978939E+09   2.19978939E+09   1.62936311E+09   1.56981426E+09   1.56981426E+09
   9.60000000E-03   1.57360202E+09   2.17460280E+09   2.17460280E+09   1.62617164E+09   1.56402708E+09   1.56402708E+09
   9.80000000E-03   1.56478011E+09   2.14734651E+09   2.14734651E+09   1.62126956E+09   1.55679541E+09   1.55679541E+09
   1.00000000E-02   1.55464809E+09   2.11822312E+09   2.11822312E+09   1.61473926E+09   1.54819935E+09   1.54819935E+09
   1.02000000E-02   1.54328893E+09   2.08742634E+09   2.08742634E+09   1.60666328E+09   1.53831777E+09   1.53831777E+09
   1.04000000E-02   1.53078347E+09   2.05514072E+09   2.05514072E+09   1.59712397E+09   1.52722807E+09   1.52722807E+09
   1.06000000E-02   1.51721025E+09   2.02154149E+09   2.02154149E+09   1.58620319E+09   1.51500603E+09   1.51500603E+09
   1.08000000E-02   1.50264539E+09   1.98679450E+09   1.98679450E+09   1.57398203E+09   1.50172570E+09   1.50172570E+09
   1.10000000E-02   1.48716260E+09   1.95105628E+09   1.95105628E+09   1.56054052E+09   1.48745922E+09   1.48745922E+09
   1.12000000E-02   1.47083303E+09   1.91447415E+09   1.91447415E+09   1.54595745E+09   1.47227679E+09   1.47227679E+09
   1.14000000E-02   1.45372532E+09   1.87718636E+09   1.87718636E+09   1.53031014E+09   1.45624651E+09   1.45624651E+09
   1.16000000E-02   1.43590553E+09   1.83932235E+09   1.83932235E+09   1.51367426E+09   1.43943441E+09   1.43943441E+09
   1.18000000E-02   1.41743713E+09   1.80100299E+09   1.80100299E+09   1.49612370E+09   1.42190431E+09   1.42190431E+09
   1.20000000E-02   1.39838107E+09   1.76234087E+09   1.76234087E+09   1.47773043E+09   1.40371784E+09   1.40371784E+09
   1.22000000E-02   1.37879570E+09   1.72344060E+09   1.72344060E+09   1.45856437E+09   1.38493441E+09   1.38493441E+09
   1.24000000E-02   1.35873688E+09   1.68439913E+09   1.68439913E+09   1.43869332E+09   1.36561115E+09   1.36561115E+09
   1.26000000E-02   1.33825797E+09   1.64530610E+09   1.64530610E+09   1.41818288E+09   1.34580298E+09   1.34580298E+09
   1.28000000E-02   1.31740987E+09   1.60624415E+09   1.60624415E+09   1.39709638E+09   1.32556256E+09   1.32556256E+09
   1.30000000E-02   1.29624109E+09   1.56728927E+09   1.56728927E+09   1.37549482E+09   1.30494032E+09   1.30494032E+09
   1.32000000E-02   1.27479777E+09   1.52851115E+09   1.52851115E+09   1.35343687E+09   1.28398448E+09   1.28398448E+09
   1.34000000E-02   1.25312375E+09   1.48997346E+09   1.48997346E+09   1.33097885E+09   1.26274109E+09   1.26274109E+09
   1.36000000E-02   1.23126062E+09   1.45173423E+09   1.45173423E+09   1.30817469E+09   1.24125402E+09   1.24125402E+09
   1.38000000E-02   1.20924778E+09   1.41384613E+09   1.41384613E+09   1.28507593E+09   1.21956503E+09   1.21956503E+09
   1.40000000E-02   1.18712250E+09   1.37635678E+09   1.37635678E+09   1.26173179E+09   1.19771383E+09   1.19771383E+09
   1.42000000E-02   1.16492000E+09   1.33930906E+09   1.33930906E+09   1.23818910E+09   1.17573807E+09   1.17573807E+09
   1.44000000E-02   1.14267347E+09   1.30274137E+09   1.30274137E+09   1.21449241E+09   1.15367342E+09   1.15367342E+09
   1.46000000E-02   1.12041418E+09   1.26668796E+09   1.26668796E+09   1.19068395E+09   1.13155360E+09   1.13155360E+09
   1.48000000E-02   1.09817153E+09   1.23117911E+09   1.23117911E+09   1.16680374E+09   1.10941047E+09   1.10941047E+09
   1.50000000E-02   1.07597309E+09   1.19624144E+09   1.19624144E+09   1.14288955E+09   1.08727404E+09   1.08727404E+09
   1.52000000E-02   1.05384472E+09   1.16189817E+09   1.16189817E+09   1.11897704E+09   1.06517255E+09   1.06517255E+09
   1.54000000E-02   1.03181058E+09   1.12816927E+09   1.12816927E+09   1.09509972E+09   1.04313249E+09   1.04313249E+09
   1.56000000E-02   1.00989320E+09   1.09507176E+09   1.09507176E+09   1.07128908E+09   1.02117871E+09   1.02117871E+09
   1.58000000E-02   9.88113584E+08   1.06261989E+09   1.06261989E+09   1.04757460E+09   9.99334445E+08   9.99334445E+08
   1.60000000E-02   9.66491235E+08   1.03082530E+09   1.03082530E+09   1.02398383E+09   9.77621366E+08   9.77621366E+08
   1.62000000E-02   9.45044228E+08   9.99697283E+08   9.99697283E+08   1.00054246E+09   9.56059650E+08   9.56059650E+08
   1.64000000E-02   9.23789267E+08   9.69242903E+08   9.69242903E+08   9.77274343E+08   9.34668034E+08   9.34668034E+08
   1.66000000E-02   9.02741750E+08   9.39467190E+08   9.39467190E+08   9.54201607E+08   9.13463867E+08   9.13463867E+08
   1.68000000E-02   8.81915822E+08   9.10373293E+08   9.10373293E+08   9.31344690E+08   8.92463169E+08   8.92463169E+08
   1.70000000E-02   8.61324432E+08   8.81962635E+08   8.81962635E+08   9.08722412E+08   8.71680687E+08   8.71680687E+08
   1.72000000E-02   8.40979389E+08   8.54235054E+08   8.54235054E+08   8.86352041E+08   8.51129944E+08   8.51129944E+08
   1.74000000E-02   8.20891416E+08   8.27188933E+08   8.27188933E+08   8.64249355E+08   8.30823299E+08   8.30823299E+08
   1.76000000E-02   8.01070202E+08   8.00821336E+08   8.00821336E+08   8.42428710E+08   8.10771992E+08   8.10771992E+08
   1.78000000E-02   7.81524451E+08   7.75128120E+08   7.75128120E+08   8.20903098E+08   7.90986203E+08   7.90986203E+08
   1.80000000E-02   7.62261935E+08   7.50104047E+08   7.50104047E+08   7.99684214E+08   7.71475094E+08   7.71475094E+08
   1.82000000E-02   7.43289537E+08   7.25742896E+08   7.25742896E+08   7.78782513E+08   7.52246865E+08   7.52246865E+08
   1.84000000E-02   7.24613300E+08   7.02037553E+08   7.02037553E+08   7.58207275E+08   7.33308796E+08   7.33308796E+08
   1.86000000E-02   7.06238471E+08   6.78980111E+08   6.78980111E+08   7.37966663E+08   7.14667298E+08   7.14667298E+08
   1.88000000E-02   6.88169547E+08   6.56561951E+08   6.56561951E+08   7.18067779E+08   6.96327954E+08   6.96327954E+08
   1.90000000E-02   6.70410311E+08   6.34773826E+08   6.34773826E+08   6.98516720E+08   6.78295565E+08   6.78295565E+08
   1.92000000E-02   6.52963875E+08   6.13605934E+08   6.13605934E+08   6.79318637E+08   6.60574192E+08   6.60574192E+08
   1.94000000E-02   6.35832721E+08   5.93047993E+08   5.93047993E+08   6.60477783E+08   6.43167197E+08   6.43167197E+08
   1.96000000E-02   6.19018736E+08   5.73089299E+08   5.73089299E+08   6.41997570E+08   6.26077281E+08   6.26077281E+08
   1.98000000E-02   6.02523245E+08   5.53718795E+08   5.53718795E+08   6.23880613E+08   6.09306526E+08   6.09306526E+08
   2.00000000E-02   5.86347052E+08   5.34925119E+08   5.34925119E+08   6.06128784E+08   5.92856426E+08   5.92856426E+08
   2.02000000E-02   5.70490466E+08   5.16696665E+08   5.16696665E+08   5.88743255E+08   5.76727929E+08   5.76727929E+08
   2.04000000E-02   5.54953338E+08   4.99021622E+08   4.99021622E+08   5.71724546E+08   5.60921466E+08   5.60921466E+08
   2.06000000E-02   5.39735089E+08   4.81888028E+08   4.81888028E+08   5.55072565E+08   5.45436988E+08   5.45436988E+08
   2.08000000E-02   5.24834739E+08   4.65283802E+08   4.65283802E+08   5.38786652E+08   5.30273992E+08   5.30273992E+08
   2.10000000E-02   5.10250933E+08   4.49196788E+08   4.49196788E+08   5.22865616E+08   5.15431559E+08   5.15431559E+08
   2.12000000E-02   4.95981974E+08   4.33614787E+08   4.33614787E+08   5.07307777E+08   5.00908375E+08   5.00908375E+08
   2.14000000E-02   4.82025840E+08   4.18525589E+08   4.18525589E+08   4.92111001E+08   4.86702764E+08   4.86702764E+08
   2.16000000E-02   4.68380213E+08   4.03917002E+08   4.03917002E+08   4.77272733E+08   4.72812713E+08   4.72812713E+08
   2.18000000E-02   4.55042502E+08   3.89776878E+08   3.89776878E+08   4.62790034E+08   4.59235897E+08   4.59235897E+08
   2.20000000E-02   4.42009864E+08   3.76093137E+08   3.76093137E+08   4.48659609E+08   4.45969703E+08   4.45969703E+08
   2.22000000E-02   4.29279223E+08   3.62853786E+08   3.62853786E+08   4.34877839E+08   4.33011254E+08   4.33011254E+08
   2.24000000E-02   4.16847294E+08   3.50046945E+08   3.50046945E+08   4.21440811E+08   4.20357430E+08   4.20357430E+08
   2.26000000E-02   4.04710598E+08   3.37660856E+08   3.37660856E+08   4.08344344E+08   4.08004889E+08   4.08004889E+08
   2.28000000E-02   3.92865483E+08   3.25683903E+08   3.25683903E+08   3.95584014E+08   3.95950089E+08   3.95950089E+08
   2.30000000E-02   3.81308139E+08   3.14104628E+08   3.14104628E+08   3.83155180E+08   3.84189303E+08   3.84189303E+08
   2.32000000E-02   3.70034614E+08   3.02911737E+08   3.02911737E+08   3.71053007E+08   3.72718639E+08   3.72718639E+08
   2.34000000E-02   3.59040829E+08   2.92094116E+08   2.92094116E+08   3.59272488E+08   3.61534058E+08   3.61534058E+08
   2.36000000E-02   3.48322595E+08   2.81640837E+08   2.81640837E+08   3.47808462E+08   3.50631389E+08   3.50631389E+08
   2.38000000E-02   3.37875624E+08   2.71541167E+08   2.71541167E+08   3.36655639E+08   3.40006343E+08   3.40006343E+08
   2.40000000E-02   3.27695544E+08   2.61784575E+08   2.61784575E+08   3.25808615E+08   3.29654530E+08   3.29654530E+08
   2.42000000E-02   3.17777906E+08   2.52360737E+08   2.52360737E+08   3.15261886E+08   3.19571470E+08   3.19571470E+08
   2.44000000E-02   3.08118202E+08   2.43259543E+08   2.43259543E+08   3.05009873E+08   3.09752606E+08   3.09752606E+08
   2.46000000E-02   2.98711873E+08   2.34471096E+08   2.34471096E+08   2.95046926E+08   3.00193319E+08   3.00193319E+08
   2.48000000E-02   2.89554318E+08   2.25985718E+08   2.25985718E+08   2.85367349E+08   2.90888935E+08   2.90888935E+08
   2.50000000E-02   2.80640903E+08   2.17793954E+08   2.17793954E+08   2.75965406E+08   2.81834739E+08   2.81834739E+08
   2.52000000E-02   2.71966974E+08   2.09886566E+08   2.09886566E+08   2.66835336E+08   2.73025984E+08   2.73025984E+08
   2.54000000E-02   2.63527859E+08   2.02254544E+08   2.02254544E+08   2.57971363E+08   2.64457897E+08   2.64457897E+08
   2.56000000E-02   2.55318883E+08   1.94889095E+08   1.94889095E+08   2.49367711E+08   2.56125694E+08   2.56125694E+08
   2.58000000E-02   2.47335368E+08   1.87781653E+08   1.87781653E+08   2.41018608E+08   2.48024584E+08   2.48024584E+08
   2.60000000E-02   2.39572645E+08   1.80923869E+08   1.80923869E+08   2.32918298E+08   2.40149777E+08   2.40149777E+08
   2.62000000E-02   2.32026057E+08   1.74307617E+08   1.74307617E+08   2.25061050E+08   2.32496490E+08   2.32496490E+08
   2.64000000E-02   2.24690967E+08   1.67924985E+08   1.67924985E+08   2.17441167E+08   2.25059957E+08   2.25059957E+08
   2.66000000E-02   2.17562763E+08   1.61768280E+08   1.61768280E+08   2.10052990E+08   2.17835433E+08   2.17835433E+08
   2.68000000E-02   2.10636860E+08   1.55830021E+08   1.55830021E+08   2.02890904E+08   2.10818198E+08   2.10818198E+08
   2.70000000E-02   2.03908711E+08   1.50102936E+08   1.50102936E+08   1.95949349E+08   2.04003566E+08   2.04003566E+08
   2.72000000E-02   1.97373804E+08   1.44579961E+08   1.44579961E+08   1.89222821E+08   1.97386885E+08   1.97386885E+08
   2.74000000E-02   1.91027669E+08   1.39254239E+08   1.39254239E+08   1.82705880E+08   1.90963546E+08   1.90963546E+08
   2.76000000E-02   1.84865885E+08   1.34119109E+08   1.34119109E+08   1.76393150E+08   1.84728984E+08   1.84728984E+08
   2.78000000E-02   1.78884076E+08   1.29168109E+08   1.29168109E+08   1.70279329E+08   1.78678683E+08   1.78678683E+08
   2.80000000E-02   1.73077920E+08   1.24394973E+08   1.24394973E+08   1.64359188E+08   1.72808180E+08   1.72808180E+08
   2.82000000E-02   1.67443148E+08   1.19793620E+08   1.19793620E+08   1.58627575E+08   1.67113064E+08   1.67113064E+08
   2.84000000E-02   1.61975550E+08   1.15358159E+08   1.15358159E+08   1.53079420E+08   1.61588985E+08   1.61588985E+08
   2.86000000E-02   1.56670972E+08   1.11082877E+08   1.11082877E+08   1.47709735E+08   1.56231650E+08   1.56231650E+08
   2.88000000E-02   1.51525323E+08   1.06962241E+08   1.06962241E+08   1.42513619E+08   1.51036831E+08   1.51036831E+08
   2.90000000E-02   1.46534574E+08   1.02990891E+08   1.02990891E+08   1.37486255E+08   1.46000364E+08   1.46000364E+08
   2.92000000E-02   1.41694759E+08   9.91636362E+07   9.91636362E+07   1.32622917E+08   1.41118147E+08   1.41118147E+08
   2.94000000E-02   1.37001978E+08   9.54754515E+07   9.54754515E+07   1.27918968E+08   1.36386151E+08   1.36386151E+08
   2.96000000E-02   1.32452398E+08   9.19214729E+07   9.19214729E+07   1.23369861E+08   1.31800410E+08   1.31800410E+08
   2.98000000E-02   1.28042251E+08   8.84969934E+07   8.84969934E+07   1.18971141E+08   1.27357033E+08   1.27357033E+08
   3.00000000E-02   1.23767839E+08   8.51974590E+07   8.51974590E+07   1.14718446E+08   1.23052195E+08   1.23052195E+08
   3.02000000E-02   1.19625532E+08   8.20184647E+07   8.20184647E+07   1.10607505E+08   1.18882144E+08   1.18882144E+08
   3.04000000E-02   1.15611767E+08   7.89557506E+07   7.89557506E+07   1.06634141E+08   1.14843199E+08   1.14843199E+08
   3.06000000E-02   1.11723053E+08   7.60051974E+07   7.60051974E+07   1.02794268E+08   1.10931753E+08   1.10931753E+08
   3.08000000E-02   1.07955966E+08   7.31628229E+07   7.31628229E+07   9.90838931E+07   1.07144269E+08   1.07144269E+08
   3.10000000E-02   1.04307154E+08   7.04247781E+07   7.04247781E+07   9.54991162E+07   1.03477284E+08   1.03477284E+08
   3.12000000E-02   1.00773332E+08   6.77873432E+07   6.77873432E+07   9.20361281E+07   9.99274063E+07   9.99274063E+07
   3.14000000E-02   9.73512854E+07   6.52469237E+07   6.52469237E+07   8.86912105E+07   9.64913171E+07   9.64913171E+07
   3.16000000E-02   9.40378685E+07   6.28000470E+07   6.28000470E+07   8.54607358E+07   9.31657695E+07   9.31657695E+07
   3.18000000E-02   9.08300044E+07   6.04433588E+07   6.04433588E+07   8.23411657E+07   8.99475886E+07   8.99475886E+07
   3.20000000E-02   8.77246842E+07   5.81736190E+07   5.81736190E+07   7.93290506E+07   8.68336707E+07   8.68336707E+07
   3.22000000E-02   8.47189669E+07   5.59876989E+07   5.59876989E+07   7.64210284E+07   8.38209831E+07   8.38209831E+07
   3.24000000E-02   8.18099790E+07   5.38825773E+07   5.38825773E+07   7.36138239E+07   8.09065633E+07   8.09065633E+07
   3.26000000E-02   7.89949133E+07   5.18553371E+07   5.18553371E+07   7.09042469E+07   7.80875185E+07   7.80875185E+07
   3.28000000E-02   7.62710289E+07   4.99031626E+07   4.99031626E+07   6.82891917E+07   7.53610250E+07   7.53610250E+07
   3.30000000E-02   7.36356501E+07   4.80233357E+07   4.80233357E+07   6.57656356E+07   7.27243273E+07   7.27243273E+07
   3.32000000E-02   7.10861656E+07   4.62132330E+07   4.62132330E+07   6.33306375E+07   7.01747373E+07   7.01747373E+07
   3.34000000E-02   6.86200281E+07   4.44703228E+07   4.44703228E+07   6.09813368E+07   6.77096335E+07   6.77096335E+07
   3.36000000E-02   6.62347529E+07   4.27921622E+07   4.27921622E+07   5.87149518E+07   6.53264603E+07   6.53264603E+07
   3.38000000E-02   6.39279173E+07   4.11763940E+07   4.11763940E+07   5.65287783E+07   6.30227267E+07   6.30227267E+07
   3.40000000E-02   6.16971601E+07   3.96207440E+07   3.96207440E+07   5.44201884E+07   6.07960055E+07   6.07960055E+07
   3.42000000E-02   5.95401797E+07   3.81230185E+07   3.81230185E+07   5.23866287E+07   5.86439326E+07   5.86439326E+07
   3.44000000E-02   5.74547343E+07   3.66811010E+07   3.66811010E+07   5.04256193E+07   5.65642054E+07   5.65642054E+07
   3.46000000E-02   5.54386398E+07   3.52929506E+07   3.52929506E+07   4.85347518E+07   5.45545823E+07   5.45545823E+07
   3.48000000E-02   5.34897697E+07   3.39565984E+07   3.39565984E+07   4.67116882E+07   5.26128814E+07   5.26128814E+07
   3.50000000E-02   5.16060537E+07   3.26701460E+07   3.26701460E+07   4.49541592E+07   5.07369794E+07   5.07369794E+07
   3.52000000E-02   4.97854767E+07   3.14317625E+07   3.14317625E+07   4.32599626E+07   4.89248108E+07   4.89248108E+07
   3.54000000E-02   4.80260776E+07   3.02396824E+07   3.02396824E+07   4.16269622E+07   4.71743664E+07   4.71743664E+07
   3.56000000E-02   4.63259489E+07   2.90922036E+07   2.90922036E+07   4.00530858E+07   4.54836924E+07   4.54836924E+07
   3.58000000E-02   4.46832349E+07   2.79876850E+07   2.79876850E+07   3.85363243E+07   4.38508894E+07   4.38508894E+07
   3.60000000E-02   4.30961310E+07   2.69245443E+07   2.69245443E+07   3.70747294E+07   4.22741112E+07   4.22741112E+07
   3.62000000E-02   4.15628829E+07   2.59012562E+07   2.59012562E+07   3.56664130E+07   4.07515634E+07   4.07515634E+07
   3.64000000E-02   4.00817849E+07   2.49163505E+07   2.49163505E+07   3.43095451E+07   3.92815031E+07   3.92815031E+07
   3.66000000E-02   3.86511796E+07   2.39684099E+07   2.39684099E+07   3.30023527E+07   3.78622367E+07   3.78622367E+07
   3.68000000E-02   3.72694565E+07   2.30560684E+07   2.30560684E+07   3.17431181E+07   3.64921197E+07   3.64921197E+07
   3.70000000E-02   3.59350508E+07   2.21780094E+07   2.21780094E+07   3.05301778E+07   3.51695553E+07   3.51695553E+07
   3.72000000E-02   3.46464427E+07   2.13329640E+07   2.13329640E+07   2.93619207E+07   3.38929931E+07   3.38929931E+07
   3.74000000E-02   3.34021562E+07   2.05197093E+07   2.05197093E+07   2.82367872E+07   3.26609282E+07   3.26609282E+07
   3.76000000E-02   3.22007582E+07   1.97370668E+07   1.97370668E+07   2.71532674E+07   3.14719003E+07   3.14719003E+07
   3.78000000E-02   3.10408575E+07   1.89839010E+07   1.89839010E+07   2.61098999E+07   3.03244924E+07   3.03244924E+07
   3.80000000E-02   2.99211035E+07   1.82591177E+07   1.82591177E+07   2.51052706E+07   2.92173296E+07   2.92173296E+07
   3.82000000E-02   2.88401857E+07   1.75616624E+07   1.75616624E+07   2.41380113E+07   2.81490787E+07   2.81490787E+07
   3.84000000E-02   2.77968323E+07   1.68905193E+07   1.68905193E+07   2.32067984E+07   2.71184465E+07   2.71184465E+07
   3.86000000E-02   2.67898098E+07   1.62447095E+07   1.62447095E+07   2.23103516E+07   2.61241789E+07   2.61241789E+07
   3.88000000E-02   2.58179211E+07   1.56232902E+07   1.56232902E+07   2.14474330E+07   2.51650604E+07   2.51650604E+07
   3.90000000E-02   2.48800058E+07   1.50253526E+07   1.50253526E+07   2.06168453E+07   2.42399125E+07   2.42399125E+07
   3.92000000E-02   2.39749383E+07   1.44500217E+07   1.44500217E+07   1.98174311E+07   2.33475931E+07   2.33475931E+07
   3.94000000E-02   2.31016272E+07   1.38964542E+07   1.38964542E+07   1.90480718E+07   2.24869954E+07   2.24869954E+07
   3.96000000E-02   2.22590147E+07   1.33638381E+07   1.33638381E+07   1.83076859E+07   2.16570471E+07   2.16570471E+07
   3.98000000E-02   2.14460752E+07   1.28513908E+07   1.28513908E+07   1.75952285E+07   2.08567093E+07   2.08567093E+07
   4.00000000E-02   2.06618150E+07   1.23583588E+07   1.23583588E+07   1.69096900E+07   2.00849756E+07   2.00849756E+07
   4.02000000E-02   1.99052710E+07   1.18840162E+07   1.18840162E+07   1.62500948E+07   1.93408715E+07   1.93408715E+07
   4.04000000E-02   1.91755102E+07   1.14276638E+07   1.14276638E+07   1.56155005E+07   1.86234532E+07   1.86234532E+07
   4.06000000E-02   1.84716285E+07   1.09886282E+07   1.09886282E+07   1.50049972E+07   1.79318070E+07   1.79318070E+07
   4.08000000E-02   1.77927504E+07   1.05662608E+07   1.05662608E+07   1.44177058E+07   1.72650480E+07   1.72650480E+07
   4.10000000E-02   1.71380279E+07   1.01599370E+07   1.01599370E+07   1.38527774E+07   1.66223201E+07   1.66223201E+07
   4.12000000E-02   1.65066397E+07   9.76905519E+06   9.76905519E+06   1.33093928E+07   1.60027944E+07   1.60027944E+07
   4.14000000E-02   1.58977907E+07   9.39303599E+06   9.39303599E+06   1.27867606E+07   1.54056688E+07   1.54056688E+07
   4.16000000E-02   1.53107109E+07   9.03132149E+06   9.03132149E+06   1.22841173E+07   1.48301672E+07   1.48301672E+07
   4.18000000E-02   1.47446551E+07   8.68337441E+06   8.68337441E+06   1.18007258E+07   1.42755386E+07   1.42755386E+07
   4.20000000E-02   1.41989021E+07   8.34867736E+06   8.34867736E+06   1.13358748E+07   1.37410566E+07   1.37410566E+07
   4.22000000E-02   1.36727536E+07   8.02673211E+06   8.02673211E+06   1.08888779E+07   1.32260186E+07   1.32260186E+07
   4.24000000E-02   1.31655340E+07   7.71705892E+06   7.71705892E+06   1.04590728E+07   1.27297450E+07   1.27297450E+07
   4.26000000E-02   1.26765896E+07   7.41919584E+06   7.41919584E+06   1.00458206E+07   1.22515784E+07   1.22515784E+07
   4.28000000E-02   1.22052880E+07   7.13269808E+06   7.13269808E+06   9.64850503E+06   1.17908835E+07   1.17908835E+07
   4.30000000E-02   1.17510173E+07   6.85713736E+06   6.85713736E+06   9.26653154E+06   1.13470457E+07   1.13470457E+07
   4.32000000E-02   1.13131857E+07   6.59210133E+06   6.59210133E+06   8.89932681E+06   1.09194710E+07   1.09194710E+07
   4.34000000E-02   1.08912208E+07   6.33719296E+06   6.33719296E+06   8.54633794E+06   1.05075852E+07   1.05075852E+07
   4.36000000E-02   1.04845690E+07   6.09203002E+06   6.09203002E+06   8.20703178E+06   1.01108332E+07   1.01108332E+07
   4.38000000E-02   1.00926951E+07   5.85624449E+06   5.85624449E+06   7.88089429E+06   9.72867871E+06   9.72867871E+06
   4.40000000E-02   9.71508137E+06   5.62948208E+06   5.62948208E+06   7.56742989E+06   9.36060329E+06   9.36060329E+06
   4.42000000E-02   9.35122755E+06   5.41140170E+06   5.41140170E+06   7.26616085E+06   9.00610608E+06   9.00610608E+06
   4.44000000E-02   9.00064987E+06   5.20167498E+06   5.20167498E+06   6.97662670E+06   8.66470313E+06   8.66470313E+06
   4.46000000E-02   8.66288074E+06   4.99998582E+06   4.99998582E+06   6.69838361E+06   8.33592691E+06   8.33592691E+06
   4.48000000E-02   8.33746824E+06   4.80602991E+06   4.80602991E+06   6.43100388E+06   8.01932579E+06   8.01932579E+06
   4.50000000E-02   8.02397561E+06   4.61951431E+06   4.61951431E+06   6.17407534E+06   7.71446354E+06   7.71446354E+06
   4.52000000E-02   7.72198079E+06   4.44015704E+06   4.44015704E+06   5.92720084E+06   7.42091883E+06   7.42091883E+06
   4.54000000E-02   7.43107594E+06   4.26768668E+06   4.26768668E+06   5.68999774E+06   7.13828476E+06   7.13828476E+06
   4.56000000E-02   7.15086705E+06   4.10184195E+06   4.10184195E+06   5.46209742E+06   6.86616843E+06   6.86616843E+06
   4.58000000E-02   6.88097344E+06   3.94237135E+06   3.94237135E+06   5.24314475E+06   6.60419044E+06   6.60419044E+06
   4.60000000E-02   6.62102739E+06   3.78903282E+06   3.78903282E+06   5.03279768E+06   6.35198452E+06   6.35198452E+06
   4.62000000E-02   6.37067368E+06   3.64159337E+06   3.64159337E+06   4.83072675E+06   6.10919703E+06   6.10919703E+06
   4.64000000E-02   6.12956926E+06   3.49982875E+06   3.49982875E+06   4.63661467E+06   5.87548662E+06   5.87548662E+06
   4.66000000E-02   5.89738280E+06   3.36352312E+06   3.36352312E+06   4.45015588E+06   5.65052379E+06   5.65052379E+06
   4.68000000E-02   5.67379432E+06   3.23246875E+06   3.23246875E+06   4.27105614E+06   5.43399052E+06   5.43399052E+06
   4.70000000E-02   5.45849489E+06   3.10646572E+06   3.10646572E+06   4.09903214E+06   5.22557990E+06   5.22557990E+06
   4.72000000E-02   5.25118618E+06   2.98532160E+06   2.98532160E+06   3.93381111E+06   5.02499573E+06   5.02499573E+06
   4.74000000E-02   5.05158018E+06   2.86885123E+06   2.86885123E+06   3.77513044E+06   4.83195222E+06   4.83195222E+06
   4.76000000E-02   4.85939885E+06   2.75687640E+06   2.75687640E+06   3.62273734E+06   4.64617361E+06   4.64617361E+06
   4.78000000E-02   4.67437380E+06   2.64922561E+06   2.64922561E+06   3.47638846E+06   4.46739383E+06   4.46739383E+06
   4.80000000E-02   4.49624596E+06   2.54573383E+06   2.54573383E+06   3.33584959E+06   4.29535622E+06   4.29535622E+06
   4.82000000E-02   4.32476527E+06   2.44624223E+06   2.44624223E+06   3.20089530E+06   4.12981316E+06   4.12981316E+06
   4.84000000E-02   4.15969041E+06   2.35059799E+06   2.35059799E+06   3.07130864E+06   3.97052584E+06   3.97052584E+06
   4.86000000E-02   4.00078849E+06   2.25865405E+06   2.25865405E+06   2.94688082E+06   3.81726388E+06   3.81726388E+06
   4.88000000E-02   3.84783479E+06   2.17026890E+06   2.17026890E+06   2.82741096E+06   3.66980511E+06   3.66980511E+06
   4.90000000E-02   3.70061246E+06   2.08530636E+06   2.08530636E+06   2.71270575E+06   3.52793526E+06   3.52793526E+06
   4.92000000E-02   3.55891229E+06   2.00363543E+06   2.00363543E+06   2.60257920E+06   3.39144771E+06   3.39144771E+06
   4.94000000E-02   3.42253243E+06   1.92513002E+06   1.92513002E+06   2.49685238E+06   3.26014323E+06   3.26014323E+06
   4.96000000E-02   3.29127816E+06   1.84966885E+06   1.84966885E+06   2.39535315E+06   3.13382971E+06   3.13382971E+06
   4.98000000E-02   3.16496164E+06   1.77713520E+06   1.77713520E+06   2.29791592E+06   3.01232193E+06   3.01232193E+06
   5.00000000E-02   3.04340168E+06   1.70741678E+06   1.70741678E+06   2.20438140E+06   2.89544134E+06   2.89544134E+06
   5.02000000E-02   2.92642354E+06   1.64040557E+06   1.64040557E+06   2.11459641E+06   2.78301580E+06   2.78301580E+06
   5.04000000E-02   2.81385866E+06   1.57599762E+06   1.57599762E+06   2.02841358E+06   2.67487937E+06   2.67487937E+06
   5.06000000E-02   2.70554450E+06   1.51409293E+06   1.51409293E+06   1.94569120E+06   2.57087213E+06   2.57087213E+06
   5.08000000E-02   2.60132432E+06   1.45459530E+06   1.45459530E+06   1.86629301E+06   2.47083990E+06   2.47083990E+06
   5.10000000E-02   2.50104695E+06   1.39741217E+06   1.39741217E+06   1.79008793E+06   2.37463412E+06   2.37463412E+06
   5.12000000E-02   2.40456668E+06   1.34245452E+06   1.34245452E+06   1.71694998E+06   2.28211161E+06   2.28211161E+06
   5.14000000E-02   2.31174297E+06   1.28963669E+06   1.28963669E+06   1.64675797E+06   2.19313437E+06   2.19313437E+06
   5.16000000E-02   2.22244035E+06   1.23887629E+06   1.23887629E+06   1.57939541E+06   2.10756947E+06   2.10756947E+06
   5.18000000E-02   2.13652822E+06   1.19009405E+06   1.19009405E+06   1.51475032E+06   2.02528877E+06   2.02528877E+06
   5.20000000E-02   2.05388068E+06   1.14321372E+06   1.14321372E+06   1.45271501E+06   1.94616884E+06   1.94616884E+06
   5.22000000E-02   1.97437636E+06   1.09816198E+06   1.09816198E+06   1.39318598E+06   1.87009076E+06   1.87009076E+06
   5.24000000E-02   1.89789828E+06   1.05486826E+06   1.05486826E+06   1.33606374E+06   1.79693996E+06   1.79693996E+06
   5.26000000E-02   1.82433371E+06   1.01326472E+06   1.01326472E+06   1.28125265E+06   1.72660605E+06   1.72660605E+06
   5.28000000E-02   1.75357396E+06   9.73286081E+05   9.73286081E+05   1.22866078E+06   1.65898272E+06   1.65898272E+06
   5.30000000E-02   1.68551433E+06   9.34869569E+05   9.34869569E+05   1.17819980E+06   1.59396755E+06   1.59396755E+06
   5.32000000E-02   1.62005388E+06   8.97954798E+05   8.97954798E+05   1.12978479E+06   1.53146190E+06   1.53146190E+06
   5.34000000E-02   1.55709538E+06   8.62483695E+05   8.62483695E+05   1.08333417E+06   1.47137077E+06   1.47137077E+06
   5.36000000E-02   1.49654511E+06   8.28400402E+05   8.28400402E+05   1.03876950E+06   1.41360264E+06   1.41360264E+06
   5.38000000E-02   1.43831278E+06   7.95651198E+05   7.95651198E+05   9.96015456E+05   1.35806941E+06   1.35806941E+06
   5.40000000E-02   1.38231141E+06   7.64184419E+05   7.64184419E+05   9.54999624E+05   1.30468621E+06   1.30468621E+06
   5.42000000E-02   1.32845719E+06   7.33950376E+05   7.33950376E+05   9.15652441E+05   1.25337132E+06   1.25337132E+06
   5.44000000E-02   1.27666936E+06   7.04901283E+05   7.04901283E+05   8.77907069E+05   1.20404608E+06   1.20404608E+06
   5.46000000E-02   1.22687016E+06   6.76991187E+05   6.76991187E+05   8.41699293E+05   1.15663470E+06   1.15663470E+06
   5.48000000E-02   1.17898466E+06   6.50175893E+05   6.50175893E+05   8.06967422E+05   1.11106426E+06   1.11106426E+06
   5.50000000E-02   1.13294069E+06   6.24412905E+05   6.24412905E+05   7.73652190E+05   1.06726452E+06   1.06726452E+06
   5.52000000E-02   1.08866873E+06   5.99661354E+05   5.99661354E+05   7.41696667E+05   1.02516787E+06   1.02516787E+06
   5.54000000E-02   1.04610183E+06   5.75881941E+05   5.75881941E+05   7.11046165E+05   9.84709238E+05   9.84709238E+05
   5.56000000E-02   1.00517551E+06   5.53036879E+05   5.53036879E+05   6.81648156E+05   9.45825959E+05   9.45825959E+05
   5.58000000E-02   9.65827672E+05   5.31089829E+05   5.31089829E+05   6.53452186E+05   9.08457726E+05   9.08457726E+05
   5.60000000E-02   9.27998506E+05   5.10005853E+05   5.10005853E+05   6.26409795E+05   8.72546490E+05   8.72546490E+05
   5.62000000E-02   8.91630426E+05   4.89751353E+05   4.89751353E+05   6.00474444E+05   8.38036376E+05   8.38036376E+05
   5.64000000E-02   8.56667978E+05   4.70294028E+05   4.70294028E+05   5.75601436E+05   8.04873607E+05   8.04873607E+05
   5.66000000E-02   8.23057764E+05   4.51602818E+05   4.51602818E+05   5.51747846E+05   7.73006428E+05   7.73006428E+05
   5.68000000E-02   7.90748374E+05   4.33647860E+05   4.33647860E+05   5.28872454E+05   7.42385030E+05   7.42385030E+05
   5.70000000E-02   7.59690306E+05   4.16400444E+05   4.16400444E+05   5.06935679E+05   7.12961479E+05   7.12961479E+05
   5.72000000E-02   7.29835905E+05   3.99832965E+05   3.99832965E+05   4.85899511E+05   6.84689651E+05   6.84689651E+05
   5.74000000E-02   7.01139289E+05   3.83918884E+05   3.83918884E+05   4.65727457E+05   6.57525159E+05   6.57525159E+05
   5.76000000E-02   6.73556292E+05   3.68632685E+05   3.68632685E+05   4.46384476E+05   6.31425296E+05   6.31425296E+05
   5.78000000E-02   6.47044394E+05   3.53949839E+05   3.53949839E+05   4.27836924E+05   6.06348967E+05   6.06348967E+05
   5.80000000E-02   6.21562669E+05   3.39846765E+05   3.39846765E+05   4.10052503E+05   5.82256635E+05   5.82256635E+05
   5.82000000E-02   5.97071721E+05   3.26300792E+05   3.26300792E+05   3.93000201E+05   5.59110261E+05   5.59110261E+05
   5.84000000E-02   5.73533630E+05   3.13290127E+05   3.13290127E+05   3.76650249E+05   5.36873248E+05   5.36873248E+05
   5.86000000E-02   5.50911900E+05   3.00793820E+05   3.00793820E+05   3.60974071E+05   5.15510388E+05   5.15510388E+05
   5.88000000E-02   5.29171403E+05   2.88791731E+05   2.88791731E+05   3.45944231E+05   4.94987812E+05   4.94987812E+05
   5.90000000E-02   5.08278336E+05   2.77264503E+05   2.77264503E+05   3.31534397E+05   4.75272939E+05   4.75272939E+05
   5.92000000E-02   4.88200162E+05   2.66193525E+05   2.66193525E+05   3.17719292E+05   4.56334428E+05   4.56334428E+05
   5.94000000E-02   4.68905575E+05   2.55560910E+05   2.55560910E+05   3.04474655E+05   4.38142134E+05   4.38142134E+05
   5.96000000E-02   4.50364445E+05   2.45349466E+05   2.45349466E+05   2.91777198E+05   4.20667060E+05   4.20667060E+05
   5.98000000E-02   4.32547780E+05   2.35542665E+05   2.35542665E+05   2.79604572E+05   4.03881318E+05   4.03881318E+05
   6.00000000E-02   4.15427686E+05   2.26124623E+05   2.26124623E+05   2.67935326E+05   3.87758083E+05   3.87758083E+05
   6.02000000E-02   3.98977319E+05   2.17080072E+05   2.17080072E+05   2.56748875E+05   3.72271558E+05   3.72271558E+05
   6.04000000E-02   3.83170853E+05   2.08394338E+05   2.08394338E+05   2.46025462E+05   3.57396934E+05   3.57396934E+05
   6.06000000E-02   3.67983441E+05   2.00053317E+05   2.00053317E+05   2.35746128E+05   3.43110352E+05   3.43110352E+05
   6.08000000E-02   3.53391177E+05   1.92043454E+05   1.92043454E+05   2.25892681E+05   3.29388867E+05   3.29388867E+05
   6.10000000E-02   3.39371061E+05   1.84351720E+05   1.84351720E+05   2.16447661E+05   3.16210415E+05   3.16210415E+05
   6.12000000E-02   3.25900969E+05   1.76965596E+05   1.76965596E+05   2.07394316E+05   3.03553780E+05   3.03553780E+05
   6.14000000E-02   3.12959615E+05   1.69873049E+05   1.69873049E+05   1.98716573E+05   2.91398562E+05   2.91398562E+05
   6.16000000E-02   3.00526525E+05   1.63062515E+05   1.63062515E+05   1.90399009E+05   2.79725146E+05   2.79725146E+05
   6.18000000E-02   2.88582003E+05   1.56522881E+05   1.56522881E+05   1.82426824E+05   2.68514670E+05   2.68514670E+05
   6.20000000E-02   2.77107106E+05   1.50243468E+05   1.50243468E+05   1.74785821E+05   2.57749002E+05   2.57749002E+05
   6.22000000E-02   2.66083610E+05   1.44214012E+05   1.44214012E+05   1.67462378E+05   2.47410707E+05   2.47410707E+05
   6.24000000E-02   2.55493989E+05   1.38424653E+05   1.38424653E+05   1.60443427E+05   2.37483025E+05   2.37483025E+05
   6.26000000E-02   2.45321386E+05   1.32865912E+05   1.32865912E+05   1.53716431E+05   2.27949842E+05   2.27949842E+05
   6.28000000E-02   2.35549588E+05   1.27528684E+05   1.27528684E+05   1.47269361E+05   2.18795667E+05   2.18795667E+05
   6.30000000E-02   2.26163003E+05   1.22404219E+05   1.22404219E+05   1.41090680E+05   2.10005609E+05   2.10005609E+05
   6.32000000E-02   2.17146637E+05   1.17484107E+05   1.17484107E+05   1.35169319E+05   2.01565353E+05   2.01565353E+05
   6.34000000E-02   2.08486068E+05   1.12760271E+05   1.12760271E+05   1.29494662E+05   1.93461139E+05   1.93461139E+05
   6.36000000E-02   2.00167429E+05   1.08224946E+05   1.08224946E+05   1.24056523E+05   1.85679740E+05   1.85679740E+05
   6.38000000E-02   1.92177385E+05   1.03870675E+05   1.03870675E+05   1.18845135E+05   1.78208444E+05   1.78208444E+05
   6.40000000E-02   1.84503114E+05   9.96902911E+04   9.96902911E+04   1.13851128E+05   1.71035029E+05   1.71035029E+05
   6.42000000E-02   1.77132285E+05   9.56769082E+04   9.56769082E+04   1.09065514E+05   1.64147752E+05   1.64147752E+05
   6.44000000E-02   1.70053043E+05   9.18239111E+04   9.18239111E+04   1.04479673E+05   1.57535325E+05   1.57535325E+05
   6.46000000E-02   1.63253988E+05   8.81249438E+04   8.81249438E+04   1.00085339E+05   1.51186898E+05   1.51186898E+05
   6.48000000E-02   1.56724162E+05   8.45738999E+04   8.45738999E+04   9.58745832E+04   1.45092046E+05   1.45092046E+05
   6.50000000E-02   1.50453025E+05   8.11649128E+04   8.11649128E+04   9.18398007E+04   1.39240747E+05   1.39240747E+05
   6.52000000E-02   1.44430448E+05   7.78923461E+04   7.78923461E+04   8.79736994E+04   1.33623373E+05   1.33623373E+05
   6.54000000E-02   1.38646692E+05   7.47507855E+04   7.47507855E+04   8.42692858E+04   1.28230671E+05   1.28230671E+05
   6.56000000E-02   1.33092392E+05   7.17350290E+04   7.17350290E+04   8.07198534E+04   1.23053747E+05   1.23053747E+05
   6.58000000E-02   1.27758547E+05   6.88400797E+04   6.88400797E+04   7.73189709E+04   1.18084057E+05   1.18084057E+05
   6.60000000E-02   1.22636505E+05   6.60611371E+04   6.60611371E+04   7.40604711E+04   1.13313390E+05   1.13313390E+05
   6.62000000E-02   1.17717947E+05   6.33935899E+04   6.33935899E+04   7.09384402E+04   1.08733857E+05   1.08733857E+05
   6.64000000E-02   1.12994877E+05   6.08330082E+04   6.08330082E+04   6.79472079E+04   1.04337878E+05   1.04337878E+05
   6.66000000E-02   1.08459611E+05   5.83751368E+04   5.83751368E+04   6.50813367E+04   1.00118167E+05   1.00118167E+05
   6.68000000E-02   1.04104761E+05   5.60158883E+04   5.60158883E+04   6.23356133E+04   9.60677275E+04   9.60677275E+04
   6.70000000E-02   9.99232252E+04   5.37513364E+04   5.37513364E+04   5.97050388E+04   9.21798353E+04   9.21798353E+04
   6.72000000E-02   9.59081797E+04   5.15777097E+04   5.15777097E+04   5.71848206E+04   8.84480307E+04   8.84480307E+04
   6.74000000E-02   9.20530646E+04   4.94913859E+04   4.94913859E+04   5.47703634E+04   8.48661073E+04   8.48661073E+04
   6.76000000E-02   8.83515757E+04   4.74888855E+04   4.74888855E+04   5.24572616E+04   8.14281030E+04   8.14281030E+04
   6.78000000E-02   8.47976539E+04   4.55668665E+04   4.55668665E+04   5.02412914E+04   7.81282899E+04   7.81282899E+04
   6.80000000E-02   8.13854763E+04   4.37221189E+04   4.37221189E+04   4.81184034E+04   7.49611653E+04   7.49611653E+04
   6.82000000E-02   7.81094467E+04   4.19515599E+04   4.19515599E+04   4.60847154E+04   7.19214433E+04   7.19214433E+04
   6.84000000E-02   7.49641872E+04   4.02522283E+04   4.02522283E+04   4.41365058E+04   6.90040462E+04   6.90040462E+04
   6.86000000E-02   7.19445300E+04   3.86212803E+04   3.86212803E+04   4.22702068E+04   6.62040963E+04   6.62040963E+04
   6.88000000E-02   6.90455087E+04   3.70559847E+04   3.70559847E+04   4.04823983E+04   6.35169083E+04   6.35169083E+04
   6.90000000E-02   6.62623511E+04   3.55537181E+04   3.55537181E+04   3.87698017E+04   6.09379818E+04   6.09379818E+04
   6.92000000E-02   6.35904716E+04   3.41119615E+04   3.41119615E+04   3.71292741E+04   5.84629938E+04   5.84629938E+04
   6.94000000E-02   6.10254638E+04   3.27282954E+04   3.27282954E+04   3.55578029E+04   5.60877925E+04   5.60877925E+04
   6.96000000E-02   5.85630940E+04   3.14003964E+04   3.14003964E+04   3.40525005E+04   5.38083897E+04   5.38083897E+04
   6.98000000E-02   5.61992940E+04   3.01260332E+04   3.01260332E+04   3.26105988E+04   5.16209552E+04   5.16209552E+04
   7.00000000E-02   5.39301552E+04   2.89030630E+04   2.89030630E+04   3.12294447E+04   4.95218103E+04   4.95218103E+04
   7.02000000E-02   5.17519221E+04   2.77294282E+04   2.77294282E+04   2.99064952E+04   4.75074218E+04   4.75074218E+04
   7.04000000E-02   4.96609867E+04   2.66031527E+04   2.66031527E+04   2.86393129E+04   4.55743965E+04   4.55743965E+04
   7.06000000E-02   4.76538824E+04   2.55223390E+04   2.55223390E+04   2.74255615E+04   4.37194756E+04   4.37194756E+04
   7.08000000E-02   4.57272789E+04   2.44851652E+04   2.44851652E+04   2.62630021E+04   4.19395296E+04   4.19395296E+04
   7.10000000E-02   4.38779767E+04   2.34898814E+04   2.34898814E+04   2.51494887E+04   4.02315530E+04   4.02315530E+04
   7.12000000E-02   4.21029019E+04   2.25348077E+04   2.25348077E+04   2.40829646E+04   3.85926598E+04   3.85926598E+04
   7.14000000E-02   4.03991019E+04   2.16183309E+04   2.16183309E+04   2.30614587E+04   3.70200782E+04   3.70200782E+04
   7.16000000E-02   3.87637399E+04   2.07389019E+04   2.07389019E+04   2.20830819E+04   3.55111470E+04   3.55111470E+04
   7.18000000E-02   3.71940911E+04   1.98950334E+04   1.98950334E+04   2.11460239E+04   3.40633104E+04   3.40633104E+04
   7.20000000E-02   3.56875379E+04   1.90852973E+04   1.90852973E+04   2.02485498E+04   3.26741144E+04   3.26741144E+04
   7.22000000E-02   3.42415660E+04   1.83083224E+04   1.83083224E+04   1.93889970E+04   3.13412026E+04   3.13412026E+04
   7.24000000E-02   3.28537600E+04   1.75627923E+04   1.75627923E+04   1.85657721E+04   3.00623123E+04   3.00623123E+04
   7.26000000E-02   3.15218001E+04   1.68474428E+04   1.68474428E+04   1.77773483E+04   2.88352711E+04   2.88352711E+04
   7.28000000E-02   3.02434580E+04   1.61610604E+04   1.61610604E+04   1.70222627E+04   2.76579929E+04   2.76579929E+04
   7.30000000E-02   2.90165934E+04   1.55024799E+04   1.55024799E+04   1.62991131E+04   2.65284751E+04   2.65284751E+04
   7.32000000E-02   2.78391505E+04   1.48705825E+04   1.48705825E+04   1.56065560E+04   2.54447946E+04   2.54447946E+04
   7.34000000E-02   2.67091548E+04   1.42642944E+04   1.42642944E+04   1.49433043E+04   2.44051052E+04   2.44051052E+04
   7.36000000E-02   2.56247102E+04   1.36825844E+04   1.36825844E+04   1.43081243E+04   2.34076344E+04   2.34076344E+04
   7.38000000E-02   2.45839951E+04   1.31244627E+04   1.31244627E+04   1.36998341E+04   2.24506805E+04   2.24506805E+04
   7.40000000E-02   2.35852606E+04   1.25889788E+04   1.25889788E+04   1.31173012E+04   2.15326097E+04   2.15326097E+04
   7.42000000E-02   2.26268267E+04   1.20752206E+04   1.20752206E+04   1.25594405E+04   2.06518536E+04   2.06518536E+04
   7.44000000E-02   2.17070801E+04   1.15823121E+04   1.15823121E+04   1.20252122E+04   1.98069064E+04   1.98069064E+04
   7.46000000E-02   2.08244714E+04   1.11094127E+04   1.11094127E+04   1.15136203E+04   1.89963226E+04   1.89963226E+04
   7.48000000E-02   1.99775130E+04   1.06557152E+04   1.06557152E+04   1.10237103E+04   1.82187147E+04   1.82187147E+04
   7.50000000E-02   1.91647759E+04   1.02204448E+04   1.02204448E+04   1.05545677E+04   1.74727504E+04   1.74727504E+04
   7.52000000E-02   1.83848880E+04   9.80285776E+03   9.80285776E+03   1.01053165E+04   1.67571511E+04   1.67571511E+04
   7.54000000E-02   1.76365319E+04   9.40224017E+03   9.40224017E+03   9.67511719E+03   1.60706893E+04   1.60706893E+04
   7.56000000E-02   1.69184423E+04   9.01790668E+03   9.01790668E+03   9.26316567E+03   1.54121867E+04   1.54121867E+04
   7.58000000E-02   1.62294043E+04   8.64919946E+03   8.64919946E+03   8.86869150E+03   1.47805124E+04   1.47805124E+04
   7.60000000E-02   1.55682515E+04   8.29548704E+03   8.29548704E+03   8.49095660E+03   1.41745806E+04   1.41745806E+04
   7.62000000E-02   1.49338636E+04   7.95616331E+03   7.95616331E+03   8.12925385E+03   1.35933493E+04   1.35933493E+04
   7.64000000E-02   1.43251652E+04   7.63064649E+03   7.63064649E+03   7.78290585E+03   1.30358184E+04   1.30358184E+04
   7.66000000E-02   1.37411235E+04   7.31837815E+03   7.31837815E+03   7.45126366E+03   1.25010277E+04   1.25010277E+04
   7.68000000E-02   1.31807470E+04   7.01882230E+03   7.01882230E+03   7.13370560E+03   1.19880559E+04   1.19880559E+04
   7.70000000E-02   1.26430838E+04   6.73146449E+03   6.73146449E+03   6.82963614E+03   1.14960185E+04   1.14960185E+04
   7.72000000E-02   1.21272198E+04   6.45581093E+03   6.45581093E+03   6.53848479E+03   1.10240667E+04   1.10240667E+04
   7.74000000E-02   1.16322774E+04   6.19138770E+03   6.19138770E+03   6.25970504E+03   1.05713859E+04   1.05713859E+04
   7.76000000E-02   1.11574142E+04   5.93773995E+03   5.93773995E+03   5.99277340E+03   1.01371941E+04   1.01371941E+04
   7.78000000E-02   1.07018211E+04   5.69443109E+03   5.69443109E+03   5.73718840E+03   9.72074093E+03   9.72074093E+03
   7.80000000E-02   1.02647218E+04   5.46104215E+03   5.46104215E+03   5.49246968E+03   9.32130625E+03   9.32130625E+03
   7.82000000E-02   9.84537054E+03   5.23717100E+03   5.23717100E+03   5.25815713E+03   8.93819890E+03   8.93819890E+03
   7.84000000E-02   9.44305174E+03   5.02243171E+03   5.02243171E+03   5.03381000E+03   8.57075559E+03   8.57075559E+03
   7.86000000E-02   9.05707828E+03   4.81645389E+03   4.81645389E+03   4.81900612E+03   8.21833977E+03   8.21833977E+03
   7.88000000E-02   8.68679057E+03   4.61888209E+03   4.61888209E+03   4.61334112E+03   7.88034060E+03   7.88034060E+03
   7.90000000E-02   8.33155541E+03   4.42937517E+03   4.42937517E+03   4.41642769E+03   7.55617185E+03   7.55617185E+03
   7.92000000E-02   7.99076498E+03   4.24760576E+03   4.24760576E+03   4.22789482E+03   7.24527100E+03   7.24527100E+03
   7.94000000E-02   7.66383580E+03   4.07325969E+03   4.07325969E+03   4.04738719E+03   6.94709821E+03   6.94709821E+03
   7.96000000E-02   7.35020778E+03   3.90603547E+03   3.90603547E+03   3.87456444E+03   6.66113548E+03   6.66113548E+03
   7.98000000E-02   7.04934328E+03   3.74564377E+03   3.74564377E+03   3.70910061E+03   6.38688573E+03   6.38688573E+03
   8.00000000E-02   6.76072624E+03   3.59180694E+03   3.59180694E+03   3.55068347E+03   6.12387198E+03   6.12387198E+03
   8.02000000E-02   6.48386129E+03   3.44425854E+03   3.44425854E+03   3.39901400E+03   5.87163653E+03   5.87163653E+03
   8.04000000E-02   6.21827295E+03   3.30274291E+03   3.30274291E+03   3.25380580E+03   5.62974022E+03   5.62974022E+03
   8.06000000E-02   5.96350484E+03   3.16701471E+03   3.16701471E+03   3.11478457E+03   5.39776165E+03   5.39776165E+03
   8.08000000E-02   5.71911891E+03   3.03683851E+03   3.03683851E+03   2.98168760E+03   5.17529647E+03   5.17529647E+03
   8.10000000E-02   5.48469471E+03   2.91198841E+03   2.91198841E+03   2.85426330E+03   4.96195672E+03   4.96195672E+03
   8.12000000E-02   5.25982869E+03   2.79224763E+03   2.79224763E+03   2.73227070E+03   4.75737016E+03   4.75737016E+03
   8.14000000E-02   5.04413354E+03   2.67740818E+03   2.67740818E+03   2.61547904E+03   4.56117962E+03   4.56117962E+03
   8.16000000E-02   4.83723752E+03   2.56727047E+03   2.56727047E+03   2.50366731E+03   4.37304242E+03   4.37304242E+03
   8.18000000E-02   4.63878386E+03   2.46164301E+03   2.46164301E+03   2.39662385E+03   4.19262977E+03   4.19262977E+03
   8.20000000E-02   4.44843014E+03   2.36034204E+03   2.36034204E+03   2.29414598E+03   4.01962623E+03   4.01962623E+03
   8.22000000E-02   4.26584774E+03   2.26319124E+03   2.26319124E+03   2.19603956E+03   3.85372915E+03   3.85372915E+03
   8.24000000E-02   4.09072128E+03   2.17002147E+03   2.17002147E+03   2.10211871E+03   3.69464816E+03   3.69464816E+03
   8.26000000E-02   3.92274808E+03   2.08067041E+03   2.08067041E+03   2.01220541E+03   3.54210469E+03   3.54210469E+03
   8.28000000E-02   3.76163768E+03   1.99498232E+03   1.99498232E+03   1.92612917E+03   3.39583147E+03   3.39583147E+03
   8.30000000E-02   3.60711131E+03   1.91280779E+03   1.91280779E+03   1.84372673E+03   3.25557212E+03   3.25557212E+03
   8.32000000E-02   3.45890146E+03   1.83400347E+03   1.83400347E+03   1.76484177E+03   3.12108065E+03   3.12108065E+03
   8.34000000E-02   3.31675143E+03   1.75843182E+03   1.75843182E+03   1.68932457E+03   2.99212107E+03   2.99212107E+03
   8.36000000E-02   3.18041484E+03   1.68596087E+03   1.68596087E+03   1.61703177E+03   2.86846701E+03   2.86846701E+03
   8.38000000E-02   3.04965531E+03   1.61646403E+03   1.61646403E+03   1.54782608E+03   2.74990129E+03   2.74990129E+03
   8.40000000E-02   2.92424598E+03   1.54981983E+03   1.54981983E+03   1.48157606E+03   2.63621558E+03   2.63621558E+03
   8.42000000E-02   2.80396916E+03   1.48591175E+03   1.48591175E+03   1.41815580E+03   2.52721002E+03   2.52721002E+03
   8.44000000E-02   2.68861596E+03   1.42462798E+03   1.42462798E+03   1.35744479E+03   2.42269288E+03   2.42269288E+03
   8.46000000E-02   2.57798593E+03   1.36586128E+03   1.36586128E+03   1.29932759E+03   2.32248025E+03   2.32248025E+03
   8.48000000E-02   2.47188676E+03   1.30950876E+03   1.30950876E+03   1.24369368E+03   2.22639573E+03   2.22639573E+03
   8.50000000E-02   2.37013388E+03   1.25547170E+03   1.25547170E+03   1.19043724E+03   2.13427007E+03   2.13427007E+03
   8.52000000E-02   2.27255021E+03   1.20365542E+03   1.20365542E+03   1.13945692E+03   2.04594094E+03   2.04594094E+03
   8.54000000E-02   2.17896583E+03   1.15396906E+03   1.15396906E+03   1.09065570E+03   1.96125264E+03   1.96125264E+03
   8.56000000E-02   2.08921773E+03   1.10632548E+03   1.10632548E+03   1.04394067E+03   1.88005580E+03   1.88005580E+03
   8.58000000E-02   2.00314946E+03   1.06064108E+03   1.06064108E+03   9.99222871E+02   1.80220714E+03   1.80220714E+03
   8.60000000E-02   1.92061095E+03   1.01683567E+03   1.01683567E+03   9.56417122E+02   1.72756926E+03   1.72756926E+03
   8.62000000E-02   1.84145819E+03   9.74832309E+02   9.74832309E+02   9.15441867E+02   1.65601034E+03   1.65601034E+03
   8.64000000E-02   1.76555301E+03   9.34557204E+02   9.34557204E+02   8.76219015E+02   1.58740394E+03   1.58740394E+03
   8.66000000E-02   1.69276285E+03   8.95939564E+02   8.95939564E+02   8.38673799E+02   1.52162880E+03   1.52162880E+03
   8.68000000E-02   1.62296054E+03   8.58911482E+02   8.58911482E+02   8.02734630E+02   1.45856861E+03   1.45856861E+03
   8.70000000E-02   1.55602405E+03   8.23407820E+02   8.23407820E+02   7.68332964E+02   1.39811180E+03   1.39811180E+03
   8.72000000E-02   1.49183632E+03   7.89366095E+02   7.89366095E+02   7.35403175E+02   1.34015139E+03   1.34015139E+03
   8.74000000E-02   1.43028503E+03   7.56726374E+02   7.56726374E+02   7.03882429E+02   1.28458474E+03   1.28458474E+03
   8.76000000E-02   1.37126243E+03   7.25431165E+02   7.25431165E+02   6.73710567E+02   1.23131342E+03   1.23131342E+03
   8.78000000E-02   1.31466515E+03   6.95425326E+02   6.95425326E+02   6.44829990E+02   1.18024304E+03   1.18024304E+03
   8.80000000E-02   1.26039403E+03   6.66655962E+02   6.66655962E+02   6.17185553E+02   1.13128305E+03   1.13128305E+03
   8.82000000E-02   1.20835391E+03   6.39072340E+02   6.39072340E+02   5.90724459E+02   1.08434663E+03   1.08434663E+03
   8.84000000E-02   1.15845354E+03   6.12625797E+02   6.12625797E+02   5.65396158E+02   1.03935049E+03   1.03935049E+03
   8.86000000E-02   1.11060536E+03   5.87269657E+02   5.87269657E+02   5.41152256E+02   9.96214761E+02   9.96214761E+02
   8.88000000E-02   1.06472536E+03   5.62959151E+02   5.62959151E+02   5.17946419E+02   9.54862854E+02   9.54862854E+02
   8.90000000E-02   1.02073299E+03   5.39651340E+02   5.39651340E+02   4.95734287E+02   9.15221306E+02   9.15221306E+02
   8.92000000E-02   9.78550933E+02   5.17305039E+02   5.17305039E+02   4.74473393E+02   8.77219670E+02   8.77219670E+02
   8.94000000E-02   9.38105053E+02   4.95880747E+02   4.95880747E+02   4.54123079E+02   8.40790383E+02   8.40790383E+02
   8.96000000E-02   8.99324221E+02   4.75340579E+02   4.75340579E+02   4.34644419E+02   8.05868656E+02   8.05868656E+02
   8.98000000E-02   8.62140208E+02   4.55648198E+02   4.55648198E+02   4.16000148E+02   7.72392354E+02   7.72392354E+02
   9.00000000E-02   8.26487567E+02   4.36768754E+02   4.36768754E+02   3.98154591E+02   7.40301892E+02   7.40301892E+02
   9.02000000E-02   7.92303518E+02   4.18668822E+02   4.18668822E+02   3.81073593E+02   7.09540129E+02   7.09540129E+02
   9.04000000E-02   7.59527841E+02   4.01316347E+02   4.01316347E+02   3.64724456E+02   6.80052271E+02   6.80052271E+02
   9.06000000E-02   7.28102773E+02   3.84680585E+02   3.84680585E+02   3.49075878E+02   6.51785770E+02   6.51785770E+02
   9.08000000E-02   6.97972908E+02   3.68732050E+02   3.68732050E+02   3.34097893E+02   6.24690238E+02   6.24690238E+02
   9.10000000E-02   6.69085100E+02   3.53442464E+02   3.53442464E+02   3.19761812E+02   5.98717356E+02   5.98717356E+02
   9.12000000E-02   6.41388373E+02   3.38784709E+02   3.38784709E+02   3.06040173E+02   5.73820788E+02   5.73820788E+02
   9.14000000E-02   6.14833833E+02   3.24732776E+02   3.24732776E+02   2.92906682E+02   5.49956104E+02   5.49956104E+02
   9.16000000E-02   5.89374582E+02   3.11261723E+02   3.11261723E+02   2.80336173E+02   5.27080699E+02   5.27080699E+02
   9.18000000E-02   5.64965639E+02   2.98347629E+02   2.98347629E+02   2.68304551E+02   5.05153719E+02   5.05153719E+02
   9.20000000E-02   5.41563860E+02   2.85967555E+02   2.85967555E+02   2.56788751E+02   4.84135990E+02   4.84135990E+02
   9.22000000E-02   5.19127865E+02   2.74099503E+02   2.74099503E+02   2.45766692E+02   4.63989948E+02   4.63989948E+02
   9.24000000E-02   4.97617965E+02   2.62722375E+02   2.62722375E+02   2.35217239E+02   4.44679576E+02   4.44679576E+02
   9.26000000E-02   4.76996095E+02   2.51815942E+02   2.51815942E+02   2.25120156E+02   4.26170337E+02   4.26170337E+02
   9.28000000E-02   4.57225745E+02   2.41360802E+02   2.41360802E+02   2.15456074E+02   4.08429116E+02   4.08429116E+02
   9.30000000E-02   4.38271902E+02   2.31338350E+02   2.31338350E+02   2.06206452E+02   3.91424162E+02   3.91424162E+02
   9.32000000E-02   4.20100984E+02   2.21730746E+02   2.21730746E+02   1.97353541E+02   3.75125028E+02   3.75125028E+02
   9.34000000E-02   4.02680782E+02   2.12520881E+02   2.12520881E+02   1.88880349E+02   3.59502524E+02   3.59502524E+02
   9.36000000E-02   3.85980408E+02   2.03692350E+02   2.03692350E+02   1.80770612E+02   3.44528661E+02   3.44528661E+02
   9.38000000E-02   3.69970238E+02   1.95229420E+02   1.95229420E+02   1.73008761E+02   3.30176602E+02   3.30176602E+02
   9.40000000E-02   3.54621862E+02   1.87117007E+02   1.87117007E+02   1.65579893E+02   3.16420618E+02   3.16420618E+02
   9.42000000E-02   3.39908033E+02   1.79340644E+02   1.79340644E+02   1.58469740E+02   3.03236037E+02   3.03236037E+02
   9.44000000E-02   3.25802622E+02   1.71886460E+02   1.71886460E+02   1.51664648E+02   2.90599208E+02   2.90599208E+02
   9.46000000E-02   3.12280569E+02   1.64741155E+02   1.64741155E+02   1.45151544E+02   2.78487451E+02   2.78487451E+02
   9.48000000E-02   2.99317843E+02   1.57891974E+02   1.57891974E+02   1.38917916E+02   2.66879024E+02   2.66879024E+02
   9.50000000E-02   2.86891399E+02   1.51326688E+02   1.51326688E+02   1.32951785E+02   2.55753082E+02   2.55753082E+02
   9.52000000E-02   2.74979134E+02   1.45033570E+02   1.45033570E+02   1.27241686E+02   2.45089638E+02   2.45089638E+02
   9.54000000E-02   2.63559857E+02   1.39001378E+02   1.39001378E+02   1.21776646E+02   2.34869530E+02   2.34869530E+02
   9.56000000E-02   2.52613241E+02   1.33219328E+02   1.33219328E+02   1.16546158E+02   2.25074388E+02   2.25074388E+02
   9.58000000E-02   2.42119798E+02   1.27677084E+02   1.27677084E+02   1.11540169E+02   2.15686600E+02   2.15686600E+02
   9.60000000E-02   2.32060837E+02   1.22364733E+02   1.22364733E+02   1.06749052E+02   2.06689280E+02   2.06689280E+02
   9.62000000E-02   2.22418436E+02   1.17272773E+02   1.17272773E+02   1.02163594E+02   1.98066240E+02   1.98066240E+02
   9.64000000E-02   2.13175409E+02   1.12392089E+02   1.12392089E+02   9.77749783E+01   1.89801961E+02   1.89801961E+02
   9.66000000E-02   2.04315274E+02   1.07713945E+02   1.07713945E+02   9.35747623E+01   1.81881564E+02   1.81881564E+02
   9.68000000E-02   1.95822229E+02   1.03229964E+02   1.03229964E+02   8.95548669E+01   1.74290787E+02   1.74290787E+02
   9.70000000E-02   1.87681121E+02   9.89321138E+01   9.89321138E+01   8.57075584E+01   1.67015953E+02   1.67015953E+02
   9.72000000E-02   1.79877418E+02   9.48126928E+01   9.48126928E+01   8.20254344E+01   1.60043956E+02   1.60043956E+02
   9.74000000E-02   1.72397188E+02   9.08643178E+01   9.08643178E+01   7.85014095E+01   1.53362227E+02   1.53362227E+02
   9.76000000E-02   1.65227069E+02   8.70799094E+01   8.70799094E+01   7.51287018E+01   1.46958719E+02   1.46958719E+02
   9.78000000E-02   1.58354251E+02   8.34526804E+01   8.34526804E+01   7.19008201E+01   1.40821884E+02   1.40821884E+02
   9.80000000E-02   1.51766450E+02   7.99761234E+01   7.99761234E+01   6.88115509E+01   1.34940648E+02   1.34940648E+02
   9.82000000E-02   1.45451888E+02   7.66439994E+01   7.66439994E+01   6.58549472E+01   1.29304400E+02   1.29304400E+02
   9.84000000E-02   1.39399272E+02   7.34503268E+01   7.34503268E+01   6.30253167E+01   1.23902963E+02   1.23902963E+02
   9.86000000E-02   1.33597772E+02   7.03893710E+01   7.03893710E+01   6.03172111E+01   1.18726587E+02   1.18726587E+02
   9.88000000E-02   1.28037006E+02   6.74556339E+01   6.74556339E+01   5.77254156E+01   1.13765919E+02   1.13765919E+02
   9.90000000E-02   1.22707019E+02   6.46438444E+01   6.46438444E+01   5.52449388E+01   1.09011999E+02   1.09011999E+02
   9.92000000E-02   1.17598266E+02   6.19489491E+01   6.19489491E+01   5.28710033E+01   1.04456234E+02   1.04456234E+02
   9.94000000E-02   1.12701594E+02   5.93661031E+01   5.93661031E+01   5.05990365E+01   1.00090390E+02   1.00090390E+02
   9.96000000E-02   1.08008229E+02   5.68906617E+01   5.68906617E+01   4.84246617E+01   9.59065711E+01   9.59065711E+01
   9.98000000E-02   1.03509759E+02   5.45181722E+01   5.45181722E+01   4.63436899E+01   9.18972104E+01   9.18972104E+01
   1.00000000E-01   9.91981152E+01   5.22443656E+01   5.22443656E+01   4.43521118E+01   8.80550540E+01   8.80550540E+01