# TBinMid=4.00279 ssec TBinWidth=8.69483 ss EBinWidth=0.2MeV Fluence at Earth for this timebin in neutrinos per cm^2
# E(GeV)	NuE	NuMu	NuTau	aNuE	aNuMu	aNuTau
   1.38589050E-13   4.55704509E-01   5.39230144E-01   5.39230144E-01   1.02009410E-11   7.23922908E-11   7.23922908E-11
   2.00000000E-04   4.33280943E+06   4.29793689E+06   4.29793689E+06   4.48281919E+06   3.64318099E+06   3.64318099E+06
   4.00000000E-04   1.88638919E+07   1.87048978E+07   1.87048978E+07   1.95721832E+07   1.62520461E+07   1.62520461E+07
   6.00000000E-04   4.49895434E+07   4.48296890E+07   4.48296890E+07   4.55188633E+07   3.83673738E+07   3.83673738E+07
   8.00000000E-04   8.29295478E+07   8.30464514E+07   8.30464514E+07   8.17167774E+07   6.97227944E+07   6.97227944E+07
   1.00000000E-03   1.32370226E+08   1.33153197E+08   1.33153197E+08   1.27258631E+08   1.09739664E+08   1.09739664E+08
   1.20000000E-03   1.92678823E+08   1.94592528E+08   1.94592528E+08   1.81114960E+08   1.57689696E+08   1.57689696E+08
   1.40000000E-03   2.63018827E+08   2.66572396E+08   2.66572396E+08   2.42219503E+08   2.12774139E+08   2.12774139E+08
   1.60000000E-03   3.42424297E+08   3.48145475E+08   3.48145475E+08   3.09515861E+08   2.74168397E+08   2.74168397E+08
   1.80000000E-03   4.29852385E+08   4.38266366E+08   4.38266366E+08   3.81984509E+08   3.41049133E+08   3.41049133E+08
   2.00000000E-03   5.24222023E+08   5.35834486E+08   5.35834486E+08   4.58658619E+08   4.12611403E+08   4.12611403E+08
   2.20000000E-03   6.24442762E+08   6.39726562E+08   6.39726562E+08   5.38633033E+08   4.88079667E+08   4.88079667E+08
   2.40000000E-03   7.29436211E+08   7.48821184E+08   7.48821184E+08   6.21068841E+08   5.66714830E+08   5.66714830E+08
   2.60000000E-03   8.38151830E+08   8.62017215E+08   8.62017215E+08   7.05195058E+08   6.47818613E+08   6.47818613E+08
   2.80000000E-03   9.49578474E+08   9.78247511E+08   9.78247511E+08   7.90308367E+08   7.30736091E+08   7.30736091E+08
   3.00000000E-03   1.06275274E+09   1.09648912E+09   1.09648912E+09   8.75771552E+08   8.14856918E+08   8.14856918E+08
   3.20000000E-03   1.17676497E+09   1.21577085E+09   1.21577085E+09   9.61011081E+08   8.99615636E+08   8.99615636E+08
   3.40000000E-03   1.29076355E+09   1.33517891E+09   1.33517891E+09   1.04551412E+09   9.84491300E+08   9.84491300E+08
   3.60000000E-03   1.40395789E+09   1.45386110E+09   1.45386110E+09   1.12882520E+09   1.06900662E+09   1.06900662E+09
   3.80000000E-03   1.51562041E+09   1.57102980E+09   1.57102980E+09   1.21054275E+09   1.15272677E+09   1.15272677E+09
   4.00000000E-03   1.62508781E+09   1.68596414E+09   1.68596414E+09   1.29031548E+09   1.23525790E+09   1.23525790E+09
   4.20000000E-03   1.73176154E+09   1.79801125E+09   1.79801125E+09   1.36783884E+09   1.31624552E+09   1.31624552E+09
   4.40000000E-03   1.83510771E+09   1.90658680E+09   1.90658680E+09   1.44285150E+09   1.39537271E+09   1.39537271E+09
   4.60000000E-03   1.93465643E+09   2.01117483E+09   2.01117483E+09   1.51513196E+09   1.47235833E+09   1.47235833E+09
   4.80000000E-03   2.03000055E+09   2.11132693E+09   2.11132693E+09   1.58449533E+09   1.54695510E+09   1.54695510E+09
   5.00000000E-03   2.12079398E+09   2.20666074E+09   2.20666074E+09   1.65079013E+09   1.61894769E+09   1.61894769E+09
   5.20000000E-03   2.20674941E+09   2.29685792E+09   2.29685792E+09   1.71389545E+09   1.68815087E+09   1.68815087E+09
   5.40000000E-03   2.28763574E+09   2.38166154E+09   2.38166154E+09   1.77371809E+09   1.75440758E+09   1.75440758E+09
   5.60000000E-03   2.36327508E+09   2.46087300E+09   2.46087300E+09   1.83018996E+09   1.81758711E+09   1.81758711E+09
   5.80000000E-03   2.43353943E+09   2.53434864E+09   2.53434864E+09   1.88326567E+09   1.87758327E+09   1.87758327E+09
   6.00000000E-03   2.49834716E+09   2.60199594E+09   2.60199594E+09   1.93292024E+09   1.93431267E+09   1.93431267E+09
   6.20000000E-03   2.55765934E+09   2.66376958E+09   2.66376958E+09   1.97914695E+09   1.98771297E+09   1.98771297E+09
   6.40000000E-03   2.61147593E+09   2.71966727E+09   2.71966727E+09   2.02195541E+09   2.03774128E+09   2.03774128E+09
   6.60000000E-03   2.65983198E+09   2.76972565E+09   2.76972565E+09   2.06136972E+09   2.08437255E+09   2.08437255E+09
   6.80000000E-03   2.70279380E+09   2.81401602E+09   2.81401602E+09   2.09742681E+09   2.12759810E+09   2.12759810E+09
   7.00000000E-03   2.74045532E+09   2.85264031E+09   2.85264031E+09   2.13017486E+09   2.16742413E+09   2.16742413E+09
   7.20000000E-03   2.77293440E+09   2.88572703E+09   2.88572703E+09   2.15967191E+09   2.20387035E+09   2.20387035E+09
   7.40000000E-03   2.80036951E+09   2.91342749E+09   2.91342749E+09   2.18598453E+09   2.23696872E+09   2.23696872E+09
   7.60000000E-03   2.82291637E+09   2.93591218E+09   2.93591218E+09   2.20918663E+09   2.26676216E+09   2.26676216E+09
   7.80000000E-03   2.84074504E+09   2.95336735E+09   2.95336735E+09   2.22935837E+09   2.29330341E+09   2.29330341E+09
   8.00000000E-03   2.85403701E+09   2.96599191E+09   2.96599191E+09   2.24658517E+09   2.31665392E+09   2.31665392E+09
   8.20000000E-03   2.86298266E+09   2.97399451E+09   2.97399451E+09   2.26095679E+09   2.33688284E+09   2.33688284E+09
   8.40000000E-03   2.86777895E+09   2.97759095E+09   2.97759095E+09   2.27256649E+09   2.35406599E+09   2.35406599E+09
   8.60000000E-03   2.86862727E+09   2.97700180E+09   2.97700180E+09   2.28151031E+09   2.36828502E+09   2.36828502E+09
   8.80000000E-03   2.86573156E+09   2.97245030E+09   2.97245030E+09   2.28788639E+09   2.37962653E+09   2.37962653E+09
   9.00000000E-03   2.85929667E+09   2.96416051E+09   2.96416051E+09   2.29179434E+09   2.38818130E+09   2.38818130E+09
   9.20000000E-03   2.84952690E+09   2.95235569E+09   2.95235569E+09   2.29333472E+09   2.39404352E+09   2.39404352E+09
   9.40000000E-03   2.83662472E+09   2.93725687E+09   2.93725687E+09   2.29260850E+09   2.39731017E+09   2.39731017E+09
   9.60000000E-03   2.82078970E+09   2.91908168E+09   2.91908168E+09   2.28971668E+09   2.39808037E+09   2.39808037E+09
   9.80000000E-03   2.80221760E+09   2.89804332E+09   2.89804332E+09   2.28475986E+09   2.39645482E+09   2.39645482E+09
   1.00000000E-02   2.78109961E+09   2.87434974E+09   2.87434974E+09   2.27783788E+09   2.39253523E+09   2.39253523E+09
   1.02000000E-02   2.75762171E+09   2.84820292E+09   2.84820292E+09   2.26904957E+09   2.38642392E+09   2.38642392E+09
   1.04000000E-02   2.73196418E+09   2.81979836E+09   2.81979836E+09   2.25849241E+09   2.37822330E+09   2.37822330E+09
   1.06000000E-02   2.70430120E+09   2.78932465E+09   2.78932465E+09   2.24626233E+09   2.36803553E+09   2.36803553E+09
   1.08000000E-02   2.67480058E+09   2.75696313E+09   2.75696313E+09   2.23245352E+09   2.35596216E+09   2.35596216E+09
   1.10000000E-02   2.64362350E+09   2.72288773E+09   2.72288773E+09   2.21715821E+09   2.34210376E+09   2.34210376E+09
   1.12000000E-02   2.61092443E+09   2.68726476E+09   2.68726476E+09   2.20046655E+09   2.32655970E+09   2.32655970E+09
   1.14000000E-02   2.57685102E+09   2.65025291E+09   2.65025291E+09   2.18246649E+09   2.30942784E+09   2.30942784E+09
   1.16000000E-02   2.54154412E+09   2.61200324E+09   2.61200324E+09   2.16324364E+09   2.29080434E+09   2.29080434E+09
   1.18000000E-02   2.50513775E+09   2.57265919E+09   2.57265919E+09   2.14288121E+09   2.27078342E+09   2.27078342E+09
   1.20000000E-02   2.46775923E+09   2.53235672E+09   2.53235672E+09   2.12145995E+09   2.24945725E+09   2.24945725E+09
   1.22000000E-02   2.42952927E+09   2.49122442E+09   2.49122442E+09   2.09905808E+09   2.22691573E+09   2.22691573E+09
   1.24000000E-02   2.39056208E+09   2.44938367E+09   2.44938367E+09   2.07575124E+09   2.20324644E+09   2.20324644E+09
   1.26000000E-02   2.35096553E+09   2.40694884E+09   2.40694884E+09   2.05161250E+09   2.17853447E+09   2.17853447E+09
   1.28000000E-02   2.31084133E+09   2.36402746E+09   2.36402746E+09   2.02671232E+09   2.15286237E+09   2.15286237E+09
   1.30000000E-02   2.27028520E+09   2.32072047E+09   2.32072047E+09   2.00111857E+09   2.12631007E+09   2.12631007E+09
   1.32000000E-02   2.22938707E+09   2.27712242E+09   2.27712242E+09   1.97489650E+09   2.09895482E+09   2.09895482E+09
   1.34000000E-02   2.18823128E+09   2.23332173E+09   2.23332173E+09   1.94810881E+09   2.07087117E+09   2.07087117E+09
   1.36000000E-02   2.14689680E+09   2.18940092E+09   2.18940092E+09   1.92081562E+09   2.04213094E+09   2.04213094E+09
   1.38000000E-02   2.10545740E+09   2.14543683E+09   2.14543683E+09   1.89307454E+09   2.01280320E+09   2.01280320E+09
   1.40000000E-02   2.06398190E+09   2.10150088E+09   2.10150088E+09   1.86494066E+09   1.98295428E+09   1.98295428E+09
   1.42000000E-02   2.02253436E+09   2.05765934E+09   2.05765934E+09   1.83646664E+09   1.95264777E+09   1.95264777E+09
   1.44000000E-02   1.98117429E+09   2.01397350E+09   2.01397350E+09   1.80770273E+09   1.92194452E+09   1.92194452E+09
   1.46000000E-02   1.93995687E+09   1.97049996E+09   1.97049996E+09   1.77869681E+09   1.89090272E+09   1.89090272E+09
   1.48000000E-02   1.89893313E+09   1.92729084E+09   1.92729084E+09   1.74949445E+09   1.85957788E+09   1.85957788E+09
   1.50000000E-02   1.85815015E+09   1.88439400E+09   1.88439400E+09   1.72013897E+09   1.82802289E+09   1.82802289E+09
   1.52000000E-02   1.81765128E+09   1.84185327E+09   1.84185327E+09   1.69067150E+09   1.79628806E+09   1.79628806E+09
   1.54000000E-02   1.77747629E+09   1.79970866E+09   1.79970866E+09   1.66113100E+09   1.76442118E+09   1.76442118E+09
   1.56000000E-02   1.73766159E+09   1.75799654E+09   1.75799654E+09   1.63155439E+09   1.73246757E+09   1.73246757E+09
   1.58000000E-02   1.69824038E+09   1.71674990E+09   1.71674990E+09   1.60197652E+09   1.70047012E+09   1.70047012E+09
   1.60000000E-02   1.65924283E+09   1.67599845E+09   1.67599845E+09   1.57243033E+09   1.66846938E+09   1.66846938E+09
   1.62000000E-02   1.62069625E+09   1.63576890E+09   1.63576890E+09   1.54294682E+09   1.63650358E+09   1.63650358E+09
   1.64000000E-02   1.58262525E+09   1.59608507E+09   1.59608507E+09   1.51355517E+09   1.60460875E+09   1.60460875E+09
   1.66000000E-02   1.54505188E+09   1.55696809E+09   1.55696809E+09   1.48428280E+09   1.57281876E+09   1.57281876E+09
   1.68000000E-02   1.50799579E+09   1.51843658E+09   1.51843658E+09   1.45515539E+09   1.54116536E+09   1.54116536E+09
   1.70000000E-02   1.47147439E+09   1.48050674E+09   1.48050674E+09   1.42619698E+09   1.50967829E+09   1.50967829E+09
   1.72000000E-02   1.43550294E+09   1.44319259E+09   1.44319259E+09   1.39743003E+09   1.47838534E+09   1.47838534E+09
   1.74000000E-02   1.40009472E+09   1.40650605E+09   1.40650605E+09   1.36887546E+09   1.44731240E+09   1.44731240E+09
   1.76000000E-02   1.36526113E+09   1.37045708E+09   1.37045708E+09   1.34055271E+09   1.41648354E+09   1.41648354E+09
   1.78000000E-02   1.33101184E+09   1.33505384E+09   1.33505384E+09   1.31247982E+09   1.38592111E+09   1.38592111E+09
   1.80000000E-02   1.29735485E+09   1.30030280E+09   1.30030280E+09   1.28467348E+09   1.35564574E+09   1.35564574E+09
   1.82000000E-02   1.26429666E+09   1.26620885E+09   1.26620885E+09   1.25714905E+09   1.32567646E+09   1.32567646E+09
   1.84000000E-02   1.23184233E+09   1.23277542E+09   1.23277542E+09   1.22992069E+09   1.29603078E+09   1.29603078E+09
   1.86000000E-02   1.19999560E+09   1.20000458E+09   1.20000458E+09   1.20300134E+09   1.26672470E+09   1.26672470E+09
   1.88000000E-02   1.16875898E+09   1.16789717E+09   1.16789717E+09   1.17640281E+09   1.23777281E+09   1.23777281E+09
   1.90000000E-02   1.13813381E+09   1.13645283E+09   1.13645283E+09   1.15013582E+09   1.20918836E+09   1.20918836E+09
   1.92000000E-02   1.10812040E+09   1.10567017E+09   1.10567017E+09   1.12421007E+09   1.18098330E+09   1.18098330E+09
   1.94000000E-02   1.07871806E+09   1.07554679E+09   1.07554679E+09   1.09863426E+09   1.15316835E+09   1.15316835E+09
   1.96000000E-02   1.04992519E+09   1.04607941E+09   1.04607941E+09   1.07341615E+09   1.12575307E+09   1.12575307E+09
   1.98000000E-02   1.02173937E+09   1.01726389E+09   1.01726389E+09   1.04856262E+09   1.09874591E+09   1.09874591E+09
   2.00000000E-02   9.94157405E+08   9.89095384E+08   9.89095384E+08   1.02407967E+09   1.07215425E+09   1.07215425E+09
   2.02000000E-02   9.67175395E+08   9.61568318E+08   9.61568318E+08   9.99972536E+08   1.04598448E+09   1.04598448E+09
   2.04000000E-02   9.40788800E+08   9.34676517E+08   9.34676517E+08   9.76245656E+08   1.02024204E+09   1.02024204E+09
   2.06000000E-02   9.14992490E+08   9.08413235E+08   9.08413235E+08   9.52902759E+08   9.94931478E+08   9.94931478E+08
   2.08000000E-02   8.89780806E+08   8.82771223E+08   8.82771223E+08   9.29946888E+08   9.70056485E+08   9.70056485E+08
   2.10000000E-02   8.65147604E+08   8.57742777E+08   8.57742777E+08   9.07380436E+08   9.45619957E+08   9.45619957E+08
   2.12000000E-02   8.41086304E+08   8.33319788E+08   8.33319788E+08   8.85205187E+08   9.21624039E+08   9.21624039E+08
   2.14000000E-02   8.17589937E+08   8.09493788E+08   8.09493788E+08   8.63422349E+08   8.98070166E+08   8.98070166E+08
   2.16000000E-02   7.94651182E+08   7.86255996E+08   7.86255996E+08   8.42032586E+08   8.74959106E+08   8.74959106E+08
   2.18000000E-02   7.72262409E+08   7.63597354E+08   7.63597354E+08   8.21036053E+08   8.52291004E+08   8.52291004E+08
   2.20000000E-02   7.50415716E+08   7.41508569E+08   7.41508569E+08   8.00432428E+08   8.30065418E+08   8.30065418E+08
   2.22000000E-02   7.29102958E+08   7.19980144E+08   7.19980144E+08   7.80220935E+08   8.08281362E+08   8.08281362E+08
   2.24000000E-02   7.08315785E+08   6.99002414E+08   6.99002414E+08   7.60400384E+08   7.86937337E+08   7.86937337E+08
   2.26000000E-02   6.88045667E+08   6.78565573E+08   6.78565573E+08   7.40969186E+08   7.66031368E+08   7.66031368E+08
   2.28000000E-02   6.68283926E+08   6.58659707E+08   6.58659707E+08   7.21925389E+08   7.45561040E+08   7.45561040E+08
   2.30000000E-02   6.49021758E+08   6.39274813E+08   6.39274813E+08   7.03266699E+08   7.25523525E+08   7.25523525E+08
   2.32000000E-02   6.30250260E+08   6.20400830E+08   6.20400830E+08   6.84990505E+08   7.05915619E+08   7.05915619E+08
   2.34000000E-02   6.11960451E+08   6.02027658E+08   6.02027658E+08   6.67093900E+08   6.86733763E+08   6.86733763E+08
   2.36000000E-02   5.94143291E+08   5.84145177E+08   5.84145177E+08   6.49573706E+08   6.67974078E+08   6.67974078E+08
   2.38000000E-02   5.76789704E+08   5.66743269E+08   5.66743269E+08   6.32426495E+08   6.49632388E+08   6.49632388E+08
   2.40000000E-02   5.59890593E+08   5.49811833E+08   5.49811833E+08   6.15648606E+08   6.31704244E+08   6.31704244E+08
   2.42000000E-02   5.43436857E+08   5.33340802E+08   5.33340802E+08   5.99236166E+08   6.14184951E+08   6.14184951E+08
   2.44000000E-02   5.27419406E+08   5.17320159E+08   5.17320159E+08   5.83185109E+08   5.97069591E+08   5.97069591E+08
   2.46000000E-02   5.11829173E+08   5.01739946E+08   5.01739946E+08   5.67491192E+08   5.80353040E+08   5.80353040E+08
   2.48000000E-02   4.96657132E+08   4.86590279E+08   4.86590279E+08   5.52150012E+08   5.64029994E+08   5.64029994E+08
   2.50000000E-02   4.81894303E+08   4.71861359E+08   4.71861359E+08   5.37157021E+08   5.48094982E+08   5.48094982E+08
   2.52000000E-02   4.67531767E+08   4.57543481E+08   4.57543481E+08   5.22507543E+08   5.32542393E+08   5.32542393E+08
   2.54000000E-02   4.53560674E+08   4.43627044E+08   4.43627044E+08   5.08196785E+08   5.17366484E+08   5.17366484E+08
   2.56000000E-02   4.39972253E+08   4.30102556E+08   4.30102556E+08   4.94219851E+08   5.02561404E+08   5.02561404E+08
   2.58000000E-02   4.26757817E+08   4.16960645E+08   4.16960645E+08   4.80571757E+08   4.88121206E+08   4.88121206E+08
   2.60000000E-02   4.13908774E+08   4.04192062E+08   4.04192062E+08   4.67247441E+08   4.74039858E+08   4.74039858E+08
   2.62000000E-02   4.01416630E+08   3.91787690E+08   3.91787690E+08   4.54241775E+08   4.60311267E+08   4.60311267E+08
   2.64000000E-02   3.89272999E+08   3.79738545E+08   3.79738545E+08   4.41549574E+08   4.46929278E+08   4.46929278E+08
   2.66000000E-02   3.77469603E+08   3.68035783E+08   3.68035783E+08   4.29165608E+08   4.33887700E+08   4.33887700E+08
   2.68000000E-02   3.65998278E+08   3.56670701E+08   3.56670701E+08   4.17084611E+08   4.21180308E+08   4.21180308E+08
   2.70000000E-02   3.54850983E+08   3.45634744E+08   3.45634744E+08   4.05301290E+08   4.08800854E+08   4.08800854E+08
   2.72000000E-02   3.44019796E+08   3.34919505E+08   3.34919505E+08   3.93810332E+08   3.96743085E+08   3.96743085E+08
   2.74000000E-02   3.33496921E+08   3.24516727E+08   3.24516727E+08   3.82606415E+08   3.85000741E+08   3.85000741E+08
   2.76000000E-02   3.23274689E+08   3.14418303E+08   3.14418303E+08   3.71684210E+08   3.73567573E+08   3.73567573E+08
   2.78000000E-02   3.13345564E+08   3.04616284E+08   3.04616284E+08   3.61038395E+08   3.62437346E+08   3.62437346E+08
   2.80000000E-02   3.03702139E+08   2.95102869E+08   2.95102869E+08   3.50663656E+08   3.51603848E+08   3.51603848E+08
   2.82000000E-02   2.94337140E+08   2.85870418E+08   2.85870418E+08   3.40554693E+08   3.41060897E+08   3.41060897E+08
   2.84000000E-02   2.85243429E+08   2.76911441E+08   2.76911441E+08   3.30706229E+08   3.30802346E+08   3.30802346E+08
   2.86000000E-02   2.76414000E+08   2.68218605E+08   2.68218605E+08   3.21113015E+08   3.20822093E+08   3.20822093E+08
   2.88000000E-02   2.67841986E+08   2.59784732E+08   2.59784732E+08   3.11769830E+08   3.11114080E+08   3.11114080E+08
   2.90000000E-02   2.59520651E+08   2.51602796E+08   2.51602796E+08   3.02671492E+08   3.01672305E+08   3.01672305E+08
   2.92000000E-02   2.51443399E+08   2.43665926E+08   2.43665926E+08   2.93812856E+08   2.92490821E+08   2.92490821E+08
   2.94000000E-02   2.43603765E+08   2.35967402E+08   2.35967402E+08   2.85188824E+08   2.83563743E+08   2.83563743E+08
   2.96000000E-02   2.35995423E+08   2.28500654E+08   2.28500654E+08   2.76794344E+08   2.74885252E+08   2.74885252E+08
   2.98000000E-02   2.28612177E+08   2.21259264E+08   2.21259264E+08   2.68624413E+08   2.66449598E+08   2.66449598E+08
   3.00000000E-02   2.21447967E+08   2.14236961E+08   2.14236961E+08   2.60674084E+08   2.58251101E+08   2.58251101E+08
   3.02000000E-02   2.14496864E+08   2.07427619E+08   2.07427619E+08   2.52938465E+08   2.50284157E+08   2.50284157E+08
   3.04000000E-02   2.07753072E+08   2.00825259E+08   2.00825259E+08   2.45412723E+08   2.42543240E+08   2.42543240E+08
   3.06000000E-02   2.01210923E+08   1.94424043E+08   1.94424043E+08   2.38092086E+08   2.35022903E+08   2.35022903E+08
   3.08000000E-02   1.94864878E+08   1.88218276E+08   1.88218276E+08   2.30971845E+08   2.27717780E+08   2.27717780E+08
   3.10000000E-02   1.88709527E+08   1.82202399E+08   1.82202399E+08   2.24047354E+08   2.20622588E+08   2.20622588E+08
   3.12000000E-02   1.82739584E+08   1.76370994E+08   1.76370994E+08   2.17314037E+08   2.13732130E+08   2.13732130E+08
   3.14000000E-02   1.76949887E+08   1.70718773E+08   1.70718773E+08   2.10767381E+08   2.07041293E+08   2.07041293E+08
   3.16000000E-02   1.71335399E+08   1.65240584E+08   1.65240584E+08   2.04402945E+08   2.00545053E+08   2.00545053E+08
   3.18000000E-02   1.65891202E+08   1.59931404E+08   1.59931404E+08   1.98216357E+08   1.94238473E+08   1.94238473E+08
   3.20000000E-02   1.60612496E+08   1.54786339E+08   1.54786339E+08   1.92203316E+08   1.88116704E+08   1.88116704E+08
   3.22000000E-02   1.55494599E+08   1.49800618E+08   1.49800618E+08   1.86359591E+08   1.82174987E+08   1.82174987E+08
   3.24000000E-02   1.50532947E+08   1.44969596E+08   1.44969596E+08   1.80681025E+08   1.76408651E+08   1.76408651E+08
   3.26000000E-02   1.45723084E+08   1.40288748E+08   1.40288748E+08   1.75163532E+08   1.70813116E+08   1.70813116E+08
   3.28000000E-02   1.41060670E+08   1.35753669E+08   1.35753669E+08   1.69803100E+08   1.65383890E+08   1.65383890E+08
   3.30000000E-02   1.36541472E+08   1.31360068E+08   1.31360068E+08   1.64595789E+08   1.60116572E+08   1.60116572E+08
   3.32000000E-02   1.32161367E+08   1.27103769E+08   1.27103769E+08   1.59537734E+08   1.55006850E+08   1.55006850E+08
   3.34000000E-02   1.27916334E+08   1.22980708E+08   1.22980708E+08   1.54625140E+08   1.50050499E+08   1.50050499E+08
   3.36000000E-02   1.23802458E+08   1.18986930E+08   1.18986930E+08   1.49854287E+08   1.45243385E+08   1.45243385E+08
   3.38000000E-02   1.19815925E+08   1.15118588E+08   1.15118588E+08   1.45221529E+08   1.40581462E+08   1.40581462E+08
   3.40000000E-02   1.15953021E+08   1.11371936E+08   1.11371936E+08   1.40723290E+08   1.36060770E+08   1.36060770E+08
   3.42000000E-02   1.12210128E+08   1.07743334E+08   1.07743334E+08   1.36356068E+08   1.31677435E+08   1.31677435E+08
   3.44000000E-02   1.08583725E+08   1.04229241E+08   1.04229241E+08   1.32116433E+08   1.27427672E+08   1.27427672E+08
   3.46000000E-02   1.05070384E+08   1.00826212E+08   1.00826212E+08   1.28001025E+08   1.23307779E+08   1.23307779E+08
   3.48000000E-02   1.01666767E+08   9.75308996E+07   9.75308996E+07   1.24006557E+08   1.19314139E+08   1.19314139E+08
   3.50000000E-02   9.83696290E+07   9.43400486E+07   9.43400486E+07   1.20129809E+08   1.15443217E+08   1.15443217E+08
   3.52000000E-02   9.51758096E+07   9.12504950E+07   9.12504950E+07   1.16367634E+08   1.11691562E+08   1.11691562E+08
   3.54000000E-02   9.20822352E+07   8.82591634E+07   8.82591634E+07   1.12716952E+08   1.08055803E+08   1.08055803E+08
   3.56000000E-02   8.90859159E+07   8.53630654E+07   8.53630654E+07   1.09174752E+08   1.04532652E+08   1.04532652E+08
   3.58000000E-02   8.61839435E+07   8.25592971E+07   8.25592971E+07   1.05738090E+08   1.01118895E+08   1.01118895E+08
   3.60000000E-02   8.33734900E+07   7.98450372E+07   7.98450372E+07   1.02404088E+08   9.78114010E+07   9.78114010E+07
   3.62000000E-02   8.06518054E+07   7.72175447E+07   7.72175447E+07   9.91699355E+07   9.46071128E+07   9.46071128E+07
   3.64000000E-02   7.80162160E+07   7.46741572E+07   7.46741572E+07   9.60328857E+07   9.15030496E+07   9.15030496E+07
   3.66000000E-02   7.54641225E+07   7.22122889E+07   7.22122889E+07   9.29902560E+07   8.84963050E+07   8.84963050E+07
   3.68000000E-02   7.29929984E+07   6.98294284E+07   6.98294284E+07   9.00394269E+07   8.55840455E+07   8.55840455E+07
   3.70000000E-02   7.06003883E+07   6.75231371E+07   6.75231371E+07   8.71778411E+07   8.27635095E+07   8.27635095E+07
   3.72000000E-02   6.82839059E+07   6.52910470E+07   6.52910470E+07   8.44030026E+07   8.00320059E+07   8.00320059E+07
   3.74000000E-02   6.60412323E+07   6.31308593E+07   6.31308593E+07   8.17124756E+07   7.73869130E+07   7.73869130E+07
   3.76000000E-02   6.38701147E+07   6.10403421E+07   6.10403421E+07   7.91038835E+07   7.48256768E+07   7.48256768E+07
   3.78000000E-02   6.17683644E+07   5.90173290E+07   5.90173290E+07   7.65749080E+07   7.23458103E+07   7.23458103E+07
   3.80000000E-02   5.97338554E+07   5.70597173E+07   5.70597173E+07   7.41232881E+07   6.99448917E+07   6.99448917E+07
   3.82000000E-02   5.77645226E+07   5.51654662E+07   5.51654662E+07   7.17468191E+07   6.76205635E+07   6.76205635E+07
   3.84000000E-02   5.58583605E+07   5.33325953E+07   5.33325953E+07   6.94433515E+07   6.53705307E+07   6.53705307E+07
   3.86000000E-02   5.40134215E+07   5.15591829E+07   5.15591829E+07   6.72107901E+07   6.31925601E+07   6.31925601E+07
   3.88000000E-02   5.22278144E+07   4.98433642E+07   4.98433642E+07   6.50470928E+07   6.10844785E+07   6.10844785E+07
   3.90000000E-02   5.04997030E+07   4.81833302E+07   4.81833302E+07   6.29502700E+07   5.90441721E+07   5.90441721E+07
   3.92000000E-02   4.88273049E+07   4.65773259E+07   4.65773259E+07   6.09183829E+07   5.70695842E+07   5.70695842E+07
   3.94000000E-02   4.72088894E+07   4.50236487E+07   4.50236487E+07   5.89495433E+07   5.51587149E+07   5.51587149E+07
   3.96000000E-02   4.56427770E+07   4.35206473E+07   4.35206473E+07   5.70419118E+07   5.33096196E+07   5.33096196E+07
   3.98000000E-02   4.41273372E+07   4.20667199E+07   4.20667199E+07   5.51936975E+07   5.15204073E+07   5.15204073E+07
   4.00000000E-02   4.26609880E+07   4.06603132E+07   4.06603132E+07   5.34031565E+07   4.97892398E+07   4.97892398E+07
   4.02000000E-02   4.12421940E+07   3.92999207E+07   3.92999207E+07   5.16685911E+07   4.81143308E+07   4.81143308E+07
   4.04000000E-02   3.98694653E+07   3.79840818E+07   3.79840818E+07   4.99883489E+07   4.64939437E+07   4.64939437E+07
   4.06000000E-02   3.85413564E+07   3.67113799E+07   3.67113799E+07   4.83608217E+07   4.49263915E+07   4.49263915E+07
   4.08000000E-02   3.72564648E+07   3.54804419E+07   3.54804419E+07   4.67844444E+07   4.34100350E+07   4.34100350E+07
   4.10000000E-02   3.60134301E+07   3.42899362E+07   3.42899362E+07   4.52576945E+07   4.19432817E+07   4.19432817E+07
   4.12000000E-02   3.48109325E+07   3.31385721E+07   3.31385721E+07   4.37790907E+07   4.05245850E+07   4.05245850E+07
   4.14000000E-02   3.36476918E+07   3.20250986E+07   3.20250986E+07   4.23471922E+07   3.91524427E+07   3.91524427E+07
   4.16000000E-02   3.25224666E+07   3.09483027E+07   3.09483027E+07   4.09605975E+07   3.78253960E+07   3.78253960E+07
   4.18000000E-02   3.14340527E+07   2.99070090E+07   2.99070090E+07   3.96179441E+07   3.65420287E+07   3.65420287E+07
   4.20000000E-02   3.03812824E+07   2.89000782E+07   2.89000782E+07   3.83179068E+07   3.53009656E+07   3.53009656E+07
   4.22000000E-02   2.93630234E+07   2.79264061E+07   2.79264061E+07   3.70591976E+07   3.41008721E+07   3.41008721E+07
   4.24000000E-02   2.83781779E+07   2.69849229E+07   2.69849229E+07   3.58405640E+07   3.29404525E+07   3.29404525E+07
   4.26000000E-02   2.74256813E+07   2.60745916E+07   2.60745916E+07   3.46607890E+07   3.18184495E+07   3.18184495E+07
   4.28000000E-02   2.65045017E+07   2.51944076E+07   2.51944076E+07   3.35186895E+07   3.07336430E+07   3.07336430E+07
   4.30000000E-02   2.56136387E+07   2.43433975E+07   2.43433975E+07   3.24131161E+07   2.96848491E+07   2.96848491E+07
   4.32000000E-02   2.47521224E+07   2.35206182E+07   2.35206182E+07   3.13429517E+07   2.86709193E+07   2.86709193E+07
   4.34000000E-02   2.39190129E+07   2.27251562E+07   2.27251562E+07   3.03071112E+07   2.76907393E+07   2.76907393E+07
   4.36000000E-02   2.31133991E+07   2.19561261E+07   2.19561261E+07   2.93045405E+07   2.67432284E+07   2.67432284E+07
   4.38000000E-02   2.23343978E+07   2.12126707E+07   2.12126707E+07   2.83342154E+07   2.58273385E+07   2.58273385E+07
   4.40000000E-02   2.15811534E+07   2.04939594E+07   2.04939594E+07   2.73951415E+07   2.49420528E+07   2.49420528E+07
   4.42000000E-02   2.08528365E+07   1.97991878E+07   1.97991878E+07   2.64863529E+07   2.40863858E+07   2.40863858E+07
   4.44000000E-02   2.01486437E+07   1.91275767E+07   1.91275767E+07   2.56069117E+07   2.32593817E+07   2.32593817E+07
   4.46000000E-02   1.94677961E+07   1.84783716E+07   1.84783716E+07   2.47559074E+07   2.24601137E+07   2.24601137E+07
   4.48000000E-02   1.88095395E+07   1.78508417E+07   1.78508417E+07   2.39324557E+07   2.16876838E+07   2.16876838E+07
   4.50000000E-02   1.81731429E+07   1.72442793E+07   1.72442793E+07   2.31356985E+07   2.09412210E+07   2.09412210E+07
   4.52000000E-02   1.75578981E+07   1.66579992E+07   1.66579992E+07   2.23648026E+07   2.02198814E+07   2.02198814E+07
   4.54000000E-02   1.69631194E+07   1.60913377E+07   1.60913377E+07   2.16189594E+07   1.95228472E+07   1.95228472E+07
   4.56000000E-02   1.63881420E+07   1.55436524E+07   1.55436524E+07   2.08973843E+07   1.88493257E+07   1.88493257E+07
   4.58000000E-02   1.58323225E+07   1.50143211E+07   1.50143211E+07   2.01993156E+07   1.81985487E+07   1.81985487E+07
   4.60000000E-02   1.52950374E+07   1.45027416E+07   1.45027416E+07   1.95240145E+07   1.75697722E+07   1.75697722E+07
   4.62000000E-02   1.47756830E+07   1.40083308E+07   1.40083308E+07   1.88707640E+07   1.69622752E+07   1.69622752E+07
   4.64000000E-02   1.42736744E+07   1.35305243E+07   1.35305243E+07   1.82388686E+07   1.63753591E+07   1.63753591E+07
   4.66000000E-02   1.37884454E+07   1.30687756E+07   1.30687756E+07   1.76276534E+07   1.58083474E+07   1.58083474E+07
   4.68000000E-02   1.33194476E+07   1.26225557E+07   1.26225557E+07   1.70364640E+07   1.52605847E+07   1.52605847E+07
   4.70000000E-02   1.28661499E+07   1.21913526E+07   1.21913526E+07   1.64646655E+07   1.47314364E+07   1.47314364E+07
   4.72000000E-02   1.24280381E+07   1.17746708E+07   1.17746708E+07   1.59116422E+07   1.42202877E+07   1.42202877E+07
   4.74000000E-02   1.20046145E+07   1.13720307E+07   1.13720307E+07   1.53767971E+07   1.37265434E+07   1.37265434E+07
   4.76000000E-02   1.15953970E+07   1.09829679E+07   1.09829679E+07   1.48595511E+07   1.32496270E+07   1.32496270E+07
   4.78000000E-02   1.11999188E+07   1.06070333E+07   1.06070333E+07   1.43593428E+07   1.27889805E+07   1.27889805E+07
   4.80000000E-02   1.08177283E+07   1.02437920E+07   1.02437920E+07   1.38756279E+07   1.23440635E+07   1.23440635E+07
   4.82000000E-02   1.04483881E+07   9.89282329E+06   9.89282329E+06   1.34078786E+07   1.19143530E+07   1.19143530E+07
   4.84000000E-02   1.00914748E+07   9.55372004E+06   9.55372004E+06   1.29555833E+07   1.14993424E+07   1.14993424E+07
   4.86000000E-02   9.74657858E+06   9.22608824E+06   9.22608824E+06   1.25182462E+07   1.10985418E+07   1.10985418E+07
   4.88000000E-02   9.41330280E+06   8.90954670E+06   8.90954670E+06   1.20953866E+07   1.07114765E+07   1.07114765E+07
   4.90000000E-02   9.09126352E+06   8.60372656E+06   8.60372656E+06   1.16865385E+07   1.03376875E+07   1.03376875E+07
   4.92000000E-02   8.78008916E+06   8.30827095E+06   8.30827095E+06   1.12912505E+07   9.97673024E+06   9.97673024E+06
   4.94000000E-02   8.47942010E+06   8.02283461E+06   8.02283461E+06   1.09090850E+07   9.62817479E+06   9.62817479E+06
   4.96000000E-02   8.18890831E+06   7.74708349E+06   7.74708349E+06   1.05396180E+07   9.29160494E+06   9.29160494E+06
   4.98000000E-02   7.90821699E+06   7.48069444E+06   7.48069444E+06   1.01824386E+07   8.96661804E+06   8.96661804E+06
   5.00000000E-02   7.63702022E+06   7.22335485E+06   7.22335485E+06   9.83714884E+06   8.65282448E+06   8.65282448E+06
   5.02000000E-02   7.37500264E+06   6.97476230E+06   6.97476230E+06   9.50336298E+06   8.34984731E+06   8.34984731E+06
   5.04000000E-02   7.12185909E+06   6.73462428E+06   6.73462428E+06   9.18070741E+06   8.05732188E+06   8.05732188E+06
   5.06000000E-02   6.87729432E+06   6.50265783E+06   6.50265783E+06   8.86882019E+06   7.77489541E+06   7.77489541E+06
   5.08000000E-02   6.64102264E+06   6.27858924E+06   6.27858924E+06   8.56735071E+06   7.50222667E+06   7.50222667E+06
   5.10000000E-02   6.41276767E+06   6.06215382E+06   6.06215382E+06   8.27595938E+06   7.23898558E+06   7.23898558E+06
   5.12000000E-02   6.19226202E+06   5.85309551E+06   5.85309551E+06   7.99431729E+06   6.98485289E+06   6.98485289E+06
   5.14000000E-02   5.97924701E+06   5.65116671E+06   5.65116671E+06   7.72210588E+06   6.73951983E+06   6.73951983E+06
   5.16000000E-02   5.77347238E+06   5.45612793E+06   5.45612793E+06   7.45901664E+06   6.50268778E+06   6.50268778E+06
   5.18000000E-02   5.57469606E+06   5.26774756E+06   5.26774756E+06   7.20475084E+06   6.27406798E+06   6.27406798E+06
   5.20000000E-02   5.38268389E+06   5.08580164E+06   5.08580164E+06   6.95901917E+06   6.05338116E+06   6.05338116E+06
   5.22000000E-02   5.19720937E+06   4.91007358E+06   4.91007358E+06   6.72154153E+06   5.84035730E+06   5.84035730E+06
   5.24000000E-02   5.01805340E+06   4.74035393E+06   4.74035393E+06   6.49204670E+06   5.63473531E+06   5.63473531E+06
   5.26000000E-02   4.84500409E+06   4.57644018E+06   4.57644018E+06   6.27027209E+06   5.43626275E+06   5.43626275E+06
   5.28000000E-02   4.67785650E+06   4.41813650E+06   4.41813650E+06   6.05596348E+06   5.24469554E+06   5.24469554E+06
   5.30000000E-02   4.51641241E+06   4.26525354E+06   4.26525354E+06   5.84887477E+06   5.05979774E+06   5.05979774E+06
   5.32000000E-02   4.36048012E+06   4.11760823E+06   4.11760823E+06   5.64876772E+06   4.88134125E+06   4.88134125E+06
   5.34000000E-02   4.20987425E+06   3.97502356E+06   3.97502356E+06   5.45541173E+06   4.70910555E+06   4.70910555E+06
   5.36000000E-02   4.06441553E+06   3.83732840E+06   3.83732840E+06   5.26858357E+06   4.54287749E+06   4.54287749E+06
   5.38000000E-02   3.92393058E+06   3.70435729E+06   3.70435729E+06   5.08806719E+06   4.38245107E+06   4.38245107E+06
   5.40000000E-02   3.78825178E+06   3.57595030E+06   3.57595030E+06   4.91365351E+06   4.22762713E+06   4.22762713E+06
   5.42000000E-02   3.65721702E+06   3.45195277E+06   3.45195277E+06   4.74514013E+06   4.07821321E+06   4.07821321E+06
   5.44000000E-02   3.53066956E+06   3.33221523E+06   3.33221523E+06   4.58233123E+06   3.93402330E+06   3.93402330E+06
   5.46000000E-02   3.40845785E+06   3.21659317E+06   3.21659317E+06   4.42503728E+06   3.79487764E+06   3.79487764E+06
   5.48000000E-02   3.29043537E+06   3.10494690E+06   3.10494690E+06   4.27307489E+06   3.66060250E+06   3.66060250E+06
   5.50000000E-02   3.17646044E+06   2.99714141E+06   2.99714141E+06   4.12626660E+06   3.53103001E+06   3.53103001E+06
   5.52000000E-02   3.06639610E+06   2.89304617E+06   2.89304617E+06   3.98444072E+06   3.40599795E+06   3.40599795E+06
   5.54000000E-02   2.96010994E+06   2.79253504E+06   2.79253504E+06   3.84743111E+06   3.28534957E+06   3.28534957E+06
   5.56000000E-02   2.85747394E+06   2.69548607E+06   2.69548607E+06   3.71507704E+06   3.16893342E+06   3.16893342E+06
   5.58000000E-02   2.75836435E+06   2.60178141E+06   2.60178141E+06   3.58722302E+06   3.05660317E+06   3.05660317E+06
   5.60000000E-02   2.66266154E+06   2.51130717E+06   2.51130717E+06   3.46371861E+06   2.94821744E+06   2.94821744E+06
   5.62000000E-02   2.57024986E+06   2.42395325E+06   2.42395325E+06   3.34441829E+06   2.84363965E+06   2.84363965E+06
   5.64000000E-02   2.48101754E+06   2.33961326E+06   2.33961326E+06   3.22918128E+06   2.74273783E+06   2.74273783E+06
   5.66000000E-02   2.39485652E+06   2.25818437E+06   2.25818437E+06   3.11787142E+06   2.64538453E+06   2.64538453E+06
   5.68000000E-02   2.31166237E+06   2.17956723E+06   2.17956723E+06   3.01035699E+06   2.55145659E+06   2.55145659E+06
   5.70000000E-02   2.23133413E+06   2.10366581E+06   2.10366581E+06   2.90651061E+06   2.46083507E+06   2.46083507E+06
   5.72000000E-02   2.15377423E+06   2.03038730E+06   2.03038730E+06   2.80620904E+06   2.37340507E+06   2.37340507E+06
   5.74000000E-02   2.07888838E+06   1.95964205E+06   1.95964205E+06   2.70933314E+06   2.28905561E+06   2.28905561E+06
   5.76000000E-02   2.00658543E+06   1.89134339E+06   1.89134339E+06   2.61576764E+06   2.20767950E+06   2.20767950E+06
   5.78000000E-02   1.93677730E+06   1.82540761E+06   1.82540761E+06   2.52540110E+06   2.12917321E+06   2.12917321E+06
   5.80000000E-02   1.86937888E+06   1.76175379E+06   1.76175379E+06   2.43812573E+06   2.05343674E+06   2.05343674E+06
   5.82000000E-02   1.80430788E+06   1.70030377E+06   1.70030377E+06   2.35383730E+06   1.98037354E+06   1.98037354E+06
   5.84000000E-02   1.74148482E+06   1.64098201E+06   1.64098201E+06   2.27243504E+06   1.90989033E+06   1.90989033E+06
   5.86000000E-02   1.68083286E+06   1.58371553E+06   1.58371553E+06   2.19382149E+06   1.84189707E+06   1.84189707E+06
   5.88000000E-02   1.62227778E+06   1.52843383E+06   1.52843383E+06   2.11790242E+06   1.77630677E+06   1.77630677E+06
   5.90000000E-02   1.56574784E+06   1.47506878E+06   1.47506878E+06   2.04458672E+06   1.71303546E+06   1.71303546E+06
   5.92000000E-02   1.51117371E+06   1.42355457E+06   1.42355457E+06   1.97378632E+06   1.65200204E+06   1.65200204E+06
   5.94000000E-02   1.45848841E+06   1.37382760E+06   1.37382760E+06   1.90541604E+06   1.59312820E+06   1.59312820E+06
   5.96000000E-02   1.40762724E+06   1.32582646E+06   1.32582646E+06   1.83939355E+06   1.53633833E+06   1.53633833E+06
   5.98000000E-02   1.35852767E+06   1.27949179E+06   1.27949179E+06   1.77563926E+06   1.48155944E+06   1.48155944E+06
   6.00000000E-02   1.31112926E+06   1.23476626E+06   1.23476626E+06   1.71407622E+06   1.42872103E+06   1.42872103E+06
   6.02000000E-02   1.26537366E+06   1.19159450E+06   1.19159450E+06   1.65463005E+06   1.37775506E+06   1.37775506E+06
   6.04000000E-02   1.22120446E+06   1.14992300E+06   1.14992300E+06   1.59722884E+06   1.32859582E+06   1.32859582E+06
   6.06000000E-02   1.17856718E+06   1.10970009E+06   1.10970009E+06   1.54180309E+06   1.28117989E+06   1.28117989E+06
   6.08000000E-02   1.13740918E+06   1.07087583E+06   1.07087583E+06   1.48828562E+06   1.23544603E+06   1.23544603E+06
   6.10000000E-02   1.09767961E+06   1.03340202E+06   1.03340202E+06   1.43661149E+06   1.19133513E+06   1.19133513E+06
   6.12000000E-02   1.05932933E+06   9.97232066E+05   9.97232066E+05   1.38671793E+06   1.14879013E+06   1.14879013E+06
   6.14000000E-02   1.02231089E+06   9.62320986E+05   9.62320986E+05   1.33854428E+06   1.10775593E+06   1.10775593E+06
   6.16000000E-02   9.86578449E+05   9.28625322E+05   9.28625322E+05   1.29203192E+06   1.06817936E+06   1.06817936E+06
   6.18000000E-02   9.52087708E+05   8.96103101E+05   8.96103101E+05   1.24712418E+06   1.03000911E+06   1.03000911E+06
   6.20000000E-02   9.18795890E+05   8.64713783E+05   8.64713783E+05   1.20376631E+06   9.93195611E+05   9.93195611E+05
   6.22000000E-02   8.86661669E+05   8.34418213E+05   8.34418213E+05   1.16190536E+06   9.57691058E+05   9.57691058E+05
   6.24000000E-02   8.55645130E+05   8.05178577E+05   8.05178577E+05   1.12149022E+06   9.23449292E+05   9.23449292E+05
   6.26000000E-02   8.25707714E+05   7.76958350E+05   7.76958350E+05   1.08247145E+06   8.90425762E+05   8.90425762E+05
   6.28000000E-02   7.96812180E+05   7.49722260E+05   7.49722260E+05   1.04480130E+06   8.58577473E+05   8.58577473E+05
   6.30000000E-02   7.68922555E+05   7.23436241E+05   7.23436241E+05   1.00843361E+06   8.27862927E+05   8.27862927E+05
   6.32000000E-02   7.42004098E+05   6.98067396E+05   6.98067396E+05   9.73323809E+05   7.98242074E+05   7.98242074E+05
   6.34000000E-02   7.16023250E+05   6.73583953E+05   6.73583953E+05   9.39428796E+05   7.69676265E+05   7.69676265E+05
   6.36000000E-02   6.90947603E+05   6.49955230E+05   6.49955230E+05   9.06706941E+05   7.42128197E+05   7.42128197E+05
   6.38000000E-02   6.66745853E+05   6.27151599E+05   6.27151599E+05   8.75118020E+05   7.15561875E+05   7.15561875E+05
   6.40000000E-02   6.43387771E+05   6.05144446E+05   6.05144446E+05   8.44623169E+05   6.89942559E+05   6.89942559E+05
   6.42000000E-02   6.20844160E+05   5.83906144E+05   5.83906144E+05   8.15184838E+05   6.65236730E+05   6.65236730E+05
   6.44000000E-02   5.99086824E+05   5.63410010E+05   5.63410010E+05   7.86766750E+05   6.41412038E+05   6.41412038E+05
   6.46000000E-02   5.78088533E+05   5.43630282E+05   5.43630282E+05   7.59333855E+05   6.18437269E+05   6.18437269E+05
   6.48000000E-02   5.57822990E+05   5.24542082E+05   5.24542082E+05   7.32852295E+05   5.96282303E+05   5.96282303E+05
   6.50000000E-02   5.38264801E+05   5.06121388E+05   5.06121388E+05   7.07289358E+05   5.74918076E+05   5.74918076E+05
   6.52000000E-02   5.19389442E+05   4.88345006E+05   4.88345006E+05   6.82613443E+05   5.54316544E+05   5.54316544E+05
   6.54000000E-02   5.01173231E+05   4.71190539E+05   4.71190539E+05   6.58794025E+05   5.34450649E+05   5.34450649E+05
   6.56000000E-02   4.83593302E+05   4.54636363E+05   4.54636363E+05   6.35801614E+05   5.15294283E+05   5.15294283E+05
   6.58000000E-02   4.66627571E+05   4.38661599E+05   4.38661599E+05   6.13607724E+05   4.96822256E+05   4.96822256E+05
   6.60000000E-02   4.50254717E+05   4.23246086E+05   4.23246086E+05   5.92184840E+05   4.79010262E+05   4.79010262E+05
   6.62000000E-02   4.34454149E+05   4.08370361E+05   4.08370361E+05   5.71506383E+05   4.61834854E+05   4.61834854E+05
   6.64000000E-02   4.19205987E+05   3.94015632E+05   3.94015632E+05   5.51546678E+05   4.45273408E+05   4.45273408E+05
   6.66000000E-02   4.04491034E+05   3.80163754E+05   3.80163754E+05   5.32280930E+05   4.29304097E+05   4.29304097E+05
   6.68000000E-02   3.90290756E+05   3.66797211E+05   3.66797211E+05   5.13685185E+05   4.13905864E+05   4.13905864E+05
   6.70000000E-02   3.76587255E+05   3.53899090E+05   3.53899090E+05   4.95736311E+05   3.99058394E+05   3.99058394E+05
   6.72000000E-02   3.63363252E+05   3.41453066E+05   3.41453066E+05   4.78411962E+05   3.84742089E+05   3.84742089E+05
   6.74000000E-02   3.50602064E+05   3.29443375E+05   3.29443375E+05   4.61690559E+05   3.70938042E+05   3.70938042E+05
   6.76000000E-02   3.38287583E+05   3.17854799E+05   3.17854799E+05   4.45551260E+05   3.57628014E+05   3.57628014E+05
   6.78000000E-02   3.26404256E+05   3.06672649E+05   3.06672649E+05   4.29973936E+05   3.44794410E+05   3.44794410E+05
   6.80000000E-02   3.14937068E+05   2.95882741E+05   2.95882741E+05   4.14939145E+05   3.32420257E+05   3.32420257E+05
   6.82000000E-02   3.03871524E+05   2.85471386E+05   2.85471386E+05   4.00428115E+05   3.20489182E+05   3.20489182E+05
   6.84000000E-02   2.93193629E+05   2.75425366E+05   2.75425366E+05   3.86422713E+05   3.08985391E+05   3.08985391E+05
   6.86000000E-02   2.82889870E+05   2.65731923E+05   2.65731923E+05   3.72905431E+05   2.97893649E+05   2.97893649E+05
   6.88000000E-02   2.72947205E+05   2.56378741E+05   2.56378741E+05   3.59859359E+05   2.87199261E+05   2.87199261E+05
   6.90000000E-02   2.63353040E+05   2.47353930E+05   2.47353930E+05   3.47268169E+05   2.76888050E+05   2.76888050E+05
   6.92000000E-02   2.54095218E+05   2.38646015E+05   2.38646015E+05   3.35116094E+05   2.66946344E+05   2.66946344E+05
   6.94000000E-02   2.45162005E+05   2.30243917E+05   2.30243917E+05   3.23387906E+05   2.57360953E+05   2.57360953E+05
   6.96000000E-02   2.36542070E+05   2.22136942E+05   2.22136942E+05   3.12068903E+05   2.48119158E+05   2.48119158E+05
   6.98000000E-02   2.28224476E+05   2.14314769E+05   2.14314769E+05   3.01144887E+05   2.39208688E+05   2.39208688E+05
   7.00000000E-02   2.20198667E+05   2.06767435E+05   2.06767435E+05   2.90602149E+05   2.30617708E+05   2.30617708E+05
   7.02000000E-02   2.12454451E+05   1.99485321E+05   1.99485321E+05   2.80427452E+05   2.22334804E+05   2.22334804E+05
   7.04000000E-02   2.04981990E+05   1.92459146E+05   1.92459146E+05   2.70608014E+05   2.14348967E+05   2.14348967E+05
   7.06000000E-02   1.97771788E+05   1.85679950E+05   1.85679950E+05   2.61131494E+05   2.06649579E+05   2.06649579E+05
   7.08000000E-02   1.90814678E+05   1.79139083E+05   1.79139083E+05   2.51985976E+05   1.99226398E+05   1.99226398E+05
   7.10000000E-02   1.84101811E+05   1.72828201E+05   1.72828201E+05   2.43159955E+05   1.92069549E+05   1.92069549E+05
   7.12000000E-02   1.77624646E+05   1.66739244E+05   1.66739244E+05   2.34642322E+05   1.85169504E+05   1.85169504E+05
   7.14000000E-02   1.71374940E+05   1.60864439E+05   1.60864439E+05   2.26422352E+05   1.78517078E+05   1.78517078E+05
   7.16000000E-02   1.65344734E+05   1.55196278E+05   1.55196278E+05   2.18489690E+05   1.72103410E+05   1.72103410E+05
   7.18000000E-02   1.59526348E+05   1.49727520E+05   1.49727520E+05   2.10834339E+05   1.65919956E+05   1.65919956E+05
   7.20000000E-02   1.53912367E+05   1.44451173E+05   1.44451173E+05   2.03446647E+05   1.59958475E+05   1.59958475E+05
   7.22000000E-02   1.48495637E+05   1.39360489E+05   1.39360489E+05   1.96317295E+05   1.54211020E+05   1.54211020E+05
   7.24000000E-02   1.43269249E+05   1.34448956E+05   1.34448956E+05   1.89437287E+05   1.48669926E+05   1.48669926E+05
   7.26000000E-02   1.38226539E+05   1.29710291E+05   1.29710291E+05   1.82797938E+05   1.43327804E+05   1.43327804E+05
   7.28000000E-02   1.33361072E+05   1.25138426E+05   1.25138426E+05   1.76390863E+05   1.38177525E+05   1.38177525E+05
   7.30000000E-02   1.28666638E+05   1.20727508E+05   1.20727508E+05   1.70207967E+05   1.33212217E+05   1.33212217E+05
   7.32000000E-02   1.24137243E+05   1.16471889E+05   1.16471889E+05   1.64241437E+05   1.28425251E+05   1.28425251E+05
   7.34000000E-02   1.19767103E+05   1.12366115E+05   1.12366115E+05   1.58483728E+05   1.23810235E+05   1.23810235E+05
   7.36000000E-02   1.15550635E+05   1.08404926E+05   1.08404926E+05   1.52927559E+05   1.19361007E+05   1.19361007E+05
   7.38000000E-02   1.11482451E+05   1.04583243E+05   1.04583243E+05   1.47565899E+05   1.15071621E+05   1.15071621E+05
   7.40000000E-02   1.07557350E+05   1.00896166E+05   1.00896166E+05   1.42391963E+05   1.10936347E+05   1.10936347E+05
   7.42000000E-02   1.03770314E+05   9.73389671E+04   9.73389671E+04   1.37399199E+05   1.06949658E+05   1.06949658E+05
   7.44000000E-02   1.00116500E+05   9.39070816E+04   9.39070816E+04   1.32581284E+05   1.03106225E+05   1.03106225E+05
   7.46000000E-02   9.65912323E+04   9.05961060E+04   9.05961060E+04   1.27932115E+05   9.94009085E+04   9.94009085E+04
   7.48000000E-02   9.31900004E+04   8.74017904E+04   8.74017904E+04   1.23445798E+05   9.58287533E+04   9.58287533E+04
   7.50000000E-02   8.99084507E+04   8.43200338E+04   8.43200338E+04   1.19116647E+05   9.23849814E+04   9.23849814E+04
   7.52000000E-02   8.67423817E+04   8.13468787E+04   8.13468787E+04   1.14939172E+05   8.90649855E+04   8.90649855E+04
   7.54000000E-02   8.36877388E+04   7.84785060E+04   7.84785060E+04   1.10908072E+05   8.58643230E+04   8.58643230E+04
   7.56000000E-02   8.07406091E+04   7.57112307E+04   7.57112307E+04   1.07018234E+05   8.27787104E+04   8.27787104E+04
   7.58000000E-02   7.78972167E+04   7.30414966E+04   7.30414966E+04   1.03264720E+05   7.98040172E+04   7.98040172E+04
   7.60000000E-02   7.51539175E+04   7.04658722E+04   7.04658722E+04   9.96427648E+04   7.69362610E+04   7.69362610E+04
   7.62000000E-02   7.25071952E+04   6.79810463E+04   6.79810463E+04   9.61477684E+04   7.41716017E+04   7.41716017E+04
   7.64000000E-02   6.99536564E+04   6.55838237E+04   6.55838237E+04   9.27752913E+04   7.15063369E+04   7.15063369E+04
   7.66000000E-02   6.74900264E+04   6.32711213E+04   6.32711213E+04   8.95210485E+04   6.89368965E+04   6.89368965E+04
   7.68000000E-02   6.51131452E+04   6.10399640E+04   6.10399640E+04   8.63809041E+04   6.64598386E+04   6.64598386E+04
   7.70000000E-02   6.28199635E+04   5.88874812E+04   5.88874812E+04   8.33508662E+04   6.40718443E+04   6.40718443E+04
   7.72000000E-02   6.06075388E+04   5.68109030E+04   5.68109030E+04   8.04270820E+04   6.17697138E+04   6.17697138E+04
   7.74000000E-02   5.84730316E+04   5.48075565E+04   5.48075565E+04   7.76058330E+04   5.95503619E+04   5.95503619E+04
   7.76000000E-02   5.64137020E+04   5.28748630E+04   5.28748630E+04   7.48835302E+04   5.74108140E+04   5.74108140E+04
   7.78000000E-02   5.44269061E+04   5.10103339E+04   5.10103339E+04   7.22567098E+04   5.53482021E+04   5.53482021E+04
   7.80000000E-02   5.25100926E+04   4.92115682E+04   4.92115682E+04   6.97220287E+04   5.33597611E+04   5.33597611E+04
   7.82000000E-02   5.06607997E+04   4.74762492E+04   4.74762492E+04   6.72762605E+04   5.14428250E+04   5.14428250E+04
   7.84000000E-02   4.88766519E+04   4.58021416E+04   4.58021416E+04   6.49162912E+04   4.95948234E+04   4.95948234E+04
   7.86000000E-02   4.71553572E+04   4.41870885E+04   4.41870885E+04   6.26391158E+04   4.78132781E+04   4.78132781E+04
   7.88000000E-02   4.54947038E+04   4.26290090E+04   4.26290090E+04   6.04418337E+04   4.60958000E+04   4.60958000E+04
   7.90000000E-02   4.38925575E+04   4.11258951E+04   4.11258951E+04   5.83216459E+04   4.44400855E+04   4.44400855E+04
   7.92000000E-02   4.23468591E+04   3.96758095E+04   3.96758095E+04   5.62758510E+04   4.28439137E+04   4.28439137E+04
   7.94000000E-02   4.08556218E+04   3.82768830E+04   3.82768830E+04   5.43018421E+04   4.13051436E+04   4.13051436E+04
   7.96000000E-02   3.94169281E+04   3.69273121E+04   3.69273121E+04   5.23971031E+04   3.98217109E+04   3.98217109E+04
   7.98000000E-02   3.80289284E+04   3.56253568E+04   3.56253568E+04   5.05592061E+04   3.83916254E+04   3.83916254E+04
   8.00000000E-02   3.66898376E+04   3.43693382E+04   3.43693382E+04   4.87858078E+04   3.70129685E+04   3.70129685E+04
   8.02000000E-02   3.53979336E+04   3.31576364E+04   3.31576364E+04   4.70746470E+04   3.56838903E+04   3.56838903E+04
   8.04000000E-02   3.41515546E+04   3.19886888E+04   3.19886888E+04   4.54235414E+04   3.44026076E+04   3.44026076E+04
   8.06000000E-02   3.29490973E+04   3.08609874E+04   3.08609874E+04   4.38303850E+04   3.31674011E+04   3.31674011E+04
   8.08000000E-02   3.17890147E+04   2.97730776E+04   2.97730776E+04   4.22931457E+04   3.19766133E+04   3.19766133E+04
   8.10000000E-02   3.06698141E+04   2.87235557E+04   2.87235557E+04   4.08098622E+04   3.08286462E+04   3.08286462E+04
   8.12000000E-02   2.95900555E+04   2.77110677E+04   2.77110677E+04   3.93786418E+04   2.97219593E+04   2.97219593E+04
   8.14000000E-02   2.85483494E+04   2.67343070E+04   2.67343070E+04   3.79976584E+04   2.86550674E+04   2.86550674E+04
   8.16000000E-02   2.75433549E+04   2.57920133E+04   2.57920133E+04   3.66651494E+04   2.76265389E+04   2.76265389E+04
   8.18000000E-02   2.65737787E+04   2.48829705E+04   2.48829705E+04   3.53794140E+04   2.66349933E+04   2.66349933E+04
   8.20000000E-02   2.56383727E+04   2.40060053E+04   2.40060053E+04   3.41388111E+04   2.56791000E+04   2.56791000E+04
   8.22000000E-02   2.47359328E+04   2.31599859E+04   2.31599859E+04   3.29417570E+04   2.47575761E+04   2.47575761E+04
   8.24000000E-02   2.38652973E+04   2.23438202E+04   2.23438202E+04   3.17867233E+04   2.38691850E+04   2.38691850E+04
   8.26000000E-02   2.30253451E+04   2.15564547E+04   2.15564547E+04   3.06722353E+04   2.30127344E+04   2.30127344E+04
   8.28000000E-02   2.22149950E+04   2.07968730E+04   2.07968730E+04   2.95968699E+04   2.21870749E+04   2.21870749E+04
   8.30000000E-02   2.14332036E+04   2.00640945E+04   2.00640945E+04   2.85592539E+04   2.13910986E+04   2.13910986E+04
   8.32000000E-02   2.06789641E+04   1.93571732E+04   1.93571732E+04   2.75580621E+04   2.06237372E+04   2.06237372E+04
   8.34000000E-02   1.99513054E+04   1.86751964E+04   1.86751964E+04   2.65920159E+04   1.98839609E+04   1.98839609E+04
   8.36000000E-02   1.92492905E+04   1.80172837E+04   1.80172837E+04   2.56598815E+04   1.91707772E+04   1.91707772E+04
   8.38000000E-02   1.85720153E+04   1.73825855E+04   1.73825855E+04   2.47604682E+04   1.84832291E+04   1.84832291E+04
   8.40000000E-02   1.79186076E+04   1.67702823E+04   1.67702823E+04   2.38926272E+04   1.78203939E+04   1.78203939E+04
   8.42000000E-02   1.72882260E+04   1.61795837E+04   1.61795837E+04   2.30552498E+04   1.71813823E+04   1.71813823E+04
   8.44000000E-02   1.66800586E+04   1.56097268E+04   1.56097268E+04   2.22472664E+04   1.65653370E+04   1.65653370E+04
   8.46000000E-02   1.60933222E+04   1.50599759E+04   1.50599759E+04   2.14676448E+04   1.59714315E+04   1.59714315E+04
   8.48000000E-02   1.55272611E+04   1.45296211E+04   1.45296211E+04   2.07153890E+04   1.53988691E+04   1.53988691E+04
   8.50000000E-02   1.49811463E+04   1.40179776E+04   1.40179776E+04   1.99895379E+04   1.48468816E+04   1.48468816E+04
   8.52000000E-02   1.44542744E+04   1.35243848E+04   1.35243848E+04   1.92891643E+04   1.43147286E+04   1.43147286E+04
   8.54000000E-02   1.39459670E+04   1.30482053E+04   1.30482053E+04   1.86133733E+04   1.38016964E+04   1.38016964E+04
   8.56000000E-02   1.34555693E+04   1.25888243E+04   1.25888243E+04   1.79613015E+04   1.33070969E+04   1.33070969E+04
   8.58000000E-02   1.29824498E+04   1.21456487E+04   1.21456487E+04   1.73321159E+04   1.28302668E+04   1.28302668E+04
   8.60000000E-02   1.25259992E+04   1.17181063E+04   1.17181063E+04   1.67250126E+04   1.23705666E+04   1.23705666E+04
   8.62000000E-02   1.20856297E+04   1.13056449E+04   1.13056449E+04   1.61392159E+04   1.19273800E+04   1.19273800E+04
   8.64000000E-02   1.16607741E+04   1.09077322E+04   1.09077322E+04   1.55739775E+04   1.15001126E+04   1.15001126E+04
   8.66000000E-02   1.12508853E+04   1.05238544E+04   1.05238544E+04   1.50285751E+04   1.10881918E+04   1.10881918E+04
   8.68000000E-02   1.08554355E+04   1.01535159E+04   1.01535159E+04   1.45023121E+04   1.06910652E+04   1.06910652E+04
   8.70000000E-02   1.04739155E+04   9.79623867E+03   9.79623867E+03   1.39945161E+04   1.03082006E+04   1.03082006E+04
   8.72000000E-02   1.01058341E+04   9.45156140E+03   9.45156140E+03   1.35045384E+04   9.93908487E+03   9.93908487E+03
   8.74000000E-02   9.75071723E+03   9.11903921E+03   9.11903921E+03   1.30317531E+04   9.58322328E+03   9.58322328E+03
   8.76000000E-02   9.40810774E+03   8.79824290E+03   8.79824290E+03   1.25755562E+04   9.24013898E+03   9.24013898E+03
   8.78000000E-02   9.07756452E+03   8.48875841E+03   8.48875841E+03   1.21353649E+04   8.90937230E+03   8.90937230E+03
   8.80000000E-02   8.75866204E+03   8.19018630E+03   8.19018630E+03   1.17106172E+04   8.59048010E+03   8.59048010E+03
   8.82000000E-02   8.45098977E+03   7.90214125E+03   7.90214125E+03   1.13007703E+04   8.28303520E+03   8.28303520E+03
   8.84000000E-02   8.15415166E+03   7.62425155E+03   7.62425155E+03   1.09053009E+04   7.98662582E+03   7.98662582E+03
   8.86000000E-02   7.86776563E+03   7.35615861E+03   7.35615861E+03   1.05237039E+04   7.70085499E+03   7.70085499E+03
   8.88000000E-02   7.59146308E+03   7.09751651E+03   7.09751651E+03   1.01554920E+04   7.42534004E+03   7.42534004E+03
   8.90000000E-02   7.32488841E+03   6.84799155E+03   6.84799155E+03   9.80019501E+03   7.15971209E+03   7.15971209E+03
   8.92000000E-02   7.06769859E+03   6.60726182E+03   6.60726182E+03   9.45735921E+03   6.90361554E+03   6.90361554E+03
   8.94000000E-02   6.81956265E+03   6.37501677E+03   6.37501677E+03   9.12654689E+03   6.65670758E+03   6.65670758E+03
   8.96000000E-02   6.58016134E+03   6.15095685E+03   6.15095685E+03   8.80733569E+03   6.41865778E+03   6.41865778E+03
   8.98000000E-02   6.34918663E+03   5.93479305E+03   5.93479305E+03   8.49931812E+03   6.18914757E+03   6.18914757E+03
   9.00000000E-02   6.12634141E+03   5.72624662E+03   5.72624662E+03   8.20210097E+03   5.96786988E+03   5.96786988E+03
   9.02000000E-02   5.91133900E+03   5.52504861E+03   5.52504861E+03   7.91530488E+03   5.75452870E+03   5.75452870E+03
   9.04000000E-02   5.70390289E+03   5.33093961E+03   5.33093961E+03   7.63856383E+03   5.54883865E+03   5.54883865E+03
   9.06000000E-02   5.50376628E+03   5.14366936E+03   5.14366936E+03   7.37152462E+03   5.35052466E+03   5.35052466E+03
   9.08000000E-02   5.31067180E+03   4.96299644E+03   4.96299644E+03   7.11384651E+03   5.15932154E+03   5.15932154E+03
   9.10000000E-02   5.12437119E+03   4.78868796E+03   4.78868796E+03   6.86520072E+03   4.97497367E+03   4.97497367E+03
   9.12000000E-02   4.94462491E+03   4.62051927E+03   4.62051927E+03   6.62527002E+03   4.79723463E+03   4.79723463E+03
   9.14000000E-02   4.77120190E+03   4.45827364E+03   4.45827364E+03   6.39374835E+03   4.62586686E+03   4.62586686E+03
   9.16000000E-02   4.60387924E+03   4.30174202E+03   4.30174202E+03   6.17034038E+03   4.46064137E+03   4.46064137E+03
   9.18000000E-02   4.44244189E+03   4.15072272E+03   4.15072272E+03   5.95476118E+03   4.30133740E+03   4.30133740E+03
   9.20000000E-02   4.28668238E+03   4.00502122E+03   4.00502122E+03   5.74673584E+03   4.14774215E+03   4.14774215E+03
   9.22000000E-02   4.13640059E+03   3.86444982E+03   3.86444982E+03   5.54599910E+03   3.99965049E+03   3.99965049E+03
   9.24000000E-02   3.99140342E+03   3.72882748E+03   3.72882748E+03   5.35229504E+03   3.85686465E+03   3.85686465E+03
   9.26000000E-02   3.85150464E+03   3.59797957E+03   3.59797957E+03   5.16537673E+03   3.71919400E+03   3.71919400E+03
   9.28000000E-02   3.71652454E+03   3.47173761E+03   3.47173761E+03   4.98500590E+03   3.58645477E+03   3.58645477E+03
   9.30000000E-02   3.58628979E+03   3.34993907E+03   3.34993907E+03   4.81095270E+03   3.45846980E+03   3.45846980E+03
   9.32000000E-02   3.46063316E+03   3.23242719E+03   3.23242719E+03   4.64299533E+03   3.33506831E+03   3.33506831E+03
   9.34000000E-02   3.33939332E+03   3.11905071E+03   3.11905071E+03   4.48091978E+03   3.21608567E+03   3.21608567E+03
   9.36000000E-02   3.22241464E+03   3.00966376E+03   3.00966376E+03   4.32451959E+03   3.10136318E+03   3.10136318E+03
   9.38000000E-02   3.10954697E+03   2.90412558E+03   2.90412558E+03   4.17359553E+03   2.99074784E+03   2.99074784E+03
   9.40000000E-02   3.00064548E+03   2.80230041E+03   2.80230041E+03   4.02795541E+03   2.88409217E+03   2.88409217E+03
   9.42000000E-02   2.89557044E+03   2.70405729E+03   2.70405729E+03   3.88741375E+03   2.78125399E+03   2.78125399E+03
   9.44000000E-02   2.79418705E+03   2.60926987E+03   2.60926987E+03   3.75179163E+03   2.68209624E+03   2.68209624E+03
   9.46000000E-02   2.69636526E+03   2.51781627E+03   2.51781627E+03   3.62091640E+03   2.58648678E+03   2.58648678E+03
   9.48000000E-02   2.60197962E+03   2.42957893E+03   2.42957893E+03   3.49462148E+03   2.49429825E+03   2.49429825E+03
   9.50000000E-02   2.51090911E+03   2.34444442E+03   2.34444442E+03   3.37274616E+03   2.40540786E+03   2.40540786E+03
   9.52000000E-02   2.42303696E+03   2.26230333E+03   2.26230333E+03   3.25513535E+03   2.31969722E+03   2.31969722E+03
   9.54000000E-02   2.33825054E+03   2.18305011E+03   2.18305011E+03   3.14163944E+03   2.23705224E+03   2.23705224E+03
   9.56000000E-02   2.25644120E+03   2.10658296E+03   2.10658296E+03   3.03211406E+03   2.15736290E+03   2.15736290E+03
   9.58000000E-02   2.17750409E+03   2.03280365E+03   2.03280365E+03   2.92641993E+03   2.08052315E+03   2.08052315E+03
   9.60000000E-02   2.10133809E+03   1.96161743E+03   1.96161743E+03   2.82442266E+03   2.00643076E+03   2.00643076E+03
   9.62000000E-02   2.02784564E+03   1.89293289E+03   1.89293289E+03   2.72599257E+03   1.93498717E+03   1.93498717E+03
   9.64000000E-02   1.95693263E+03   1.82666186E+03   1.82666186E+03   2.63100456E+03   1.86609737E+03   1.86609737E+03
   9.66000000E-02   1.88850824E+03   1.76271928E+03   1.76271928E+03   2.53933790E+03   1.79966975E+03   1.79966975E+03
   9.68000000E-02   1.82248488E+03   1.70102310E+03   1.70102310E+03   2.45087613E+03   1.73561603E+03   1.73561603E+03
   9.70000000E-02   1.75877805E+03   1.64149415E+03   1.64149415E+03   2.36550687E+03   1.67385107E+03   1.67385107E+03
   9.72000000E-02   1.69730622E+03   1.58405608E+03   1.58405608E+03   2.28312169E+03   1.61429282E+03   1.61429282E+03
   9.74000000E-02   1.63799074E+03   1.52863521E+03   1.52863521E+03   2.20361596E+03   1.55686215E+03   1.55686215E+03
   9.76000000E-02   1.58075574E+03   1.47516049E+03   1.47516049E+03   2.12688874E+03   1.50148279E+03   1.50148279E+03
   9.78000000E-02   1.52552801E+03   1.42356335E+03   1.42356335E+03   2.05284264E+03   1.44808123E+03   1.44808123E+03
   9.80000000E-02   1.47223694E+03   1.37377767E+03   1.37377767E+03   1.98138368E+03   1.39658657E+03   1.39658657E+03
   9.82000000E-02   1.42081440E+03   1.32573964E+03   1.32573964E+03   1.91242118E+03   1.34693048E+03   1.34693048E+03
   9.84000000E-02   1.37119466E+03   1.27938772E+03   1.27938772E+03   1.84586767E+03   1.29904708E+03   1.29904708E+03
   9.86000000E-02   1.32331432E+03   1.23466254E+03   1.23466254E+03   1.78163871E+03   1.25287285E+03   1.25287285E+03
   9.88000000E-02   1.27711220E+03   1.19150681E+03   1.19150681E+03   1.71965287E+03   1.20834657E+03   1.20834657E+03
   9.90000000E-02   1.23252929E+03   1.14986529E+03   1.14986529E+03   1.65983155E+03   1.16540920E+03   1.16540920E+03
   9.92000000E-02   1.18950866E+03   1.10968465E+03   1.10968465E+03   1.60209893E+03   1.12400384E+03   1.12400384E+03
   9.94000000E-02   1.14799537E+03   1.07091349E+03   1.07091349E+03   1.54638184E+03   1.08407563E+03   1.08407563E+03
   9.96000000E-02   1.10793644E+03   1.03350220E+03   1.03350220E+03   1.49260968E+03   1.04557166E+03   1.04557166E+03
   9.98000000E-02   1.06928074E+03   9.97402907E+02   9.97402907E+02   1.44071435E+03   1.00844095E+03   1.00844095E+03
   1.00000000E-01   1.03197895E+03   9.62569451E+02   9.62569451E+02   1.39063011E+03   9.72634334E+02   9.72634334E+02