# TBinMid=3.71519 ssec TBinWidth=7.77057 ss EBinWidth=0.2MeV Fluence at Earth for this timebin in neutrinos per cm^2
# E(GeV)	NuE	NuMu	NuTau	aNuE	aNuMu	aNuTau
   1.38589050E-13   4.83862735E+01   5.72549463E+01   5.72549463E+01   5.37990819E-07   9.43520450E-06   9.43520450E-06
   2.00000000E-04   2.41051907E+06   2.36279584E+06   2.36279584E+06   2.65109898E+06   2.23823704E+06   2.23823704E+06
   4.00000000E-04   1.16605918E+07   1.14884670E+07   1.14884670E+07   1.25105674E+07   1.06516049E+07   1.06516049E+07
   6.00000000E-04   2.93293529E+07   2.91101085E+07   2.91101085E+07   3.03188520E+07   2.60076340E+07   2.60076340E+07
   8.00000000E-04   5.58851942E+07   5.58179169E+07   5.58179169E+07   5.58872829E+07   4.82738814E+07   4.82738814E+07
   1.00000000E-03   9.12554967E+07   9.16310083E+07   9.16310083E+07   8.86521175E+07   7.70820508E+07   7.70820508E+07
   1.20000000E-03   1.35038881E+08   1.36212314E+08   1.36212314E+08   1.27870874E+08   1.11893392E+08   1.11893392E+08
   1.40000000E-03   1.86625822E+08   1.88992872E+08   1.88992872E+08   1.72722139E+08   1.52083233E+08   1.52083233E+08
   1.60000000E-03   2.45276313E+08   2.49253135E+08   2.49253135E+08   2.22363000E+08   1.96990115E+08   1.96990115E+08
   1.80000000E-03   3.10172821E+08   3.16179197E+08   3.16179197E+08   2.75963880E+08   2.45946158E+08   2.45946158E+08
   2.00000000E-03   3.80457385E+08   3.88902752E+08   3.88902752E+08   3.32729957E+08   2.98296347E+08   2.98296347E+08
   2.20000000E-03   4.55257967E+08   4.66529900E+08   4.66529900E+08   3.91914091E+08   3.53410824E+08   3.53410824E+08
   2.40000000E-03   5.33707348E+08   5.48162167E+08   5.48162167E+08   4.52824144E+08   4.10692589E+08   4.10692589E+08
   2.60000000E-03   6.14956815E+08   6.32912060E+08   6.32912060E+08   5.14826538E+08   4.69582085E+08   4.69582085E+08
   2.80000000E-03   6.98186235E+08   7.19914816E+08   7.19914816E+08   5.77347241E+08   5.29559642E+08   5.29559642E+08
   3.00000000E-03   7.82611615E+08   8.08337502E+08   8.08337502E+08   6.39871008E+08   5.90146435E+08   5.90146435E+08
   3.20000000E-03   8.67490905E+08   8.97386255E+08   8.97386255E+08   7.01939454E+08   6.50904417E+08   6.50904417E+08
   3.40000000E-03   9.52128526E+08   9.86312146E+08   9.86312146E+08   7.63148360E+08   7.11435519E+08   7.11435519E+08
   3.60000000E-03   1.03587891E+09   1.07441597E+09   1.07441597E+09   8.23144512E+08   7.71380385E+08   7.71380385E+08
   3.80000000E-03   1.11814922E+09   1.16105211E+09   1.16105211E+09   8.81622276E+08   8.30416765E+08   8.30416765E+08
   4.00000000E-03   1.19840133E+09   1.24563150E+09   1.24563150E+09   9.38320061E+08   8.88257716E+08   8.88257716E+08
   4.20000000E-03   1.27615303E+09   1.32762382E+09   1.32762382E+09   9.93016782E+08   9.44649675E+08   9.44649675E+08
   4.40000000E-03   1.35097861E+09   1.40655872E+09   1.40655872E+09   1.04552839E+09   9.99370478E+08   9.99370478E+08
   4.60000000E-03   1.42250868E+09   1.48202629E+09   1.48202629E+09   1.09570452E+09   1.05222737E+09   1.05222737E+09
   4.80000000E-03   1.49042934E+09   1.55367667E+09   1.55367667E+09   1.14342531E+09   1.10305503E+09   1.10305503E+09
   5.00000000E-03   1.55448071E+09   1.62121884E+09   1.62121884E+09   1.18859839E+09   1.15171364E+09   1.15171364E+09
   5.20000000E-03   1.61445489E+09   1.68441880E+09   1.68441880E+09   1.23115606E+09   1.19808701E+09   1.19808701E+09
   5.40000000E-03   1.67019341E+09   1.74309697E+09   1.74309697E+09   1.27105267E+09   1.24208077E+09   1.24208077E+09
   5.60000000E-03   1.72158429E+09   1.79712520E+09   1.79712520E+09   1.30826215E+09   1.28362067E+09   1.28362067E+09
   5.80000000E-03   1.76855872E+09   1.84642322E+09   1.84642322E+09   1.34277583E+09   1.32265089E+09   1.32265089E+09
   6.00000000E-03   1.81108749E+09   1.89095489E+09   1.89095489E+09   1.37460033E+09   1.35913250E+09   1.35913250E+09
   6.20000000E-03   1.84917736E+09   1.93072412E+09   1.93072412E+09   1.40375568E+09   1.39304197E+09   1.39304197E+09
   6.40000000E-03   1.88286723E+09   1.96577080E+09   1.96577080E+09   1.43027362E+09   1.42436975E+09   1.42436975E+09
   6.60000000E-03   1.91222446E+09   1.99616658E+09   1.99616658E+09   1.45419601E+09   1.45311899E+09   1.45311899E+09
   6.80000000E-03   1.93734107E+09   2.02201080E+09   2.02201080E+09   1.47557343E+09   1.47930424E+09   1.47930424E+09
   7.00000000E-03   1.95833032E+09   2.04342651E+09   2.04342651E+09   1.49446386E+09   1.50295031E+09   1.50295031E+09
   7.20000000E-03   1.97532319E+09   2.06055671E+09   2.06055671E+09   1.51093156E+09   1.52409119E+09   1.52409119E+09
   7.40000000E-03   1.98846531E+09   2.07356071E+09   2.07356071E+09   1.52504597E+09   1.54276899E+09   1.54276899E+09
   7.60000000E-03   1.99791392E+09   2.08261087E+09   2.08261087E+09   1.53688082E+09   1.55903299E+09   1.55903299E+09
   7.80000000E-03   2.00383526E+09   2.08788955E+09   2.08788955E+09   1.54651325E+09   1.57293876E+09   1.57293876E+09
   8.00000000E-03   2.00640202E+09   2.08958631E+09   2.08958631E+09   1.55402306E+09   1.58454733E+09   1.58454733E+09
   8.20000000E-03   2.00579123E+09   2.08789551E+09   2.08789551E+09   1.55949204E+09   1.59392440E+09   1.59392440E+09
   8.40000000E-03   2.00218227E+09   2.08301403E+09   2.08301403E+09   1.56300337E+09   1.60113964E+09   1.60113964E+09
   8.60000000E-03   1.99575520E+09   2.07513942E+09   2.07513942E+09   1.56464107E+09   1.60626603E+09   1.60626603E+09
   8.80000000E-03   1.98668924E+09   2.06446823E+09   2.06446823E+09   1.56448956E+09   1.60937924E+09   1.60937924E+09
   9.00000000E-03   1.97516156E+09   2.05119456E+09   2.05119456E+09   1.56263319E+09   1.61055705E+09   1.61055705E+09
   9.20000000E-03   1.96134619E+09   2.03550892E+09   2.03550892E+09   1.55915592E+09   1.60987890E+09   1.60987890E+09
   9.40000000E-03   1.94541314E+09   2.01759721E+09   2.01759721E+09   1.55414099E+09   1.60742532E+09   1.60742532E+09
   9.60000000E-03   1.92752772E+09   1.99763995E+09   1.99763995E+09   1.54767063E+09   1.60327759E+09   1.60327759E+09
   9.80000000E-03   1.90784992E+09   1.97581160E+09   1.97581160E+09   1.53982580E+09   1.59751729E+09   1.59751729E+09
   1.00000000E-02   1.88653400E+09   1.95228016E+09   1.95228016E+09   1.53068604E+09   1.59022596E+09   1.59022596E+09
   1.02000000E-02   1.86372814E+09   1.92720673E+09   1.92720673E+09   1.52032922E+09   1.58148480E+09   1.58148480E+09
   1.04000000E-02   1.83957427E+09   1.90074532E+09   1.90074532E+09   1.50883145E+09   1.57137432E+09   1.57137432E+09
   1.06000000E-02   1.81420785E+09   1.87304269E+09   1.87304269E+09   1.49626693E+09   1.55997416E+09   1.55997416E+09
   1.08000000E-02   1.78775786E+09   1.84423827E+09   1.84423827E+09   1.48270782E+09   1.54736280E+09   1.54736280E+09
   1.10000000E-02   1.76034677E+09   1.81446420E+09   1.81446420E+09   1.46822421E+09   1.53361738E+09   1.53361738E+09
   1.12000000E-02   1.73209059E+09   1.78384537E+09   1.78384537E+09   1.45288402E+09   1.51881350E+09   1.51881350E+09
   1.14000000E-02   1.70309895E+09   1.75249954E+09   1.75249954E+09   1.43675296E+09   1.50302510E+09   1.50302510E+09
   1.16000000E-02   1.67347524E+09   1.72053749E+09   1.72053749E+09   1.41989447E+09   1.48632430E+09   1.48632430E+09
   1.18000000E-02   1.64331674E+09   1.68806319E+09   1.68806319E+09   1.40236976E+09   1.46878128E+09   1.46878128E+09
   1.20000000E-02   1.61271478E+09   1.65517401E+09   1.65517401E+09   1.38423772E+09   1.45046420E+09   1.45046420E+09
   1.22000000E-02   1.58175498E+09   1.62196095E+09   1.62196095E+09   1.36555499E+09   1.43143910E+09   1.43143910E+09
   1.24000000E-02   1.55051740E+09   1.58850887E+09   1.58850887E+09   1.34637591E+09   1.41176986E+09   1.41176986E+09
   1.26000000E-02   1.51907674E+09   1.55489671E+09   1.55489671E+09   1.32675258E+09   1.39151813E+09   1.39151813E+09
   1.28000000E-02   1.48750262E+09   1.52119777E+09   1.52119777E+09   1.30673485E+09   1.37074332E+09   1.37074332E+09
   1.30000000E-02   1.45585972E+09   1.48747996E+09   1.48747996E+09   1.28637037E+09   1.34950255E+09   1.34950255E+09
   1.32000000E-02   1.42420804E+09   1.45380602E+09   1.45380602E+09   1.26570461E+09   1.32785062E+09   1.32785062E+09
   1.34000000E-02   1.39260311E+09   1.42023379E+09   1.42023379E+09   1.24478090E+09   1.30584007E+09   1.30584007E+09
   1.36000000E-02   1.36109619E+09   1.38681645E+09   1.38681645E+09   1.22364048E+09   1.28352112E+09   1.28352112E+09
   1.38000000E-02   1.32973450E+09   1.35360277E+09   1.35360277E+09   1.20232256E+09   1.26094172E+09   1.26094172E+09
   1.40000000E-02   1.29856142E+09   1.32063732E+09   1.32063732E+09   1.18086430E+09   1.23814758E+09   1.23814758E+09
   1.42000000E-02   1.26761665E+09   1.28796073E+09   1.28796073E+09   1.15930095E+09   1.21518215E+09   1.21518215E+09
   1.44000000E-02   1.23693648E+09   1.25560987E+09   1.25560987E+09   1.13766585E+09   1.19208670E+09   1.19208670E+09
   1.46000000E-02   1.20655392E+09   1.22361809E+09   1.22361809E+09   1.11599049E+09   1.16890034E+09   1.16890034E+09
   1.48000000E-02   1.17649888E+09   1.19201543E+09   1.19201543E+09   1.09430456E+09   1.14566006E+09   1.14566006E+09
   1.50000000E-02   1.14679839E+09   1.16082879E+09   1.16082879E+09   1.07263603E+09   1.12240080E+09   1.12240080E+09
   1.52000000E-02   1.11747674E+09   1.13008216E+09   1.13008216E+09   1.05101120E+09   1.09915547E+09   1.09915547E+09
   1.54000000E-02   1.08855563E+09   1.09979675E+09   1.09979675E+09   1.02945470E+09   1.07595500E+09   1.07595500E+09
   1.56000000E-02   1.06005434E+09   1.06999119E+09   1.06999119E+09   1.00798965E+09   1.05282842E+09   1.05282842E+09
   1.58000000E-02   1.03198989E+09   1.04068173E+09   1.04068173E+09   9.86637629E+08   1.02980293E+09   1.02980293E+09
   1.60000000E-02   1.00437718E+09   1.01188233E+09   1.01188233E+09   9.65418757E+08   1.00690390E+09   1.00690390E+09
   1.62000000E-02   9.77229080E+08   9.83604857E+08   9.83604857E+08   9.44351768E+08   9.84154996E+08   9.84154996E+08
   1.64000000E-02   9.50556637E+08   9.55859218E+08   9.55859218E+08   9.23454047E+08   9.61578182E+08   9.61578182E+08
   1.66000000E-02   9.24369138E+08   9.28653496E+08   9.28653496E+08   9.02741687E+08   9.39193827E+08   9.39193827E+08
   1.68000000E-02   8.98674254E+08   9.01994077E+08   9.01994077E+08   8.82229547E+08   9.17020741E+08   9.17020741E+08
   1.70000000E-02   8.73478144E+08   8.75885779E+08   8.75885779E+08   8.61931299E+08   8.95076243E+08   8.95076243E+08
   1.72000000E-02   8.48785569E+08   8.50331963E+08   8.50331963E+08   8.41859483E+08   8.73376223E+08   8.73376223E+08
   1.74000000E-02   8.24599986E+08   8.25334648E+08   8.25334648E+08   8.22025556E+08   8.51935199E+08   8.51935199E+08
   1.76000000E-02   8.00923646E+08   8.00894614E+08   8.00894614E+08   8.02439939E+08   8.30766378E+08   8.30766378E+08
   1.78000000E-02   7.77757690E+08   7.77011500E+08   7.77011500E+08   7.83112071E+08   8.09881716E+08   8.09881716E+08
   1.80000000E-02   7.55102229E+08   7.53683900E+08   7.53683900E+08   7.64050449E+08   7.89291976E+08   7.89291976E+08
   1.82000000E-02   7.32956427E+08   7.30909451E+08   7.30909451E+08   7.45262678E+08   7.69006782E+08   7.69006782E+08
   1.84000000E-02   7.11318580E+08   7.08684913E+08   7.08684913E+08   7.26755512E+08   7.49034677E+08   7.49034677E+08
   1.86000000E-02   6.90186189E+08   6.87006252E+08   6.87006252E+08   7.08534901E+08   7.29383179E+08   7.29383179E+08
   1.88000000E-02   6.69556026E+08   6.65868712E+08   6.65868712E+08   6.90606028E+08   7.10058829E+08   7.10058829E+08
   1.90000000E-02   6.49424201E+08   6.45266880E+08   6.45266880E+08   6.72973353E+08   6.91067248E+08   6.91067248E+08
   1.92000000E-02   6.29786223E+08   6.25194760E+08   6.25194760E+08   6.55640651E+08   6.72413185E+08   6.72413185E+08
   1.94000000E-02   6.10637055E+08   6.05645826E+08   6.05645826E+08   6.38611048E+08   6.54100565E+08   6.54100565E+08
   1.96000000E-02   5.91971170E+08   5.86613082E+08   5.86613082E+08   6.21887059E+08   6.36132537E+08   6.36132537E+08
   1.98000000E-02   5.73782601E+08   5.68089117E+08   5.68089117E+08   6.05470624E+08   6.18511520E+08   6.18511520E+08
   2.00000000E-02   5.56064988E+08   5.50066151E+08   5.50066151E+08   5.89363139E+08   6.01239248E+08   6.01239248E+08
   2.02000000E-02   5.38811623E+08   5.32536086E+08   5.32536086E+08   5.73565493E+08   5.84316810E+08   5.84316810E+08
   2.04000000E-02   5.22015491E+08   5.15490546E+08   5.15490546E+08   5.58078094E+08   5.67744692E+08   5.67744692E+08
   2.06000000E-02   5.05669306E+08   4.98920919E+08   4.98920919E+08   5.42900902E+08   5.51522819E+08   5.51522819E+08
   2.08000000E-02   4.89765554E+08   4.82818394E+08   4.82818394E+08   5.28033459E+08   5.35650589E+08   5.35650589E+08
   2.10000000E-02   4.74296518E+08   4.67173995E+08   4.67173995E+08   5.13474914E+08   5.20126910E+08   5.20126910E+08
   2.12000000E-02   4.59254317E+08   4.51978616E+08   4.51978616E+08   4.99224051E+08   5.04950238E+08   5.04950238E+08
   2.14000000E-02   4.44630928E+08   4.37223045E+08   4.37223045E+08   4.85279316E+08   4.90118607E+08   4.90118607E+08
   2.16000000E-02   4.30418220E+08   4.22897999E+08   4.22897999E+08   4.71638835E+08   4.75629662E+08   4.75629662E+08
   2.18000000E-02   4.16607973E+08   4.08994143E+08   4.08994143E+08   4.58300448E+08   4.61480690E+08   4.61480690E+08
   2.20000000E-02   4.03191904E+08   3.95502117E+08   3.95502117E+08   4.45261720E+08   4.47668648E+08   4.47668648E+08
   2.22000000E-02   3.90161687E+08   3.82412554E+08   3.82412554E+08   4.32519969E+08   4.34190189E+08   4.34190189E+08
   2.24000000E-02   3.77508974E+08   3.69716105E+08   3.69716105E+08   4.20072284E+08   4.21041694E+08   4.21041694E+08
   2.26000000E-02   3.65225412E+08   3.57403448E+08   3.57403448E+08   4.07915545E+08   4.08219289E+08   4.08219289E+08
   2.28000000E-02   3.53302659E+08   3.45465315E+08   3.45465315E+08   3.96046440E+08   3.95718876E+08   3.95718876E+08
   2.30000000E-02   3.41732400E+08   3.33892498E+08   3.33892498E+08   3.84461484E+08   3.83536151E+08   3.83536151E+08
   2.32000000E-02   3.30506360E+08   3.22675864E+08   3.22675864E+08   3.73157033E+08   3.71666626E+08   3.71666626E+08
   2.34000000E-02   3.19616317E+08   3.11806372E+08   3.11806372E+08   3.62129304E+08   3.60105650E+08   3.60105650E+08
   2.36000000E-02   3.09054113E+08   3.01275078E+08   3.01275078E+08   3.51374384E+08   3.48848428E+08   3.48848428E+08
   2.38000000E-02   2.98811665E+08   2.91073146E+08   2.91073146E+08   3.40888249E+08   3.37890039E+08   3.37890039E+08
   2.40000000E-02   2.88880975E+08   2.81191859E+08   2.81191859E+08   3.30666776E+08   3.27225450E+08   3.27225450E+08
   2.42000000E-02   2.79254133E+08   2.71622624E+08   2.71622624E+08   3.20705753E+08   3.16849537E+08   3.16849537E+08
   2.44000000E-02   2.69923332E+08   2.62356978E+08   2.62356978E+08   3.11000895E+08   3.06757095E+08   3.06757095E+08
   2.46000000E-02   2.60880870E+08   2.53386598E+08   2.53386598E+08   3.01547851E+08   2.96942857E+08   2.96942857E+08
   2.48000000E-02   2.52119156E+08   2.44703299E+08   2.44703299E+08   2.92342218E+08   2.87401501E+08   2.87401501E+08
   2.50000000E-02   2.43630717E+08   2.36299047E+08   2.36299047E+08   2.83379549E+08   2.78127668E+08   2.78127668E+08
   2.52000000E-02   2.35408199E+08   2.28165954E+08   2.28165954E+08   2.74655363E+08   2.69115970E+08   2.69115970E+08
   2.54000000E-02   2.27444376E+08   2.20296285E+08   2.20296285E+08   2.66165153E+08   2.60361002E+08   2.60361002E+08
   2.56000000E-02   2.19732148E+08   2.12682463E+08   2.12682463E+08   2.57904396E+08   2.51857352E+08   2.51857352E+08
   2.58000000E-02   2.12264547E+08   2.05317063E+08   2.05317063E+08   2.49868558E+08   2.43599609E+08   2.43599609E+08
   2.60000000E-02   2.05034737E+08   1.98192823E+08   1.98192823E+08   2.42053103E+08   2.35582374E+08   2.35582374E+08
   2.62000000E-02   1.98036018E+08   1.91302636E+08   1.91302636E+08   2.34453499E+08   2.27800266E+08   2.27800266E+08
   2.64000000E-02   1.91261825E+08   1.84639556E+08   1.84639556E+08   2.27065224E+08   2.20247929E+08   2.20247929E+08
   2.66000000E-02   1.84705731E+08   1.78196796E+08   1.78196796E+08   2.19883773E+08   2.12920041E+08   2.12920041E+08
   2.68000000E-02   1.78361446E+08   1.71967728E+08   1.71967728E+08   2.12904663E+08   2.05811318E+08   2.05811318E+08
   2.70000000E-02   1.72222817E+08   1.65945883E+08   1.65945883E+08   2.06123437E+08   1.98916522E+08   1.98916522E+08
   2.72000000E-02   1.66283831E+08   1.60124948E+08   1.60124948E+08   1.99535668E+08   1.92230462E+08   1.92230462E+08
   2.74000000E-02   1.60538611E+08   1.54498768E+08   1.54498768E+08   1.93136965E+08   1.85748003E+08   1.85748003E+08
   2.76000000E-02   1.54981417E+08   1.49061343E+08   1.49061343E+08   1.86922977E+08   1.79464071E+08   1.79464071E+08
   2.78000000E-02   1.49606646E+08   1.43806825E+08   1.43806825E+08   1.80889395E+08   1.73373650E+08   1.73373650E+08
   2.80000000E-02   1.44408828E+08   1.38729519E+08   1.38729519E+08   1.75031956E+08   1.67471796E+08   1.67471796E+08
   2.82000000E-02   1.39382631E+08   1.33823879E+08   1.33823879E+08   1.69346446E+08   1.61753628E+08   1.61753628E+08
   2.84000000E-02   1.34522852E+08   1.29084508E+08   1.29084508E+08   1.63828703E+08   1.56214343E+08   1.56214343E+08
   2.86000000E-02   1.29824420E+08   1.24506153E+08   1.24506153E+08   1.58474619E+08   1.50849208E+08   1.50849208E+08
   2.88000000E-02   1.25282395E+08   1.20083705E+08   1.20083705E+08   1.53280142E+08   1.45653570E+08   1.45653570E+08
   2.90000000E-02   1.20891964E+08   1.15812196E+08   1.15812196E+08   1.48241278E+08   1.40622852E+08   1.40622852E+08
   2.92000000E-02   1.16648439E+08   1.11686796E+08   1.11686796E+08   1.43354093E+08   1.35752559E+08   1.35752559E+08
   2.94000000E-02   1.12547259E+08   1.07702811E+08   1.07702811E+08   1.38614714E+08   1.31038277E+08   1.31038277E+08
   2.96000000E-02   1.08583983E+08   1.03855681E+08   1.03855681E+08   1.34019332E+08   1.26475675E+08   1.26475675E+08
   2.98000000E-02   1.04754289E+08   1.00140974E+08   1.00140974E+08   1.29564201E+08   1.22060503E+08   1.22060503E+08
   3.00000000E-02   1.01053977E+08   9.65543902E+07   9.65543902E+07   1.25245638E+08   1.17788598E+08   1.17788598E+08
   3.02000000E-02   9.74789585E+07   9.30917513E+07   9.30917513E+07   1.21060030E+08   1.13655881E+08   1.13655881E+08
   3.04000000E-02   9.40252617E+07   8.97490031E+07   8.97490031E+07   1.17003825E+08   1.09658357E+08   1.09658357E+08
   3.06000000E-02   9.06890248E+07   8.65222113E+07   8.65222113E+07   1.13073541E+08   1.05792117E+08   1.05792117E+08
   3.08000000E-02   8.74664956E+07   8.34075582E+07   8.34075582E+07   1.09265762E+08   1.02053335E+08   1.02053335E+08
   3.10000000E-02   8.43540288E+07   8.04013407E+07   8.04013407E+07   1.05577139E+08   9.84382727E+07   9.84382727E+07
   3.12000000E-02   8.13480837E+07   7.74999673E+07   7.74999673E+07   1.02004392E+08   9.49432744E+07   9.49432744E+07
   3.14000000E-02   7.84452219E+07   7.46999554E+07   7.46999554E+07   9.85443063E+07   9.15647692E+07   9.15647692E+07
   3.16000000E-02   7.56421054E+07   7.19979286E+07   7.19979286E+07   9.51937355E+07   8.82992696E+07   8.82992696E+07
   3.18000000E-02   7.29354935E+07   6.93906142E+07   6.93906142E+07   9.19496003E+07   8.51433713E+07   8.51433713E+07
   3.20000000E-02   7.03222416E+07   6.68748403E+07   6.68748403E+07   8.88088879E+07   8.20937521E+07   8.20937521E+07
   3.22000000E-02   6.77992979E+07   6.44475335E+07   6.44475335E+07   8.57686523E+07   7.91471712E+07   7.91471712E+07
   3.24000000E-02   6.53637019E+07   6.21057158E+07   6.21057158E+07   8.28260134E+07   7.63004685E+07   7.63004685E+07
   3.26000000E-02   6.30125819E+07   5.98465028E+07   5.98465028E+07   7.99781567E+07   7.35505636E+07   7.35505636E+07
   3.28000000E-02   6.07431527E+07   5.76671007E+07   5.76671007E+07   7.72223326E+07   7.08944545E+07   7.08944545E+07
   3.30000000E-02   5.85527138E+07   5.55648038E+07   5.55648038E+07   7.45558560E+07   6.83292171E+07   6.83292171E+07
   3.32000000E-02   5.64386468E+07   5.35369924E+07   5.35369924E+07   7.19761054E+07   6.58520034E+07   6.58520034E+07
   3.34000000E-02   5.43984135E+07   5.15811301E+07   5.15811301E+07   6.94805222E+07   6.34600408E+07   6.34600408E+07
   3.36000000E-02   5.24295537E+07   4.96947618E+07   4.96947618E+07   6.70666104E+07   6.11506310E+07   6.11506310E+07
   3.38000000E-02   5.05296835E+07   4.78755109E+07   4.78755109E+07   6.47319349E+07   5.89211484E+07   5.89211484E+07
   3.40000000E-02   4.86964929E+07   4.61210776E+07   4.61210776E+07   6.24741216E+07   5.67690389E+07   5.67690389E+07
   3.42000000E-02   4.69277437E+07   4.44292365E+07   4.44292365E+07   6.02908559E+07   5.46918190E+07   5.46918190E+07
   3.44000000E-02   4.52212679E+07   4.27978342E+07   4.27978342E+07   5.81798821E+07   5.26870740E+07   5.26870740E+07
   3.46000000E-02   4.35749659E+07   4.12247875E+07   4.12247875E+07   5.61390025E+07   5.07524569E+07   5.07524569E+07
   3.48000000E-02   4.19868039E+07   3.97080814E+07   3.97080814E+07   5.41660763E+07   4.88856873E+07   4.88856873E+07
   3.50000000E-02   4.04548128E+07   3.82457665E+07   3.82457665E+07   5.22590186E+07   4.70845497E+07   4.70845497E+07
   3.52000000E-02   3.89770860E+07   3.68359578E+07   3.68359578E+07   5.04157997E+07   4.53468922E+07   4.53468922E+07
   3.54000000E-02   3.75517776E+07   3.54768324E+07   3.54768324E+07   4.86344440E+07   4.36706255E+07   4.36706255E+07
   3.56000000E-02   3.61771011E+07   3.41666276E+07   3.41666276E+07   4.69130289E+07   4.20537209E+07   4.20537209E+07
   3.58000000E-02   3.48513271E+07   3.29036389E+07   3.29036389E+07   4.52496838E+07   4.04942097E+07   4.04942097E+07
   3.60000000E-02   3.35727819E+07   3.16862188E+07   3.16862188E+07   4.36425892E+07   3.89901812E+07   3.89901812E+07
   3.62000000E-02   3.23398461E+07   3.05127746E+07   3.05127746E+07   4.20899758E+07   3.75397820E+07   3.75397820E+07
   3.64000000E-02   3.11509528E+07   2.93817666E+07   2.93817666E+07   4.05901232E+07   3.61412140E+07   3.61412140E+07
   3.66000000E-02   3.00045858E+07   2.82917069E+07   2.82917069E+07   3.91413589E+07   3.47927336E+07   3.47927336E+07
   3.68000000E-02   2.88992787E+07   2.72411574E+07   2.72411574E+07   3.77420577E+07   3.34926499E+07   3.34926499E+07
   3.70000000E-02   2.78336128E+07   2.62287284E+07   2.62287284E+07   3.63906402E+07   3.22393241E+07   3.22393241E+07
   3.72000000E-02   2.68062160E+07   2.52530773E+07   2.52530773E+07   3.50855720E+07   3.10311674E+07   3.10311674E+07
   3.74000000E-02   2.58157615E+07   2.43129066E+07   2.43129066E+07   3.38253628E+07   2.98666404E+07   2.98666404E+07
   3.76000000E-02   2.48609661E+07   2.34069629E+07   2.34069629E+07   3.26085651E+07   2.87442514E+07   2.87442514E+07
   3.78000000E-02   2.39405891E+07   2.25340352E+07   2.25340352E+07   3.14337737E+07   2.76625554E+07   2.76625554E+07
   3.80000000E-02   2.30534309E+07   2.16929540E+07   2.16929540E+07   3.02996242E+07   2.66201528E+07   2.66201528E+07
   3.82000000E-02   2.21983319E+07   2.08825893E+07   2.08825893E+07   2.92047923E+07   2.56156882E+07   2.56156882E+07
   3.84000000E-02   2.13741709E+07   2.01018500E+07   2.01018500E+07   2.81479929E+07   2.46478492E+07   2.46478492E+07
   3.86000000E-02   2.05798643E+07   1.93496823E+07   1.93496823E+07   2.71279789E+07   2.37153653E+07   2.37153653E+07
   3.88000000E-02   1.98143649E+07   1.86250683E+07   1.86250683E+07   2.61435405E+07   2.28170066E+07   2.28170066E+07
   3.90000000E-02   1.90766605E+07   1.79270253E+07   1.79270253E+07   2.51935044E+07   2.19515830E+07   2.19515830E+07
   3.92000000E-02   1.83657728E+07   1.72546044E+07   1.72546044E+07   2.42767323E+07   2.11179425E+07   2.11179425E+07
   3.94000000E-02   1.76807568E+07   1.66068894E+07   1.66068894E+07   2.33921207E+07   2.03149710E+07   2.03149710E+07
   3.96000000E-02   1.70206993E+07   1.59829958E+07   1.59829958E+07   2.25385995E+07   1.95415903E+07   1.95415903E+07
   3.98000000E-02   1.63847178E+07   1.53820695E+07   1.53820695E+07   2.17151315E+07   1.87967578E+07   1.87967578E+07
   4.00000000E-02   1.57719601E+07   1.48032863E+07   1.48032863E+07   2.09207113E+07   1.80794650E+07   1.80794650E+07
   4.02000000E-02   1.51816028E+07   1.42458503E+07   1.42458503E+07   2.01543644E+07   1.73887367E+07   1.73887367E+07
   4.04000000E-02   1.46128506E+07   1.37089936E+07   1.37089936E+07   1.94151468E+07   1.67236301E+07   1.67236301E+07
   4.06000000E-02   1.40649351E+07   1.31919749E+07   1.31919749E+07   1.87021437E+07   1.60832337E+07   1.60832337E+07
   4.08000000E-02   1.35371146E+07   1.26940787E+07   1.26940787E+07   1.80144690E+07   1.54666664E+07   1.54666664E+07
   4.10000000E-02   1.30286726E+07   1.22146147E+07   1.22146147E+07   1.73512642E+07   1.48730768E+07   1.48730768E+07
   4.12000000E-02   1.25389171E+07   1.17529165E+07   1.17529165E+07   1.67116982E+07   1.43016417E+07   1.43016417E+07
   4.14000000E-02   1.20671802E+07   1.13083412E+07   1.13083412E+07   1.60949659E+07   1.37515662E+07   1.37515662E+07
   4.16000000E-02   1.16128166E+07   1.08802686E+07   1.08802686E+07   1.55002879E+07   1.32220819E+07   1.32220819E+07
   4.18000000E-02   1.11752038E+07   1.04681001E+07   1.04681001E+07   1.49269097E+07   1.27124467E+07   1.27124467E+07
   4.20000000E-02   1.07537403E+07   1.00712582E+07   1.00712582E+07   1.43741009E+07   1.22219436E+07   1.22219436E+07
   4.22000000E-02   1.03478458E+07   9.68918596E+06   9.68918596E+06   1.38411544E+07   1.17498804E+07   1.17498804E+07
   4.24000000E-02   9.95696013E+06   9.32134583E+06   9.32134583E+06   1.33273862E+07   1.12955883E+07   1.12955883E+07
   4.26000000E-02   9.58054237E+06   8.96721945E+06   8.96721945E+06   1.28321342E+07   1.08584216E+07   1.08584216E+07
   4.28000000E-02   9.21807062E+06   8.62630676E+06   8.62630676E+06   1.23547578E+07   1.04377571E+07   1.04377571E+07
   4.30000000E-02   8.86904115E+06   8.29812543E+06   8.29812543E+06   1.18946373E+07   1.00329928E+07   1.00329928E+07
   4.32000000E-02   8.53296781E+06   7.98221027E+06   7.98221027E+06   1.14511732E+07   9.64354777E+06   9.64354777E+06
   4.34000000E-02   8.20938148E+06   7.67811261E+06   7.67811261E+06   1.10237857E+07   9.26886127E+06   9.26886127E+06
   4.36000000E-02   7.89782950E+06   7.38539977E+06   7.38539977E+06   1.06119140E+07   8.90839208E+06   8.90839208E+06
   4.38000000E-02   7.59787507E+06   7.10365448E+06   7.10365448E+06   1.02150158E+07   8.56161793E+06   8.56161793E+06
   4.40000000E-02   7.30909679E+06   6.83247437E+06   6.83247437E+06   9.83256680E+06   8.22803483E+06   8.22803483E+06
   4.42000000E-02   7.03108806E+06   6.57147145E+06   6.57147145E+06   9.46405993E+06   7.90715654E+06   7.90715654E+06
   4.44000000E-02   6.76345665E+06   6.32027159E+06   6.32027159E+06   9.10900510E+06   7.59851393E+06   7.59851393E+06
   4.46000000E-02   6.50582419E+06   6.07851410E+06   6.07851410E+06   8.76692856E+06   7.30165444E+06   7.30165444E+06
   4.48000000E-02   6.25782567E+06   5.84585119E+06   5.84585119E+06   8.43737236E+06   7.01614155E+06   7.01614155E+06
   4.50000000E-02   6.01910905E+06   5.62194759E+06   5.62194759E+06   8.11989395E+06   6.74155424E+06   6.74155424E+06
   4.52000000E-02   5.78933474E+06   5.40648007E+06   5.40648007E+06   7.81406563E+06   6.47748643E+06   6.47748643E+06
   4.54000000E-02   5.56817524E+06   5.19913703E+06   5.19913703E+06   7.51947412E+06   6.22354657E+06   6.22354657E+06
   4.56000000E-02   5.35531470E+06   4.99961812E+06   4.99961812E+06   7.23572013E+06   5.97935707E+06   5.97935707E+06
   4.58000000E-02   5.15044853E+06   4.80763380E+06   4.80763380E+06   6.96241788E+06   5.74455388E+06   5.74455388E+06
   4.60000000E-02   4.95328300E+06   4.62290501E+06   4.62290501E+06   6.69919469E+06   5.51878601E+06   5.51878601E+06
   4.62000000E-02   4.76353488E+06   4.44516278E+06   4.44516278E+06   6.44569060E+06   5.30171510E+06   5.30171510E+06
   4.64000000E-02   4.58093106E+06   4.27414785E+06   4.27414785E+06   6.20155790E+06   5.09301500E+06   5.09301500E+06
   4.66000000E-02   4.40520824E+06   4.10961040E+06   4.10961040E+06   5.96646081E+06   4.89237133E+06   4.89237133E+06
   4.68000000E-02   4.23611254E+06   3.95130965E+06   3.95130965E+06   5.74007503E+06   4.69948108E+06   4.69948108E+06
   4.70000000E-02   4.07339921E+06   3.79901356E+06   3.79901356E+06   5.52208744E+06   4.51405225E+06   4.51405225E+06
   4.72000000E-02   3.91683230E+06   3.65249854E+06   3.65249854E+06   5.31219569E+06   4.33580344E+06   4.33580344E+06
   4.74000000E-02   3.76618437E+06   3.51154913E+06   3.51154913E+06   5.11010788E+06   4.16446350E+06   4.16446350E+06
   4.76000000E-02   3.62123616E+06   3.37595775E+06   3.37595775E+06   4.91554219E+06   3.99977118E+06   3.99977118E+06
   4.78000000E-02   3.48177634E+06   3.24552434E+06   3.24552434E+06   4.72822659E+06   3.84147476E+06   3.84147476E+06
   4.80000000E-02   3.34760122E+06   3.12005620E+06   3.12005620E+06   4.54789850E+06   3.68933176E+06   3.68933176E+06
   4.82000000E-02   3.21851447E+06   2.99936763E+06   2.99936763E+06   4.37430449E+06   3.54310857E+06   3.54310857E+06
   4.84000000E-02   3.09432688E+06   2.88327976E+06   2.88327976E+06   4.20719994E+06   3.40258019E+06   3.40258019E+06
   4.86000000E-02   2.97485611E+06   2.77162024E+06   2.77162024E+06   4.04634883E+06   3.26752987E+06   3.26752987E+06
   4.88000000E-02   2.85992643E+06   2.66422308E+06   2.66422308E+06   3.89152337E+06   3.13774890E+06   3.13774890E+06
   4.90000000E-02   2.74936852E+06   2.56092833E+06   2.56092833E+06   3.74250379E+06   3.01303624E+06   3.01303624E+06
   4.92000000E-02   2.64301920E+06   2.46158197E+06   2.46158197E+06   3.59907802E+06   2.89319830E+06   2.89319830E+06
   4.94000000E-02   2.54072125E+06   2.36603561E+06   2.36603561E+06   3.46104149E+06   2.77804867E+06   2.77804867E+06
   4.96000000E-02   2.44232320E+06   2.27414633E+06   2.27414633E+06   3.32819685E+06   2.66740786E+06   2.66740786E+06
   4.98000000E-02   2.34767908E+06   2.18577647E+06   2.18577647E+06   3.20035370E+06   2.56110304E+06   2.56110304E+06
   5.00000000E-02   2.25664830E+06   2.10079348E+06   2.10079348E+06   3.07732842E+06   2.45896783E+06   2.45896783E+06
   5.02000000E-02   2.16909537E+06   2.01906965E+06   2.01906965E+06   2.95894388E+06   2.36084206E+06   2.36084206E+06
   5.04000000E-02   2.08488982E+06   1.94048204E+06   1.94048204E+06   2.84502927E+06   2.26657153E+06   2.26657153E+06
   5.06000000E-02   2.00390591E+06   1.86491222E+06   1.86491222E+06   2.73541984E+06   2.17600781E+06   2.17600781E+06
   5.08000000E-02   1.92602257E+06   1.79224617E+06   1.79224617E+06   2.62995673E+06   2.08900804E+06   2.08900804E+06
   5.10000000E-02   1.85112314E+06   1.72237408E+06   1.72237408E+06   2.52848677E+06   2.00543470E+06   2.00543470E+06
   5.12000000E-02   1.77909529E+06   1.65519022E+06   1.65519022E+06   2.43086223E+06   1.92515548E+06   1.92515548E+06
   5.14000000E-02   1.70983080E+06   1.59059278E+06   1.59059278E+06   2.33694073E+06   1.84804299E+06   1.84804299E+06
   5.16000000E-02   1.64322545E+06   1.52848374E+06   1.52848374E+06   2.24658496E+06   1.77397470E+06   1.77397470E+06
   5.18000000E-02   1.57917889E+06   1.46876871E+06   1.46876871E+06   2.15966257E+06   1.70283265E+06   1.70283265E+06
   5.20000000E-02   1.51759444E+06   1.41135684E+06   1.41135684E+06   2.07604597E+06   1.63450336E+06   1.63450336E+06
   5.22000000E-02   1.45837903E+06   1.35616064E+06   1.35616064E+06   1.99561218E+06   1.56887767E+06   1.56887767E+06
   5.24000000E-02   1.40144303E+06   1.30309589E+06   1.30309589E+06   1.91824265E+06   1.50585050E+06   1.50585050E+06
   5.26000000E-02   1.34670011E+06   1.25208152E+06   1.25208152E+06   1.84382313E+06   1.44532081E+06   1.44532081E+06
   5.28000000E-02   1.29406717E+06   1.20303948E+06   1.20303948E+06   1.77224352E+06   1.38719135E+06   1.38719135E+06
   5.30000000E-02   1.24346419E+06   1.15589464E+06   1.15589464E+06   1.70339768E+06   1.33136861E+06   1.33136861E+06
   5.32000000E-02   1.19481412E+06   1.11057468E+06   1.11057468E+06   1.63718338E+06   1.27776261E+06   1.27776261E+06
   5.34000000E-02   1.14804278E+06   1.06700999E+06   1.06700999E+06   1.57350206E+06   1.22628682E+06   1.22628682E+06
   5.36000000E-02   1.10307875E+06   1.02513358E+06   1.02513358E+06   1.51225878E+06   1.17685800E+06   1.17685800E+06
   5.38000000E-02   1.05985328E+06   9.84880949E+05   9.84880949E+05   1.45336206E+06   1.12939610E+06   1.12939610E+06
   5.40000000E-02   1.01830018E+06   9.46190033E+05   9.46190033E+05   1.39672377E+06   1.08382413E+06   1.08382413E+06
   5.42000000E-02   9.78355740E+05   9.09001099E+05   9.09001099E+05   1.34225899E+06   1.04006805E+06   1.04006805E+06
   5.44000000E-02   9.39958617E+05   8.73256657E+05   8.73256657E+05   1.28988591E+06   9.98056654E+05   9.98056654E+05
   5.46000000E-02   9.03049777E+05   8.38901380E+05   8.38901380E+05   1.23952575E+06   9.57721474E+05   9.57721474E+05
   5.48000000E-02   8.67572393E+05   8.05882028E+05   8.05882028E+05   1.19110259E+06   9.18996673E+05   9.18996673E+05
   5.50000000E-02   8.33471769E+05   7.74147365E+05   7.74147365E+05   1.14454333E+06   8.81818949E+05   8.81818949E+05
   5.52000000E-02   8.00695259E+05   7.43648089E+05   7.43648089E+05   1.09977754E+06   8.46127437E+05   8.46127437E+05
   5.54000000E-02   7.69192197E+05   7.14336759E+05   7.14336759E+05   1.05673740E+06   8.11863620E+05   8.11863620E+05
   5.56000000E-02   7.38913820E+05   6.86167725E+05   6.86167725E+05   1.01535760E+06   7.78971238E+05   7.78971238E+05
   5.58000000E-02   7.09813199E+05   6.59097066E+05   6.59097066E+05   9.75575223E+05   7.47396207E+05   7.47396207E+05
   5.60000000E-02   6.81845174E+05   6.33082519E+05   6.33082519E+05   9.37329706E+05   7.17086535E+05   7.17086535E+05
   5.62000000E-02   6.54966283E+05   6.08083425E+05   6.08083425E+05   9.00562712E+05   6.87992242E+05   6.87992242E+05
   5.64000000E-02   6.29134707E+05   5.84060663E+05   5.84060663E+05   8.65218077E+05   6.60065286E+05   6.60065286E+05
   5.66000000E-02   6.04310204E+05   5.60976598E+05   5.60976598E+05   8.31241720E+05   6.33259491E+05   6.33259491E+05
   5.68000000E-02   5.80454052E+05   5.38795021E+05   5.38795021E+05   7.98581572E+05   6.07530471E+05   6.07530471E+05
   5.70000000E-02   5.57528993E+05   5.17481101E+05   5.17481101E+05   7.67187501E+05   5.82835568E+05   5.82835568E+05
   5.72000000E-02   5.35499180E+05   4.97001328E+05   4.97001328E+05   7.37011246E+05   5.59133784E+05   5.59133784E+05
   5.74000000E-02   5.14330121E+05   4.77323468E+05   4.77323468E+05   7.08006343E+05   5.36385716E+05   5.36385716E+05
   5.76000000E-02   4.93988633E+05   4.58416514E+05   4.58416514E+05   6.80128067E+05   5.14553500E+05   5.14553500E+05
   5.78000000E-02   4.74442793E+05   4.40250640E+05   4.40250640E+05   6.53333364E+05   4.93600747E+05   4.93600747E+05
   5.80000000E-02   4.55661886E+05   4.22797157E+05   4.22797157E+05   6.27580789E+05   4.73492492E+05   4.73492492E+05
   5.82000000E-02   4.37616367E+05   4.06028469E+05   4.06028469E+05   6.02830455E+05   4.54195134E+05   4.54195134E+05
   5.84000000E-02   4.20277813E+05   3.89918036E+05   3.89918036E+05   5.79043966E+05   4.35676390E+05   4.35676390E+05
   5.86000000E-02   4.03618883E+05   3.74440328E+05   3.74440328E+05   5.56184370E+05   4.17905238E+05   4.17905238E+05
   5.88000000E-02   3.87613276E+05   3.59570795E+05   3.59570795E+05   5.34216105E+05   4.00851875E+05   4.00851875E+05
   5.90000000E-02   3.72235694E+05   3.45285824E+05   3.45285824E+05   5.13104945E+05   3.84487665E+05   3.84487665E+05
   5.92000000E-02   3.57461803E+05   3.31562704E+05   3.31562704E+05   4.92817953E+05   3.68785098E+05   3.68785098E+05
   5.94000000E-02   3.43268199E+05   3.18379598E+05   3.18379598E+05   4.73323435E+05   3.53717744E+05   3.53717744E+05
   5.96000000E-02   3.29632370E+05   3.05715503E+05   3.05715503E+05   4.54590892E+05   3.39260213E+05   3.39260213E+05
   5.98000000E-02   3.16532666E+05   2.93550223E+05   2.93550223E+05   4.36590976E+05   3.25388115E+05   3.25388115E+05
   6.00000000E-02   3.03948263E+05   2.81864334E+05   2.81864334E+05   4.19295451E+05   3.12078021E+05   3.12078021E+05
   6.02000000E-02   2.91859136E+05   2.70639164E+05   2.70639164E+05   4.02677146E+05   2.99307423E+05   2.99307423E+05
   6.04000000E-02   2.80246026E+05   2.59856752E+05   2.59856752E+05   3.86709923E+05   2.87054704E+05   2.87054704E+05
   6.06000000E-02   2.69090412E+05   2.49499832E+05   2.49499832E+05   3.71368632E+05   2.75299100E+05   2.75299100E+05
   6.08000000E-02   2.58374483E+05   2.39551800E+05   2.39551800E+05   3.56629079E+05   2.64020668E+05   2.64020668E+05
   6.10000000E-02   2.48081114E+05   2.29996694E+05   2.29996694E+05   3.42467987E+05   2.53200252E+05   2.53200252E+05
   6.12000000E-02   2.38193833E+05   2.20819164E+05   2.20819164E+05   3.28862966E+05   2.42819455E+05   2.42819455E+05
   6.14000000E-02   2.28696806E+05   2.12004454E+05   2.12004454E+05   3.15792476E+05   2.32860611E+05   2.32860611E+05
   6.16000000E-02   2.19574805E+05   2.03538375E+05   2.03538375E+05   3.03235798E+05   2.23306751E+05   2.23306751E+05
   6.18000000E-02   2.10813189E+05   1.95407288E+05   1.95407288E+05   2.91173004E+05   2.14141580E+05   2.14141580E+05
   6.20000000E-02   2.02397881E+05   1.87598080E+05   1.87598080E+05   2.79584924E+05   2.05349450E+05   2.05349450E+05
   6.22000000E-02   1.94315345E+05   1.80098145E+05   1.80098145E+05   2.68453119E+05   1.96915336E+05   1.96915336E+05
   6.24000000E-02   1.86552568E+05   1.72895363E+05   1.72895363E+05   2.57759859E+05   1.88824809E+05   1.88824809E+05
   6.26000000E-02   1.79097041E+05   1.65978085E+05   1.65978085E+05   2.47488087E+05   1.81064014E+05   1.81064014E+05
   6.28000000E-02   1.71936735E+05   1.59335111E+05   1.59335111E+05   2.37621402E+05   1.73619647E+05   1.73619647E+05
   6.30000000E-02   1.65060086E+05   1.52955678E+05   1.52955678E+05   2.28144029E+05   1.66478934E+05   1.66478934E+05
   6.32000000E-02   1.58455979E+05   1.46829436E+05   1.46829436E+05   2.19040799E+05   1.59629613E+05   1.59629613E+05
   6.34000000E-02   1.52113728E+05   1.40946441E+05   1.40946441E+05   2.10297125E+05   1.53059907E+05   1.53059907E+05
   6.36000000E-02   1.46023060E+05   1.35297131E+05   1.35297131E+05   2.01898980E+05   1.46758512E+05   1.46758512E+05
   6.38000000E-02   1.40174101E+05   1.29872318E+05   1.29872318E+05   1.93832875E+05   1.40714574E+05   1.40714574E+05
   6.40000000E-02   1.34557358E+05   1.24663169E+05   1.24663169E+05   1.86085841E+05   1.34917673E+05   1.34917673E+05
   6.42000000E-02   1.29163709E+05   1.19661196E+05   1.19661196E+05   1.78645406E+05   1.29357806E+05   1.29357806E+05
   6.44000000E-02   1.23984383E+05   1.14858241E+05   1.14858241E+05   1.71499581E+05   1.24025371E+05   1.24025371E+05
   6.46000000E-02   1.19010951E+05   1.10246463E+05   1.10246463E+05   1.64636836E+05   1.18911150E+05   1.18911150E+05
   6.48000000E-02   1.14235311E+05   1.05818325E+05   1.05818325E+05   1.58046089E+05   1.14006293E+05   1.14006293E+05
   6.50000000E-02   1.09649677E+05   1.01566587E+05   1.01566587E+05   1.51716683E+05   1.09302306E+05   1.09302306E+05
   6.52000000E-02   1.05246565E+05   9.74842881E+04   9.74842881E+04   1.45638374E+05   1.04791036E+05   1.04791036E+05
   6.54000000E-02   1.01018781E+05   9.35647408E+04   9.35647408E+04   1.39801314E+05   1.00464657E+05   1.00464657E+05
   6.56000000E-02   9.69594138E+04   8.98015179E+04   8.98015179E+04   1.34196034E+05   9.63156565E+04   9.63156565E+04
   6.58000000E-02   9.30618197E+04   8.61884433E+04   8.61884433E+04   1.28813434E+05   9.23368255E+04   9.23368255E+04
   6.60000000E-02   8.93196146E+04   8.27195821E+04   8.27195821E+04   1.23644765E+05   8.85212435E+04   8.85212435E+04
   6.62000000E-02   8.57266632E+04   7.93892316E+04   7.93892316E+04   1.18681617E+05   8.48622691E+04   8.48622691E+04
   6.64000000E-02   8.22770697E+04   7.61919120E+04   7.61919120E+04   1.13915907E+05   8.13535278E+04   8.13535278E+04
   6.66000000E-02   7.89651687E+04   7.31223581E+04   7.31223581E+04   1.09339866E+05   7.79889023E+04   7.79889023E+04
   6.68000000E-02   7.57855161E+04   7.01755106E+04   7.01755106E+04   1.04946025E+05   7.47625216E+04   7.47625216E+04
   6.70000000E-02   7.27328806E+04   6.73465087E+04   6.73465087E+04   1.00727207E+05   7.16687514E+04   7.16687514E+04
   6.72000000E-02   6.98022354E+04   6.46306819E+04   6.46306819E+04   9.66765123E+04   6.87021848E+04   6.87021848E+04
   6.74000000E-02   6.69887508E+04   6.20235429E+04   6.20235429E+04   9.27873117E+04   6.58576332E+04   6.58576332E+04
   6.76000000E-02   6.42877859E+04   5.95207804E+04   5.95207804E+04   8.90532329E+04   6.31301174E+04   6.31301174E+04
   6.78000000E-02   6.16948817E+04   5.71182526E+04   5.71182526E+04   8.54681521E+04   6.05148595E+04   6.05148595E+04
   6.80000000E-02   5.92057541E+04   5.48119800E+04   5.48119800E+04   8.20261843E+04   5.80072748E+04   5.80072748E+04
   6.82000000E-02   5.68162869E+04   5.25981397E+04   5.25981397E+04   7.87216740E+04   5.56029640E+04   5.56029640E+04
   6.84000000E-02   5.45225256E+04   5.04730591E+04   5.04730591E+04   7.55491866E+04   5.32977058E+04   5.32977058E+04
   6.86000000E-02   5.23206708E+04   4.84332099E+04   4.84332099E+04   7.25034997E+04   5.10874499E+04   5.10874499E+04
   6.88000000E-02   5.02070724E+04   4.64752028E+04   4.64752028E+04   6.95795949E+04   4.89683100E+04   4.89683100E+04
   6.90000000E-02   4.81782238E+04   4.45957817E+04   4.45957817E+04   6.67726501E+04   4.69365575E+04   4.69365575E+04
   6.92000000E-02   4.62307562E+04   4.27918192E+04   4.27918192E+04   6.40780321E+04   4.49886148E+04   4.49886148E+04
   6.94000000E-02   4.43614333E+04   4.10603106E+04   4.10603106E+04   6.14912889E+04   4.31210495E+04   4.31210495E+04
   6.96000000E-02   4.25671465E+04   3.93983701E+04   3.93983701E+04   5.90081428E+04   4.13305686E+04   4.13305686E+04
   6.98000000E-02   4.08449092E+04   3.78032256E+04   3.78032256E+04   5.66244840E+04   3.96140127E+04   3.96140127E+04
   7.00000000E-02   3.91918527E+04   3.62722142E+04   3.62722142E+04   5.43363637E+04   3.79683508E+04   3.79683508E+04
   7.02000000E-02   3.76052215E+04   3.48027785E+04   3.48027785E+04   5.21399884E+04   3.63906752E+04   3.63906752E+04
   7.04000000E-02   3.60823684E+04   3.33924618E+04   3.33924618E+04   5.00317131E+04   3.48781964E+04   3.48781964E+04
   7.06000000E-02   3.46207511E+04   3.20389047E+04   3.20389047E+04   4.80080363E+04   3.34282382E+04   3.34282382E+04
   7.08000000E-02   3.32179273E+04   3.07398410E+04   3.07398410E+04   4.60655940E+04   3.20382336E+04   3.20382336E+04
   7.10000000E-02   3.18715513E+04   2.94930941E+04   2.94930941E+04   4.42011547E+04   3.07057200E+04   3.07057200E+04
   7.12000000E-02   3.05793702E+04   2.82965736E+04   2.82965736E+04   4.24116137E+04   2.94283352E+04   2.94283352E+04
   7.14000000E-02   2.93392200E+04   2.71482718E+04   2.71482718E+04   4.06939890E+04   2.82038130E+04   2.82038130E+04
   7.16000000E-02   2.81490224E+04   2.60462607E+04   2.60462607E+04   3.90454158E+04   2.70299801E+04   2.70299801E+04
   7.18000000E-02   2.70067812E+04   2.49886884E+04   2.49886884E+04   3.74631422E+04   2.59047513E+04   2.59047513E+04
   7.20000000E-02   2.59105794E+04   2.39737766E+04   2.39737766E+04   3.59445249E+04   2.48261269E+04   2.48261269E+04
   7.22000000E-02   2.48585757E+04   2.29998176E+04   2.29998176E+04   3.44870249E+04   2.37921886E+04   2.37921886E+04
   7.24000000E-02   2.38490021E+04   2.20651713E+04   2.20651713E+04   3.30882035E+04   2.28010966E+04   2.28010966E+04
   7.26000000E-02   2.28801603E+04   2.11682627E+04   2.11682627E+04   3.17457180E+04   2.18510862E+04   2.18510862E+04
   7.28000000E-02   2.19504197E+04   2.03075796E+04   2.03075796E+04   3.04573188E+04   2.09404649E+04   2.09404649E+04
   7.30000000E-02   2.10582141E+04   1.94816695E+04   1.94816695E+04   2.92208447E+04   2.00676092E+04   2.00676092E+04
   7.32000000E-02   2.02020397E+04   1.86891379E+04   1.86891379E+04   2.80342205E+04   1.92309624E+04   1.92309624E+04
   7.34000000E-02   1.93804522E+04   1.79286457E+04   1.79286457E+04   2.68954527E+04   1.84290310E+04   1.84290310E+04
   7.36000000E-02   1.85920649E+04   1.71989070E+04   1.71989070E+04   2.58026269E+04   1.76603831E+04   1.76603831E+04
   7.38000000E-02   1.78355461E+04   1.64986872E+04   1.64986872E+04   2.47539047E+04   1.69236452E+04   1.69236452E+04
   7.40000000E-02   1.71096171E+04   1.58268006E+04   1.58268006E+04   2.37475202E+04   1.62175002E+04   1.62175002E+04
   7.42000000E-02   1.64130500E+04   1.51821089E+04   1.51821089E+04   2.27817780E+04   1.55406849E+04   1.55406849E+04
   7.44000000E-02   1.57446658E+04   1.45635193E+04   1.45635193E+04   2.18550495E+04   1.48919878E+04   1.48919878E+04
   7.46000000E-02   1.51033324E+04   1.39699822E+04   1.39699822E+04   2.09657710E+04   1.42702473E+04   1.42702473E+04
   7.48000000E-02   1.44879629E+04   1.34004902E+04   1.34004902E+04   2.01124409E+04   1.36743494E+04   1.36743494E+04
   7.50000000E-02   1.38975137E+04   1.28540759E+04   1.28540759E+04   1.92936171E+04   1.31032257E+04   1.31032257E+04
   7.52000000E-02   1.33309826E+04   1.23298105E+04   1.23298105E+04   1.85079150E+04   1.25558518E+04   1.25558518E+04
   7.54000000E-02   1.27874075E+04   1.18268023E+04   1.18268023E+04   1.77540049E+04   1.20312455E+04   1.20312455E+04
   7.56000000E-02   1.22658649E+04   1.13441954E+04   1.13441954E+04   1.70306100E+04   1.15284646E+04   1.15284646E+04
   7.58000000E-02   1.17654678E+04   1.08811677E+04   1.08811677E+04   1.63365045E+04   1.10466059E+04   1.10466059E+04
   7.60000000E-02   1.12853647E+04   1.04369304E+04   1.04369304E+04   1.56705113E+04   1.05848032E+04   1.05848032E+04
   7.62000000E-02   1.08247383E+04   1.00107260E+04   1.00107260E+04   1.50315001E+04   1.01422262E+04   1.01422262E+04
   7.64000000E-02   1.03828038E+04   9.60182716E+03   9.60182716E+03   1.44183858E+04   9.71807843E+03   9.71807843E+03
   7.66000000E-02   9.95880780E+03   9.20953599E+03   9.20953599E+03   1.38301264E+04   9.31159636E+03   9.31159636E+03
   7.68000000E-02   9.55202702E+03   8.83318231E+03   8.83318231E+03   1.32657216E+04   8.92204788E+03   8.92204788E+03
   7.70000000E-02   9.16176713E+03   8.47212283E+03   8.47212283E+03   1.27242111E+04   8.54873105E+03   8.54873105E+03
   7.72000000E-02   8.78736159E+03   8.12574003E+03   8.12574003E+03   1.22046726E+04   8.19097284E+03   8.19097284E+03
   7.74000000E-02   8.42817054E+03   7.79344114E+03   7.79344114E+03   1.17062209E+04   7.84812794E+03   7.84812794E+03
   7.76000000E-02   8.08357974E+03   7.47465715E+03   7.47465715E+03   1.12280062E+04   7.51957767E+03   7.51957767E+03
   7.78000000E-02   7.75299958E+03   7.16884187E+03   7.16884187E+03   1.07692126E+04   7.20472885E+03   7.20472885E+03
   7.80000000E-02   7.43586404E+03   6.87547101E+03   6.87547101E+03   1.03290566E+04   6.90301278E+03   6.90301278E+03
   7.82000000E-02   7.13162985E+03   6.59404135E+03   6.59404135E+03   9.90678646E+03   6.61388424E+03   6.61388424E+03
   7.84000000E-02   6.83977548E+03   6.32406984E+03   6.32406984E+03   9.50168021E+03   6.33682048E+03   6.33682048E+03
   7.86000000E-02   6.55980036E+03   6.06509285E+03   6.06509285E+03   9.11304491E+03   6.07132038E+03   6.07132038E+03
   7.88000000E-02   6.29122399E+03   5.81666537E+03   5.81666537E+03   8.74021536E+03   5.81690348E+03   5.81690348E+03
   7.90000000E-02   6.03358519E+03   5.57836028E+03   5.57836028E+03   8.38255300E+03   5.57310920E+03   5.57310920E+03
   7.92000000E-02   5.78644127E+03   5.34976762E+03   5.34976762E+03   8.03944487E+03   5.33949597E+03   5.33949597E+03
   7.94000000E-02   5.54936736E+03   5.13049392E+03   5.13049392E+03   7.71030260E+03   5.11564051E+03   5.11564051E+03
   7.96000000E-02   5.32195565E+03   4.92016154E+03   4.92016154E+03   7.39456141E+03   4.90113700E+03   4.90113700E+03
   7.98000000E-02   5.10381472E+03   4.71840805E+03   4.71840805E+03   7.09167918E+03   4.69559645E+03   4.69559645E+03
   8.00000000E-02   4.89456893E+03   4.52488559E+03   4.52488559E+03   6.80113559E+03   4.49864592E+03   4.49864592E+03
   8.02000000E-02   4.69385771E+03   4.33926033E+03   4.33926033E+03   6.52243116E+03   4.30992796E+03   4.30992796E+03
   8.04000000E-02   4.50133504E+03   4.16121187E+03   4.16121187E+03   6.25508653E+03   4.12909986E+03   4.12909986E+03
   8.06000000E-02   4.31666880E+03   3.99043273E+03   3.99043273E+03   5.99864157E+03   3.95583315E+03   3.95583315E+03
   8.08000000E-02   4.13954029E+03   3.82662782E+03   3.82662782E+03   5.75265466E+03   3.78981294E+03   3.78981294E+03
   8.10000000E-02   3.96964361E+03   3.66951396E+03   3.66951396E+03   5.51670195E+03   3.63073740E+03   3.63073740E+03
   8.12000000E-02   3.80668520E+03   3.51881937E+03   3.51881937E+03   5.29037665E+03   3.47831719E+03   3.47831719E+03
   8.14000000E-02   3.65038336E+03   3.37428327E+03   3.37428327E+03   5.07328831E+03   3.33227499E+03   3.33227499E+03
   8.16000000E-02   3.50046773E+03   3.23565537E+03   3.23565537E+03   4.86506223E+03   3.19234496E+03   3.19234496E+03
   8.18000000E-02   3.35667885E+03   3.10269551E+03   3.10269551E+03   4.66533881E+03   3.05827230E+03   3.05827230E+03
   8.20000000E-02   3.21876775E+03   2.97517323E+03   2.97517323E+03   4.47377290E+03   2.92981277E+03   2.92981277E+03
   8.22000000E-02   3.08649550E+03   2.85286736E+03   2.85286736E+03   4.29003330E+03   2.80673228E+03   2.80673228E+03
   8.24000000E-02   2.95963284E+03   2.73556569E+03   2.73556569E+03   4.11380215E+03   2.68880644E+03   2.68880644E+03
   8.26000000E-02   2.83795974E+03   2.62306458E+03   2.62306458E+03   3.94477441E+03   2.57582018E+03   2.57582018E+03
   8.28000000E-02   2.72126508E+03   2.51516862E+03   2.51516862E+03   3.78265735E+03   2.46756738E+03   2.46756738E+03
   8.30000000E-02   2.60934627E+03   2.41169031E+03   2.41169031E+03   3.62717004E+03   2.36385047E+03   2.36385047E+03
   8.32000000E-02   2.50200891E+03   2.31244975E+03   2.31244975E+03   3.47804293E+03   2.26448007E+03   2.26448007E+03
   8.34000000E-02   2.39906648E+03   2.21727429E+03   2.21727429E+03   3.33501731E+03   2.16927470E+03   2.16927470E+03
   8.36000000E-02   2.30033998E+03   2.12599830E+03   2.12599830E+03   3.19784496E+03   2.07806042E+03   2.07806042E+03
   8.38000000E-02   2.20565768E+03   2.03846285E+03   2.03846285E+03   3.06628767E+03   1.99067050E+03   1.99067050E+03
   8.40000000E-02   2.11485478E+03   1.95451543E+03   1.95451543E+03   2.94011688E+03   1.90694517E+03   1.90694517E+03
   8.42000000E-02   2.02777316E+03   1.87400974E+03   1.87400974E+03   2.81911325E+03   1.82673129E+03   1.82673129E+03
   8.44000000E-02   1.94426112E+03   1.79680540E+03   1.79680540E+03   2.70306634E+03   1.74988210E+03   1.74988210E+03
   8.46000000E-02   1.86417310E+03   1.72276770E+03   1.72276770E+03   2.59177419E+03   1.67625695E+03   1.67625695E+03
   8.48000000E-02   1.78736942E+03   1.65176743E+03   1.65176743E+03   2.48504306E+03   1.60572104E+03   1.60572104E+03
   8.50000000E-02   1.71371610E+03   1.58368059E+03   1.58368059E+03   2.38268701E+03   1.53814518E+03   1.53814518E+03
   8.52000000E-02   1.64308456E+03   1.51838824E+03   1.51838824E+03   2.28452768E+03   1.47340557E+03   1.47340557E+03
   8.54000000E-02   1.57535146E+03   1.45577624E+03   1.45577624E+03   2.19039389E+03   1.41138355E+03   1.41138355E+03
   8.56000000E-02   1.51039846E+03   1.39573511E+03   1.39573511E+03   2.10012142E+03   1.35196542E+03   1.35196542E+03
   8.58000000E-02   1.44811201E+03   1.33815981E+03   1.33815981E+03   2.01355273E+03   1.29504222E+03   1.29504222E+03
   8.60000000E-02   1.38838318E+03   1.28294955E+03   1.28294955E+03   1.93053662E+03   1.24050951E+03   1.24050951E+03
   8.62000000E-02   1.33110748E+03   1.23000766E+03   1.23000766E+03   1.85092807E+03   1.18826723E+03   1.18826723E+03
   8.64000000E-02   1.27618463E+03   1.17924139E+03   1.17924139E+03   1.77458792E+03   1.13821949E+03   1.13821949E+03
   8.66000000E-02   1.22351846E+03   1.13056176E+03   1.13056176E+03   1.70138266E+03   1.09027437E+03   1.09027437E+03
   8.68000000E-02   1.17301669E+03   1.08388341E+03   1.08388341E+03   1.63118421E+03   1.04434382E+03   1.04434382E+03
   8.70000000E-02   1.12459081E+03   1.03912444E+03   1.03912444E+03   1.56386969E+03   1.00034344E+03   1.00034344E+03
   8.72000000E-02   1.07815587E+03   9.96206317E+02   9.96206317E+02   1.49932121E+03   9.58192370E+02   9.58192370E+02
   8.74000000E-02   1.03363043E+03   9.55053671E+02   9.55053671E+02   1.43742567E+03   9.17813115E+02   9.17813115E+02
   8.76000000E-02   9.90936323E+02   9.15594217E+02   9.15594217E+02   1.37807458E+03   8.79131416E+02   8.79131416E+02
   8.78000000E-02   9.49998583E+02   8.77758610E+02   8.77758610E+02   1.32116384E+03   8.42076116E+02   8.42076116E+02
   8.80000000E-02   9.10745290E+02   8.41480330E+02   8.41480330E+02   1.26659359E+03   8.06579033E+02   8.06579033E+02
   8.82000000E-02   8.73107455E+02   8.06695569E+02   8.06695569E+02   1.21426806E+03   7.72574828E+02   7.72574828E+02
   8.84000000E-02   8.37018901E+02   7.73343117E+02   7.73343117E+02   1.16409534E+03   7.40000897E+02   7.40000897E+02
   8.86000000E-02   8.02416144E+02   7.41364263E+02   7.41364263E+02   1.11598728E+03   7.08797248E+02   7.08797248E+02
   8.88000000E-02   7.69238291E+02   7.10702687E+02   7.10702687E+02   1.06985933E+03   6.78906400E+02   6.78906400E+02
   8.90000000E-02   7.37426930E+02   6.81304369E+02   6.81304369E+02   1.02563035E+03   6.50273273E+02   6.50273273E+02
   8.92000000E-02   7.06926030E+02   6.53117490E+02   6.53117490E+02   9.83222551E+02   6.22845091E+02   6.22845091E+02
   8.94000000E-02   6.77681848E+02   6.26092350E+02   6.26092350E+02   9.42561277E+02   5.96571284E+02   5.96571284E+02
   8.96000000E-02   6.49642832E+02   6.00181274E+02   6.00181274E+02   9.03574931E+02   5.71403399E+02   5.71403399E+02
   8.98000000E-02   6.22759535E+02   5.75338535E+02   5.75338535E+02   8.66194836E+02   5.47295010E+02   5.47295010E+02
   9.00000000E-02   5.96984527E+02   5.51520274E+02   5.51520274E+02   8.30355113E+02   5.24201630E+02   5.24201630E+02
   9.02000000E-02   5.72272317E+02   5.28684423E+02   5.28684423E+02   7.95992572E+02   5.02080640E+02   5.02080640E+02
   9.04000000E-02   5.48579270E+02   5.06790633E+02   5.06790633E+02   7.63046600E+02   4.80891199E+02   4.80891199E+02
   9.06000000E-02   5.25863534E+02   4.85800204E+02   4.85800204E+02   7.31459060E+02   4.60594179E+02   4.60594179E+02
   9.08000000E-02   5.04084968E+02   4.65676020E+02   4.65676020E+02   7.01174188E+02   4.41152091E+02   4.41152091E+02
   9.10000000E-02   4.83205071E+02   4.46382479E+02   4.46382479E+02   6.72138497E+02   4.22529013E+02   4.22529013E+02
   9.12000000E-02   4.63186915E+02   4.27885438E+02   4.27885438E+02   6.44300687E+02   4.04690531E+02   4.04690531E+02
   9.14000000E-02   4.43995084E+02   4.10152151E+02   4.10152151E+02   6.17611551E+02   3.87603670E+02   3.87603670E+02
   9.16000000E-02   4.25595610E+02   3.93151209E+02   3.93151209E+02   5.92023896E+02   3.71236838E+02   3.71236838E+02
   9.18000000E-02   4.07955914E+02   3.76852492E+02   3.76852492E+02   5.67492456E+02   3.55559767E+02   3.55559767E+02
   9.20000000E-02   3.91044750E+02   3.61227110E+02   3.61227110E+02   5.43973818E+02   3.40543456E+02   3.40543456E+02
   9.22000000E-02   3.74832152E+02   3.46247359E+02   3.46247359E+02   5.21426342E+02   3.26160123E+02   3.26160123E+02
   9.24000000E-02   3.59289380E+02   3.31886668E+02   3.31886668E+02   4.99810095E+02   3.12383148E+02   3.12383148E+02
   9.26000000E-02   3.44388872E+02   3.18119553E+02   3.18119553E+02   4.79086776E+02   2.99187027E+02   2.99187027E+02
   9.28000000E-02   3.30104192E+02   3.04921578E+02   3.04921578E+02   4.59219651E+02   2.86547328E+02   2.86547328E+02
   9.30000000E-02   3.16409991E+02   2.92269305E+02   2.92269305E+02   4.40173491E+02   2.74440642E+02   2.74440642E+02
   9.32000000E-02   3.03281956E+02   2.80140259E+02   2.80140259E+02   4.21914511E+02   2.62844543E+02   2.62844543E+02
   9.34000000E-02   2.90696772E+02   2.68512886E+02   2.68512886E+02   4.04410307E+02   2.51737545E+02   2.51737545E+02
   9.36000000E-02   2.78632079E+02   2.57366514E+02   2.57366514E+02   3.87629804E+02   2.41099065E+02   2.41099065E+02
   9.38000000E-02   2.67066433E+02   2.46681323E+02   2.46681323E+02   3.71543202E+02   2.30909382E+02   2.30909382E+02
   9.40000000E-02   2.55979271E+02   2.36438302E+02   2.36438302E+02   3.56121920E+02   2.21149604E+02   2.21149604E+02
   9.42000000E-02   2.45350874E+02   2.26619223E+02   2.26619223E+02   3.41338549E+02   2.11801633E+02   2.11801633E+02
   9.44000000E-02   2.35162330E+02   2.17206606E+02   2.17206606E+02   3.27166805E+02   2.02848129E+02   2.02848129E+02
   9.46000000E-02   2.25395505E+02   2.08183687E+02   2.08183687E+02   3.13581482E+02   1.94272482E+02   1.94272482E+02
   9.48000000E-02   2.16033008E+02   1.99534391E+02   1.99534391E+02   3.00558408E+02   1.86058778E+02   1.86058778E+02
   9.50000000E-02   2.07058164E+02   1.91243305E+02   1.91243305E+02   2.88074402E+02   1.78191773E+02   1.78191773E+02
   9.52000000E-02   1.98454982E+02   1.83295647E+02   1.83295647E+02   2.76107237E+02   1.70656863E+02   1.70656863E+02
   9.54000000E-02   1.90208126E+02   1.75677243E+02   1.75677243E+02   2.64635594E+02   1.63440056E+02   1.63440056E+02
   9.56000000E-02   1.82302892E+02   1.68374503E+02   1.68374503E+02   2.53639035E+02   1.56527950E+02   1.56527950E+02
   9.58000000E-02   1.74725179E+02   1.61374393E+02   1.61374393E+02   2.43097956E+02   1.49907706E+02   1.49907706E+02
   9.60000000E-02   1.67461469E+02   1.54664418E+02   1.54664418E+02   2.32993563E+02   1.43567024E+02   1.43567024E+02
   9.62000000E-02   1.60498794E+02   1.48232594E+02   1.48232594E+02   2.23307831E+02   1.37494122E+02   1.37494122E+02
   9.64000000E-02   1.53824724E+02   1.42067431E+02   1.42067431E+02   2.14023477E+02   1.31677712E+02   1.31677712E+02
   9.66000000E-02   1.47427339E+02   1.36157913E+02   1.36157913E+02   2.05123928E+02   1.26106981E+02   1.26106981E+02
   9.68000000E-02   1.41295207E+02   1.30493475E+02   1.30493475E+02   1.96593293E+02   1.20771573E+02   1.20771573E+02
   9.70000000E-02   1.35417370E+02   1.25063989E+02   1.25063989E+02   1.88416335E+02   1.15661565E+02   1.15661565E+02
   9.72000000E-02   1.29783319E+02   1.19859743E+02   1.19859743E+02   1.80578443E+02   1.10767452E+02   1.10767452E+02
   9.74000000E-02   1.24382976E+02   1.14871423E+02   1.14871423E+02   1.73065606E+02   1.06080129E+02   1.06080129E+02
   9.76000000E-02   1.19206682E+02   1.10090103E+02   1.10090103E+02   1.65864391E+02   1.01590875E+02   1.01590875E+02
   9.78000000E-02   1.14245171E+02   1.05507220E+02   1.05507220E+02   1.58961918E+02   9.72913346E+01   9.72913346E+01
   9.80000000E-02   1.09489563E+02   1.01114567E+02   1.01114567E+02   1.52345837E+02   9.31735053E+01   9.31735053E+01
   9.82000000E-02   1.04931341E+02   9.69042731E+01   9.69042731E+01   1.46004305E+02   8.92297206E+01   8.92297206E+01
   9.84000000E-02   1.00562339E+02   9.28687932E+01   9.28687932E+01   1.39925969E+02   8.54526371E+01   8.54526371E+01
   9.86000000E-02   9.63747289E+01   8.90008925E+01   8.90008925E+01   1.34099943E+02   8.18352206E+01   8.18352206E+01
   9.88000000E-02   9.23610043E+01   8.52936348E+01   8.52936348E+01   1.28515788E+02   7.83707329E+01   7.83707329E+01
   9.90000000E-02   8.85139685E+01   8.17403697E+01   8.17403697E+01   1.23163497E+02   7.50527197E+01   7.50527197E+01
   9.92000000E-02   8.48267214E+01   7.83347212E+01   7.83347212E+01   1.18033475E+02   7.18749985E+01   7.18749985E+01
   9.94000000E-02   8.12926476E+01   7.50705763E+01   7.50705763E+01   1.13116522E+02   6.88316473E+01   6.88316473E+01
   9.96000000E-02   7.79054045E+01   7.19420741E+01   7.19420741E+01   1.08403817E+02   6.59169935E+01   6.59169935E+01
   9.98000000E-02   7.46589112E+01   6.89435959E+01   6.89435959E+01   1.03886904E+02   6.31256034E+01   6.31256034E+01
   1.00000000E-01   7.15473375E+01   6.60697545E+01   6.60697545E+01   9.95576750E+01   6.04522724E+01   6.04522724E+01