# 1:time 2:Lum 3:eave 4:erms 5:eskw
0.0100 7.76611e-24 1.07577e+01 1.22631e+01 1.38833e+01
0.0110 9.28115e-24 1.08210e+01 1.23094e+01 1.39353e+01
0.0120 1.04859e-23 1.07378e+01 1.21508e+01 1.36578e+01
0.0130 1.26080e-23 1.09948e+01 1.24135e+01 1.39241e+01
0.0140 1.42638e-23 1.10534e+01 1.24736e+01 1.39902e+01
0.0150 1.57662e-23 1.11034e+01 1.25351e+01 1.40574e+01
0.0160 1.73653e-23 1.11769e+01 1.25964e+01 1.40960e+01
0.0170 1.89416e-23 1.12100e+01 1.26212e+01 1.41194e+01
0.0180 2.10776e-23 1.13029e+01 1.27105e+01 1.41943e+01
0.0190 2.40173e-23 1.15914e+01 1.30824e+01 1.46700e+01
0.0200 2.51618e-23 1.16959e+01 1.32016e+01 1.48080e+01
0.0210 2.44245e-23 1.17268e+01 1.32504e+01 1.48649e+01
0.0220 2.31085e-23 1.16212e+01 1.31367e+01 1.47371e+01
0.0230 2.13502e-23 1.13631e+01 1.28405e+01 1.43981e+01
0.0240 2.19640e-23 1.12987e+01 1.27283e+01 1.42207e+01
0.0250 2.34967e-23 1.13266e+01 1.27438e+01 1.42194e+01
0.0260 2.51105e-23 1.13300e+01 1.27043e+01 1.41253e+01
0.0270 2.65373e-23 1.13651e+01 1.27161e+01 1.41058e+01
0.0280 2.77924e-23 1.14481e+01 1.28224e+01 1.42401e+01
0.0290 2.90101e-23 1.15295e+01 1.29285e+01 1.43789e+01
0.0300 2.99285e-23 1.15690e+01 1.29755e+01 1.44336e+01
0.0310 3.02489e-23 1.15649e+01 1.29649e+01 1.44129e+01
0.0320 3.03229e-23 1.15361e+01 1.29208e+01 1.43499e+01
0.0330 3.05155e-23 1.15285e+01 1.29096e+01 1.43342e+01
0.0340 3.07392e-23 1.15043e+01 1.28743e+01 1.42860e+01
0.0350 3.14940e-23 1.15182e+01 1.28818e+01 1.42848e+01
0.0360 3.23503e-23 1.15301e+01 1.28838e+01 1.42746e+01
0.0370 3.32187e-23 1.15517e+01 1.29014e+01 1.42867e+01
0.0380 3.37331e-23 1.15449e+01 1.28889e+01 1.42662e+01
0.0390 3.41185e-23 1.15489e+01 1.28833e+01 1.42493e+01
0.0400 3.43788e-23 1.15434e+01 1.28676e+01 1.42197e+01
0.0410 3.48858e-23 1.15734e+01 1.29057e+01 1.42667e+01
0.0420 3.54430e-23 1.16202e+01 1.29678e+01 1.43470e+01
0.0430 3.58380e-23 1.16494e+01 1.30027e+01 1.43887e+01
0.0440 3.60708e-23 1.16638e+01 1.30213e+01 1.44123e+01
0.0450 3.60555e-23 1.16581e+01 1.30090e+01 1.43921e+01
0.0460 3.59312e-23 1.16434e+01 1.29866e+01 1.43599e+01
0.0470 3.59801e-23 1.16438e+01 1.29813e+01 1.43473e+01
0.0480 3.59885e-23 1.16405e+01 1.29719e+01 1.43300e+01
0.0490 3.62436e-23 1.16457e+01 1.29720e+01 1.43228e+01
0.0500 3.66837e-23 1.16735e+01 1.30033e+01 1.43567e+01
0.0510 3.70779e-23 1.16960e+01 1.30279e+01 1.43828e+01
0.0520 3.72975e-23 1.17125e+01 1.30438e+01 1.43967e+01
0.0530 3.73783e-23 1.17159e+01 1.30414e+01 1.43867e+01
0.0540 3.73959e-23 1.17101e+01 1.30281e+01 1.43639e+01
0.0550 3.74771e-23 1.17156e+01 1.30323e+01 1.43660e+01
0.0560 3.74815e-23 1.17296e+01 1.30490e+01 1.43855e+01
0.0570 3.73845e-23 1.17255e+01 1.30419e+01 1.43746e+01
0.0580 3.73082e-23 1.17175e+01 1.30278e+01 1.43521e+01
0.0590 3.72183e-23 1.17174e+01 1.30184e+01 1.43311e+01
0.0600 3.72103e-23 1.17088e+01 1.30046e+01 1.43093e+01
0.0610 3.73683e-23 1.17416e+01 1.30482e+01 1.43661e+01
0.0620 3.75392e-23 1.17620e+01 1.30731e+01 1.43956e+01
0.0630 3.76117e-23 1.17719e+01 1.30820e+01 1.44028e+01
0.0640 3.76451e-23 1.17828e+01 1.30907e+01 1.44076e+01
0.0650 3.76353e-23 1.17814e+01 1.30886e+01 1.44043e+01
0.0660 3.76442e-23 1.17976e+01 1.31070e+01 1.44254e+01
0.0670 3.76893e-23 1.18057e+01 1.31159e+01 1.44345e+01
0.0680 3.77157e-23 1.18142e+01 1.31235e+01 1.44405e+01
0.0690 3.77403e-23 1.18225e+01 1.31294e+01 1.44428e+01
0.0700 3.77026e-23 1.18311e+01 1.31360e+01 1.44469e+01
0.0710 3.76635e-23 1.18370e+01 1.31410e+01 1.44504e+01
0.0720 3.76410e-23 1.18427e+01 1.31468e+01 1.44558e+01
0.0730 3.75624e-23 1.18497e+01 1.31535e+01 1.44613e+01
0.0740 3.75062e-23 1.18500e+01 1.31546e+01 1.44622e+01
0.0750 3.74114e-23 1.18665e+01 1.31719e+01 1.44804e+01
0.0760 3.73887e-23 1.18670e+01 1.31767e+01 1.44897e+01
0.0770 3.73526e-23 1.18719e+01 1.31846e+01 1.44999e+01
0.0780 3.73052e-23 1.18910e+01 1.32053e+01 1.45225e+01
0.0790 3.72881e-23 1.19065e+01 1.32235e+01 1.45434e+01
0.0800 3.72145e-23 1.19152e+01 1.32327e+01 1.45528e+01
0.0810 3.71421e-23 1.19211e+01 1.32384e+01 1.45575e+01
0.0820 3.70553e-23 1.19248e+01 1.32415e+01 1.45596e+01
0.0830 3.69625e-23 1.19331e+01 1.32520e+01 1.45718e+01
0.0840 3.68534e-23 1.19409e+01 1.32614e+01 1.45826e+01
0.0850 3.67755e-23 1.19517e+01 1.32734e+01 1.45952e+01
0.0860 3.67039e-23 1.19627e+01 1.32848e+01 1.46065e+01
0.0870 3.66468e-23 1.19690e+01 1.32917e+01 1.46130e+01
0.0880 3.65404e-23 1.19734e+01 1.32942e+01 1.46124e+01
0.0890 3.64411e-23 1.19802e+01 1.32992e+01 1.46144e+01
0.0900 3.63533e-23 1.19894e+01 1.33060e+01 1.46178e+01
0.0910 3.62718e-23 1.19957e+01 1.33112e+01 1.46207e+01
0.0920 3.61839e-23 1.20055e+01 1.33195e+01 1.46263e+01
0.0930 3.60677e-23 1.20111e+01 1.33243e+01 1.46292e+01
0.0940 3.59346e-23 1.20204e+01 1.33330e+01 1.46363e+01
0.0950 3.57854e-23 1.20243e+01 1.33368e+01 1.46388e+01
0.0960 3.56447e-23 1.20342e+01 1.33458e+01 1.46466e+01
0.0970 3.55125e-23 1.20402e+01 1.33519e+01 1.46520e+01
0.0980 3.53832e-23 1.20469e+01 1.33591e+01 1.46589e+01
0.0990 3.52654e-23 1.20571e+01 1.33701e+01 1.46699e+01
0.1000 3.51174e-23 1.20654e+01 1.33788e+01 1.46788e+01
0.1010 3.49855e-23 1.20718e+01 1.33873e+01 1.46888e+01
0.1020 3.48403e-23 1.20768e+01 1.33937e+01 1.46959e+01
0.1030 3.48119e-23 1.20924e+01 1.34102e+01 1.47135e+01
0.1040 3.46565e-23 1.20878e+01 1.33970e+01 1.46925e+01
0.1050 3.45020e-23 1.20475e+01 1.33271e+01 1.45893e+01
0.1060 3.40338e-23 1.19922e+01 1.32294e+01 1.44386e+01
0.1070 3.37328e-23 1.19830e+01 1.32096e+01 1.44043e+01
0.1080 3.35737e-23 1.19902e+01 1.32190e+01 1.44159e+01
0.1090 3.34121e-23 1.19986e+01 1.32289e+01 1.44279e+01
0.1100 3.32539e-23 1.20040e+01 1.32365e+01 1.44379e+01
0.1110 3.30939e-23 1.20144e+01 1.32482e+01 1.44511e+01
0.1120 3.29427e-23 1.20197e+01 1.32559e+01 1.44612e+01
0.1130 3.27912e-23 1.20285e+01 1.32663e+01 1.44734e+01
0.1140 3.26528e-23 1.20365e+01 1.32765e+01 1.44857e+01
0.1150 3.25158e-23 1.20441e+01 1.32864e+01 1.44980e+01
0.1160 3.23690e-23 1.20516e+01 1.32961e+01 1.45099e+01
0.1170 3.22216e-23 1.20616e+01 1.33074e+01 1.45230e+01
0.1180 3.20715e-23 1.20690e+01 1.33173e+01 1.45353e+01
0.1190 3.19221e-23 1.20759e+01 1.33265e+01 1.45469e+01
0.1200 3.17764e-23 1.20822e+01 1.33351e+01 1.45579e+01
0.1210 3.16269e-23 1.20914e+01 1.33460e+01 1.45705e+01
0.1220 3.14734e-23 1.21011e+01 1.33570e+01 1.45831e+01
0.1230 3.13286e-23 1.21077e+01 1.33657e+01 1.45937e+01
0.1240 3.11807e-23 1.21130e+01 1.33729e+01 1.46030e+01
0.1250 3.10275e-23 1.21181e+01 1.33801e+01 1.46121e+01
0.1260 3.08610e-23 1.21304e+01 1.33931e+01 1.46261e+01
0.1270 3.07105e-23 1.21354e+01 1.34001e+01 1.46351e+01
0.1280 3.05495e-23 1.21397e+01 1.34065e+01 1.46436e+01
0.1290 3.03864e-23 1.21474e+01 1.34153e+01 1.46536e+01
0.1300 3.02307e-23 1.21527e+01 1.34222e+01 1.46620e+01
0.1310 3.00792e-23 1.21546e+01 1.34264e+01 1.46683e+01
0.1320 2.99166e-23 1.21655e+01 1.34377e+01 1.46803e+01
0.1325 2.98408e-23 1.21722e+01 1.34441e+01 1.46866e+01
0.1330 2.97605e-23 1.21692e+01 1.34434e+01 1.46877e+01
0.1340 2.95989e-23 1.21781e+01 1.34531e+01 1.46984e+01
0.1350 2.94396e-23 1.21860e+01 1.34623e+01 1.47089e+01
0.1360 2.92914e-23 1.21936e+01 1.34712e+01 1.47192e+01
0.1370 2.91424e-23 1.21999e+01 1.34786e+01 1.47276e+01
0.1380 2.89912e-23 1.22044e+01 1.34845e+01 1.47349e+01
0.1390 2.88472e-23 1.22093e+01 1.34906e+01 1.47421e+01
0.1400 2.86963e-23 1.22149e+01 1.34973e+01 1.47497e+01
0.1410 2.85471e-23 1.22203e+01 1.35036e+01 1.47570e+01
0.1420 2.84131e-23 1.22258e+01 1.35099e+01 1.47642e+01
0.1430 2.82680e-23 1.22314e+01 1.35165e+01 1.47717e+01
0.1440 2.81142e-23 1.22363e+01 1.35222e+01 1.47780e+01
0.1450 2.79650e-23 1.22416e+01 1.35279e+01 1.47842e+01
0.1460 2.78266e-23 1.22478e+01 1.35350e+01 1.47922e+01
0.1470 2.76844e-23 1.22548e+01 1.35428e+01 1.48008e+01
0.1480 2.75376e-23 1.22603e+01 1.35493e+01 1.48079e+01
0.1490 2.73928e-23 1.22600e+01 1.35504e+01 1.48104e+01
0.1500 2.72463e-23 1.22672e+01 1.35578e+01 1.48180e+01
0.1510 2.71102e-23 1.22695e+01 1.35616e+01 1.48231e+01
0.1520 2.69691e-23 1.22735e+01 1.35666e+01 1.48289e+01
0.1530 2.68309e-23 1.22799e+01 1.35737e+01 1.48366e+01
0.1540 2.66953e-23 1.22834e+01 1.35782e+01 1.48421e+01
0.1550 2.65583e-23 1.22881e+01 1.35833e+01 1.48476e+01
0.1560 2.64258e-23 1.22873e+01 1.35847e+01 1.48505e+01
0.1570 2.62954e-23 1.22958e+01 1.35933e+01 1.48594e+01
0.1580 2.61658e-23 1.23026e+01 1.36003e+01 1.48666e+01
0.1590 2.60368e-23 1.23050e+01 1.36036e+01 1.48708e+01
0.1600 2.59103e-23 1.23063e+01 1.36066e+01 1.48751e+01
0.1610 2.57881e-23 1.23139e+01 1.36144e+01 1.48833e+01
0.1620 2.56621e-23 1.23196e+01 1.36206e+01 1.48900e+01
0.1630 2.55398e-23 1.23213e+01 1.36239e+01 1.48945e+01
0.1640 2.54187e-23 1.23240e+01 1.36280e+01 1.48998e+01
0.1650 2.52863e-23 1.23396e+01 1.36420e+01 1.49128e+01
0.1660 2.51825e-23 1.23350e+01 1.36398e+01 1.49126e+01
0.1670 2.50618e-23 1.23404e+01 1.36454e+01 1.49185e+01
0.1680 2.49407e-23 1.23423e+01 1.36485e+01 1.49224e+01
0.1690 2.48109e-23 1.23454e+01 1.36522e+01 1.49266e+01
0.1700 2.46858e-23 1.23504e+01 1.36572e+01 1.49315e+01
0.1710 2.45580e-23 1.23590e+01 1.36652e+01 1.49389e+01
0.1720 2.44550e-23 1.23550e+01 1.36630e+01 1.49380e+01
0.1730 2.43486e-23 1.23592e+01 1.36675e+01 1.49428e+01
0.1740 2.42424e-23 1.23636e+01 1.36725e+01 1.49482e+01
0.1750 2.41367e-23 1.23697e+01 1.36784e+01 1.49540e+01
0.1760 2.40370e-23 1.23721e+01 1.36815e+01 1.49576e+01
0.1770 2.39301e-23 1.23800e+01 1.36890e+01 1.49648e+01
0.1780 2.38339e-23 1.23803e+01 1.36905e+01 1.49672e+01
0.1790 2.37382e-23 1.23847e+01 1.36952e+01 1.49721e+01
0.1800 2.36438e-23 1.23848e+01 1.36968e+01 1.49747e+01
0.1810 2.35446e-23 1.23888e+01 1.37018e+01 1.49802e+01
0.1820 2.34389e-23 1.23930e+01 1.37064e+01 1.49851e+01
0.1830 2.33296e-23 1.24016e+01 1.37142e+01 1.49926e+01
0.1840 2.32253e-23 1.24071e+01 1.37199e+01 1.49983e+01
0.1850 2.31199e-23 1.24103e+01 1.37237e+01 1.50026e+01
0.1860 2.30251e-23 1.24076e+01 1.37227e+01 1.50029e+01
0.1870 2.29160e-23 1.24170e+01 1.37314e+01 1.50111e+01
0.1880 2.28122e-23 1.24217e+01 1.37366e+01 1.50165e+01
0.1890 2.27180e-23 1.24217e+01 1.37376e+01 1.50184e+01
0.1900 2.26209e-23 1.24236e+01 1.37401e+01 1.50214e+01
0.1910 2.25201e-23 1.24253e+01 1.37427e+01 1.50246e+01
0.1920 2.24257e-23 1.24267e+01 1.37453e+01 1.50279e+01
0.1930 2.23364e-23 1.24315e+01 1.37503e+01 1.50332e+01
0.1940 2.22440e-23 1.24392e+01 1.37578e+01 1.50405e+01
0.1950 2.21694e-23 1.24397e+01 1.37591e+01 1.50425e+01
0.1960 2.20895e-23 1.24439e+01 1.37637e+01 1.50475e+01
0.1970 2.20088e-23 1.24483e+01 1.37684e+01 1.50525e+01
0.1980 2.19316e-23 1.24518e+01 1.37722e+01 1.50566e+01
0.1990 2.18532e-23 1.24551e+01 1.37762e+01 1.50610e+01
0.2000 2.17748e-23 1.24563e+01 1.37783e+01 1.50637e+01
0.2010 2.16908e-23 1.24603e+01 1.37827e+01 1.50685e+01
0.2020 2.16005e-23 1.24686e+01 1.37905e+01 1.50758e+01
0.2030 2.15169e-23 1.24717e+01 1.37941e+01 1.50797e+01
0.2040 2.14396e-23 1.24753e+01 1.37977e+01 1.50836e+01
0.2050 2.13662e-23 1.24777e+01 1.38009e+01 1.50871e+01
0.2060 2.12966e-23 1.24810e+01 1.38045e+01 1.50910e+01
0.2070 2.12354e-23 1.24796e+01 1.38050e+01 1.50926e+01
0.2080 2.11649e-23 1.24894e+01 1.38135e+01 1.51005e+01
0.2090 2.10977e-23 1.24933e+01 1.38181e+01 1.51053e+01
0.2100 2.10350e-23 1.24935e+01 1.38191e+01 1.51071e+01
0.2110 2.09708e-23 1.24978e+01 1.38235e+01 1.51116e+01
0.2120 2.09049e-23 1.25031e+01 1.38291e+01 1.51173e+01
0.2130 2.08342e-23 1.25082e+01 1.38344e+01 1.51226e+01
0.2140 2.07650e-23 1.25117e+01 1.38383e+01 1.51267e+01
0.2150 2.06977e-23 1.25164e+01 1.38432e+01 1.51318e+01
0.2160 2.06370e-23 1.25166e+01 1.38446e+01 1.51342e+01
0.2170 2.05650e-23 1.25261e+01 1.38535e+01 1.51427e+01
0.2180 2.05041e-23 1.25267e+01 1.38551e+01 1.51451e+01
0.2190 2.04365e-23 1.25303e+01 1.38591e+01 1.51494e+01
0.2200 2.03659e-23 1.25369e+01 1.38652e+01 1.51552e+01
0.2210 2.02992e-23 1.25373e+01 1.38668e+01 1.51575e+01
0.2220 2.02298e-23 1.25390e+01 1.38691e+01 1.51604e+01
0.2230 2.01612e-23 1.25413e+01 1.38720e+01 1.51637e+01
0.2240 2.00969e-23 1.25438e+01 1.38749e+01 1.51669e+01
0.2250 2.00345e-23 1.25457e+01 1.38775e+01 1.51700e+01
0.2260 1.99729e-23 1.25516e+01 1.38831e+01 1.51754e+01
0.2270 1.99095e-23 1.25560e+01 1.38876e+01 1.51799e+01
0.2280 1.98522e-23 1.25522e+01 1.38856e+01 1.51792e+01
0.2290 1.97862e-23 1.25610e+01 1.38933e+01 1.51862e+01
0.2300 1.97257e-23 1.25631e+01 1.38959e+01 1.51891e+01
0.2310 1.96715e-23 1.25636e+01 1.38971e+01 1.51907e+01
0.2320 1.96117e-23 1.25675e+01 1.39013e+01 1.51951e+01
0.2330 1.95536e-23 1.25708e+01 1.39048e+01 1.51987e+01
0.2340 1.94950e-23 1.25719e+01 1.39065e+01 1.52009e+01
0.2350 1.94277e-23 1.25786e+01 1.39128e+01 1.52070e+01
0.2360 1.93658e-23 1.25805e+01 1.39155e+01 1.52101e+01
0.2370 1.93084e-23 1.25815e+01 1.39171e+01 1.52121e+01
0.2380 1.92430e-23 1.25854e+01 1.39215e+01 1.52167e+01
0.2390 1.91904e-23 1.25837e+01 1.39207e+01 1.52168e+01
0.2400 1.91297e-23 1.25888e+01 1.39257e+01 1.52216e+01
0.2410 1.90811e-23 1.25870e+01 1.39248e+01 1.52217e+01
0.2420 1.90279e-23 1.25932e+01 1.39308e+01 1.52275e+01
0.2430 1.89723e-23 1.25994e+01 1.39371e+01 1.52338e+01
0.2440 1.89246e-23 1.26017e+01 1.39396e+01 1.52368e+01
0.2450 1.88765e-23 1.26008e+01 1.39400e+01 1.52382e+01
0.2460 1.88241e-23 1.26058e+01 1.39448e+01 1.52430e+01
0.2460 1.88240e-23 1.26058e+01 1.39448e+01 1.52430e+01
0.2470 1.87679e-23 1.26101e+01 1.39494e+01 1.52477e+01
0.2480 1.87131e-23 1.26110e+01 1.39511e+01 1.52500e+01
0.2490 1.86570e-23 1.26118e+01 1.39530e+01 1.52528e+01
0.2500 1.86074e-23 1.26140e+01 1.39557e+01 1.52561e+01
0.2510 1.85640e-23 1.26121e+01 1.39557e+01 1.52572e+01
0.2520 1.85160e-23 1.26229e+01 1.39649e+01 1.52656e+01
0.2530 1.84782e-23 1.26227e+01 1.39657e+01 1.52671e+01
0.2540 1.84322e-23 1.26273e+01 1.39707e+01 1.52724e+01
0.2550 1.83929e-23 1.26244e+01 1.39695e+01 1.52726e+01
0.2560 1.83462e-23 1.26311e+01 1.39759e+01 1.52787e+01
0.2570 1.83117e-23 1.26293e+01 1.39756e+01 1.52795e+01
0.2580 1.82759e-23 1.26322e+01 1.39789e+01 1.52833e+01
0.2590 1.82384e-23 1.26375e+01 1.39838e+01 1.52881e+01
0.2600 1.82000e-23 1.26428e+01 1.39892e+01 1.52937e+01
0.2610 1.81694e-23 1.26423e+01 1.39900e+01 1.52954e+01
0.2620 1.81348e-23 1.26483e+01 1.39957e+01 1.53010e+01
0.2630 1.81018e-23 1.26513e+01 1.39992e+01 1.53049e+01
0.2640 1.80654e-23 1.26533e+01 1.40017e+01 1.53079e+01
0.2650 1.80244e-23 1.26526e+01 1.40027e+01 1.53099e+01
0.2660 1.79818e-23 1.26518e+01 1.40028e+01 1.53109e+01
0.2670 1.79234e-23 1.26662e+01 1.40156e+01 1.53224e+01
0.2680 1.78797e-23 1.26647e+01 1.40154e+01 1.53233e+01
0.2690 1.78314e-23 1.26670e+01 1.40183e+01 1.53267e+01
0.2700 1.77861e-23 1.26639e+01 1.40170e+01 1.53267e+01
0.2710 1.77268e-23 1.26701e+01 1.40231e+01 1.53326e+01
0.2720 1.76761e-23 1.26734e+01 1.40265e+01 1.53363e+01
0.2730 1.76357e-23 1.26717e+01 1.40259e+01 1.53367e+01
0.2740 1.76009e-23 1.26737e+01 1.40288e+01 1.53403e+01
0.2750 1.75780e-23 1.26740e+01 1.40298e+01 1.53422e+01
0.2760 1.75506e-23 1.26791e+01 1.40353e+01 1.53481e+01
0.2770 1.75228e-23 1.26835e+01 1.40403e+01 1.53535e+01
0.2780 1.74959e-23 1.26831e+01 1.40416e+01 1.53559e+01
0.2790 1.74634e-23 1.26885e+01 1.40470e+01 1.53615e+01
0.2800 1.74233e-23 1.26967e+01 1.40543e+01 1.53684e+01
0.2810 1.73857e-23 1.26961e+01 1.40551e+01 1.53704e+01
0.2820 1.73421e-23 1.26987e+01 1.40585e+01 1.53744e+01
0.2830 1.72900e-23 1.27112e+01 1.40691e+01 1.53841e+01
0.2840 1.72478e-23 1.27072e+01 1.40676e+01 1.53843e+01
0.2850 1.72022e-23 1.27093e+01 1.40706e+01 1.53881e+01
0.2860 1.71530e-23 1.27179e+01 1.40784e+01 1.53956e+01
0.2870 1.71137e-23 1.27156e+01 1.40778e+01 1.53965e+01
0.2880 1.70699e-23 1.27230e+01 1.40844e+01 1.54029e+01
0.2890 1.70296e-23 1.27263e+01 1.40883e+01 1.54073e+01
0.2900 1.70014e-23 1.27228e+01 1.40866e+01 1.54072e+01
0.2910 1.69633e-23 1.27246e+01 1.40895e+01 1.54109e+01
0.2920 1.69342e-23 1.27252e+01 1.40910e+01 1.54133e+01
0.2930 1.68992e-23 1.27343e+01 1.40996e+01 1.54216e+01
0.2940 1.68705e-23 1.27384e+01 1.41038e+01 1.54263e+01
0.2950 1.68427e-23 1.27389e+01 1.41057e+01 1.54291e+01
0.2960 1.68116e-23 1.27433e+01 1.41099e+01 1.54335e+01
0.2970 1.67830e-23 1.27402e+01 1.41088e+01 1.54338e+01
0.2980 1.67505e-23 1.27429e+01 1.41119e+01 1.54374e+01
0.2990 1.67144e-23 1.27504e+01 1.41191e+01 1.54445e+01
0.3000 1.66841e-23 1.27520e+01 1.41215e+01 1.54477e+01
0.3010 1.66589e-23 1.27467e+01 1.41185e+01 1.54465e+01
0.3020 1.66273e-23 1.27514e+01 1.41236e+01 1.54518e+01
0.3030 1.66027e-23 1.27505e+01 1.41238e+01 1.54532e+01
0.3040 1.65749e-23 1.27549e+01 1.41283e+01 1.54580e+01
0.3050 1.65423e-23 1.27625e+01 1.41359e+01 1.54654e+01
0.3060 1.65135e-23 1.27697e+01 1.41424e+01 1.54717e+01
0.3070 1.64850e-23 1.27684e+01 1.41427e+01 1.54732e+01
0.3080 1.64479e-23 1.27727e+01 1.41469e+01 1.54776e+01
0.3090 1.64100e-23 1.27682e+01 1.41446e+01 1.54769e+01
0.3100 1.63659e-23 1.27673e+01 1.41451e+01 1.54783e+01
0.3110 1.63187e-23 1.27712e+01 1.41491e+01 1.54825e+01
0.3120 1.62753e-23 1.27757e+01 1.41533e+01 1.54867e+01
0.3130 1.62411e-23 1.27730e+01 1.41522e+01 1.54867e+01
0.3140 1.61992e-23 1.27843e+01 1.41615e+01 1.54947e+01
0.3150 1.61750e-23 1.27805e+01 1.41594e+01 1.54941e+01
0.3160 1.61507e-23 1.27790e+01 1.41595e+01 1.54954e+01
0.3170 1.61283e-23 1.27797e+01 1.41612e+01 1.54980e+01
0.3180 1.61066e-23 1.27826e+01 1.41645e+01 1.55018e+01
0.3190 1.60810e-23 1.27873e+01 1.41695e+01 1.55071e+01
0.3200 1.60613e-23 1.27816e+01 1.41660e+01 1.55054e+01
0.3210 1.60268e-23 1.27899e+01 1.41735e+01 1.55124e+01
0.3220 1.59918e-23 1.27921e+01 1.41766e+01 1.55159e+01
0.3230 1.59597e-23 1.27958e+01 1.41802e+01 1.55197e+01
0.3240 1.59375e-23 1.27928e+01 1.41788e+01 1.55195e+01
0.3250 1.59165e-23 1.27967e+01 1.41825e+01 1.55234e+01
0.3260 1.58939e-23 1.28007e+01 1.41865e+01 1.55275e+01
0.3270 1.58719e-23 1.27993e+01 1.41866e+01 1.55287e+01
0.3280 1.58409e-23 1.28069e+01 1.41939e+01 1.55357e+01
0.3290 1.58093e-23 1.28113e+01 1.41984e+01 1.55404e+01
0.3300 1.57843e-23 1.28129e+01 1.42003e+01 1.55428e+01
0.3310 1.57670e-23 1.28050e+01 1.41947e+01 1.55392e+01
0.3320 1.57361e-23 1.28111e+01 1.42009e+01 1.55452e+01
0.3330 1.57028e-23 1.28196e+01 1.42085e+01 1.55524e+01
0.3340 1.56728e-23 1.28182e+01 1.42083e+01 1.55531e+01
0.3350 1.56360e-23 1.28230e+01 1.42126e+01 1.55572e+01
0.3360 1.55949e-23 1.28245e+01 1.42150e+01 1.55600e+01
0.3370 1.55534e-23 1.28260e+01 1.42167e+01 1.55619e+01
0.3380 1.55213e-23 1.28242e+01 1.42155e+01 1.55614e+01
0.3390 1.54843e-23 1.28326e+01 1.42230e+01 1.55682e+01
0.3400 1.54544e-23 1.28319e+01 1.42233e+01 1.55692e+01
0.3410 1.54217e-23 1.28371e+01 1.42282e+01 1.55740e+01
0.3420 1.53872e-23 1.28411e+01 1.42324e+01 1.55785e+01
0.3430 1.53617e-23 1.28349e+01 1.42284e+01 1.55763e+01
0.3440 1.53297e-23 1.28366e+01 1.42307e+01 1.55792e+01
0.3450 1.52921e-23 1.28396e+01 1.42343e+01 1.55830e+01
0.3460 1.52483e-23 1.28496e+01 1.42430e+01 1.55909e+01
0.3470 1.52109e-23 1.28482e+01 1.42430e+01 1.55919e+01
0.3480 1.51760e-23 1.28454e+01 1.42411e+01 1.55908e+01
0.3490 1.51380e-23 1.28519e+01 1.42467e+01 1.55956e+01
0.3500 1.51117e-23 1.28506e+01 1.42459e+01 1.55954e+01
0.3510 1.50933e-23 1.28465e+01 1.42433e+01 1.55940e+01
0.3520 1.50732e-23 1.28504e+01 1.42469e+01 1.55974e+01
0.3530 1.50594e-23 1.28586e+01 1.42542e+01 1.56042e+01
0.3540 1.50521e-23 1.28593e+01 1.42557e+01 1.56064e+01
0.3550 1.50402e-23 1.28634e+01 1.42599e+01 1.56106e+01
0.3560 1.50207e-23 1.28681e+01 1.42646e+01 1.56155e+01
0.3570 1.49992e-23 1.28701e+01 1.42672e+01 1.56186e+01
0.3580 1.49764e-23 1.28687e+01 1.42670e+01 1.56193e+01
0.3590 1.49468e-23 1.28733e+01 1.42716e+01 1.56241e+01
0.3600 1.49158e-23 1.28754e+01 1.42741e+01 1.56269e+01
0.3610 1.48853e-23 1.28755e+01 1.42750e+01 1.56283e+01
0.3620 1.48511e-23 1.28735e+01 1.42740e+01 1.56282e+01
0.3625 1.48271e-23 1.28763e+01 1.42767e+01 1.56307e+01
0.3630 1.47996e-23 1.28872e+01 1.42854e+01 1.56380e+01
0.3640 1.47691e-23 1.28803e+01 1.42803e+01 1.56342e+01
0.3650 1.47406e-23 1.28811e+01 1.42813e+01 1.56354e+01
0.3660 1.47155e-23 1.28808e+01 1.42818e+01 1.56366e+01
0.3670 1.46948e-23 1.28798e+01 1.42816e+01 1.56370e+01
0.3680 1.46688e-23 1.28819e+01 1.42843e+01 1.56402e+01
0.3690 1.46389e-23 1.28904e+01 1.42917e+01 1.56468e+01
0.3700 1.46133e-23 1.28904e+01 1.42924e+01 1.56481e+01
0.3710 1.45819e-23 1.28921e+01 1.42948e+01 1.56508e+01
0.3720 1.45549e-23 1.28847e+01 1.42892e+01 1.56468e+01
0.3730 1.45156e-23 1.28936e+01 1.42967e+01 1.56533e+01
0.3740 1.44928e-23 1.28901e+01 1.42946e+01 1.56523e+01
0.3750 1.44676e-23 1.28981e+01 1.43016e+01 1.56586e+01
0.3760 1.44461e-23 1.28979e+01 1.43028e+01 1.56607e+01
0.3770 1.44241e-23 1.29016e+01 1.43062e+01 1.56641e+01
0.3780 1.44067e-23 1.28998e+01 1.43054e+01 1.56640e+01
0.3790 1.43880e-23 1.28983e+01 1.43046e+01 1.56640e+01
0.3800 1.43588e-23 1.29082e+01 1.43135e+01 1.56721e+01
0.3810 1.43408e-23 1.29061e+01 1.43125e+01 1.56719e+01
0.3820 1.43316e-23 1.29017e+01 1.43095e+01 1.56700e+01
0.3830 1.43192e-23 1.29054e+01 1.43129e+01 1.56732e+01
0.3840 1.43198e-23 1.28821e+01 1.42969e+01 1.56617e+01
0.3850 1.43192e-23 1.28638e+01 1.42846e+01 1.56531e+01
0.3860 1.42991e-23 1.28738e+01 1.42933e+01 1.56608e+01
0.3870 1.42754e-23 1.28773e+01 1.42966e+01 1.56642e+01
0.3880 1.42438e-23 1.28807e+01 1.42997e+01 1.56673e+01
0.3890 1.42071e-23 1.28815e+01 1.43012e+01 1.56692e+01
0.3900 1.41678e-23 1.28898e+01 1.43086e+01 1.56760e+01
0.3910 1.41415e-23 1.28861e+01 1.43065e+01 1.56752e+01
0.3920 1.41134e-23 1.28838e+01 1.43052e+01 1.56747e+01
0.3930 1.40865e-23 1.28766e+01 1.43013e+01 1.56726e+01
0.3940 1.40574e-23 1.28855e+01 1.43081e+01 1.56783e+01
0.3950 1.40221e-23 1.28943e+01 1.43156e+01 1.56848e+01
0.3960 1.39938e-23 1.28943e+01 1.43155e+01 1.56850e+01
0.3970 1.39640e-23 1.28933e+01 1.43155e+01 1.56855e+01
0.3980 1.39420e-23 1.28901e+01 1.43135e+01 1.56845e+01
0.3990 1.39201e-23 1.28945e+01 1.43172e+01 1.56879e+01
0.4000 1.38898e-23 1.29058e+01 1.43267e+01 1.56962e+01
0.4010 1.38648e-23 1.29019e+01 1.43240e+01 1.56945e+01
0.4020 1.38408e-23 1.29048e+01 1.43266e+01 1.56970e+01
0.4030 1.38263e-23 1.29079e+01 1.43295e+01 1.57000e+01
0.4040 1.38218e-23 1.28990e+01 1.43236e+01 1.56962e+01
0.4050 1.38072e-23 1.29032e+01 1.43278e+01 1.57009e+01
0.4060 1.37876e-23 1.29051e+01 1.43309e+01 1.57045e+01
0.4070 1.37681e-23 1.29046e+01 1.43313e+01 1.57057e+01
0.4080 1.37410e-23 1.29132e+01 1.43385e+01 1.57121e+01
0.4090 1.37151e-23 1.29219e+01 1.43459e+01 1.57187e+01
0.4100 1.36981e-23 1.29213e+01 1.43459e+01 1.57191e+01
0.4110 1.36834e-23 1.29220e+01 1.43470e+01 1.57202e+01
0.4120 1.36684e-23 1.29255e+01 1.43501e+01 1.57234e+01
0.4130 1.36422e-23 1.29295e+01 1.43540e+01 1.57274e+01
0.4140 1.36041e-23 1.29384e+01 1.43622e+01 1.57350e+01
0.4150 1.35774e-23 1.29289e+01 1.43561e+01 1.57309e+01
0.4160 1.35545e-23 1.29314e+01 1.43572e+01 1.57317e+01
0.4170 1.35324e-23 1.29358e+01 1.43612e+01 1.57353e+01
0.4180 1.35121e-23 1.29445e+01 1.43678e+01 1.57406e+01
0.4190 1.34978e-23 1.29398e+01 1.43646e+01 1.57385e+01
0.4200 1.34896e-23 1.29370e+01 1.43616e+01 1.57359e+01
0.4210 1.34594e-23 1.29499e+01 1.43735e+01 1.57467e+01
0.4220 1.34434e-23 1.29557e+01 1.43776e+01 1.57506e+01
0.4230 1.34130e-23 1.29612e+01 1.43850e+01 1.57585e+01
0.4240 1.33937e-23 1.29603e+01 1.43855e+01 1.57599e+01
0.4250 1.33762e-23 1.29595e+01 1.43852e+01 1.57599e+01
0.4260 1.33569e-23 1.29622e+01 1.43868e+01 1.57612e+01
0.4270 1.33266e-23 1.29668e+01 1.43920e+01 1.57665e+01
0.4280 1.33027e-23 1.29787e+01 1.44004e+01 1.57731e+01
0.4290 1.32807e-23 1.29718e+01 1.43959e+01 1.57700e+01
0.4300 1.32698e-23 1.29706e+01 1.43936e+01 1.57678e+01
0.4310 1.32676e-23 1.29595e+01 1.43850e+01 1.57613e+01
0.4320 1.32381e-23 1.29682e+01 1.43946e+01 1.57706e+01
0.4330 1.32133e-23 1.29771e+01 1.44027e+01 1.57780e+01
0.4340 1.31834e-23 1.29819e+01 1.44074e+01 1.57825e+01
0.4350 1.32283e-23 1.29432e+01 1.43653e+01 1.57427e+01
0.4360 1.31919e-23 1.29392e+01 1.43631e+01 1.57416e+01
0.4370 1.31675e-23 1.29366e+01 1.43607e+01 1.57397e+01
0.4380 1.31271e-23 1.29423e+01 1.43669e+01 1.57459e+01
0.4390 1.30919e-23 1.29501e+01 1.43735e+01 1.57514e+01
0.4400 1.30728e-23 1.29422e+01 1.43675e+01 1.57469e+01
0.4410 1.30367e-23 1.29566e+01 1.43810e+01 1.57593e+01
0.4420 1.30354e-23 1.29534e+01 1.43771e+01 1.57559e+01
0.4430 1.30268e-23 1.29522e+01 1.43767e+01 1.57562e+01
0.4440 1.30111e-23 1.29486e+01 1.43755e+01 1.57564e+01
0.4450 1.30045e-23 1.29519e+01 1.43776e+01 1.57583e+01
0.4460 1.29692e-23 1.29704e+01 1.43955e+01 1.57749e+01
0.4470 1.29653e-23 1.29664e+01 1.43917e+01 1.57717e+01
0.4480 1.29433e-23 1.29720e+01 1.43968e+01 1.57765e+01
0.4490 1.29227e-23 1.29675e+01 1.43939e+01 1.57747e+01
0.4500 1.29143e-23 1.29624e+01 1.43889e+01 1.57706e+01
0.4510 1.29388e-23 1.29496e+01 1.43741e+01 1.57564e+01
0.4520 1.28884e-23 1.29730e+01 1.43991e+01 1.57802e+01
0.4530 1.28787e-23 1.29706e+01 1.43961e+01 1.57777e+01
0.4540 1.28688e-23 1.29630e+01 1.43899e+01 1.57728e+01
0.4550 1.28459e-23 1.29746e+01 1.43994e+01 1.57807e+01
0.4560 1.28747e-23 1.29417e+01 1.43688e+01 1.57536e+01
0.4570 1.28790e-23 1.29271e+01 1.43533e+01 1.57393e+01
0.4580 1.28386e-23 1.29311e+01 1.43576e+01 1.57436e+01
0.4590 1.28010e-23 1.29394e+01 1.43649e+01 1.57501e+01
0.4600 1.27717e-23 1.29350e+01 1.43620e+01 1.57481e+01
0.4610 1.27511e-23 1.29325e+01 1.43601e+01 1.57470e+01
0.4620 1.27270e-23 1.29379e+01 1.43648e+01 1.57515e+01
0.4630 1.27133e-23 1.29410e+01 1.43669e+01 1.57533e+01
0.4640 1.27140e-23 1.29198e+01 1.43508e+01 1.57411e+01
0.4650 1.26823e-23 1.29414e+01 1.43680e+01 1.57553e+01
0.4660 1.26534e-23 1.29326e+01 1.43624e+01 1.57518e+01
0.4670 1.26279e-23 1.29225e+01 1.43542e+01 1.57455e+01
0.4680 1.25994e-23 1.29386e+01 1.43657e+01 1.57546e+01
0.4690 1.25548e-23 1.29466e+01 1.43760e+01 1.57648e+01
0.4700 1.25843e-23 1.29249e+01 1.43559e+01 1.57474e+01
0.4710 1.25590e-23 1.29398e+01 1.43712e+01 1.57618e+01
0.4720 1.25628e-23 1.29382e+01 1.43699e+01 1.57608e+01
0.4730 1.25388e-23 1.29547e+01 1.43851e+01 1.57746e+01
0.4740 1.25496e-23 1.29455e+01 1.43743e+01 1.57644e+01
0.4750 1.24920e-23 1.29630e+01 1.43920e+01 1.57808e+01
0.4760 1.24546e-23 1.29637e+01 1.43940e+01 1.57832e+01
0.4770 1.24483e-23 1.29516e+01 1.43806e+01 1.57706e+01
0.4780 1.24068e-23 1.29521e+01 1.43834e+01 1.57744e+01
0.4790 1.23693e-23 1.29669e+01 1.43966e+01 1.57859e+01
0.4800 1.23723e-23 1.29505e+01 1.43819e+01 1.57737e+01
0.4800 1.23729e-23 1.29501e+01 1.43815e+01 1.57733e+01
0.4810 1.23682e-23 1.29511e+01 1.43809e+01 1.57724e+01
0.4820 1.23473e-23 1.29553e+01 1.43851e+01 1.57763e+01
0.4830 1.23337e-23 1.29541e+01 1.43850e+01 1.57766e+01
0.4840 1.23230e-23 1.29608e+01 1.43909e+01 1.57820e+01
0.4850 1.23062e-23 1.29667e+01 1.43974e+01 1.57886e+01
0.4860 1.22875e-23 1.29683e+01 1.44011e+01 1.57932e+01
0.4870 1.22753e-23 1.29724e+01 1.44050e+01 1.57967e+01
0.4880 1.22841e-23 1.29727e+01 1.44033e+01 1.57950e+01
0.4890 1.22895e-23 1.29698e+01 1.44014e+01 1.57938e+01
0.4900 1.22790e-23 1.29718e+01 1.44031e+01 1.57956e+01
0.4910 1.22815e-23 1.29585e+01 1.43909e+01 1.57854e+01
0.4920 1.22245e-23 1.29816e+01 1.44155e+01 1.58086e+01
0.4930 1.22029e-23 1.29868e+01 1.44204e+01 1.58133e+01
0.4940 1.21926e-23 1.29924e+01 1.44245e+01 1.58164e+01
0.4950 1.22329e-23 1.29682e+01 1.43998e+01 1.57942e+01
0.4960 1.22319e-23 1.29690e+01 1.44004e+01 1.57951e+01
0.4970 1.21849e-23 1.30033e+01 1.44339e+01 1.58254e+01
0.4980 1.22156e-23 1.29918e+01 1.44204e+01 1.58121e+01
0.4990 1.21714e-23 1.29831e+01 1.44183e+01 1.58140e+01
0.5000 1.21661e-23 1.29687e+01 1.44057e+01 1.58035e+01
0.5010 1.21355e-23 1.29888e+01 1.44217e+01 1.58164e+01
0.5020 1.21162e-23 1.29813e+01 1.44184e+01 1.58156e+01
0.5030 1.20961e-23 1.29858e+01 1.44203e+01 1.58160e+01
0.5040 1.20633e-23 1.29892e+01 1.44248e+01 1.58212e+01
0.5050 1.20620e-23 1.29662e+01 1.44053e+01 1.58045e+01
0.5060 1.20279e-23 1.29865e+01 1.44242e+01 1.58221e+01
0.5070 1.20286e-23 1.29603e+01 1.43997e+01 1.58006e+01
0.5080 1.19657e-23 1.29962e+01 1.44333e+01 1.58300e+01
0.5090 1.19670e-23 1.29709e+01 1.44117e+01 1.58130e+01
0.5100 1.19677e-23 1.29582e+01 1.43984e+01 1.58001e+01
0.5110 1.19642e-23 1.29628e+01 1.43977e+01 1.57964e+01
0.5120 1.19112e-23 1.29499e+01 1.43914e+01 1.57943e+01
0.5130 1.18450e-23 1.29997e+01 1.44370e+01 1.58344e+01
0.5140 1.18805e-23 1.29646e+01 1.44016e+01 1.58023e+01
0.5150 1.18614e-23 1.29654e+01 1.44066e+01 1.58089e+01
0.5160 1.18732e-23 1.29767e+01 1.44110e+01 1.58093e+01
0.5170 1.18721e-23 1.29683e+01 1.44074e+01 1.58088e+01
0.5180 1.18610e-23 1.29809e+01 1.44155e+01 1.58145e+01
0.5190 1.18069e-23 1.29921e+01 1.44327e+01 1.58328e+01
0.5200 1.17950e-23 1.29859e+01 1.44265e+01 1.58284e+01
0.5210 1.18184e-23 1.29608e+01 1.44012e+01 1.58043e+01
0.5220 1.17221e-23 1.29937e+01 1.44381e+01 1.58420e+01
0.5230 1.17125e-23 1.30059e+01 1.44471e+01 1.58484e+01
0.5240 1.17188e-23 1.29884e+01 1.44277e+01 1.58295e+01
0.5250 1.16543e-23 1.30171e+01 1.44567e+01 1.58560e+01
0.5260 1.16717e-23 1.29844e+01 1.44256e+01 1.58282e+01
0.5270 1.16275e-23 1.29976e+01 1.44399e+01 1.58426e+01
0.5280 1.16154e-23 1.30079e+01 1.44480e+01 1.58485e+01
0.5290 1.15623e-23 1.30238e+01 1.44665e+01 1.58683e+01
0.5300 1.16476e-23 1.29787e+01 1.44144e+01 1.58152e+01
0.5310 1.16200e-23 1.29869e+01 1.44244e+01 1.58251e+01
0.5320 1.15649e-23 1.29879e+01 1.44312e+01 1.58355e+01
0.5330 1.15251e-23 1.30152e+01 1.44580e+01 1.58604e+01
0.5340 1.15808e-23 1.29830e+01 1.44243e+01 1.58284e+01
0.5350 1.15343e-23 1.29977e+01 1.44418e+01 1.58469e+01
0.5360 1.14921e-23 1.30319e+01 1.44744e+01 1.58764e+01
0.5370 1.14928e-23 1.30164e+01 1.44620e+01 1.58678e+01
0.5380 1.15563e-23 1.29922e+01 1.44287e+01 1.58311e+01
0.5390 1.14973e-23 1.29897e+01 1.44320e+01 1.58375e+01
0.5400 1.14785e-23 1.29898e+01 1.44325e+01 1.58375e+01
0.5410 1.14319e-23 1.30116e+01 1.44534e+01 1.58571e+01
0.5420 1.14063e-23 1.30184e+01 1.44606e+01 1.58634e+01
0.5430 1.14557e-23 1.30031e+01 1.44396e+01 1.58409e+01
0.5440 1.14059e-23 1.30094e+01 1.44483e+01 1.58508e+01
0.5450 1.13335e-23 1.30061e+01 1.44543e+01 1.58618e+01
0.5460 1.13110e-23 1.30175e+01 1.44626e+01 1.58678e+01
0.5470 1.13112e-23 1.30105e+01 1.44568e+01 1.58634e+01
0.5480 1.13218e-23 1.30012e+01 1.44487e+01 1.58565e+01
0.5490 1.13062e-23 1.30120e+01 1.44598e+01 1.58674e+01
0.5500 1.13745e-23 1.29952e+01 1.44386e+01 1.58460e+01
0.5510 1.13104e-23 1.30287e+01 1.44752e+01 1.58819e+01
0.5520 1.13277e-23 1.30170e+01 1.44620e+01 1.58690e+01
0.5530 1.13056e-23 1.30279e+01 1.44692e+01 1.58739e+01
0.5540 1.12392e-23 1.30299e+01 1.44774e+01 1.58846e+01
0.5550 1.12899e-23 1.30002e+01 1.44438e+01 1.58513e+01
0.5560 1.12000e-23 1.30355e+01 1.44824e+01 1.58894e+01
0.5570 1.11843e-23 1.30427e+01 1.44866e+01 1.58927e+01
0.5580 1.12631e-23 1.30226e+01 1.44593e+01 1.58629e+01
0.5590 1.12726e-23 1.30139e+01 1.44495e+01 1.58526e+01
0.5600 1.12691e-23 1.30315e+01 1.44580e+01 1.58559e+01
0.5610 1.12416e-23 1.30082e+01 1.44432e+01 1.58467e+01
0.5620 1.12227e-23 1.30254e+01 1.44552e+01 1.58554e+01
0.5630 1.12057e-23 1.30127e+01 1.44450e+01 1.58465e+01
0.5640 1.11947e-23 1.29978e+01 1.44326e+01 1.58363e+01
0.5650 1.11644e-23 1.30084e+01 1.44402e+01 1.58419e+01
0.5660 1.11855e-23 1.29971e+01 1.44287e+01 1.58311e+01
0.5670 1.11786e-23 1.30007e+01 1.44309e+01 1.58327e+01
0.5680 1.11369e-23 1.30261e+01 1.44528e+01 1.58517e+01
0.5690 1.12551e-23 1.29928e+01 1.44125e+01 1.58079e+01
0.5700 1.12402e-23 1.29926e+01 1.44097e+01 1.58040e+01
0.5710 1.11405e-23 1.30041e+01 1.44226e+01 1.58194e+01
0.5720 1.11242e-23 1.30004e+01 1.44150e+01 1.58088e+01
0.5730 1.10736e-23 1.29913e+01 1.44152e+01 1.58141e+01
0.5740 1.10567e-23 1.29980e+01 1.44183e+01 1.58160e+01
0.5750 1.11287e-23 1.30032e+01 1.44159e+01 1.58048e+01
0.5760 1.10844e-23 1.30063e+01 1.44176e+01 1.58068e+01
0.5770 1.10523e-23 1.30010e+01 1.44142e+01 1.58051e+01
0.5780 1.10691e-23 1.29994e+01 1.44124e+01 1.58019e+01
0.5790 1.09943e-23 1.30035e+01 1.44197e+01 1.58139e+01
0.5800 1.10013e-23 1.30026e+01 1.44172e+01 1.58085e+01
0.5810 1.09715e-23 1.30003e+01 1.44165e+01 1.58096e+01
0.5820 1.09298e-23 1.29998e+01 1.44173e+01 1.58121e+01
0.5830 1.09225e-23 1.30097e+01 1.44271e+01 1.58220e+01
0.5840 1.08824e-23 1.30195e+01 1.44330e+01 1.58253e+01
0.5850 1.08602e-23 1.30122e+01 1.44325e+01 1.58291e+01
0.5860 1.08502e-23 1.30102e+01 1.44248e+01 1.58182e+01
0.5870 1.08718e-23 1.30185e+01 1.44329e+01 1.58242e+01
0.5880 1.08396e-23 1.30156e+01 1.44301e+01 1.58238e+01
0.5890 1.08730e-23 1.30159e+01 1.44274e+01 1.58179e+01
0.5900 1.08606e-23 1.30303e+01 1.44402e+01 1.58298e+01
0.5910 1.08211e-23 1.30288e+01 1.44462e+01 1.58428e+01
0.5920 1.08438e-23 1.30277e+01 1.44418e+01 1.58340e+01
0.5930 1.08101e-23 1.30395e+01 1.44542e+01 1.58479e+01
0.5940 1.07670e-23 1.30385e+01 1.44536e+01 1.58481e+01
0.5950 1.07821e-23 1.30298e+01 1.44471e+01 1.58429e+01
0.5960 1.07802e-23 1.30400e+01 1.44510e+01 1.58406e+01
0.5970 1.08029e-23 1.30341e+01 1.44463e+01 1.58371e+01
0.5980 1.07813e-23 1.30346e+01 1.44460e+01 1.58366e+01
0.5990 1.07943e-23 1.30425e+01 1.44509e+01 1.58387e+01
0.6000 1.06779e-23 1.30399e+01 1.44581e+01 1.58559e+01
0.6010 1.07128e-23 1.30558e+01 1.44684e+01 1.58599e+01
0.6020 1.06870e-23 1.30447e+01 1.44611e+01 1.58563e+01
0.6029 1.07031e-23 1.30359e+01 1.44458e+01 1.58358e+01
0.6030 1.07004e-23 1.30461e+01 1.44594e+01 1.58523e+01
0.6040 1.07470e-23 1.30547e+01 1.44566e+01 1.58389e+01
0.6050 1.06934e-23 1.30322e+01 1.44506e+01 1.58454e+01
0.6060 1.07261e-23 1.30480e+01 1.44570e+01 1.58446e+01
0.6070 1.07201e-23 1.30578e+01 1.44705e+01 1.58595e+01
0.6080 1.07148e-23 1.30659e+01 1.44762e+01 1.58651e+01
0.6090 1.06264e-23 1.30571e+01 1.44658e+01 1.58548e+01
0.6100 1.05962e-23 1.30615e+01 1.44770e+01 1.58720e+01
0.6110 1.06234e-23 1.30483e+01 1.44600e+01 1.58511e+01
0.6120 1.06346e-23 1.30656e+01 1.44708e+01 1.58551e+01
0.6130 1.05115e-23 1.30498e+01 1.44653e+01 1.58594e+01
0.6140 1.04838e-23 1.30503e+01 1.44698e+01 1.58672e+01
0.6150 1.04509e-23 1.30619e+01 1.44842e+01 1.58852e+01
0.6160 1.05112e-23 1.30642e+01 1.44764e+01 1.58649e+01
0.6170 1.04509e-23 1.30629e+01 1.44786e+01 1.58724e+01
0.6180 1.04846e-23 1.30574e+01 1.44712e+01 1.58632e+01
0.6190 1.04728e-23 1.30551e+01 1.44710e+01 1.58645e+01
0.6200 1.04760e-23 1.30540e+01 1.44686e+01 1.58611e+01
0.6210 1.05372e-23 1.30790e+01 1.44822e+01 1.58632e+01
0.6220 1.04751e-23 1.30741e+01 1.44879e+01 1.58783e+01
0.6230 1.03711e-23 1.30798e+01 1.44919e+01 1.58841e+01
0.6240 1.04166e-23 1.30866e+01 1.44997e+01 1.58891e+01
0.6250 1.03753e-23 1.30798e+01 1.44962e+01 1.58906e+01
0.6260 1.03756e-23 1.30665e+01 1.44821e+01 1.58758e+01
0.6270 1.04098e-23 1.30778e+01 1.44870e+01 1.58740e+01
0.6280 1.03904e-23 1.30775e+01 1.44830e+01 1.58678e+01
0.6290 1.02910e-23 1.30757e+01 1.44980e+01 1.58976e+01
0.6300 1.03122e-23 1.30857e+01 1.45051e+01 1.59012e+01
0.6310 1.03302e-23 1.30813e+01 1.44935e+01 1.58842e+01
0.6320 1.03122e-23 1.30750e+01 1.44877e+01 1.58796e+01
0.6330 1.03938e-23 1.30861e+01 1.44904e+01 1.58725e+01
0.6340 1.03211e-23 1.30755e+01 1.44813e+01 1.58677e+01
0.6350 1.03633e-23 1.30715e+01 1.44794e+01 1.58660e+01
0.6360 1.02720e-23 1.30704e+01 1.44870e+01 1.58823e+01
0.6370 1.02765e-23 1.30802e+01 1.44936e+01 1.58865e+01
0.6380 1.02733e-23 1.30915e+01 1.45069e+01 1.58994e+01
0.6390 1.03066e-23 1.31020e+01 1.45175e+01 1.59115e+01
0.6400 1.03502e-23 1.31024e+01 1.45195e+01 1.59151e+01
0.6410 1.04143e-23 1.31221e+01 1.45311e+01 1.59200e+01
0.6420 1.04424e-23 1.31199e+01 1.45312e+01 1.59211e+01
0.6430 1.04482e-23 1.31529e+01 1.45684e+01 1.59643e+01
0.6440 1.06402e-23 1.31453e+01 1.45502e+01 1.59350e+01
0.6450 1.07034e-23 1.31632e+01 1.45640e+01 1.59445e+01
0.6460 1.07129e-23 1.31642e+01 1.45679e+01 1.59522e+01
0.6470 1.06378e-23 1.31577e+01 1.45699e+01 1.59627e+01
0.6480 1.05939e-23 1.31517e+01 1.45629e+01 1.59549e+01
0.6490 1.06276e-23 1.31658e+01 1.45733e+01 1.59609e+01
0.6500 1.06463e-23 1.31713e+01 1.45756e+01 1.59583e+01
0.6510 1.06023e-23 1.31681e+01 1.45782e+01 1.59677e+01
0.6520 1.05302e-23 1.31714e+01 1.45831e+01 1.59760e+01
0.6530 1.06648e-23 1.31593e+01 1.45583e+01 1.59366e+01
0.6540 1.05389e-23 1.31615e+01 1.45709e+01 1.59593e+01
0.6550 1.05360e-23 1.31612e+01 1.45634e+01 1.59465e+01
0.6560 1.04711e-23 1.31407e+01 1.45482e+01 1.59365e+01
0.6570 1.04164e-23 1.31569e+01 1.45624e+01 1.59493e+01
0.6580 1.04345e-23 1.31607e+01 1.45602e+01 1.59408e+01
0.6590 1.03536e-23 1.31565e+01 1.45663e+01 1.59565e+01
0.6600 1.03826e-23 1.31446e+01 1.45535e+01 1.59419e+01
0.6610 1.04128e-23 1.31554e+01 1.45652e+01 1.59537e+01
0.6620 1.03219e-23 1.31371e+01 1.45503e+01 1.59454e+01
0.6630 1.03644e-23 1.31357e+01 1.45448e+01 1.59351e+01
0.6640 1.03200e-23 1.31507e+01 1.45663e+01 1.59620e+01
0.6650 1.03570e-23 1.31516e+01 1.45700e+01 1.59649e+01
0.6660 1.03077e-23 1.31582e+01 1.45663e+01 1.59548e+01
0.6670 1.02968e-23 1.31503e+01 1.45626e+01 1.59543e+01
0.6680 1.02877e-23 1.31539e+01 1.45612e+01 1.59494e+01
0.6690 1.02259e-23 1.31527e+01 1.45680e+01 1.59624e+01
0.6700 1.02345e-23 1.31520e+01 1.45578e+01 1.59452e+01
0.6710 1.02331e-23 1.31512e+01 1.45649e+01 1.59586e+01
0.6720 1.02233e-23 1.31394e+01 1.45524e+01 1.59454e+01
0.6730 1.02095e-23 1.31453e+01 1.45575e+01 1.59498e+01
0.6740 1.03026e-23 1.31576e+01 1.45602e+01 1.59442e+01
0.6750 1.01793e-23 1.31445e+01 1.45641e+01 1.59628e+01
0.6760 1.01431e-23 1.31562e+01 1.45704e+01 1.59645e+01
0.6770 1.01552e-23 1.31336e+01 1.45477e+01 1.59414e+01
0.6780 1.01140e-23 1.31443e+01 1.45592e+01 1.59527e+01
0.6790 1.00486e-23 1.31473e+01 1.45649e+01 1.59622e+01
0.6800 1.01213e-23 1.31341e+01 1.45436e+01 1.59344e+01
0.6810 1.01248e-23 1.31579e+01 1.45675e+01 1.59565e+01
0.6820 1.00724e-23 1.31347e+01 1.45477e+01 1.59410e+01
0.6830 1.00444e-23 1.31386e+01 1.45487e+01 1.59402e+01
0.6840 1.00301e-23 1.31517e+01 1.45686e+01 1.59646e+01
0.6850 1.00310e-23 1.31398e+01 1.45534e+01 1.59477e+01
0.6860 1.00923e-23 1.31475e+01 1.45545e+01 1.59418e+01
0.6870 1.00688e-23 1.31552e+01 1.45688e+01 1.59609e+01
0.6880 1.00354e-23 1.31763e+01 1.45898e+01 1.59827e+01
0.6890 1.00561e-23 1.31500e+01 1.45671e+01 1.59641e+01
0.6900 1.00517e-23 1.31707e+01 1.45898e+01 1.59863e+01
0.6910 1.00290e-23 1.31636e+01 1.45803e+01 1.59762e+01
0.6920 1.00012e-23 1.31334e+01 1.45488e+01 1.59463e+01
0.6930 9.98795e-24 1.31431e+01 1.45585e+01 1.59542e+01
0.6940 9.97061e-24 1.31578e+01 1.45718e+01 1.59654e+01
0.6950 9.86975e-24 1.31577e+01 1.45766e+01 1.59752e+01
0.6960 9.89653e-24 1.31611e+01 1.45749e+01 1.59691e+01
0.6970 9.92108e-24 1.31535e+01 1.45699e+01 1.59646e+01
0.6980 9.85754e-24 1.31651e+01 1.45829e+01 1.59801e+01
0.6990 9.85780e-24 1.31448e+01 1.45651e+01 1.59652e+01
0.7000 9.89782e-24 1.31685e+01 1.45764e+01 1.59643e+01
0.7010 9.87352e-24 1.31614e+01 1.45721e+01 1.59619e+01
0.7020 9.85968e-24 1.31573e+01 1.45713e+01 1.59652e+01
0.7030 9.85906e-24 1.31693e+01 1.45824e+01 1.59754e+01
0.7040 9.86323e-24 1.31647e+01 1.45802e+01 1.59736e+01
0.7050 9.81172e-24 1.31784e+01 1.45947e+01 1.59898e+01
0.7060 9.89107e-24 1.31719e+01 1.45819e+01 1.59710e+01
0.7070 9.84431e-24 1.31671e+01 1.45770e+01 1.59664e+01
0.7080 9.81598e-24 1.31749e+01 1.45871e+01 1.59768e+01
0.7090 9.80656e-24 1.31721e+01 1.45868e+01 1.59807e+01
0.7100 9.85942e-24 1.31474e+01 1.45657e+01 1.59616e+01
0.7110 9.76162e-24 1.31929e+01 1.46138e+01 1.60132e+01
0.7120 9.81705e-24 1.31719e+01 1.45903e+01 1.59883e+01
0.7130 9.81599e-24 1.31627e+01 1.45839e+01 1.59831e+01
0.7140 9.83103e-24 1.31822e+01 1.45970e+01 1.59908e+01
0.7150 9.83499e-24 1.31666e+01 1.45817e+01 1.59757e+01
0.7160 9.82855e-24 1.31671e+01 1.45801e+01 1.59732e+01
0.7170 9.75712e-24 1.31837e+01 1.45986e+01 1.59916e+01
0.7180 9.72681e-24 1.31856e+01 1.46044e+01 1.60001e+01
0.7190 9.73026e-24 1.31583e+01 1.45751e+01 1.59713e+01
0.7200 9.66289e-24 1.31516e+01 1.45678e+01 1.59664e+01
0.7210 9.67940e-24 1.31933e+01 1.46115e+01 1.60077e+01
0.7220 9.67681e-24 1.31904e+01 1.46030e+01 1.59950e+01
0.7230 9.68374e-24 1.31860e+01 1.45992e+01 1.59932e+01
0.7240 9.70794e-24 1.31588e+01 1.45731e+01 1.59680e+01
0.7250 9.69007e-24 1.31604e+01 1.45762e+01 1.59733e+01
0.7260 9.84831e-24 1.32019e+01 1.46498e+01 1.60781e+01
0.7270 9.84105e-24 1.32040e+01 1.46504e+01 1.60765e+01
0.7280 9.83339e-24 1.31988e+01 1.46465e+01 1.60738e+01
0.7290 9.83159e-24 1.32025e+01 1.46484e+01 1.60742e+01
0.7300 9.80593e-24 1.32111e+01 1.46573e+01 1.60825e+01
0.7310 9.79317e-24 1.32154e+01 1.46598e+01 1.60839e+01
0.7320 9.78283e-24 1.32158e+01 1.46586e+01 1.60819e+01
0.7330 9.76139e-24 1.31987e+01 1.46443e+01 1.60701e+01
0.7340 9.73225e-24 1.32049e+01 1.46480e+01 1.60721e+01
0.7350 9.69412e-24 1.31998e+01 1.46439e+01 1.60687e+01
0.7360 9.64465e-24 1.32030e+01 1.46480e+01 1.60728e+01
0.7370 9.63175e-24 1.31819e+01 1.46276e+01 1.60545e+01
0.7380 9.60994e-24 1.31958e+01 1.46413e+01 1.60674e+01
0.7390 9.57329e-24 1.31950e+01 1.46435e+01 1.60706e+01
0.7400 9.57154e-24 1.31918e+01 1.46349e+01 1.60595e+01
0.7410 9.54633e-24 1.32001e+01 1.46426e+01 1.60662e+01
0.7420 9.54176e-24 1.31995e+01 1.46427e+01 1.60673e+01
0.7430 9.52870e-24 1.31926e+01 1.46389e+01 1.60650e+01
0.7440 9.51048e-24 1.32120e+01 1.46562e+01 1.60810e+01
0.7450 9.50950e-24 1.32088e+01 1.46553e+01 1.60810e+01
0.7460 9.53315e-24 1.32047e+01 1.46490e+01 1.60744e+01
0.7470 9.54970e-24 1.32024e+01 1.46479e+01 1.60740e+01
0.7480 9.55289e-24 1.32045e+01 1.46500e+01 1.60766e+01
0.7490 9.54800e-24 1.32102e+01 1.46551e+01 1.60810e+01
0.7500 9.51244e-24 1.32105e+01 1.46590e+01 1.60872e+01
0.7510 9.49921e-24 1.32104e+01 1.46565e+01 1.60835e+01
0.7520 9.47744e-24 1.32198e+01 1.46640e+01 1.60887e+01
0.7530 9.44778e-24 1.32266e+01 1.46731e+01 1.60992e+01
0.7540 9.46938e-24 1.32048e+01 1.46508e+01 1.60783e+01
0.7550 9.45745e-24 1.32086e+01 1.46573e+01 1.60860e+01
0.7560 9.43996e-24 1.32213e+01 1.46696e+01 1.60976e+01
0.7570 9.42163e-24 1.32257e+01 1.46745e+01 1.61027e+01
0.7580 9.40255e-24 1.32234e+01 1.46748e+01 1.61048e+01
0.7590 9.37841e-24 1.32189e+01 1.46712e+01 1.61024e+01
0.7600 9.39339e-24 1.32079e+01 1.46602e+01 1.60918e+01
0.7610 9.40787e-24 1.32222e+01 1.46709e+01 1.61006e+01
0.7620 9.40512e-24 1.32293e+01 1.46809e+01 1.61118e+01
0.7630 9.42681e-24 1.32160e+01 1.46688e+01 1.61017e+01
0.7640 9.42805e-24 1.32269e+01 1.46778e+01 1.61094e+01
0.7650 9.39746e-24 1.32369e+01 1.46875e+01 1.61190e+01
0.7660 9.36176e-24 1.32365e+01 1.46872e+01 1.61184e+01
0.7670 9.34010e-24 1.32379e+01 1.46890e+01 1.61203e+01
0.7680 9.32302e-24 1.32294e+01 1.46816e+01 1.61146e+01
0.7690 9.31881e-24 1.32193e+01 1.46717e+01 1.61055e+01
0.7700 9.29452e-24 1.32364e+01 1.46882e+01 1.61207e+01
0.7710 9.31921e-24 1.32311e+01 1.46825e+01 1.61144e+01
0.7720 9.33599e-24 1.32293e+01 1.46810e+01 1.61134e+01
0.7730 9.35746e-24 1.32257e+01 1.46780e+01 1.61110e+01
0.7740 9.38305e-24 1.32237e+01 1.46750e+01 1.61076e+01
0.7750 9.39967e-24 1.32305e+01 1.46822e+01 1.61148e+01
0.7760 9.39399e-24 1.32378e+01 1.46880e+01 1.61190e+01
0.7770 9.38094e-24 1.32416e+01 1.46920e+01 1.61234e+01
0.7780 9.36236e-24 1.32344e+01 1.46858e+01 1.61180e+01
0.7790 9.35683e-24 1.32341e+01 1.46877e+01 1.61211e+01
0.7800 9.35063e-24 1.32353e+01 1.46884e+01 1.61212e+01
0.7803 9.34837e-24 1.32330e+01 1.46862e+01 1.61191e+01
0.7810 9.34328e-24 1.32336e+01 1.46854e+01 1.61177e+01
0.7820 9.31770e-24 1.32502e+01 1.46991e+01 1.61292e+01
0.7830 9.28645e-24 1.32725e+01 1.47163e+01 1.61431e+01
0.7840 9.25820e-24 1.32775e+01 1.47210e+01 1.61473e+01
0.7850 9.22663e-24 1.32742e+01 1.47181e+01 1.61442e+01
0.7860 9.19862e-24 1.32779e+01 1.47198e+01 1.61444e+01
0.7870 9.18729e-24 1.32743e+01 1.47150e+01 1.61392e+01
0.7880 9.16654e-24 1.32707e+01 1.47127e+01 1.61380e+01
0.7890 9.14501e-24 1.32769e+01 1.47192e+01 1.61442e+01
0.7900 9.15064e-24 1.32782e+01 1.47193e+01 1.61431e+01
0.7910 9.14713e-24 1.32818e+01 1.47224e+01 1.61462e+01
0.7920 9.13199e-24 1.32738e+01 1.47168e+01 1.61420e+01
0.7930 9.12507e-24 1.32746e+01 1.47171e+01 1.61425e+01
0.7940 9.11944e-24 1.32783e+01 1.47223e+01 1.61484e+01
0.7950 9.12022e-24 1.32804e+01 1.47235e+01 1.61486e+01
0.7960 9.08709e-24 1.32855e+01 1.47282e+01 1.61528e+01
0.7970 9.05225e-24 1.32826e+01 1.47270e+01 1.61530e+01
0.7980 9.02394e-24 1.32844e+01 1.47283e+01 1.61538e+01
0.7990 8.99508e-24 1.32782e+01 1.47247e+01 1.61520e+01
0.8000 9.00426e-24 1.32818e+01 1.47257e+01 1.61521e+01
0.8010 8.99469e-24 1.32844e+01 1.47286e+01 1.61551e+01
0.8020 9.00854e-24 1.32862e+01 1.47323e+01 1.61603e+01
0.8030 9.00512e-24 1.32963e+01 1.47467e+01 1.61768e+01
0.8040 9.03119e-24 1.32877e+01 1.47391e+01 1.61705e+01
0.8050 9.02446e-24 1.33011e+01 1.47498e+01 1.61795e+01
0.8060 9.00389e-24 1.33021e+01 1.47539e+01 1.61850e+01
0.8070 9.01633e-24 1.32910e+01 1.47406e+01 1.61718e+01
0.8080 9.01053e-24 1.32938e+01 1.47421e+01 1.61722e+01
0.8090 8.97298e-24 1.32953e+01 1.47456e+01 1.61768e+01
0.8100 8.96912e-24 1.33043e+01 1.47553e+01 1.61862e+01
0.8110 8.99059e-24 1.33021e+01 1.47510e+01 1.61812e+01
0.8120 9.00094e-24 1.32961e+01 1.47462e+01 1.61772e+01
0.8130 8.98290e-24 1.33057e+01 1.47582e+01 1.61907e+01
0.8140 9.00295e-24 1.32937e+01 1.47450e+01 1.61776e+01
0.8150 8.99091e-24 1.33054e+01 1.47567e+01 1.61889e+01
0.8160 8.98916e-24 1.33132e+01 1.47657e+01 1.61984e+01
0.8170 8.99687e-24 1.33081e+01 1.47590e+01 1.61915e+01
0.8180 8.96665e-24 1.33140e+01 1.47665e+01 1.61993e+01
0.8190 8.96476e-24 1.33122e+01 1.47641e+01 1.61969e+01
0.8200 8.95832e-24 1.33145e+01 1.47659e+01 1.61976e+01
0.8210 8.94571e-24 1.33160e+01 1.47686e+01 1.62015e+01
0.8220 8.95816e-24 1.33079e+01 1.47588e+01 1.61911e+01
0.8230 8.94077e-24 1.33052e+01 1.47573e+01 1.61905e+01
0.8240 8.88358e-24 1.33207e+01 1.47775e+01 1.62123e+01
0.8250 8.91964e-24 1.33166e+01 1.47687e+01 1.62012e+01
0.8260 8.92729e-24 1.33136e+01 1.47653e+01 1.61975e+01
0.8270 8.91397e-24 1.33146e+01 1.47659e+01 1.61978e+01
0.8280 8.91137e-24 1.33193e+01 1.47697e+01 1.62003e+01
0.8290 8.86509e-24 1.33131e+01 1.47642e+01 1.61952e+01
0.8300 8.83907e-24 1.33126e+01 1.47645e+01 1.61964e+01
0.8310 8.84487e-24 1.33037e+01 1.47557e+01 1.61878e+01
0.8320 8.81913e-24 1.33124e+01 1.47637e+01 1.61950e+01
0.8330 8.76344e-24 1.33292e+01 1.47816e+01 1.62116e+01
0.8340 8.74203e-24 1.33347e+01 1.47859e+01 1.62150e+01
0.8350 8.73236e-24 1.33346e+01 1.47839e+01 1.62120e+01
0.8360 8.69122e-24 1.33365e+01 1.47851e+01 1.62124e+01
0.8370 8.64695e-24 1.33338e+01 1.47821e+01 1.62097e+01
0.8380 8.62098e-24 1.33248e+01 1.47731e+01 1.62011e+01
0.8390 8.61258e-24 1.33291e+01 1.47768e+01 1.62041e+01
0.8400 8.61326e-24 1.33268e+01 1.47756e+01 1.62038e+01
0.8410 8.64125e-24 1.33258e+01 1.47737e+01 1.62017e+01
0.8420 8.64664e-24 1.33297e+01 1.47799e+01 1.62095e+01
0.8430 8.68043e-24 1.33331e+01 1.47827e+01 1.62119e+01
0.8440 8.66105e-24 1.33377e+01 1.47899e+01 1.62207e+01
0.8450 8.66596e-24 1.33407e+01 1.47932e+01 1.62245e+01
0.8460 8.66688e-24 1.33361e+01 1.47899e+01 1.62229e+01
0.8470 8.68585e-24 1.33343e+01 1.47872e+01 1.62201e+01
0.8480 8.70414e-24 1.33311e+01 1.47843e+01 1.62177e+01
0.8490 8.65615e-24 1.33496e+01 1.48086e+01 1.62444e+01
0.8500 8.67073e-24 1.33481e+01 1.48043e+01 1.62397e+01
0.8510 8.63529e-24 1.33512e+01 1.48118e+01 1.62500e+01
0.8520 8.63209e-24 1.33515e+01 1.48090e+01 1.62451e+01
0.8530 8.64371e-24 1.33510e+01 1.48066e+01 1.62417e+01
0.8540 8.61732e-24 1.33523e+01 1.48106e+01 1.62471e+01
0.8550 8.61938e-24 1.33477e+01 1.48069e+01 1.62443e+01
0.8560 8.63285e-24 1.33476e+01 1.48041e+01 1.62400e+01
0.8570 8.62548e-24 1.33504e+01 1.48079e+01 1.62443e+01
0.8580 8.59336e-24 1.33584e+01 1.48158e+01 1.62515e+01
0.8590 8.57489e-24 1.33535e+01 1.48129e+01 1.62499e+01
0.8600 8.58448e-24 1.33497e+01 1.48059e+01 1.62409e+01
0.8610 8.58547e-24 1.33531e+01 1.48067e+01 1.62402e+01
0.8620 8.55666e-24 1.33567e+01 1.48113e+01 1.62451e+01
0.8630 8.52780e-24 1.33609e+01 1.48147e+01 1.62472e+01
0.8640 8.50218e-24 1.33541e+01 1.48062e+01 1.62376e+01
0.8650 8.47017e-24 1.33518e+01 1.48029e+01 1.62339e+01
0.8660 8.43565e-24 1.33471e+01 1.48026e+01 1.62362e+01
0.8670 8.40613e-24 1.33523e+01 1.48083e+01 1.62421e+01
0.8680 8.37906e-24 1.33539e+01 1.48090e+01 1.62420e+01
0.8690 8.34634e-24 1.33501e+01 1.48062e+01 1.62396e+01
0.8700 8.33510e-24 1.33438e+01 1.47992e+01 1.62331e+01
0.8710 8.32178e-24 1.33447e+01 1.48000e+01 1.62339e+01
0.8720 8.32931e-24 1.33420e+01 1.47963e+01 1.62298e+01
0.8730 8.35164e-24 1.33517e+01 1.48052e+01 1.62381e+01
0.8740 8.38169e-24 1.33451e+01 1.47991e+01 1.62334e+01
0.8750 8.40184e-24 1.33492e+01 1.48048e+01 1.62400e+01
0.8760 8.41046e-24 1.33508e+01 1.48068e+01 1.62424e+01
0.8770 8.40355e-24 1.33518e+01 1.48088e+01 1.62456e+01
0.8780 8.39750e-24 1.33572e+01 1.48164e+01 1.62539e+01
0.8790 8.38853e-24 1.33580e+01 1.48168e+01 1.62543e+01
0.8800 8.39680e-24 1.33544e+01 1.48119e+01 1.62489e+01
0.8810 8.43207e-24 1.33579e+01 1.48137e+01 1.62500e+01
0.8820 8.43482e-24 1.33649e+01 1.48223e+01 1.62594e+01
0.8830 8.43805e-24 1.33650e+01 1.48240e+01 1.62621e+01
0.8840 8.43461e-24 1.33679e+01 1.48267e+01 1.62642e+01
0.8850 8.42843e-24 1.33619e+01 1.48214e+01 1.62599e+01
0.8860 8.41148e-24 1.33630e+01 1.48224e+01 1.62609e+01
0.8870 8.39766e-24 1.33672e+01 1.48273e+01 1.62660e+01
0.8880 8.40040e-24 1.33726e+01 1.48292e+01 1.62652e+01
0.8890 8.37603e-24 1.33708e+01 1.48290e+01 1.62661e+01
0.8900 8.36072e-24 1.33609e+01 1.48197e+01 1.62571e+01
0.8910 8.35698e-24 1.33640e+01 1.48209e+01 1.62568e+01
0.8920 8.34695e-24 1.33684e+01 1.48235e+01 1.62579e+01
0.8930 8.29010e-24 1.33676e+01 1.48235e+01 1.62582e+01
0.8940 8.24678e-24 1.33668e+01 1.48220e+01 1.62562e+01
0.8950 8.22729e-24 1.33565e+01 1.48127e+01 1.62474e+01
0.8960 8.22270e-24 1.33585e+01 1.48139e+01 1.62487e+01
0.8970 8.22632e-24 1.33647e+01 1.48208e+01 1.62554e+01
0.8980 8.24648e-24 1.33652e+01 1.48213e+01 1.62566e+01
0.8990 8.25879e-24 1.33677e+01 1.48228e+01 1.62576e+01
0.9000 8.27090e-24 1.33693e+01 1.48229e+01 1.62569e+01
0.9010 8.25752e-24 1.33702e+01 1.48243e+01 1.62580e+01
0.9014 8.24892e-24 1.33706e+01 1.48258e+01 1.62607e+01
0.9020 8.23636e-24 1.33724e+01 1.48284e+01 1.62637e+01
0.9030 8.23182e-24 1.33684e+01 1.48237e+01 1.62584e+01
0.9040 8.22917e-24 1.33685e+01 1.48241e+01 1.62592e+01
0.9050 8.23760e-24 1.33644e+01 1.48201e+01 1.62558e+01
0.9060 8.22541e-24 1.33680e+01 1.48260e+01 1.62627e+01
0.9070 8.22832e-24 1.33756e+01 1.48338e+01 1.62708e+01
0.9080 8.24044e-24 1.33737e+01 1.48298e+01 1.62659e+01
0.9090 8.25531e-24 1.33698e+01 1.48257e+01 1.62621e+01
0.9100 8.23373e-24 1.33720e+01 1.48296e+01 1.62664e+01
0.9110 8.23526e-24 1.33792e+01 1.48376e+01 1.62747e+01
0.9120 8.23500e-24 1.33745e+01 1.48321e+01 1.62689e+01
0.9130 8.21997e-24 1.33771e+01 1.48346e+01 1.62710e+01
0.9140 8.20577e-24 1.33638e+01 1.48232e+01 1.62620e+01
0.9150 8.18502e-24 1.33710e+01 1.48290e+01 1.62668e+01
0.9160 8.15881e-24 1.33744e+01 1.48334e+01 1.62715e+01
0.9170 8.13452e-24 1.33752e+01 1.48347e+01 1.62729e+01
0.9180 8.12390e-24 1.33682e+01 1.48278e+01 1.62662e+01
0.9190 8.09118e-24 1.33658e+01 1.48275e+01 1.62672e+01
0.9200 8.08671e-24 1.33634e+01 1.48250e+01 1.62650e+01
0.9210 8.09404e-24 1.33579e+01 1.48203e+01 1.62606e+01
0.9220 8.08549e-24 1.33625e+01 1.48252e+01 1.62657e+01
0.9230 8.07958e-24 1.33618e+01 1.48249e+01 1.62656e+01
0.9240 8.08851e-24 1.33627e+01 1.48224e+01 1.62615e+01
0.9250 8.06057e-24 1.33636e+01 1.48264e+01 1.62680e+01
0.9260 8.04288e-24 1.33660e+01 1.48282e+01 1.62692e+01
0.9270 8.00954e-24 1.33671e+01 1.48306e+01 1.62724e+01
0.9280 7.97467e-24 1.33606e+01 1.48260e+01 1.62697e+01
0.9290 7.94613e-24 1.33641e+01 1.48292e+01 1.62725e+01
0.9300 7.94864e-24 1.33513e+01 1.48191e+01 1.62651e+01
0.9310 7.94953e-24 1.33500e+01 1.48145e+01 1.62582e+01
0.9320 7.94007e-24 1.33627e+01 1.48314e+01 1.62776e+01
0.9330 7.95128e-24 1.33603e+01 1.48306e+01 1.62785e+01
0.9340 7.99830e-24 1.33573e+01 1.48248e+01 1.62718e+01
0.9350 7.99545e-24 1.33669e+01 1.48381e+01 1.62876e+01
0.9360 7.96056e-24 1.33792e+01 1.48520e+01 1.63020e+01
0.9370 7.95311e-24 1.33716e+01 1.48425e+01 1.62925e+01
0.9380 7.92164e-24 1.33742e+01 1.48476e+01 1.62993e+01
0.9390 7.92509e-24 1.33712e+01 1.48425e+01 1.62935e+01
0.9400 7.91103e-24 1.33766e+01 1.48532e+01 1.63074e+01
0.9410 7.92646e-24 1.33793e+01 1.48566e+01 1.63117e+01
0.9420 7.93655e-24 1.33842e+01 1.48628e+01 1.63181e+01
0.9430 7.98135e-24 1.33773e+01 1.48534e+01 1.63084e+01
0.9440 8.00286e-24 1.33767e+01 1.48513e+01 1.63051e+01
0.9450 8.00660e-24 1.33689e+01 1.48451e+01 1.63000e+01
0.9460 8.01133e-24 1.33766e+01 1.48541e+01 1.63099e+01
0.9470 8.05339e-24 1.33806e+01 1.48548e+01 1.63077e+01
0.9480 8.09755e-24 1.33708e+01 1.48422e+01 1.62943e+01
0.9490 8.07619e-24 1.33796e+01 1.48553e+01 1.63090e+01
0.9500 8.08210e-24 1.33833e+01 1.48576e+01 1.63104e+01
0.9510 8.12795e-24 1.33831e+01 1.48498e+01 1.62981e+01
0.9520 8.11252e-24 1.33787e+01 1.48483e+01 1.62987e+01
0.9530 8.05093e-24 1.33881e+01 1.48626e+01 1.63148e+01
0.9540 8.03085e-24 1.33822e+01 1.48557e+01 1.63071e+01
0.9550 8.00271e-24 1.33905e+01 1.48627e+01 1.63130e+01
0.9560 8.02244e-24 1.33752e+01 1.48441e+01 1.62930e+01
0.9570 8.02520e-24 1.33797e+01 1.48462e+01 1.62937e+01
0.9580 8.00685e-24 1.33889e+01 1.48581e+01 1.63069e+01
0.9590 7.97534e-24 1.33927e+01 1.48630e+01 1.63127e+01
0.9600 7.93974e-24 1.33850e+01 1.48567e+01 1.63070e+01
0.9610 7.88221e-24 1.33960e+01 1.48714e+01 1.63221e+01
0.9620 7.90935e-24 1.33815e+01 1.48502e+01 1.62987e+01
0.9630 7.85617e-24 1.33889e+01 1.48632e+01 1.63146e+01
0.9640 7.85795e-24 1.33841e+01 1.48553e+01 1.63053e+01
0.9650 7.86224e-24 1.33854e+01 1.48573e+01 1.63072e+01
0.9660 7.83520e-24 1.33877e+01 1.48614e+01 1.63126e+01
0.9670 7.85943e-24 1.33823e+01 1.48531e+01 1.63027e+01
0.9680 7.82400e-24 1.33947e+01 1.48717e+01 1.63246e+01
0.9690 7.87950e-24 1.33809e+01 1.48519e+01 1.63022e+01
0.9700 7.87970e-24 1.33842e+01 1.48579e+01 1.63104e+01
0.9710 7.86276e-24 1.33974e+01 1.48744e+01 1.63274e+01
0.9720 7.88147e-24 1.33955e+01 1.48675e+01 1.63180e+01
0.9730 7.88120e-24 1.33965e+01 1.48697e+01 1.63214e+01
0.9740 7.87656e-24 1.33905e+01 1.48648e+01 1.63176e+01
0.9750 7.87470e-24 1.33851e+01 1.48568e+01 1.63083e+01
0.9760 7.83551e-24 1.33976e+01 1.48737e+01 1.63273e+01
0.9770 7.83245e-24 1.34053e+01 1.48797e+01 1.63325e+01
0.9780 7.82042e-24 1.34073e+01 1.48825e+01 1.63358e+01
0.9790 7.76541e-24 1.34168e+01 1.48931e+01 1.63469e+01
0.9800 7.75388e-24 1.34078e+01 1.48836e+01 1.63381e+01
0.9810 7.73587e-24 1.34005e+01 1.48735e+01 1.63269e+01
0.9820 7.76058e-24 1.33919e+01 1.48654e+01 1.63198e+01
0.9830 7.77366e-24 1.33620e+01 1.48456e+01 1.63066e+01
0.9840 7.80669e-24 1.33556e+01 1.48439e+01 1.63073e+01
0.9850 7.83903e-24 1.33592e+01 1.48455e+01 1.63084e+01
0.9860 7.83688e-24 1.33626e+01 1.48538e+01 1.63199e+01
0.9870 7.84784e-24 1.33700e+01 1.48603e+01 1.63258e+01
0.9880 7.85256e-24 1.33637e+01 1.48567e+01 1.63245e+01
0.9890 7.84554e-24 1.33583e+01 1.48502e+01 1.63178e+01
0.9900 7.84098e-24 1.33695e+01 1.48624e+01 1.63305e+01
0.9910 7.84580e-24 1.33699e+01 1.48607e+01 1.63280e+01
0.9920 7.85226e-24 1.33668e+01 1.48579e+01 1.63258e+01
0.9930 7.86099e-24 1.33647e+01 1.48567e+01 1.63259e+01
0.9940 7.84559e-24 1.33740e+01 1.48661e+01 1.63342e+01
0.9950 7.87783e-24 1.33509e+01 1.48412e+01 1.63093e+01
0.9960 7.86978e-24 1.33678e+01 1.48615e+01 1.63310e+01
0.9970 7.88226e-24 1.33746e+01 1.48674e+01 1.63359e+01
0.9980 7.87882e-24 1.33712e+01 1.48653e+01 1.63349e+01
0.9990 7.89146e-24 1.33662e+01 1.48575e+01 1.63259e+01
1.0000 7.83962e-24 1.33880e+01 1.48849e+01 1.63555e+01
1.0010 7.87369e-24 1.33708e+01 1.48632e+01 1.63318e+01
1.0020 7.87512e-24 1.33726e+01 1.48652e+01 1.63344e+01
1.0030 7.84579e-24 1.33779e+01 1.48710e+01 1.63394e+01
1.0040 7.82961e-24 1.33762e+01 1.48680e+01 1.63357e+01
1.0050 7.81805e-24 1.33660e+01 1.48568e+01 1.63239e+01
1.0060 7.75405e-24 1.33777e+01 1.48725e+01 1.63409e+01
1.0070 7.74306e-24 1.33860e+01 1.48807e+01 1.63486e+01
1.0080 7.71700e-24 1.33820e+01 1.48734e+01 1.63394e+01
1.0090 7.70177e-24 1.33776e+01 1.48646e+01 1.63281e+01
1.0100 7.64625e-24 1.33710e+01 1.48608e+01 1.63250e+01
1.0110 7.60841e-24 1.33633e+01 1.48516e+01 1.63152e+01
1.0120 7.59332e-24 1.33599e+01 1.48456e+01 1.63075e+01
