# 1:time 2:Lum 3:eave 4:erms 5:eskw
0.0100 1.03454e-22 1.48636e+01 1.84392e+01 2.29811e+01
0.0110 1.00871e-22 1.45045e+01 1.77983e+01 2.20366e+01
0.0120 9.28073e-23 1.34933e+01 1.61033e+01 1.93195e+01
0.0130 9.99001e-23 1.37528e+01 1.61920e+01 1.90170e+01
0.0140 1.00420e-22 1.37155e+01 1.60824e+01 1.87498e+01
0.0150 1.01314e-22 1.36824e+01 1.59827e+01 1.85180e+01
0.0160 1.02775e-22 1.36769e+01 1.59271e+01 1.83690e+01
0.0170 1.03044e-22 1.36789e+01 1.59294e+01 1.83711e+01
0.0180 1.04040e-22 1.36589e+01 1.58749e+01 1.82524e+01
0.0190 1.06381e-22 1.38215e+01 1.61315e+01 1.86205e+01
0.0200 1.08096e-22 1.37805e+01 1.60695e+01 1.85413e+01
0.0210 1.10395e-22 1.37615e+01 1.60089e+01 1.84203e+01
0.0220 1.11189e-22 1.37382e+01 1.59304e+01 1.82692e+01
0.0230 1.07399e-22 1.36249e+01 1.57596e+01 1.80224e+01
0.0240 1.07126e-22 1.35961e+01 1.56841e+01 1.78669e+01
0.0250 1.07591e-22 1.36063e+01 1.56888e+01 1.78512e+01
0.0260 1.08130e-22 1.35483e+01 1.55698e+01 1.76468e+01
0.0270 1.08460e-22 1.34988e+01 1.54856e+01 1.75061e+01
0.0280 1.09391e-22 1.35838e+01 1.55990e+01 1.76556e+01
0.0290 1.10540e-22 1.36441e+01 1.56995e+01 1.78074e+01
0.0300 1.11059e-22 1.36624e+01 1.57263e+01 1.78455e+01
0.0310 1.11441e-22 1.36644e+01 1.57235e+01 1.78341e+01
0.0320 1.11635e-22 1.36504e+01 1.56894e+01 1.77739e+01
0.0330 1.11600e-22 1.36445e+01 1.56802e+01 1.77584e+01
0.0340 1.10931e-22 1.36333e+01 1.56573e+01 1.77183e+01
0.0350 1.11096e-22 1.36404e+01 1.56561e+01 1.77042e+01
0.0360 1.11254e-22 1.36366e+01 1.56397e+01 1.76696e+01
0.0370 1.11916e-22 1.36526e+01 1.56488e+01 1.76698e+01
0.0380 1.11955e-22 1.36482e+01 1.56342e+01 1.76421e+01
0.0390 1.11725e-22 1.36368e+01 1.56104e+01 1.76010e+01
0.0400 1.11203e-22 1.36224e+01 1.55818e+01 1.75500e+01
0.0410 1.11313e-22 1.36412e+01 1.56133e+01 1.75955e+01
0.0420 1.11508e-22 1.36880e+01 1.56805e+01 1.76871e+01
0.0430 1.11548e-22 1.36992e+01 1.56994e+01 1.77149e+01
0.0440 1.11404e-22 1.37025e+01 1.57104e+01 1.77333e+01
0.0450 1.11093e-22 1.36995e+01 1.57002e+01 1.77155e+01
0.0460 1.11050e-22 1.36804e+01 1.56748e+01 1.76787e+01
0.0470 1.10828e-22 1.36657e+01 1.56540e+01 1.76481e+01
0.0480 1.10125e-22 1.36533e+01 1.56319e+01 1.76125e+01
0.0490 1.09897e-22 1.36271e+01 1.56024e+01 1.75756e+01
0.0500 1.09707e-22 1.36531e+01 1.56306e+01 1.76061e+01
0.0510 1.09733e-22 1.36581e+01 1.56390e+01 1.76151e+01
0.0520 1.09658e-22 1.36612e+01 1.56411e+01 1.76156e+01
0.0530 1.09137e-22 1.36635e+01 1.56402e+01 1.76060e+01
0.0540 1.09011e-22 1.36346e+01 1.56004e+01 1.75528e+01
0.0550 1.08364e-22 1.36577e+01 1.56203e+01 1.75680e+01
0.0560 1.08265e-22 1.36510e+01 1.56190e+01 1.75726e+01
0.0570 1.08057e-22 1.36270e+01 1.55937e+01 1.75451e+01
0.0580 1.07497e-22 1.36201e+01 1.55799e+01 1.75218e+01
0.0590 1.07072e-22 1.35961e+01 1.55496e+01 1.74800e+01
0.0600 1.06375e-22 1.36049e+01 1.55519e+01 1.74713e+01
0.0610 1.06446e-22 1.36250e+01 1.55835e+01 1.75180e+01
0.0620 1.06137e-22 1.36494e+01 1.56082e+01 1.75445e+01
0.0630 1.05577e-22 1.37438e+01 1.56739e+01 1.75925e+01
0.0640 1.05346e-22 1.37250e+01 1.56615e+01 1.75794e+01
0.0650 1.04967e-22 1.37499e+01 1.56744e+01 1.75847e+01
0.0660 1.04740e-22 1.37271e+01 1.56656e+01 1.75847e+01
0.0670 1.04338e-22 1.37495e+01 1.56844e+01 1.76005e+01
0.0680 1.04103e-22 1.37434e+01 1.56764e+01 1.75904e+01
0.0690 1.03890e-22 1.37385e+01 1.56638e+01 1.75721e+01
0.0700 1.03509e-22 1.37038e+01 1.56387e+01 1.75490e+01
0.0710 1.03073e-22 1.37400e+01 1.56645e+01 1.75672e+01
0.0720 1.02918e-22 1.37062e+01 1.56391e+01 1.75464e+01
0.0730 1.02735e-22 1.36952e+01 1.56261e+01 1.75331e+01
0.0740 1.02528e-22 1.37170e+01 1.56411e+01 1.75434e+01
0.0750 1.02237e-22 1.37294e+01 1.56534e+01 1.75571e+01
0.0760 1.01898e-22 1.37261e+01 1.56579e+01 1.75677e+01
0.0770 1.01657e-22 1.37278e+01 1.56603e+01 1.75720e+01
0.0780 1.01409e-22 1.37235e+01 1.56612e+01 1.75774e+01
0.0790 1.01178e-22 1.37194e+01 1.56638e+01 1.75847e+01
0.0800 1.00878e-22 1.37327e+01 1.56716e+01 1.75898e+01
0.0810 1.00632e-22 1.37018e+01 1.56489e+01 1.75696e+01
0.0820 1.00457e-22 1.36558e+01 1.56153e+01 1.75415e+01
0.0830 1.00199e-22 1.37151e+01 1.56592e+01 1.75778e+01
0.0840 9.98960e-23 1.37289e+01 1.56710e+01 1.75896e+01
0.0850 9.96788e-23 1.37217e+01 1.56689e+01 1.75905e+01
0.0860 9.94453e-23 1.37168e+01 1.56661e+01 1.75889e+01
0.0870 9.91579e-23 1.37172e+01 1.56672e+01 1.75893e+01
0.0880 9.88073e-23 1.37119e+01 1.56609e+01 1.75793e+01
0.0890 9.84977e-23 1.37228e+01 1.56655e+01 1.75782e+01
0.0900 9.82728e-23 1.37133e+01 1.56533e+01 1.75626e+01
0.0910 9.79529e-23 1.36883e+01 1.56360e+01 1.75464e+01
0.0920 9.76381e-23 1.37126e+01 1.56513e+01 1.75542e+01
0.0930 9.72884e-23 1.37158e+01 1.56514e+01 1.75507e+01
0.0940 9.70517e-23 1.36989e+01 1.56371e+01 1.75368e+01
0.0950 9.65806e-23 1.37268e+01 1.56576e+01 1.75511e+01
0.0960 9.63676e-23 1.37002e+01 1.56352e+01 1.75308e+01
0.0970 9.60945e-23 1.36707e+01 1.56140e+01 1.75128e+01
0.0980 9.58126e-23 1.36610e+01 1.56064e+01 1.75059e+01
0.0990 9.54894e-23 1.36998e+01 1.56337e+01 1.75271e+01
0.1000 9.51603e-23 1.36816e+01 1.56218e+01 1.75188e+01
0.1010 9.49642e-23 1.36632e+01 1.56086e+01 1.75100e+01
0.1020 9.46103e-23 1.36599e+01 1.56087e+01 1.75120e+01
0.1030 9.45901e-23 1.36888e+01 1.56340e+01 1.75377e+01
0.1040 9.43478e-23 1.36578e+01 1.56006e+01 1.75088e+01
0.1050 9.39702e-23 1.36328e+01 1.55362e+01 1.74165e+01
0.1060 9.30260e-23 1.35114e+01 1.53795e+01 1.72208e+01
0.1070 9.21954e-23 1.35394e+01 1.53855e+01 1.72073e+01
0.1080 9.19690e-23 1.35193e+01 1.53719e+01 1.71991e+01
0.1090 9.17360e-23 1.34967e+01 1.53576e+01 1.71909e+01
0.1100 9.14662e-23 1.35093e+01 1.53675e+01 1.72006e+01
0.1110 9.11580e-23 1.35089e+01 1.53712e+01 1.72075e+01
0.1120 9.08765e-23 1.35229e+01 1.53831e+01 1.72192e+01
0.1130 9.06668e-23 1.35094e+01 1.53750e+01 1.72153e+01
0.1140 9.04367e-23 1.35144e+01 1.53795e+01 1.72215e+01
0.1150 9.01723e-23 1.35088e+01 1.53794e+01 1.72247e+01
0.1160 8.98693e-23 1.35168e+01 1.53876e+01 1.72343e+01
0.1170 8.95821e-23 1.35156e+01 1.53895e+01 1.72387e+01
0.1180 8.92732e-23 1.35298e+01 1.54021e+01 1.72518e+01
0.1190 8.90837e-23 1.34997e+01 1.53832e+01 1.72401e+01
0.1200 8.87335e-23 1.35206e+01 1.54015e+01 1.72576e+01
0.1210 8.84803e-23 1.35392e+01 1.54156e+01 1.72707e+01
0.1220 8.83201e-23 1.35122e+01 1.53980e+01 1.72590e+01
0.1230 8.80699e-23 1.35142e+01 1.54005e+01 1.72630e+01
0.1240 8.76890e-23 1.35400e+01 1.54226e+01 1.72836e+01
0.1250 8.74790e-23 1.35101e+01 1.54015e+01 1.72683e+01
0.1260 8.71694e-23 1.35258e+01 1.54155e+01 1.72816e+01
0.1270 8.69386e-23 1.35156e+01 1.54095e+01 1.72788e+01
0.1280 8.68193e-23 1.34960e+01 1.53941e+01 1.72674e+01
0.1290 8.64764e-23 1.35247e+01 1.54181e+01 1.72888e+01
0.1300 8.61679e-23 1.35422e+01 1.54326e+01 1.73022e+01
0.1310 8.59951e-23 1.35181e+01 1.54147e+01 1.72887e+01
0.1320 8.56359e-23 1.35147e+01 1.54162e+01 1.72922e+01
0.1325 8.56994e-23 1.34794e+01 1.53863e+01 1.72674e+01
0.1330 8.53962e-23 1.35306e+01 1.54273e+01 1.73017e+01
0.1340 8.51059e-23 1.35234e+01 1.54241e+01 1.73013e+01
0.1350 8.49144e-23 1.35188e+01 1.54207e+01 1.72995e+01
0.1360 8.47275e-23 1.35354e+01 1.54318e+01 1.73085e+01
0.1370 8.44940e-23 1.35376e+01 1.54363e+01 1.73140e+01
0.1380 8.43111e-23 1.35160e+01 1.54204e+01 1.73022e+01
0.1390 8.40473e-23 1.35277e+01 1.54296e+01 1.73104e+01
0.1400 8.38352e-23 1.35167e+01 1.54223e+01 1.73058e+01
0.1410 8.36697e-23 1.35087e+01 1.54151e+01 1.73001e+01
0.1420 8.33591e-23 1.35292e+01 1.54317e+01 1.73145e+01
0.1430 8.31408e-23 1.35055e+01 1.54158e+01 1.73031e+01
0.1440 8.27488e-23 1.35320e+01 1.54355e+01 1.73192e+01
0.1450 8.24889e-23 1.35149e+01 1.54248e+01 1.73118e+01
0.1460 8.22888e-23 1.35182e+01 1.54255e+01 1.73119e+01
0.1470 8.20004e-23 1.35355e+01 1.54383e+01 1.73226e+01
0.1480 8.18064e-23 1.35188e+01 1.54265e+01 1.73137e+01
0.1490 8.16617e-23 1.35109e+01 1.54186e+01 1.73066e+01
0.1500 8.13284e-23 1.35384e+01 1.54398e+01 1.73246e+01
0.1510 8.11468e-23 1.35173e+01 1.54251e+01 1.73135e+01
0.1520 8.09096e-23 1.35251e+01 1.54304e+01 1.73178e+01
0.1530 8.07570e-23 1.35107e+01 1.54197e+01 1.73094e+01
0.1540 8.05022e-23 1.35118e+01 1.54210e+01 1.73115e+01
0.1550 8.02591e-23 1.35155e+01 1.54242e+01 1.73141e+01
0.1560 8.01052e-23 1.35020e+01 1.54125e+01 1.73046e+01
0.1570 7.98379e-23 1.35120e+01 1.54207e+01 1.73120e+01
0.1580 7.96429e-23 1.35104e+01 1.54190e+01 1.73107e+01
0.1590 7.94404e-23 1.35008e+01 1.54126e+01 1.73061e+01
0.1600 7.92443e-23 1.34927e+01 1.54069e+01 1.73022e+01
0.1610 7.90332e-23 1.35003e+01 1.54114e+01 1.73059e+01
0.1620 7.88296e-23 1.34869e+01 1.54025e+01 1.72996e+01
0.1630 7.86379e-23 1.35047e+01 1.54142e+01 1.73086e+01
0.1640 7.84384e-23 1.34888e+01 1.54037e+01 1.73014e+01
0.1650 7.82580e-23 1.34897e+01 1.54037e+01 1.73014e+01
0.1660 7.80259e-23 1.35039e+01 1.54145e+01 1.73105e+01
0.1670 7.78655e-23 1.34679e+01 1.53884e+01 1.72904e+01
0.1680 7.76544e-23 1.34689e+01 1.53882e+01 1.72898e+01
0.1690 7.74279e-23 1.34813e+01 1.53951e+01 1.72946e+01
0.1700 7.72456e-23 1.34844e+01 1.53962e+01 1.72948e+01
0.1710 7.70484e-23 1.34773e+01 1.53918e+01 1.72916e+01
0.1720 7.69109e-23 1.34554e+01 1.53749e+01 1.72779e+01
0.1730 7.67374e-23 1.34530e+01 1.53725e+01 1.72759e+01
0.1740 7.65357e-23 1.34647e+01 1.53803e+01 1.72820e+01
0.1750 7.63723e-23 1.34575e+01 1.53745e+01 1.72773e+01
0.1760 7.61903e-23 1.34531e+01 1.53704e+01 1.72741e+01
0.1770 7.59678e-23 1.34644e+01 1.53791e+01 1.72812e+01
0.1780 7.58586e-23 1.34368e+01 1.53580e+01 1.72643e+01
0.1790 7.56452e-23 1.34560e+01 1.53713e+01 1.72747e+01
0.1800 7.54844e-23 1.34428e+01 1.53613e+01 1.72671e+01
0.1810 7.52647e-23 1.34421e+01 1.53618e+01 1.72681e+01
0.1820 7.52170e-23 1.34226e+01 1.53426e+01 1.72510e+01
0.1830 7.49263e-23 1.34382e+01 1.53557e+01 1.72623e+01
0.1840 7.48401e-23 1.34180e+01 1.53383e+01 1.72476e+01
0.1850 7.45958e-23 1.34211e+01 1.53418e+01 1.72510e+01
0.1860 7.44426e-23 1.34087e+01 1.53317e+01 1.72427e+01
0.1870 7.42203e-23 1.34138e+01 1.53365e+01 1.72473e+01
0.1880 7.40422e-23 1.34256e+01 1.53431e+01 1.72521e+01
0.1890 7.37023e-23 1.34357e+01 1.53582e+01 1.72679e+01
0.1900 7.34411e-23 1.34600e+01 1.53809e+01 1.72885e+01
0.1910 7.33441e-23 1.34521e+01 1.53774e+01 1.72866e+01
0.1920 7.31811e-23 1.34584e+01 1.53816e+01 1.72902e+01
0.1930 7.30526e-23 1.34412e+01 1.53686e+01 1.72800e+01
0.1940 7.28533e-23 1.34542e+01 1.53776e+01 1.72874e+01
0.1950 7.27283e-23 1.34376e+01 1.53646e+01 1.72770e+01
0.1960 7.25538e-23 1.34442e+01 1.53690e+01 1.72806e+01
0.1970 7.23769e-23 1.34416e+01 1.53678e+01 1.72800e+01
0.1980 7.22018e-23 1.34457e+01 1.53707e+01 1.72825e+01
0.1990 7.19991e-23 1.34623e+01 1.53827e+01 1.72920e+01
0.2000 7.18958e-23 1.34297e+01 1.53586e+01 1.72730e+01
0.2010 7.16709e-23 1.34504e+01 1.53730e+01 1.72842e+01
0.2020 7.15433e-23 1.34361e+01 1.53613e+01 1.72746e+01
0.2030 7.13646e-23 1.34443e+01 1.53667e+01 1.72787e+01
0.2040 7.12614e-23 1.34282e+01 1.53542e+01 1.72687e+01
0.2050 7.10789e-23 1.34355e+01 1.53598e+01 1.72734e+01
0.2060 7.09446e-23 1.34355e+01 1.53597e+01 1.72733e+01
0.2070 7.08361e-23 1.34145e+01 1.53435e+01 1.72607e+01
0.2080 7.06576e-23 1.34249e+01 1.53514e+01 1.72672e+01
0.2090 7.05170e-23 1.34141e+01 1.53436e+01 1.72613e+01
0.2100 7.03591e-23 1.34174e+01 1.53460e+01 1.72631e+01
0.2110 7.02079e-23 1.34245e+01 1.53498e+01 1.72660e+01
0.2120 7.00317e-23 1.34306e+01 1.53537e+01 1.72691e+01
0.2130 6.98860e-23 1.34220e+01 1.53478e+01 1.72646e+01
0.2140 6.97532e-23 1.34037e+01 1.53346e+01 1.72543e+01
0.2150 6.96142e-23 1.34022e+01 1.53322e+01 1.72522e+01
0.2160 6.94648e-23 1.34067e+01 1.53348e+01 1.72543e+01
0.2170 6.92967e-23 1.34239e+01 1.53465e+01 1.72634e+01
0.2180 6.91823e-23 1.33995e+01 1.53292e+01 1.72503e+01
0.2190 6.90131e-23 1.34037e+01 1.53326e+01 1.72532e+01
0.2200 6.88378e-23 1.34158e+01 1.53409e+01 1.72597e+01
0.2210 6.87103e-23 1.34054e+01 1.53323e+01 1.72528e+01
0.2220 6.85668e-23 1.34047e+01 1.53315e+01 1.72518e+01
0.2230 6.84216e-23 1.34017e+01 1.53289e+01 1.72498e+01
0.2240 6.83069e-23 1.33855e+01 1.53172e+01 1.72408e+01
0.2250 6.81662e-23 1.33788e+01 1.53123e+01 1.72371e+01
0.2260 6.80412e-23 1.33702e+01 1.53054e+01 1.72316e+01
0.2270 6.78610e-23 1.33868e+01 1.53175e+01 1.72413e+01
0.2280 6.77644e-23 1.33703e+01 1.53044e+01 1.72305e+01
0.2290 6.76092e-23 1.33820e+01 1.53122e+01 1.72366e+01
0.2300 6.74825e-23 1.33715e+01 1.53045e+01 1.72305e+01
0.2310 6.73454e-23 1.33655e+01 1.53004e+01 1.72273e+01
0.2320 6.72173e-23 1.33704e+01 1.53018e+01 1.72279e+01
0.2330 6.70916e-23 1.33520e+01 1.52893e+01 1.72183e+01
0.2340 6.69105e-23 1.33684e+01 1.53014e+01 1.72279e+01
0.2350 6.67637e-23 1.33772e+01 1.53071e+01 1.72322e+01
0.2360 6.66606e-23 1.33652e+01 1.52970e+01 1.72239e+01
0.2370 6.65481e-23 1.33512e+01 1.52864e+01 1.72156e+01
0.2380 6.64186e-23 1.33433e+01 1.52809e+01 1.72111e+01
0.2390 6.62788e-23 1.33543e+01 1.52880e+01 1.72165e+01
0.2400 6.61961e-23 1.33322e+01 1.52713e+01 1.72031e+01
0.2410 6.60641e-23 1.33326e+01 1.52707e+01 1.72027e+01
0.2420 6.58905e-23 1.33546e+01 1.52870e+01 1.72159e+01
0.2430 6.57644e-23 1.33515e+01 1.52849e+01 1.72145e+01
0.2440 6.56939e-23 1.33226e+01 1.52631e+01 1.71974e+01
0.2450 6.55145e-23 1.33476e+01 1.52810e+01 1.72117e+01
0.2460 6.53740e-23 1.33439e+01 1.52787e+01 1.72102e+01
0.2460 6.53738e-23 1.33438e+01 1.52787e+01 1.72102e+01
0.2470 6.52553e-23 1.33380e+01 1.52739e+01 1.72064e+01
0.2480 6.51678e-23 1.33137e+01 1.52558e+01 1.71922e+01
0.2490 6.50220e-23 1.33250e+01 1.52647e+01 1.71995e+01
0.2500 6.49121e-23 1.33285e+01 1.52662e+01 1.72008e+01
0.2510 6.47922e-23 1.33221e+01 1.52628e+01 1.71986e+01
0.2520 6.47131e-23 1.33092e+01 1.52526e+01 1.71909e+01
0.2530 6.45782e-23 1.33190e+01 1.52599e+01 1.71969e+01
0.2540 6.44329e-23 1.33295e+01 1.52677e+01 1.72036e+01
0.2550 6.43407e-23 1.33221e+01 1.52616e+01 1.71989e+01
0.2560 6.42302e-23 1.33157e+01 1.52579e+01 1.71966e+01
0.2570 6.41340e-23 1.33082e+01 1.52519e+01 1.71922e+01
0.2580 6.40389e-23 1.32998e+01 1.52457e+01 1.71877e+01
0.2590 6.38968e-23 1.33031e+01 1.52497e+01 1.71916e+01
0.2600 6.38253e-23 1.32747e+01 1.52295e+01 1.71763e+01
0.2610 6.37215e-23 1.32750e+01 1.52300e+01 1.71770e+01
0.2620 6.35541e-23 1.33127e+01 1.52566e+01 1.71980e+01
0.2630 6.34502e-23 1.33040e+01 1.52507e+01 1.71939e+01
0.2640 6.33596e-23 1.32864e+01 1.52381e+01 1.71842e+01
0.2650 6.32541e-23 1.32742e+01 1.52298e+01 1.71780e+01
0.2660 6.31287e-23 1.32836e+01 1.52360e+01 1.71831e+01
0.2670 6.29988e-23 1.32814e+01 1.52353e+01 1.71833e+01
0.2680 6.29216e-23 1.32709e+01 1.52267e+01 1.71764e+01
0.2690 6.27477e-23 1.33050e+01 1.52509e+01 1.71957e+01
0.2700 6.26747e-23 1.32651e+01 1.52235e+01 1.71748e+01
0.2710 6.25509e-23 1.32732e+01 1.52287e+01 1.71788e+01
0.2720 6.24376e-23 1.32786e+01 1.52330e+01 1.71826e+01
0.2730 6.23149e-23 1.32840e+01 1.52382e+01 1.71875e+01
0.2740 6.22340e-23 1.32826e+01 1.52367e+01 1.71868e+01
0.2750 6.21629e-23 1.32708e+01 1.52280e+01 1.71805e+01
0.2760 6.20511e-23 1.32709e+01 1.52295e+01 1.71828e+01
0.2770 6.19520e-23 1.32693e+01 1.52290e+01 1.71831e+01
0.2780 6.18650e-23 1.32610e+01 1.52227e+01 1.71787e+01
0.2790 6.17524e-23 1.32648e+01 1.52261e+01 1.71819e+01
0.2800 6.16241e-23 1.32800e+01 1.52373e+01 1.71912e+01
0.2810 6.15343e-23 1.32700e+01 1.52307e+01 1.71867e+01
0.2820 6.14264e-23 1.32717e+01 1.52322e+01 1.71886e+01
0.2830 6.13294e-23 1.32696e+01 1.52307e+01 1.71879e+01
0.2840 6.11937e-23 1.32761e+01 1.52371e+01 1.71942e+01
0.2850 6.11283e-23 1.32501e+01 1.52188e+01 1.71804e+01
0.2860 6.10310e-23 1.32529e+01 1.52209e+01 1.71827e+01
0.2870 6.09134e-23 1.32664e+01 1.52309e+01 1.71912e+01
0.2880 6.07540e-23 1.32854e+01 1.52473e+01 1.72054e+01
0.2890 6.06863e-23 1.32705e+01 1.52359e+01 1.71967e+01
0.2900 6.05965e-23 1.32658e+01 1.52328e+01 1.71951e+01
0.2910 6.04907e-23 1.32686e+01 1.52356e+01 1.71981e+01
0.2920 6.04632e-23 1.32478e+01 1.52191e+01 1.71850e+01
0.2930 6.03426e-23 1.32488e+01 1.52219e+01 1.71888e+01
0.2940 6.01997e-23 1.32715e+01 1.52398e+01 1.72040e+01
0.2950 6.01019e-23 1.32760e+01 1.52435e+01 1.72075e+01
0.2960 5.99897e-23 1.32821e+01 1.52482e+01 1.72117e+01
0.2970 5.99286e-23 1.32654e+01 1.52358e+01 1.72023e+01
0.2980 5.97962e-23 1.32883e+01 1.52530e+01 1.72164e+01
0.2990 5.97409e-23 1.32626e+01 1.52352e+01 1.72034e+01
0.3000 5.96191e-23 1.32818e+01 1.52495e+01 1.72154e+01
0.3010 5.95465e-23 1.32683e+01 1.52399e+01 1.72083e+01
0.3020 5.94518e-23 1.32678e+01 1.52399e+01 1.72091e+01
0.3030 5.93381e-23 1.32810e+01 1.52502e+01 1.72180e+01
0.3040 5.92807e-23 1.32657e+01 1.52393e+01 1.72100e+01
0.3050 5.92144e-23 1.32507e+01 1.52278e+01 1.72009e+01
0.3060 5.90866e-23 1.32616e+01 1.52368e+01 1.72092e+01
0.3070 5.89222e-23 1.32844e+01 1.52545e+01 1.72240e+01
0.3080 5.88485e-23 1.32708e+01 1.52440e+01 1.72157e+01
0.3090 5.87558e-23 1.32684e+01 1.52418e+01 1.72139e+01
0.3100 5.86455e-23 1.32558e+01 1.52335e+01 1.72079e+01
0.3110 5.86197e-23 1.32506e+01 1.52264e+01 1.72010e+01
0.3120 5.85063e-23 1.32588e+01 1.52323e+01 1.72060e+01
0.3130 5.82999e-23 1.32790e+01 1.52523e+01 1.72242e+01
0.3140 5.82294e-23 1.32867e+01 1.52572e+01 1.72278e+01
0.3150 5.82564e-23 1.32585e+01 1.52320e+01 1.72063e+01
0.3160 5.81522e-23 1.32671e+01 1.52388e+01 1.72124e+01
0.3170 5.79774e-23 1.32700e+01 1.52471e+01 1.72223e+01
0.3180 5.79367e-23 1.32718e+01 1.52463e+01 1.72211e+01
0.3190 5.77720e-23 1.32898e+01 1.52623e+01 1.72356e+01
0.3200 5.76893e-23 1.32831e+01 1.52576e+01 1.72324e+01
0.3210 5.76504e-23 1.32836e+01 1.52552e+01 1.72294e+01
0.3220 5.75602e-23 1.32714e+01 1.52482e+01 1.72248e+01
0.3230 5.74015e-23 1.32871e+01 1.52620e+01 1.72373e+01
0.3240 5.74939e-23 1.32405e+01 1.52225e+01 1.72037e+01
0.3250 5.73638e-23 1.32554e+01 1.52335e+01 1.72131e+01
0.3260 5.72182e-23 1.32600e+01 1.52394e+01 1.72192e+01
0.3270 5.73514e-23 1.32265e+01 1.52022e+01 1.71836e+01
0.3280 5.72507e-23 1.32157e+01 1.51920e+01 1.71748e+01
0.3290 5.71087e-23 1.32285e+01 1.52033e+01 1.71852e+01
0.3300 5.70399e-23 1.32354e+01 1.52072e+01 1.71881e+01
0.3310 5.70209e-23 1.32096e+01 1.51866e+01 1.71712e+01
0.3320 5.69140e-23 1.32198e+01 1.51938e+01 1.71768e+01
0.3330 5.68516e-23 1.32153e+01 1.51905e+01 1.71746e+01
0.3340 5.66691e-23 1.32325e+01 1.52061e+01 1.71887e+01
0.3350 5.68271e-23 1.31839e+01 1.51591e+01 1.71454e+01
0.3360 5.67230e-23 1.31764e+01 1.51522e+01 1.71390e+01
0.3370 5.65924e-23 1.31945e+01 1.51661e+01 1.71505e+01
0.3380 5.64925e-23 1.32038e+01 1.51735e+01 1.71566e+01
0.3390 5.64309e-23 1.31840e+01 1.51587e+01 1.71454e+01
0.3400 5.63230e-23 1.31923e+01 1.51642e+01 1.71498e+01
0.3410 5.62690e-23 1.31995e+01 1.51669e+01 1.71505e+01
0.3420 5.62086e-23 1.31707e+01 1.51466e+01 1.71352e+01
0.3430 5.60867e-23 1.31836e+01 1.51576e+01 1.71448e+01
0.3440 5.60159e-23 1.31785e+01 1.51536e+01 1.71417e+01
0.3450 5.58905e-23 1.31960e+01 1.51660e+01 1.71515e+01
0.3460 5.58080e-23 1.31797e+01 1.51548e+01 1.71433e+01
0.3470 5.57066e-23 1.31907e+01 1.51617e+01 1.71486e+01
0.3480 5.56758e-23 1.31633e+01 1.51410e+01 1.71319e+01
0.3490 5.55233e-23 1.31793e+01 1.51554e+01 1.71447e+01
0.3500 5.55409e-23 1.31563e+01 1.51349e+01 1.71265e+01
0.3510 5.54556e-23 1.31682e+01 1.51441e+01 1.71344e+01
0.3520 5.54068e-23 1.31608e+01 1.51385e+01 1.71300e+01
0.3530 5.52882e-23 1.31792e+01 1.51534e+01 1.71428e+01
0.3540 5.52006e-23 1.31776e+01 1.51530e+01 1.71431e+01
0.3550 5.51490e-23 1.31705e+01 1.51465e+01 1.71378e+01
0.3560 5.50241e-23 1.31827e+01 1.51572e+01 1.71474e+01
0.3570 5.48811e-23 1.31971e+01 1.51703e+01 1.71594e+01
0.3580 5.49150e-23 1.31726e+01 1.51480e+01 1.71398e+01
0.3590 5.47469e-23 1.31797e+01 1.51573e+01 1.71495e+01
0.3600 5.47747e-23 1.31664e+01 1.51429e+01 1.71361e+01
0.3610 5.46617e-23 1.31676e+01 1.51453e+01 1.71389e+01
0.3620 5.45042e-23 1.31879e+01 1.51612e+01 1.71520e+01
0.3625 5.44340e-23 1.31944e+01 1.51672e+01 1.71571e+01
0.3630 5.44736e-23 1.31727e+01 1.51483e+01 1.71407e+01
0.3640 5.43735e-23 1.31676e+01 1.51462e+01 1.71401e+01
0.3650 5.42668e-23 1.31926e+01 1.51645e+01 1.71546e+01
0.3660 5.41870e-23 1.32010e+01 1.51702e+01 1.71593e+01
0.3670 5.41754e-23 1.31831e+01 1.51548e+01 1.71462e+01
0.3680 5.40800e-23 1.31866e+01 1.51584e+01 1.71496e+01
0.3690 5.40028e-23 1.31736e+01 1.51489e+01 1.71424e+01
0.3700 5.39164e-23 1.31828e+01 1.51557e+01 1.71481e+01
0.3710 5.38202e-23 1.31915e+01 1.51626e+01 1.71536e+01
0.3720 5.37677e-23 1.31796e+01 1.51523e+01 1.71445e+01
0.3730 5.36628e-23 1.31920e+01 1.51619e+01 1.71523e+01
0.3740 5.36400e-23 1.31695e+01 1.51443e+01 1.71380e+01
0.3750 5.36042e-23 1.31676e+01 1.51420e+01 1.71357e+01
0.3760 5.34703e-23 1.31705e+01 1.51463e+01 1.71410e+01
0.3770 5.33712e-23 1.31873e+01 1.51593e+01 1.71517e+01
0.3780 5.33588e-23 1.31707e+01 1.51450e+01 1.71398e+01
0.3790 5.33283e-23 1.31665e+01 1.51400e+01 1.71347e+01
0.3800 5.31503e-23 1.31876e+01 1.51598e+01 1.71530e+01
0.3810 5.31017e-23 1.31922e+01 1.51628e+01 1.71555e+01
0.3820 5.30951e-23 1.31758e+01 1.51485e+01 1.71432e+01
0.3830 5.29930e-23 1.31804e+01 1.51528e+01 1.71483e+01
0.3840 5.29083e-23 1.32009e+01 1.51682e+01 1.71601e+01
0.3850 5.28371e-23 1.31811e+01 1.51559e+01 1.71519e+01
0.3860 5.27374e-23 1.31935e+01 1.51656e+01 1.71600e+01
0.3870 5.27222e-23 1.31837e+01 1.51548e+01 1.71499e+01
0.3880 5.26520e-23 1.31841e+01 1.51545e+01 1.71493e+01
0.3890 5.25351e-23 1.31879e+01 1.51568e+01 1.71511e+01
0.3900 5.24456e-23 1.31892e+01 1.51603e+01 1.71547e+01
0.3910 5.23649e-23 1.31925e+01 1.51621e+01 1.71560e+01
0.3920 5.22663e-23 1.32031e+01 1.51704e+01 1.71630e+01
0.3930 5.22061e-23 1.32001e+01 1.51672e+01 1.71599e+01
0.3940 5.21335e-23 1.31900e+01 1.51606e+01 1.71552e+01
0.3950 5.20256e-23 1.31980e+01 1.51656e+01 1.71586e+01
0.3960 5.20026e-23 1.31833e+01 1.51535e+01 1.71486e+01
0.3970 5.19514e-23 1.31811e+01 1.51505e+01 1.71453e+01
0.3980 5.19458e-23 1.31774e+01 1.51446e+01 1.71387e+01
0.3990 5.18352e-23 1.31687e+01 1.51408e+01 1.71377e+01
0.4000 5.16977e-23 1.31904e+01 1.51585e+01 1.71532e+01
0.4010 5.17411e-23 1.31721e+01 1.51400e+01 1.71352e+01
0.4020 5.15485e-23 1.31807e+01 1.51524e+01 1.71496e+01
0.4030 5.16942e-23 1.31593e+01 1.51280e+01 1.71248e+01
0.4040 5.14950e-23 1.31624e+01 1.51372e+01 1.71372e+01
0.4050 5.15265e-23 1.31658e+01 1.51360e+01 1.71341e+01
0.4060 5.12990e-23 1.31828e+01 1.51549e+01 1.71529e+01
0.4070 5.12566e-23 1.31732e+01 1.51457e+01 1.71452e+01
0.4080 5.13317e-23 1.31540e+01 1.51263e+01 1.71260e+01
0.4090 5.12795e-23 1.31578e+01 1.51284e+01 1.71273e+01
0.4100 5.10139e-23 1.32016e+01 1.51682e+01 1.71641e+01
0.4110 5.09707e-23 1.31861e+01 1.51555e+01 1.71532e+01
0.4120 5.10439e-23 1.31806e+01 1.51463e+01 1.71427e+01
0.4130 5.07075e-23 1.31872e+01 1.51614e+01 1.71623e+01
0.4140 5.08104e-23 1.31609e+01 1.51338e+01 1.71358e+01
0.4150 5.06597e-23 1.31846e+01 1.51541e+01 1.71516e+01
0.4160 5.07178e-23 1.31866e+01 1.51522e+01 1.71488e+01
0.4170 5.05201e-23 1.31835e+01 1.51553e+01 1.71547e+01
0.4180 5.04727e-23 1.31915e+01 1.51617e+01 1.71606e+01
0.4190 5.03679e-23 1.32085e+01 1.51743e+01 1.71709e+01
0.4200 5.05227e-23 1.31751e+01 1.51397e+01 1.71376e+01
0.4210 5.04048e-23 1.31642e+01 1.51343e+01 1.71354e+01
0.4220 5.03375e-23 1.31714e+01 1.51387e+01 1.71387e+01
0.4230 5.01843e-23 1.31972e+01 1.51639e+01 1.71622e+01
0.4240 5.01674e-23 1.31760e+01 1.51472e+01 1.71489e+01
0.4250 5.01890e-23 1.31915e+01 1.51506e+01 1.71453e+01
0.4260 5.00916e-23 1.31750e+01 1.51436e+01 1.71444e+01
0.4270 5.00015e-23 1.31930e+01 1.51558e+01 1.71528e+01
0.4280 4.98702e-23 1.31882e+01 1.51550e+01 1.71548e+01
0.4290 4.98352e-23 1.31718e+01 1.51404e+01 1.71422e+01
0.4300 4.99244e-23 1.31639e+01 1.51289e+01 1.71293e+01
0.4310 4.99137e-23 1.31752e+01 1.51338e+01 1.71308e+01
0.4320 4.96689e-23 1.31830e+01 1.51489e+01 1.71487e+01
0.4330 4.95545e-23 1.31650e+01 1.51388e+01 1.71433e+01
0.4340 4.95329e-23 1.31549e+01 1.51289e+01 1.71342e+01
0.4350 4.95595e-23 1.31334e+01 1.51039e+01 1.71094e+01
0.4360 4.93606e-23 1.31493e+01 1.51247e+01 1.71314e+01
0.4370 4.94490e-23 1.31390e+01 1.51063e+01 1.71089e+01
0.4380 4.92173e-23 1.31582e+01 1.51302e+01 1.71348e+01
0.4390 4.92048e-23 1.31415e+01 1.51159e+01 1.71218e+01
0.4400 4.91633e-23 1.31396e+01 1.51052e+01 1.71079e+01
0.4410 4.91056e-23 1.31646e+01 1.51320e+01 1.71336e+01
0.4420 4.91171e-23 1.31554e+01 1.51245e+01 1.71282e+01
0.4430 4.90204e-23 1.31597e+01 1.51274e+01 1.71306e+01
0.4440 4.89189e-23 1.31790e+01 1.51445e+01 1.71454e+01
0.4450 4.89133e-23 1.31615e+01 1.51309e+01 1.71355e+01
0.4460 4.84988e-23 1.31946e+01 1.51683e+01 1.71729e+01
0.4470 4.85559e-23 1.31895e+01 1.51612e+01 1.71659e+01
0.4480 4.84713e-23 1.31781e+01 1.51523e+01 1.71596e+01
0.4490 4.86270e-23 1.31846e+01 1.51476e+01 1.71482e+01
0.4500 4.86474e-23 1.31687e+01 1.51329e+01 1.71356e+01
0.4510 4.86598e-23 1.31405e+01 1.50996e+01 1.71013e+01
0.4520 4.83089e-23 1.31729e+01 1.51339e+01 1.71355e+01
0.4530 4.84090e-23 1.31814e+01 1.51432e+01 1.71454e+01
0.4540 4.85023e-23 1.31627e+01 1.51218e+01 1.71226e+01
0.4550 4.84674e-23 1.31824e+01 1.51366e+01 1.71347e+01
0.4560 4.80958e-23 1.31930e+01 1.51578e+01 1.71598e+01
0.4570 4.82927e-23 1.31499e+01 1.51075e+01 1.71092e+01
0.4580 4.80220e-23 1.31563e+01 1.51224e+01 1.71277e+01
0.4590 4.80608e-23 1.31620e+01 1.51282e+01 1.71333e+01
0.4600 4.79843e-23 1.31634e+01 1.51314e+01 1.71369e+01
0.4610 4.78180e-23 1.31894e+01 1.51565e+01 1.71606e+01
0.4620 4.78177e-23 1.31500e+01 1.51194e+01 1.71270e+01
0.4630 4.76309e-23 1.31514e+01 1.51223e+01 1.71310e+01
0.4640 4.82387e-23 1.31277e+01 1.50856e+01 1.70881e+01
0.4650 4.76695e-23 1.31500e+01 1.51172e+01 1.71233e+01
0.4660 4.75021e-23 1.31741e+01 1.51446e+01 1.71508e+01
0.4670 4.77424e-23 1.31360e+01 1.50995e+01 1.71054e+01
0.4680 4.78339e-23 1.31093e+01 1.50582e+01 1.70567e+01
0.4690 4.70965e-23 1.31781e+01 1.51540e+01 1.71642e+01
0.4700 4.77618e-23 1.30999e+01 1.50617e+01 1.70692e+01
0.4710 4.72298e-23 1.31341e+01 1.50976e+01 1.71025e+01
0.4720 4.71501e-23 1.31753e+01 1.51424e+01 1.71477e+01
0.4730 4.70203e-23 1.32019e+01 1.51685e+01 1.71734e+01
0.4740 4.72058e-23 1.31771e+01 1.51370e+01 1.71414e+01
0.4750 4.72194e-23 1.31750e+01 1.51295e+01 1.71296e+01
0.4760 4.74087e-23 1.31715e+01 1.51151e+01 1.71096e+01
0.4770 4.70366e-23 1.31829e+01 1.51320e+01 1.71300e+01
0.4780 4.66775e-23 1.32152e+01 1.51741e+01 1.71749e+01
0.4790 4.65946e-23 1.32037e+01 1.51643e+01 1.71658e+01
0.4800 4.67932e-23 1.31914e+01 1.51481e+01 1.71489e+01
0.4800 4.67954e-23 1.31916e+01 1.51481e+01 1.71489e+01
0.4810 4.69411e-23 1.31670e+01 1.51123e+01 1.71090e+01
0.4820 4.69286e-23 1.31435e+01 1.50865e+01 1.70825e+01
0.4830 4.68254e-23 1.31594e+01 1.50997e+01 1.70927e+01
0.4840 4.66519e-23 1.31691e+01 1.51249e+01 1.71267e+01
0.4850 4.65170e-23 1.31563e+01 1.51231e+01 1.71317e+01
0.4860 4.63667e-23 1.31910e+01 1.51521e+01 1.71566e+01
0.4870 4.65800e-23 1.31819e+01 1.51380e+01 1.71392e+01
0.4880 4.65457e-23 1.31344e+01 1.50806e+01 1.70789e+01
0.4890 4.64617e-23 1.31338e+01 1.50814e+01 1.70806e+01
0.4900 4.65487e-23 1.31242e+01 1.50765e+01 1.70789e+01
0.4910 4.66693e-23 1.31061e+01 1.50548e+01 1.70564e+01
0.4920 4.58787e-23 1.31740e+01 1.51432e+01 1.71517e+01
0.4930 4.61363e-23 1.31647e+01 1.51333e+01 1.71418e+01
0.4940 4.61174e-23 1.31673e+01 1.51321e+01 1.71394e+01
0.4950 4.66446e-23 1.31090e+01 1.50567e+01 1.70575e+01
0.4960 4.63405e-23 1.30830e+01 1.50320e+01 1.70346e+01
0.4970 4.60313e-23 1.30869e+01 1.50451e+01 1.70526e+01
0.4980 4.62201e-23 1.31148e+01 1.50579e+01 1.70555e+01
0.4990 4.59069e-23 1.30993e+01 1.50574e+01 1.70651e+01
0.5000 4.59883e-23 1.31070e+01 1.50660e+01 1.70728e+01
0.5010 4.59696e-23 1.31141e+01 1.50616e+01 1.70626e+01
0.5020 4.57618e-23 1.31047e+01 1.50608e+01 1.70681e+01
0.5030 4.58160e-23 1.30933e+01 1.50462e+01 1.70503e+01
0.5040 4.56268e-23 1.31335e+01 1.50928e+01 1.70997e+01
0.5050 4.59971e-23 1.31019e+01 1.50536e+01 1.70569e+01
0.5060 4.55499e-23 1.31313e+01 1.50869e+01 1.70912e+01
0.5070 4.59418e-23 1.31073e+01 1.50478e+01 1.70458e+01
0.5080 4.52988e-23 1.31298e+01 1.50830e+01 1.70867e+01
0.5090 4.56721e-23 1.30823e+01 1.50329e+01 1.70377e+01
0.5100 4.57308e-23 1.31041e+01 1.50445e+01 1.70410e+01
0.5110 4.58286e-23 1.31073e+01 1.50406e+01 1.70312e+01
0.5120 4.55551e-23 1.31106e+01 1.50546e+01 1.70537e+01
0.5130 4.50947e-23 1.31287e+01 1.50810e+01 1.70834e+01
0.5140 4.55447e-23 1.31024e+01 1.50500e+01 1.70507e+01
0.5150 4.52342e-23 1.31097e+01 1.50585e+01 1.70606e+01
0.5160 4.54146e-23 1.30919e+01 1.50333e+01 1.70315e+01
0.5170 4.55106e-23 1.30991e+01 1.50448e+01 1.70425e+01
0.5180 4.53425e-23 1.31115e+01 1.50510e+01 1.70476e+01
0.5190 4.49814e-23 1.30864e+01 1.50429e+01 1.70507e+01
0.5200 4.50605e-23 1.30989e+01 1.50495e+01 1.70528e+01
0.5210 4.54825e-23 1.30849e+01 1.50239e+01 1.70181e+01
0.5220 4.47633e-23 1.30773e+01 1.50384e+01 1.70501e+01
0.5230 4.48486e-23 1.31034e+01 1.50617e+01 1.70701e+01
0.5240 4.49703e-23 1.30877e+01 1.50332e+01 1.70338e+01
0.5250 4.45994e-23 1.30982e+01 1.50528e+01 1.70591e+01
0.5260 4.47205e-23 1.30893e+01 1.50380e+01 1.70396e+01
0.5270 4.47609e-23 1.30901e+01 1.50393e+01 1.70420e+01
0.5280 4.46098e-23 1.31171e+01 1.50613e+01 1.70609e+01
0.5290 4.44310e-23 1.31249e+01 1.50744e+01 1.70780e+01
0.5300 4.51456e-23 1.31012e+01 1.50349e+01 1.70236e+01
0.5310 4.47815e-23 1.30947e+01 1.50347e+01 1.70311e+01
0.5320 4.45159e-23 1.30851e+01 1.50344e+01 1.70380e+01
0.5330 4.42001e-23 1.31160e+01 1.50688e+01 1.70733e+01
0.5340 4.44752e-23 1.31139e+01 1.50543e+01 1.70501e+01
0.5350 4.43579e-23 1.31252e+01 1.50710e+01 1.70719e+01
0.5360 4.40836e-23 1.31101e+01 1.50648e+01 1.70707e+01
0.5370 4.40767e-23 1.30926e+01 1.50513e+01 1.70608e+01
0.5380 4.46310e-23 1.31275e+01 1.50553e+01 1.70415e+01
0.5390 4.42639e-23 1.30960e+01 1.50363e+01 1.70343e+01
0.5400 4.42576e-23 1.30981e+01 1.50405e+01 1.70372e+01
0.5410 4.41567e-23 1.30956e+01 1.50388e+01 1.70386e+01
0.5420 4.40266e-23 1.30885e+01 1.50394e+01 1.70438e+01
0.5430 4.43853e-23 1.30949e+01 1.50277e+01 1.70187e+01
0.5440 4.42058e-23 1.30993e+01 1.50348e+01 1.70277e+01
0.5450 4.38752e-23 1.31011e+01 1.50482e+01 1.70507e+01
0.5460 4.37113e-23 1.31187e+01 1.50724e+01 1.70779e+01
0.5470 4.37318e-23 1.31258e+01 1.50801e+01 1.70865e+01
0.5480 4.37331e-23 1.31267e+01 1.50782e+01 1.70830e+01
0.5490 4.37549e-23 1.31182e+01 1.50692e+01 1.70745e+01
0.5500 4.41017e-23 1.30995e+01 1.50363e+01 1.70326e+01
0.5510 4.35138e-23 1.30928e+01 1.50471e+01 1.70547e+01
0.5520 4.36104e-23 1.30929e+01 1.50397e+01 1.70433e+01
0.5530 4.37948e-23 1.30647e+01 1.50099e+01 1.70101e+01
0.5540 4.34157e-23 1.30874e+01 1.50396e+01 1.70458e+01
0.5550 4.37179e-23 1.30974e+01 1.50347e+01 1.70303e+01
0.5560 4.33378e-23 1.30964e+01 1.50466e+01 1.70529e+01
0.5570 4.34512e-23 1.30961e+01 1.50437e+01 1.70490e+01
0.5580 4.37937e-23 1.31239e+01 1.50464e+01 1.70318e+01
0.5590 4.32487e-23 1.31010e+01 1.50506e+01 1.70574e+01
0.5600 4.34081e-23 1.30828e+01 1.50192e+01 1.70184e+01
0.5610 4.31014e-23 1.30869e+01 1.50320e+01 1.70364e+01
0.5620 4.31535e-23 1.30844e+01 1.50261e+01 1.70287e+01
0.5630 4.32962e-23 1.30718e+01 1.50171e+01 1.70162e+01
0.5640 4.31866e-23 1.30845e+01 1.50250e+01 1.70250e+01
0.5650 4.31646e-23 1.31120e+01 1.50443e+01 1.70372e+01
0.5660 4.31233e-23 1.31108e+01 1.50421e+01 1.70348e+01
0.5670 4.30599e-23 1.31396e+01 1.50649e+01 1.70527e+01
0.5680 4.30369e-23 1.30842e+01 1.50212e+01 1.70187e+01
0.5690 4.31250e-23 1.31158e+01 1.50414e+01 1.70292e+01
0.5700 4.30419e-23 1.31038e+01 1.50319e+01 1.70224e+01
0.5710 4.26513e-23 1.31110e+01 1.50467e+01 1.70451e+01
0.5720 4.26471e-23 1.30879e+01 1.50202e+01 1.70176e+01
0.5730 4.27085e-23 1.30853e+01 1.50257e+01 1.70240e+01
0.5740 4.26684e-23 1.30876e+01 1.50258e+01 1.70238e+01
0.5750 4.30345e-23 1.31067e+01 1.50273e+01 1.70090e+01
0.5760 4.28788e-23 1.30873e+01 1.50088e+01 1.69939e+01
0.5770 4.27665e-23 1.30894e+01 1.50142e+01 1.70032e+01
0.5780 4.28180e-23 1.31053e+01 1.50238e+01 1.70046e+01
0.5790 4.25361e-23 1.30688e+01 1.50020e+01 1.69974e+01
0.5800 4.29088e-23 1.30741e+01 1.49985e+01 1.69831e+01
0.5810 4.27442e-23 1.30850e+01 1.50063e+01 1.69902e+01
0.5820 4.22889e-23 1.30886e+01 1.50164e+01 1.70108e+01
0.5830 4.24157e-23 1.30855e+01 1.50135e+01 1.70058e+01
0.5840 4.22808e-23 1.31110e+01 1.50322e+01 1.70214e+01
0.5850 4.22998e-23 1.30913e+01 1.50215e+01 1.70146e+01
0.5860 4.22632e-23 1.30899e+01 1.50112e+01 1.70007e+01
0.5870 4.23988e-23 1.30738e+01 1.50018e+01 1.69917e+01
0.5880 4.20536e-23 1.30641e+01 1.49972e+01 1.69971e+01
0.5890 4.23395e-23 1.31008e+01 1.50175e+01 1.70027e+01
0.5900 4.21745e-23 1.31123e+01 1.50310e+01 1.70178e+01
0.5910 4.18845e-23 1.30549e+01 1.49979e+01 1.70022e+01
0.5920 4.21049e-23 1.30930e+01 1.50171e+01 1.70058e+01
0.5930 4.18775e-23 1.30912e+01 1.50169e+01 1.70097e+01
0.5940 4.19025e-23 1.30790e+01 1.50069e+01 1.70011e+01
0.5950 4.18422e-23 1.31058e+01 1.50282e+01 1.70189e+01
0.5960 4.20276e-23 1.31035e+01 1.50166e+01 1.69984e+01
0.5970 4.20128e-23 1.30821e+01 1.50028e+01 1.69897e+01
0.5980 4.19819e-23 1.30591e+01 1.49856e+01 1.69775e+01
0.5990 4.20036e-23 1.30875e+01 1.50052e+01 1.69899e+01
0.6000 4.15841e-23 1.30538e+01 1.49944e+01 1.69977e+01
0.6010 4.17342e-23 1.31023e+01 1.50215e+01 1.70076e+01
0.6020 4.15228e-23 1.30496e+01 1.49852e+01 1.69857e+01
0.6029 4.15705e-23 1.30462e+01 1.49753e+01 1.69728e+01
0.6030 4.16349e-23 1.30629e+01 1.49894e+01 1.69831e+01
0.6040 4.17757e-23 1.30799e+01 1.49983e+01 1.69851e+01
0.6050 4.16047e-23 1.30384e+01 1.49732e+01 1.69708e+01
0.6060 4.17019e-23 1.30947e+01 1.50097e+01 1.69949e+01
0.6070 4.16635e-23 1.30874e+01 1.50054e+01 1.69906e+01
0.6080 4.15098e-23 1.30583e+01 1.49853e+01 1.69789e+01
0.6090 4.14411e-23 1.30496e+01 1.49753e+01 1.69710e+01
0.6100 4.12619e-23 1.30400e+01 1.49739e+01 1.69756e+01
0.6110 4.13072e-23 1.30580e+01 1.49814e+01 1.69767e+01
0.6120 4.14419e-23 1.30591e+01 1.49783e+01 1.69680e+01
0.6130 4.10395e-23 1.30338e+01 1.49673e+01 1.69693e+01
0.6140 4.09450e-23 1.30573e+01 1.49903e+01 1.69921e+01
0.6150 4.08024e-23 1.30737e+01 1.50050e+01 1.70066e+01
0.6160 4.12461e-23 1.30640e+01 1.49859e+01 1.69748e+01
0.6170 4.09550e-23 1.30624e+01 1.49909e+01 1.69872e+01
0.6180 4.11282e-23 1.30680e+01 1.49869e+01 1.69758e+01
0.6190 4.10589e-23 1.30665e+01 1.49853e+01 1.69765e+01
0.6200 4.10604e-23 1.30539e+01 1.49799e+01 1.69738e+01
0.6210 4.12280e-23 1.30922e+01 1.50001e+01 1.69806e+01
0.6220 4.10756e-23 1.30597e+01 1.49811e+01 1.69706e+01
0.6230 4.05796e-23 1.30458e+01 1.49774e+01 1.69800e+01
0.6240 4.10031e-23 1.30433e+01 1.49673e+01 1.69592e+01
0.6250 4.07624e-23 1.30415e+01 1.49750e+01 1.69732e+01
0.6260 4.07737e-23 1.30371e+01 1.49666e+01 1.69645e+01
0.6270 4.09137e-23 1.30383e+01 1.49589e+01 1.69492e+01
0.6280 4.09189e-23 1.30647e+01 1.49776e+01 1.69641e+01
0.6290 4.03685e-23 1.30466e+01 1.49825e+01 1.69852e+01
0.6300 4.05897e-23 1.30535e+01 1.49818e+01 1.69749e+01
0.6310 4.06362e-23 1.30572e+01 1.49778e+01 1.69694e+01
0.6320 4.05236e-23 1.30762e+01 1.49917e+01 1.69813e+01
0.6330 4.07712e-23 1.30643e+01 1.49789e+01 1.69620e+01
0.6340 4.06108e-23 1.30724e+01 1.49854e+01 1.69715e+01
0.6350 4.06709e-23 1.30504e+01 1.49666e+01 1.69537e+01
0.6360 4.04049e-23 1.30361e+01 1.49621e+01 1.69604e+01
0.6370 4.04606e-23 1.30369e+01 1.49577e+01 1.69504e+01
0.6380 4.04556e-23 1.30679e+01 1.49855e+01 1.69743e+01
0.6390 4.03804e-23 1.30286e+01 1.49557e+01 1.69526e+01
0.6400 4.02779e-23 1.30398e+01 1.49639e+01 1.69606e+01
0.6410 4.02984e-23 1.30745e+01 1.49905e+01 1.69804e+01
0.6420 4.03937e-23 1.30598e+01 1.49791e+01 1.69691e+01
0.6430 4.01546e-23 1.30520e+01 1.49756e+01 1.69720e+01
0.6440 4.02960e-23 1.31008e+01 1.50078e+01 1.69921e+01
0.6450 4.03958e-23 1.30846e+01 1.49882e+01 1.69709e+01
0.6460 4.02978e-23 1.30771e+01 1.49836e+01 1.69701e+01
0.6470 4.01436e-23 1.30785e+01 1.49842e+01 1.69751e+01
0.6480 3.99968e-23 1.30740e+01 1.49829e+01 1.69765e+01
0.6490 4.02249e-23 1.30691e+01 1.49728e+01 1.69606e+01
0.6500 4.01224e-23 1.31254e+01 1.50218e+01 1.70014e+01
0.6510 3.99606e-23 1.31445e+01 1.50273e+01 1.70053e+01
0.6520 3.98545e-23 1.31158e+01 1.50073e+01 1.69920e+01
0.6530 4.00578e-23 1.31966e+01 1.50632e+01 1.70247e+01
0.6540 3.99295e-23 1.31352e+01 1.50164e+01 1.69915e+01
0.6550 3.99781e-23 1.31328e+01 1.50108e+01 1.69827e+01
0.6560 3.97401e-23 1.31583e+01 1.50352e+01 1.70086e+01
0.6570 3.96216e-23 1.31800e+01 1.50544e+01 1.70237e+01
0.6580 3.96201e-23 1.31806e+01 1.50566e+01 1.70263e+01
0.6590 3.95194e-23 1.31350e+01 1.50229e+01 1.70040e+01
0.6600 3.95309e-23 1.31439e+01 1.50297e+01 1.70096e+01
0.6610 3.97218e-23 1.30857e+01 1.49852e+01 1.69683e+01
0.6620 3.93501e-23 1.31004e+01 1.50039e+01 1.69948e+01
0.6630 3.95416e-23 1.31203e+01 1.50144e+01 1.69970e+01
0.6640 3.94599e-23 1.31129e+01 1.50096e+01 1.69938e+01
0.6650 3.95864e-23 1.31377e+01 1.50285e+01 1.70039e+01
0.6660 3.94555e-23 1.30748e+01 1.49793e+01 1.69670e+01
0.6670 3.94053e-23 1.30901e+01 1.49879e+01 1.69729e+01
0.6680 3.93041e-23 1.31338e+01 1.50191e+01 1.69978e+01
0.6690 3.91796e-23 1.31352e+01 1.50242e+01 1.70057e+01
0.6700 3.92027e-23 1.31106e+01 1.50052e+01 1.69879e+01
0.6710 3.92661e-23 1.30876e+01 1.49870e+01 1.69731e+01
0.6720 3.92003e-23 1.30725e+01 1.49762e+01 1.69649e+01
0.6730 3.91392e-23 1.30752e+01 1.49819e+01 1.69718e+01
0.6740 3.93088e-23 1.31051e+01 1.49963e+01 1.69740e+01
0.6750 3.90712e-23 1.30977e+01 1.49927e+01 1.69786e+01
0.6760 3.89498e-23 1.30989e+01 1.49989e+01 1.69852e+01
0.6770 3.90533e-23 1.30764e+01 1.49767e+01 1.69626e+01
0.6780 3.90125e-23 1.30676e+01 1.49700e+01 1.69577e+01
0.6790 3.88627e-23 1.30855e+01 1.49857e+01 1.69723e+01
0.6800 3.89712e-23 1.30925e+01 1.49913e+01 1.69742e+01
0.6810 3.90454e-23 1.30640e+01 1.49641e+01 1.69483e+01
0.6820 3.89225e-23 1.30633e+01 1.49674e+01 1.69554e+01
0.6830 3.88114e-23 1.30671e+01 1.49665e+01 1.69539e+01
0.6840 3.88624e-23 1.30554e+01 1.49602e+01 1.69507e+01
0.6850 3.87983e-23 1.30731e+01 1.49749e+01 1.69615e+01
0.6860 3.89311e-23 1.30956e+01 1.49877e+01 1.69669e+01
0.6870 3.87473e-23 1.30887e+01 1.49874e+01 1.69719e+01
0.6880 3.86759e-23 1.30876e+01 1.49900e+01 1.69776e+01
0.6890 3.86678e-23 1.31002e+01 1.49982e+01 1.69841e+01
0.6900 3.88088e-23 1.30501e+01 1.49546e+01 1.69436e+01
0.6910 3.86843e-23 1.30588e+01 1.49605e+01 1.69509e+01
0.6920 3.85362e-23 1.30975e+01 1.49929e+01 1.69786e+01
0.6930 3.85137e-23 1.31169e+01 1.50054e+01 1.69872e+01
0.6940 3.86269e-23 1.31003e+01 1.49860e+01 1.69655e+01
0.6950 3.84022e-23 1.30468e+01 1.49530e+01 1.69464e+01
0.6960 3.83552e-23 1.31148e+01 1.50018e+01 1.69830e+01
0.6970 3.85012e-23 1.30891e+01 1.49771e+01 1.69585e+01
0.6980 3.83966e-23 1.30865e+01 1.49753e+01 1.69598e+01
0.6990 3.82798e-23 1.30637e+01 1.49651e+01 1.69553e+01
0.7000 3.84152e-23 1.30420e+01 1.49399e+01 1.69271e+01
0.7010 3.83000e-23 1.30333e+01 1.49358e+01 1.69260e+01
0.7020 3.82772e-23 1.30691e+01 1.49647e+01 1.69501e+01
0.7030 3.82517e-23 1.30407e+01 1.49443e+01 1.69351e+01
0.7040 3.83002e-23 1.30416e+01 1.49455e+01 1.69349e+01
0.7050 3.81223e-23 1.30518e+01 1.49562e+01 1.69480e+01
0.7060 3.82362e-23 1.30520e+01 1.49521e+01 1.69388e+01
0.7070 3.82181e-23 1.30592e+01 1.49558e+01 1.69410e+01
0.7080 3.82049e-23 1.30547e+01 1.49522e+01 1.69373e+01
0.7090 3.80204e-23 1.30615e+01 1.49630e+01 1.69535e+01
0.7100 3.81160e-23 1.30506e+01 1.49540e+01 1.69440e+01
0.7110 3.79668e-23 1.30225e+01 1.49315e+01 1.69293e+01
0.7120 3.79050e-23 1.30498e+01 1.49483e+01 1.69403e+01
0.7130 3.79768e-23 1.30294e+01 1.49324e+01 1.69254e+01
0.7140 3.79590e-23 1.30129e+01 1.49221e+01 1.69178e+01
0.7150 3.79112e-23 1.30584e+01 1.49561e+01 1.69439e+01
0.7160 3.79351e-23 1.30124e+01 1.49196e+01 1.69145e+01
0.7170 3.78949e-23 1.30075e+01 1.49135e+01 1.69082e+01
0.7180 3.77833e-23 1.30363e+01 1.49396e+01 1.69319e+01
0.7190 3.77411e-23 1.30335e+01 1.49354e+01 1.69285e+01
0.7200 3.75991e-23 1.30224e+01 1.49297e+01 1.69273e+01
0.7210 3.77455e-23 1.30194e+01 1.49245e+01 1.69191e+01
0.7220 3.76721e-23 1.30401e+01 1.49401e+01 1.69324e+01
0.7230 3.76441e-23 1.30283e+01 1.49317e+01 1.69265e+01
0.7240 3.76203e-23 1.30608e+01 1.49559e+01 1.69458e+01
0.7250 3.75825e-23 1.30627e+01 1.49579e+01 1.69476e+01
0.7260 3.78167e-23 1.30557e+01 1.49931e+01 1.70150e+01
0.7270 3.77647e-23 1.30649e+01 1.49996e+01 1.70209e+01
0.7280 3.77242e-23 1.30421e+01 1.49812e+01 1.70052e+01
0.7290 3.77262e-23 1.30478e+01 1.49835e+01 1.70050e+01
0.7300 3.76285e-23 1.30743e+01 1.50037e+01 1.70215e+01
0.7310 3.75419e-23 1.30915e+01 1.50187e+01 1.70344e+01
0.7320 3.75346e-23 1.30324e+01 1.49771e+01 1.70043e+01
0.7330 3.76125e-23 1.30593e+01 1.49939e+01 1.70133e+01
0.7340 3.74825e-23 1.30775e+01 1.50101e+01 1.70275e+01
0.7350 3.74787e-23 1.30832e+01 1.50106e+01 1.70253e+01
0.7360 3.73505e-23 1.30865e+01 1.50182e+01 1.70349e+01
0.7370 3.73571e-23 1.30801e+01 1.50124e+01 1.70296e+01
0.7380 3.73550e-23 1.30643e+01 1.49993e+01 1.70179e+01
0.7390 3.72852e-23 1.30697e+01 1.50007e+01 1.70183e+01
0.7400 3.72938e-23 1.30633e+01 1.49891e+01 1.70047e+01
0.7410 3.72959e-23 1.30582e+01 1.49819e+01 1.69970e+01
0.7420 3.72998e-23 1.30199e+01 1.49532e+01 1.69752e+01
0.7430 3.72632e-23 1.30582e+01 1.49834e+01 1.69990e+01
0.7440 3.72760e-23 1.30460e+01 1.49743e+01 1.69920e+01
0.7450 3.71907e-23 1.30627e+01 1.49929e+01 1.70105e+01
0.7460 3.71780e-23 1.30626e+01 1.49856e+01 1.70023e+01
0.7470 3.71079e-23 1.31020e+01 1.50162e+01 1.70290e+01
0.7480 3.70637e-23 1.31143e+01 1.50211e+01 1.70309e+01
0.7490 3.70562e-23 1.30459e+01 1.49732e+01 1.69948e+01
0.7500 3.70589e-23 1.30423e+01 1.49726e+01 1.69959e+01
0.7510 3.70074e-23 1.30816e+01 1.50020e+01 1.70195e+01
0.7520 3.69972e-23 1.30980e+01 1.50106e+01 1.70235e+01
0.7530 3.69011e-23 1.30717e+01 1.49959e+01 1.70152e+01
0.7540 3.68936e-23 1.30844e+01 1.50044e+01 1.70218e+01
0.7550 3.68839e-23 1.30627e+01 1.49875e+01 1.70081e+01
0.7560 3.67813e-23 1.31002e+01 1.50196e+01 1.70363e+01
0.7570 3.67973e-23 1.30651e+01 1.49899e+01 1.70109e+01
0.7580 3.67636e-23 1.30878e+01 1.50090e+01 1.70275e+01
0.7590 3.67157e-23 1.30767e+01 1.50036e+01 1.70244e+01
0.7600 3.68007e-23 1.30744e+01 1.49987e+01 1.70178e+01
0.7610 3.66043e-23 1.30883e+01 1.50199e+01 1.70431e+01
0.7620 3.67248e-23 1.30826e+01 1.50068e+01 1.70278e+01
0.7630 3.66597e-23 1.31069e+01 1.50263e+01 1.70431e+01
0.7640 3.66259e-23 1.30816e+01 1.50122e+01 1.70355e+01
0.7650 3.66541e-23 1.30602e+01 1.49894e+01 1.70130e+01
0.7660 3.65829e-23 1.30674e+01 1.49965e+01 1.70203e+01
0.7670 3.65091e-23 1.30838e+01 1.50119e+01 1.70344e+01
0.7680 3.65289e-23 1.30906e+01 1.50126e+01 1.70318e+01
0.7690 3.65327e-23 1.30914e+01 1.50138e+01 1.70329e+01
0.7700 3.65049e-23 1.30903e+01 1.50149e+01 1.70353e+01
0.7710 3.64866e-23 1.30979e+01 1.50209e+01 1.70401e+01
0.7720 3.64060e-23 1.30860e+01 1.50154e+01 1.70390e+01
0.7730 3.63940e-23 1.31079e+01 1.50341e+01 1.70548e+01
0.7740 3.63457e-23 1.31233e+01 1.50467e+01 1.70660e+01
0.7750 3.63627e-23 1.31178e+01 1.50383e+01 1.70571e+01
0.7760 3.63362e-23 1.31034e+01 1.50285e+01 1.70493e+01
0.7770 3.63859e-23 1.31064e+01 1.50290e+01 1.70480e+01
0.7780 3.63334e-23 1.30918e+01 1.50144e+01 1.70343e+01
0.7790 3.62473e-23 1.31126e+01 1.50354e+01 1.70551e+01
0.7800 3.61848e-23 1.31132e+01 1.50408e+01 1.70626e+01
0.7803 3.62528e-23 1.30943e+01 1.50199e+01 1.70418e+01
0.7810 3.61105e-23 1.31518e+01 1.50694e+01 1.70836e+01
0.7820 3.61177e-23 1.31130e+01 1.50388e+01 1.70591e+01
0.7830 3.60501e-23 1.31275e+01 1.50463e+01 1.70631e+01
0.7840 3.59893e-23 1.31027e+01 1.50303e+01 1.70531e+01
0.7850 3.59041e-23 1.31008e+01 1.50260e+01 1.70475e+01
0.7860 3.59861e-23 1.30940e+01 1.50136e+01 1.70313e+01
0.7870 3.60885e-23 1.30714e+01 1.49886e+01 1.70058e+01
0.7880 3.59531e-23 1.30799e+01 1.50032e+01 1.70235e+01
0.7890 3.59707e-23 1.30696e+01 1.49934e+01 1.70133e+01
0.7900 3.59534e-23 1.30602e+01 1.49847e+01 1.70053e+01
0.7910 3.58763e-23 1.30611e+01 1.49880e+01 1.70102e+01
0.7920 3.59175e-23 1.30799e+01 1.49965e+01 1.70133e+01
0.7930 3.58567e-23 1.31016e+01 1.50177e+01 1.70346e+01
0.7940 3.58108e-23 1.30851e+01 1.50089e+01 1.70298e+01
0.7950 3.57922e-23 1.30657e+01 1.49951e+01 1.70180e+01
0.7960 3.57278e-23 1.30853e+01 1.50151e+01 1.70382e+01
0.7970 3.57573e-23 1.30841e+01 1.50004e+01 1.70166e+01
0.7980 3.57019e-23 1.30942e+01 1.50140e+01 1.70320e+01
0.7990 3.56688e-23 1.30811e+01 1.50047e+01 1.70244e+01
0.8000 3.56975e-23 1.30759e+01 1.49950e+01 1.70140e+01
0.8010 3.56791e-23 1.30925e+01 1.50043e+01 1.70196e+01
0.8020 3.56909e-23 1.30943e+01 1.50064e+01 1.70223e+01
0.8030 3.56320e-23 1.31022e+01 1.50166e+01 1.70342e+01
0.8040 3.56210e-23 1.31148e+01 1.50288e+01 1.70454e+01
0.8050 3.55288e-23 1.31153e+01 1.50290e+01 1.70457e+01
0.8060 3.55626e-23 1.31210e+01 1.50325e+01 1.70480e+01
0.8070 3.55013e-23 1.31140e+01 1.50290e+01 1.70463e+01
0.8080 3.54292e-23 1.31290e+01 1.50443e+01 1.70616e+01
0.8090 3.54903e-23 1.31094e+01 1.50220e+01 1.70380e+01
0.8100 3.54940e-23 1.31070e+01 1.50163e+01 1.70308e+01
0.8110 3.54578e-23 1.31124e+01 1.50221e+01 1.70365e+01
0.8120 3.54303e-23 1.31157e+01 1.50257e+01 1.70403e+01
0.8130 3.53862e-23 1.31229e+01 1.50380e+01 1.70555e+01
0.8140 3.53897e-23 1.31155e+01 1.50308e+01 1.70487e+01
0.8150 3.53197e-23 1.31229e+01 1.50380e+01 1.70568e+01
0.8160 3.53319e-23 1.31130e+01 1.50305e+01 1.70509e+01
0.8170 3.52875e-23 1.31222e+01 1.50389e+01 1.70586e+01
0.8180 3.52969e-23 1.31208e+01 1.50382e+01 1.70582e+01
0.8190 3.52853e-23 1.31095e+01 1.50271e+01 1.70479e+01
0.8200 3.52409e-23 1.31054e+01 1.50218e+01 1.70424e+01
0.8210 3.52372e-23 1.31019e+01 1.50187e+01 1.70396e+01
0.8220 3.51815e-23 1.31177e+01 1.50368e+01 1.70582e+01
0.8230 3.51309e-23 1.31221e+01 1.50425e+01 1.70644e+01
0.8240 3.50145e-23 1.31278e+01 1.50535e+01 1.70784e+01
0.8250 3.50410e-23 1.31242e+01 1.50470e+01 1.70706e+01
0.8260 3.50237e-23 1.31263e+01 1.50476e+01 1.70704e+01
0.8270 3.49484e-23 1.31270e+01 1.50527e+01 1.70782e+01
0.8280 3.49961e-23 1.31243e+01 1.50472e+01 1.70707e+01
0.8290 3.49612e-23 1.31197e+01 1.50368e+01 1.70569e+01
0.8300 3.48739e-23 1.31296e+01 1.50474e+01 1.70671e+01
0.8310 3.49179e-23 1.31231e+01 1.50388e+01 1.70585e+01
0.8320 3.48187e-23 1.31121e+01 1.50354e+01 1.70592e+01
0.8330 3.48385e-23 1.31034e+01 1.50304e+01 1.70554e+01
0.8340 3.47204e-23 1.31134e+01 1.50385e+01 1.70629e+01
0.8350 3.47845e-23 1.31183e+01 1.50367e+01 1.70565e+01
0.8360 3.47094e-23 1.31214e+01 1.50361e+01 1.70541e+01
0.8370 3.46398e-23 1.30873e+01 1.50183e+01 1.70449e+01
0.8380 3.46808e-23 1.30813e+01 1.50108e+01 1.70367e+01
0.8390 3.47241e-23 1.31027e+01 1.50241e+01 1.70459e+01
0.8400 3.46157e-23 1.31239e+01 1.50433e+01 1.70641e+01
0.8410 3.46246e-23 1.30768e+01 1.50084e+01 1.70357e+01
0.8420 3.45163e-23 1.30897e+01 1.50268e+01 1.70571e+01
0.8430 3.46263e-23 1.31001e+01 1.50303e+01 1.70570e+01
0.8440 3.45998e-23 1.31111e+01 1.50378e+01 1.70630e+01
0.8450 3.44911e-23 1.31339e+01 1.50596e+01 1.70851e+01
0.8460 3.45473e-23 1.31286e+01 1.50515e+01 1.70758e+01
0.8470 3.44745e-23 1.31276e+01 1.50556e+01 1.70828e+01
0.8480 3.45098e-23 1.31394e+01 1.50645e+01 1.70905e+01
0.8490 3.44627e-23 1.31276e+01 1.50558e+01 1.70836e+01
0.8500 3.44205e-23 1.31398e+01 1.50682e+01 1.70956e+01
0.8510 3.42547e-23 1.31295e+01 1.50653e+01 1.70981e+01
0.8520 3.43610e-23 1.31357e+01 1.50628e+01 1.70909e+01
0.8530 3.43312e-23 1.31473e+01 1.50704e+01 1.70964e+01
0.8540 3.42924e-23 1.31497e+01 1.50796e+01 1.71091e+01
0.8550 3.43495e-23 1.31454e+01 1.50688e+01 1.70943e+01
0.8560 3.42169e-23 1.31525e+01 1.50768e+01 1.71037e+01
0.8570 3.43084e-23 1.31551e+01 1.50754e+01 1.71007e+01
0.8580 3.41980e-23 1.31551e+01 1.50753e+01 1.71004e+01
0.8590 3.41992e-23 1.31149e+01 1.50493e+01 1.70812e+01
0.8600 3.41779e-23 1.31117e+01 1.50467e+01 1.70779e+01
0.8610 3.41344e-23 1.31081e+01 1.50452e+01 1.70775e+01
0.8620 3.40823e-23 1.31024e+01 1.50399e+01 1.70720e+01
0.8630 3.41142e-23 1.30995e+01 1.50339e+01 1.70635e+01
0.8640 3.40442e-23 1.31085e+01 1.50450e+01 1.70763e+01
0.8650 3.40405e-23 1.30979e+01 1.50315e+01 1.70610e+01
0.8660 3.39942e-23 1.30960e+01 1.50299e+01 1.70593e+01
0.8670 3.40054e-23 1.30953e+01 1.50274e+01 1.70556e+01
0.8680 3.39614e-23 1.30972e+01 1.50299e+01 1.70579e+01
0.8690 3.38595e-23 1.31100e+01 1.50429e+01 1.70714e+01
0.8700 3.39844e-23 1.31103e+01 1.50369e+01 1.70617e+01
0.8710 3.39796e-23 1.30979e+01 1.50298e+01 1.70577e+01
0.8720 3.38955e-23 1.31048e+01 1.50383e+01 1.70672e+01
0.8730 3.38357e-23 1.31059e+01 1.50439e+01 1.70752e+01
0.8740 3.38345e-23 1.31106e+01 1.50469e+01 1.70781e+01
0.8750 3.39063e-23 1.31178e+01 1.50520e+01 1.70824e+01
0.8760 3.39121e-23 1.31014e+01 1.50357e+01 1.70670e+01
0.8770 3.37569e-23 1.31083e+01 1.50472e+01 1.70807e+01
0.8780 3.37822e-23 1.31148e+01 1.50511e+01 1.70832e+01
0.8790 3.37763e-23 1.31085e+01 1.50463e+01 1.70792e+01
0.8800 3.37549e-23 1.31084e+01 1.50473e+01 1.70814e+01
0.8810 3.37253e-23 1.31139e+01 1.50537e+01 1.70887e+01
0.8820 3.36554e-23 1.31239e+01 1.50663e+01 1.71023e+01
0.8830 3.37669e-23 1.31032e+01 1.50419e+01 1.70765e+01
0.8840 3.36375e-23 1.31176e+01 1.50572e+01 1.70922e+01
0.8850 3.36179e-23 1.31283e+01 1.50625e+01 1.70948e+01
0.8860 3.35651e-23 1.31314e+01 1.50670e+01 1.71003e+01
0.8870 3.35304e-23 1.31177e+01 1.50584e+01 1.70944e+01
0.8880 3.36254e-23 1.31083e+01 1.50458e+01 1.70794e+01
0.8890 3.34229e-23 1.31163e+01 1.50594e+01 1.70955e+01
0.8900 3.34832e-23 1.31129e+01 1.50504e+01 1.70835e+01
0.8910 3.34845e-23 1.31088e+01 1.50439e+01 1.70764e+01
0.8920 3.34431e-23 1.31068e+01 1.50440e+01 1.70776e+01
0.8930 3.33852e-23 1.31099e+01 1.50436e+01 1.70751e+01
0.8940 3.34416e-23 1.31054e+01 1.50375e+01 1.70674e+01
0.8950 3.34397e-23 1.30984e+01 1.50286e+01 1.70567e+01
0.8960 3.33853e-23 1.31047e+01 1.50385e+01 1.70693e+01
0.8970 3.34154e-23 1.31088e+01 1.50432e+01 1.70744e+01
0.8980 3.32857e-23 1.31133e+01 1.50512e+01 1.70844e+01
0.8990 3.34133e-23 1.30996e+01 1.50319e+01 1.70619e+01
0.9000 3.33436e-23 1.31145e+01 1.50466e+01 1.70766e+01
0.9010 3.31419e-23 1.31112e+01 1.50531e+01 1.70890e+01
0.9014 3.32294e-23 1.31164e+01 1.50529e+01 1.70858e+01
0.9020 3.32137e-23 1.31121e+01 1.50484e+01 1.70814e+01
0.9030 3.31139e-23 1.31156e+01 1.50557e+01 1.70900e+01
0.9040 3.32005e-23 1.31096e+01 1.50453e+01 1.70777e+01
0.9050 3.31765e-23 1.31177e+01 1.50534e+01 1.70859e+01
0.9060 3.31979e-23 1.31140e+01 1.50487e+01 1.70813e+01
0.9070 3.31957e-23 1.31156e+01 1.50525e+01 1.70865e+01
0.9080 3.31051e-23 1.31146e+01 1.50523e+01 1.70870e+01
0.9090 3.30062e-23 1.31319e+01 1.50720e+01 1.71076e+01
0.9100 3.31123e-23 1.31278e+01 1.50613e+01 1.70935e+01
0.9110 3.30557e-23 1.31423e+01 1.50722e+01 1.71032e+01
0.9120 3.31469e-23 1.31385e+01 1.50608e+01 1.70879e+01
0.9130 3.30464e-23 1.31470e+01 1.50731e+01 1.71026e+01
0.9140 3.29553e-23 1.31131e+01 1.50517e+01 1.70872e+01
0.9150 3.30513e-23 1.31343e+01 1.50626e+01 1.70930e+01
0.9160 3.30195e-23 1.31513e+01 1.50731e+01 1.70989e+01
0.9170 3.30398e-23 1.31452e+01 1.50690e+01 1.70952e+01
0.9180 3.30126e-23 1.31228e+01 1.50550e+01 1.70855e+01
0.9190 3.28836e-23 1.31222e+01 1.50575e+01 1.70904e+01
0.9200 3.28762e-23 1.31275e+01 1.50645e+01 1.70977e+01
0.9210 3.28959e-23 1.31378e+01 1.50685e+01 1.70993e+01
0.9220 3.29862e-23 1.31402e+01 1.50654e+01 1.70927e+01
0.9230 3.28963e-23 1.31472e+01 1.50729e+01 1.71010e+01
0.9240 3.29935e-23 1.31311e+01 1.50553e+01 1.70832e+01
0.9250 3.28900e-23 1.31290e+01 1.50599e+01 1.70907e+01
0.9260 3.27797e-23 1.31275e+01 1.50618e+01 1.70939e+01
0.9270 3.27057e-23 1.31200e+01 1.50605e+01 1.70961e+01
0.9280 3.27615e-23 1.31293e+01 1.50636e+01 1.70953e+01
0.9290 3.26674e-23 1.31226e+01 1.50642e+01 1.71001e+01
0.9300 3.27333e-23 1.31217e+01 1.50579e+01 1.70913e+01
0.9310 3.27633e-23 1.31449e+01 1.50803e+01 1.71127e+01
0.9320 3.27376e-23 1.31405e+01 1.50792e+01 1.71146e+01
0.9330 3.27654e-23 1.31330e+01 1.50721e+01 1.71080e+01
0.9340 3.27596e-23 1.31417e+01 1.50837e+01 1.71210e+01
0.9350 3.26407e-23 1.31485e+01 1.50952e+01 1.71350e+01
0.9360 3.26065e-23 1.31494e+01 1.50952e+01 1.71347e+01
0.9370 3.25750e-23 1.31544e+01 1.50992e+01 1.71379e+01
0.9380 3.25554e-23 1.31479e+01 1.50981e+01 1.71395e+01
0.9390 3.25603e-23 1.31626e+01 1.51091e+01 1.71484e+01
0.9400 3.26053e-23 1.31557e+01 1.51010e+01 1.71398e+01
0.9410 3.26422e-23 1.31541e+01 1.51036e+01 1.71451e+01
0.9420 3.25138e-23 1.31761e+01 1.51260e+01 1.71684e+01
0.9430 3.25293e-23 1.32004e+01 1.51470e+01 1.71880e+01
0.9440 3.26351e-23 1.31828e+01 1.51219e+01 1.71596e+01
0.9450 3.25979e-23 1.31838e+01 1.51248e+01 1.71637e+01
0.9460 3.24626e-23 1.31928e+01 1.51392e+01 1.71808e+01
0.9470 3.25841e-23 1.31806e+01 1.51241e+01 1.71647e+01
0.9480 3.24648e-23 1.31855e+01 1.51309e+01 1.71725e+01
0.9490 3.24343e-23 1.31877e+01 1.51325e+01 1.71746e+01
0.9500 3.24894e-23 1.31855e+01 1.51274e+01 1.71680e+01
0.9510 3.23651e-23 1.31993e+01 1.51419e+01 1.71824e+01
0.9520 3.23049e-23 1.31960e+01 1.51392e+01 1.71801e+01
0.9530 3.23501e-23 1.31846e+01 1.51264e+01 1.71663e+01
0.9540 3.23083e-23 1.31741e+01 1.51192e+01 1.71607e+01
0.9550 3.22609e-23 1.31892e+01 1.51300e+01 1.71690e+01
0.9560 3.23242e-23 1.31903e+01 1.51240e+01 1.71596e+01
0.9570 3.22453e-23 1.31883e+01 1.51243e+01 1.71610e+01
0.9580 3.22308e-23 1.31824e+01 1.51179e+01 1.71546e+01
0.9590 3.21381e-23 1.31793e+01 1.51240e+01 1.71647e+01
0.9600 3.21912e-23 1.31750e+01 1.51112e+01 1.71481e+01
0.9610 3.21597e-23 1.31851e+01 1.51208e+01 1.71568e+01
0.9620 3.21095e-23 1.31747e+01 1.51139e+01 1.71520e+01
0.9630 3.21337e-23 1.31781e+01 1.51147e+01 1.71512e+01
0.9640 3.21362e-23 1.31728e+01 1.51062e+01 1.71415e+01
0.9650 3.20831e-23 1.31696e+01 1.51075e+01 1.71460e+01
0.9660 3.20566e-23 1.31745e+01 1.51123e+01 1.71505e+01
0.9670 3.20069e-23 1.31787e+01 1.51211e+01 1.71611e+01
0.9680 3.20998e-23 1.31732e+01 1.51091e+01 1.71463e+01
0.9690 3.20736e-23 1.31771e+01 1.51123e+01 1.71494e+01
0.9700 3.20802e-23 1.31779e+01 1.51144e+01 1.71523e+01
0.9710 3.19663e-23 1.31912e+01 1.51312e+01 1.71704e+01
0.9720 3.20333e-23 1.31702e+01 1.51085e+01 1.71484e+01
0.9730 3.19918e-23 1.31693e+01 1.51066e+01 1.71466e+01
0.9740 3.19351e-23 1.31712e+01 1.51108e+01 1.71513e+01
0.9750 3.19136e-23 1.31750e+01 1.51137e+01 1.71540e+01
0.9760 3.18752e-23 1.31815e+01 1.51213e+01 1.71617e+01
0.9770 3.18270e-23 1.31738e+01 1.51175e+01 1.71601e+01
0.9780 3.18279e-23 1.31700e+01 1.51116e+01 1.71531e+01
0.9790 3.18139e-23 1.31738e+01 1.51121e+01 1.71518e+01
0.9800 3.17838e-23 1.31748e+01 1.51134e+01 1.71533e+01
0.9810 3.17838e-23 1.31734e+01 1.51139e+01 1.71542e+01
0.9820 3.17673e-23 1.31719e+01 1.51151e+01 1.71574e+01
0.9830 3.17503e-23 1.31816e+01 1.51269e+01 1.71704e+01
0.9840 3.17699e-23 1.31843e+01 1.51281e+01 1.71714e+01
0.9850 3.17940e-23 1.31793e+01 1.51233e+01 1.71675e+01
0.9860 3.17446e-23 1.31855e+01 1.51296e+01 1.71739e+01
0.9870 3.17359e-23 1.31824e+01 1.51286e+01 1.71748e+01
0.9880 3.17314e-23 1.31831e+01 1.51292e+01 1.71755e+01
0.9890 3.16858e-23 1.31833e+01 1.51310e+01 1.71783e+01
0.9900 3.16909e-23 1.31809e+01 1.51301e+01 1.71783e+01
0.9910 3.16902e-23 1.31801e+01 1.51287e+01 1.71766e+01
0.9920 3.17110e-23 1.31793e+01 1.51265e+01 1.71738e+01
0.9930 3.16697e-23 1.31796e+01 1.51281e+01 1.71768e+01
0.9940 3.15889e-23 1.31979e+01 1.51478e+01 1.71964e+01
0.9950 3.16010e-23 1.31989e+01 1.51488e+01 1.71967e+01
0.9960 3.15820e-23 1.31872e+01 1.51400e+01 1.71906e+01
0.9970 3.16065e-23 1.31806e+01 1.51300e+01 1.71794e+01
0.9980 3.15590e-23 1.31854e+01 1.51364e+01 1.71868e+01
0.9990 3.15839e-23 1.31724e+01 1.51238e+01 1.71750e+01
1.0000 3.15608e-23 1.31844e+01 1.51336e+01 1.71830e+01
1.0010 3.15268e-23 1.31881e+01 1.51377e+01 1.71868e+01
1.0020 3.14681e-23 1.31927e+01 1.51442e+01 1.71941e+01
1.0030 3.14399e-23 1.31833e+01 1.51350e+01 1.71855e+01
1.0040 3.14407e-23 1.31798e+01 1.51301e+01 1.71800e+01
1.0050 3.13919e-23 1.31897e+01 1.51400e+01 1.71883e+01
1.0060 3.13989e-23 1.31760e+01 1.51253e+01 1.71737e+01
1.0070 3.13370e-23 1.31795e+01 1.51291e+01 1.71778e+01
1.0080 3.13681e-23 1.31695e+01 1.51177e+01 1.71655e+01
1.0090 3.13104e-23 1.31679e+01 1.51160e+01 1.71635e+01
1.0100 3.12530e-23 1.31678e+01 1.51159e+01 1.71628e+01
1.0110 3.12479e-23 1.31684e+01 1.51134e+01 1.71578e+01
1.0120 3.12503e-23 1.31641e+01 1.51094e+01 1.71541e+01
