# 1:time 2:Lum 3:eave 4:erms 5:eskw
0.0100 1.87536e-22 1.16338e+01 1.30002e+01 1.43508e+01
0.0110 1.54395e-22 1.13338e+01 1.26411e+01 1.39577e+01
0.0120 1.27178e-22 1.07997e+01 1.20962e+01 1.34037e+01
0.0130 1.15315e-22 1.06902e+01 1.19197e+01 1.31318e+01
0.0140 1.02173e-22 1.04265e+01 1.17615e+01 1.31368e+01
0.0150 9.19292e-23 1.01875e+01 1.15719e+01 1.30315e+01
0.0160 8.53066e-23 9.99682e+00 1.13237e+01 1.27203e+01
0.0170 8.02160e-23 9.83160e+00 1.11316e+01 1.25123e+01
0.0180 7.65744e-23 9.70601e+00 1.09454e+01 1.22437e+01
0.0190 6.73537e-23 9.50422e+00 1.07393e+01 1.20497e+01
0.0200 6.43860e-23 9.40141e+00 1.06416e+01 1.19712e+01
0.0210 6.37280e-23 9.32945e+00 1.05741e+01 1.19197e+01
0.0220 6.18614e-23 9.14151e+00 1.03392e+01 1.16397e+01
0.0230 5.93549e-23 8.98539e+00 1.01413e+01 1.13977e+01
0.0240 5.53228e-23 8.82726e+00 9.92541e+00 1.11097e+01
0.0250 5.28319e-23 8.76110e+00 9.83819e+00 1.09956e+01
0.0260 5.22312e-23 8.75649e+00 9.79980e+00 1.09065e+01
0.0270 5.22599e-23 8.77834e+00 9.81238e+00 1.09009e+01
0.0280 5.23527e-23 8.84442e+00 9.91342e+00 1.10473e+01
0.0290 5.09510e-23 8.85876e+00 9.95537e+00 1.11281e+01
0.0300 4.87857e-23 8.80923e+00 9.90577e+00 1.10788e+01
0.0310 4.68563e-23 8.76240e+00 9.84863e+00 1.10084e+01
0.0320 4.51312e-23 8.69835e+00 9.76697e+00 1.09032e+01
0.0330 4.38346e-23 8.66399e+00 9.72611e+00 1.08535e+01
0.0340 4.25110e-23 8.63130e+00 9.68628e+00 1.08032e+01
0.0350 4.12725e-23 8.60905e+00 9.65678e+00 1.07629e+01
0.0360 4.03639e-23 8.59850e+00 9.63883e+00 1.07336e+01
0.0370 3.99387e-23 8.61548e+00 9.65750e+00 1.07530e+01
0.0380 3.95475e-23 8.61796e+00 9.65803e+00 1.07498e+01
0.0390 3.92507e-23 8.61430e+00 9.65112e+00 1.07368e+01
0.0400 3.88255e-23 8.60556e+00 9.63489e+00 1.07082e+01
0.0410 3.85100e-23 8.61921e+00 9.65451e+00 1.07348e+01
0.0420 3.83166e-23 8.64810e+00 9.69687e+00 1.07949e+01
0.0430 3.80661e-23 8.66832e+00 9.72472e+00 1.08319e+01
0.0440 3.76999e-23 8.67739e+00 9.73757e+00 1.08495e+01
0.0450 3.71985e-23 8.66887e+00 9.72405e+00 1.08286e+01
0.0460 3.67766e-23 8.66139e+00 9.70971e+00 1.08041e+01
0.0470 3.64912e-23 8.66018e+00 9.70425e+00 1.07918e+01
0.0480 3.61865e-23 8.66340e+00 9.70443e+00 1.07859e+01
0.0490 3.59264e-23 8.66926e+00 9.70797e+00 1.07847e+01
0.0500 3.58205e-23 8.69455e+00 9.73829e+00 1.08202e+01
0.0510 3.58606e-23 8.72838e+00 9.77814e+00 1.08659e+01
0.0520 3.59035e-23 8.75706e+00 9.81236e+00 1.09053e+01
0.0530 3.58516e-23 8.77357e+00 9.82765e+00 1.09177e+01
0.0540 3.56587e-23 8.78057e+00 9.82861e+00 1.09096e+01
0.0550 3.54906e-23 8.79026e+00 9.83673e+00 1.09150e+01
0.0560 3.52978e-23 8.80667e+00 9.85689e+00 1.09392e+01
0.0570 3.50552e-23 8.80935e+00 9.85941e+00 1.09412e+01
0.0580 3.48440e-23 8.81203e+00 9.85839e+00 1.09344e+01
0.0590 3.46810e-23 8.81477e+00 9.85549e+00 1.09234e+01
0.0600 3.45592e-23 8.82452e+00 9.86216e+00 1.09246e+01
0.0610 3.46137e-23 8.85687e+00 9.90595e+00 1.09821e+01
0.0620 3.46726e-23 8.88497e+00 9.93926e+00 1.10210e+01
0.0630 3.47158e-23 8.90247e+00 9.95854e+00 1.10411e+01
0.0640 3.47618e-23 8.92517e+00 9.98248e+00 1.10647e+01
0.0650 3.47930e-23 8.94082e+00 9.99997e+00 1.10840e+01
0.0660 3.48551e-23 8.96437e+00 1.00286e+01 1.11187e+01
0.0670 3.49085e-23 8.98549e+00 1.00520e+01 1.11445e+01
0.0680 3.49222e-23 9.00232e+00 1.00706e+01 1.11643e+01
0.0690 3.49441e-23 9.02196e+00 1.00896e+01 1.11819e+01
0.0700 3.49408e-23 9.03744e+00 1.01061e+01 1.11989e+01
0.0710 3.49294e-23 9.05256e+00 1.01225e+01 1.12160e+01
0.0720 3.49118e-23 9.06883e+00 1.01405e+01 1.12360e+01
0.0730 3.48437e-23 9.07778e+00 1.01513e+01 1.12478e+01
0.0740 3.47980e-23 9.08532e+00 1.01606e+01 1.12581e+01
0.0750 3.47445e-23 9.10166e+00 1.01803e+01 1.12816e+01
0.0760 3.47127e-23 9.11772e+00 1.02004e+01 1.13064e+01
0.0770 3.46637e-23 9.13444e+00 1.02196e+01 1.13282e+01
0.0780 3.46176e-23 9.15102e+00 1.02395e+01 1.13520e+01
0.0790 3.46273e-23 9.17196e+00 1.02641e+01 1.13808e+01
0.0800 3.45965e-23 9.18583e+00 1.02798e+01 1.13986e+01
0.0810 3.45582e-23 9.19973e+00 1.02936e+01 1.14114e+01
0.0820 3.44937e-23 9.21204e+00 1.03053e+01 1.14220e+01
0.0830 3.44766e-23 9.22744e+00 1.03231e+01 1.14423e+01
0.0840 3.44375e-23 9.24312e+00 1.03412e+01 1.14630e+01
0.0850 3.44133e-23 9.25874e+00 1.03593e+01 1.14834e+01
0.0860 3.43928e-23 9.27565e+00 1.03782e+01 1.15039e+01
0.0870 3.43838e-23 9.29436e+00 1.03983e+01 1.15249e+01
0.0880 3.43406e-23 9.30530e+00 1.04092e+01 1.15346e+01
0.0890 3.42892e-23 9.31991e+00 1.04232e+01 1.15468e+01
0.0900 3.42438e-23 9.33199e+00 1.04350e+01 1.15572e+01
0.0910 3.41969e-23 9.34423e+00 1.04474e+01 1.15685e+01
0.0920 3.41396e-23 9.35791e+00 1.04608e+01 1.15804e+01
0.0930 3.40699e-23 9.36935e+00 1.04721e+01 1.15905e+01
0.0940 3.39984e-23 9.38100e+00 1.04843e+01 1.16022e+01
0.0950 3.39032e-23 9.39055e+00 1.04939e+01 1.16110e+01
0.0960 3.38115e-23 9.40051e+00 1.05041e+01 1.16210e+01
0.0970 3.37282e-23 9.41107e+00 1.05151e+01 1.16318e+01
0.0980 3.36498e-23 9.42257e+00 1.05273e+01 1.16442e+01
0.0990 3.35857e-23 9.43585e+00 1.05419e+01 1.16596e+01
0.1000 3.34935e-23 9.44617e+00 1.05537e+01 1.16726e+01
0.1010 3.34200e-23 9.45729e+00 1.05669e+01 1.16876e+01
0.1020 3.33321e-23 9.46789e+00 1.05787e+01 1.17004e+01
0.1030 3.33594e-23 9.48285e+00 1.05954e+01 1.17188e+01
0.1040 3.32691e-23 9.48380e+00 1.05867e+01 1.17011e+01
0.1050 3.31763e-23 9.45561e+00 1.05292e+01 1.16097e+01
0.1060 3.27767e-23 9.41284e+00 1.04461e+01 1.14745e+01
0.1070 3.25353e-23 9.41032e+00 1.04332e+01 1.14473e+01
0.1080 3.24257e-23 9.41949e+00 1.04441e+01 1.14600e+01
0.1090 3.23128e-23 9.42833e+00 1.04545e+01 1.14723e+01
0.1100 3.22005e-23 9.43711e+00 1.04647e+01 1.14841e+01
0.1110 3.20826e-23 9.44557e+00 1.04743e+01 1.14944e+01
0.1120 3.19589e-23 9.45329e+00 1.04830e+01 1.15035e+01
0.1130 3.18347e-23 9.46434e+00 1.04951e+01 1.15167e+01
0.1140 3.17173e-23 9.47111e+00 1.05044e+01 1.15285e+01
0.1150 3.16046e-23 9.48112e+00 1.05162e+01 1.15422e+01
0.1160 3.14869e-23 9.48981e+00 1.05268e+01 1.15549e+01
0.1170 3.13659e-23 9.49763e+00 1.05366e+01 1.15669e+01
0.1180 3.12434e-23 9.50602e+00 1.05470e+01 1.15796e+01
0.1190 3.11207e-23 9.51462e+00 1.05573e+01 1.15919e+01
0.1200 3.09943e-23 9.52257e+00 1.05672e+01 1.16039e+01
0.1210 3.08740e-23 9.52993e+00 1.05763e+01 1.16149e+01
0.1220 3.07484e-23 9.53749e+00 1.05855e+01 1.16260e+01
0.1230 3.06272e-23 9.54418e+00 1.05941e+01 1.16364e+01
0.1240 3.05058e-23 9.55162e+00 1.06027e+01 1.16465e+01
0.1250 3.03799e-23 9.55857e+00 1.06109e+01 1.16559e+01
0.1260 3.02557e-23 9.56392e+00 1.06180e+01 1.16648e+01
0.1270 3.01298e-23 9.57090e+00 1.06261e+01 1.16743e+01
0.1280 3.00076e-23 9.57606e+00 1.06325e+01 1.16821e+01
0.1290 2.98715e-23 9.58157e+00 1.06392e+01 1.16901e+01
0.1300 2.97430e-23 9.58571e+00 1.06446e+01 1.16968e+01
0.1310 2.96136e-23 9.59207e+00 1.06517e+01 1.17048e+01
0.1320 2.94831e-23 9.59887e+00 1.06591e+01 1.17129e+01
0.1325 2.94285e-23 9.59840e+00 1.06596e+01 1.17143e+01
0.1330 2.93580e-23 9.60311e+00 1.06642e+01 1.17191e+01
0.1340 2.92338e-23 9.60801e+00 1.06703e+01 1.17264e+01
0.1350 2.91172e-23 9.61277e+00 1.06763e+01 1.17338e+01
0.1360 2.89991e-23 9.61801e+00 1.06828e+01 1.17416e+01
0.1370 2.88764e-23 9.62399e+00 1.06894e+01 1.17491e+01
0.1380 2.87467e-23 9.62817e+00 1.06943e+01 1.17548e+01
0.1390 2.86151e-23 9.63123e+00 1.06980e+01 1.17593e+01
0.1400 2.84773e-23 9.63421e+00 1.07016e+01 1.17634e+01
0.1410 2.83458e-23 9.63900e+00 1.07066e+01 1.17688e+01
0.1420 2.82128e-23 9.64173e+00 1.07100e+01 1.17728e+01
0.1430 2.80863e-23 9.64531e+00 1.07138e+01 1.17769e+01
0.1440 2.79537e-23 9.64841e+00 1.07169e+01 1.17800e+01
0.1450 2.78232e-23 9.65059e+00 1.07192e+01 1.17825e+01
0.1460 2.77107e-23 9.65429e+00 1.07233e+01 1.17870e+01
0.1470 2.75980e-23 9.65866e+00 1.07281e+01 1.17925e+01
0.1480 2.74833e-23 9.66103e+00 1.07312e+01 1.17963e+01
0.1490 2.73616e-23 9.66345e+00 1.07336e+01 1.17987e+01
0.1500 2.72357e-23 9.66673e+00 1.07369e+01 1.18021e+01
0.1510 2.71257e-23 9.66937e+00 1.07399e+01 1.18054e+01
0.1520 2.70123e-23 9.67127e+00 1.07423e+01 1.18081e+01
0.1530 2.68967e-23 9.67552e+00 1.07466e+01 1.18127e+01
0.1540 2.67807e-23 9.67857e+00 1.07498e+01 1.18161e+01
0.1550 2.66555e-23 9.68031e+00 1.07515e+01 1.18179e+01
0.1560 2.65354e-23 9.68201e+00 1.07533e+01 1.18199e+01
0.1570 2.64226e-23 9.68482e+00 1.07564e+01 1.18233e+01
0.1580 2.63064e-23 9.68634e+00 1.07581e+01 1.18250e+01
0.1590 2.61872e-23 9.68836e+00 1.07599e+01 1.18268e+01
0.1600 2.60674e-23 9.69017e+00 1.07617e+01 1.18286e+01
0.1610 2.59564e-23 9.69212e+00 1.07640e+01 1.18313e+01
0.1620 2.58465e-23 9.69500e+00 1.07668e+01 1.18340e+01
0.1630 2.57364e-23 9.69561e+00 1.07679e+01 1.18354e+01
0.1640 2.56281e-23 9.69733e+00 1.07701e+01 1.18380e+01
0.1650 2.55143e-23 9.70118e+00 1.07737e+01 1.18415e+01
0.1660 2.54122e-23 9.70249e+00 1.07748e+01 1.18424e+01
0.1670 2.53032e-23 9.70342e+00 1.07759e+01 1.18436e+01
0.1680 2.51986e-23 9.70461e+00 1.07768e+01 1.18443e+01
0.1690 2.50988e-23 9.70407e+00 1.07761e+01 1.18433e+01
0.1700 2.49953e-23 9.70567e+00 1.07773e+01 1.18440e+01
0.1710 2.48917e-23 9.70756e+00 1.07783e+01 1.18443e+01
0.1720 2.47905e-23 9.70986e+00 1.07800e+01 1.18455e+01
0.1730 2.46883e-23 9.71052e+00 1.07806e+01 1.18459e+01
0.1740 2.45880e-23 9.71113e+00 1.07814e+01 1.18466e+01
0.1750 2.44830e-23 9.71317e+00 1.07830e+01 1.18477e+01
0.1760 2.43814e-23 9.71428e+00 1.07839e+01 1.18483e+01
0.1770 2.42857e-23 9.71597e+00 1.07850e+01 1.18489e+01
0.1780 2.41852e-23 9.71822e+00 1.07868e+01 1.18504e+01
0.1790 2.40893e-23 9.72008e+00 1.07883e+01 1.18515e+01
0.1800 2.39885e-23 9.72168e+00 1.07897e+01 1.18527e+01
0.1810 2.38943e-23 9.72261e+00 1.07904e+01 1.18530e+01
0.1820 2.37995e-23 9.72349e+00 1.07913e+01 1.18539e+01
0.1830 2.37068e-23 9.72480e+00 1.07925e+01 1.18549e+01
0.1840 2.36211e-23 9.72515e+00 1.07929e+01 1.18554e+01
0.1850 2.35334e-23 9.72687e+00 1.07943e+01 1.18566e+01
0.1860 2.34507e-23 9.72758e+00 1.07949e+01 1.18570e+01
0.1870 2.33679e-23 9.72880e+00 1.07960e+01 1.18581e+01
0.1880 2.32832e-23 9.73134e+00 1.07980e+01 1.18597e+01
0.1890 2.32054e-23 9.73211e+00 1.07986e+01 1.18600e+01
0.1900 2.31243e-23 9.73363e+00 1.07999e+01 1.18613e+01
0.1910 2.30387e-23 9.73581e+00 1.08018e+01 1.18629e+01
0.1920 2.29569e-23 9.73785e+00 1.08035e+01 1.18643e+01
0.1930 2.28747e-23 9.73942e+00 1.08051e+01 1.18659e+01
0.1940 2.27879e-23 9.74027e+00 1.08060e+01 1.18669e+01
0.1950 2.27076e-23 9.74070e+00 1.08066e+01 1.18674e+01
0.1960 2.26235e-23 9.74325e+00 1.08088e+01 1.18694e+01
0.1970 2.25398e-23 9.74427e+00 1.08097e+01 1.18704e+01
0.1980 2.24566e-23 9.74564e+00 1.08110e+01 1.18715e+01
0.1990 2.23760e-23 9.74854e+00 1.08133e+01 1.18735e+01
0.2000 2.22976e-23 9.74972e+00 1.08143e+01 1.18743e+01
0.2010 2.22222e-23 9.75115e+00 1.08154e+01 1.18751e+01
0.2020 2.21488e-23 9.75208e+00 1.08164e+01 1.18761e+01
0.2030 2.20765e-23 9.75272e+00 1.08169e+01 1.18765e+01
0.2040 2.20003e-23 9.75465e+00 1.08188e+01 1.18783e+01
0.2050 2.19240e-23 9.75704e+00 1.08208e+01 1.18800e+01
0.2060 2.18492e-23 9.75968e+00 1.08229e+01 1.18818e+01
0.2070 2.17717e-23 9.76113e+00 1.08244e+01 1.18833e+01
0.2080 2.16975e-23 9.76282e+00 1.08260e+01 1.18849e+01
0.2090 2.16231e-23 9.76470e+00 1.08277e+01 1.18862e+01
0.2100 2.15477e-23 9.76569e+00 1.08286e+01 1.18870e+01
0.2110 2.14700e-23 9.76856e+00 1.08309e+01 1.18891e+01
0.2120 2.13988e-23 9.77037e+00 1.08326e+01 1.18908e+01
0.2130 2.13298e-23 9.77079e+00 1.08334e+01 1.18917e+01
0.2140 2.12619e-23 9.77201e+00 1.08343e+01 1.18924e+01
0.2150 2.11905e-23 9.77391e+00 1.08363e+01 1.18943e+01
0.2160 2.11249e-23 9.77646e+00 1.08384e+01 1.18963e+01
0.2170 2.10611e-23 9.77748e+00 1.08398e+01 1.18980e+01
0.2180 2.09980e-23 9.77819e+00 1.08409e+01 1.18993e+01
0.2190 2.09358e-23 9.78249e+00 1.08443e+01 1.19022e+01
0.2200 2.08709e-23 9.78398e+00 1.08457e+01 1.19036e+01
0.2210 2.08144e-23 9.78340e+00 1.08455e+01 1.19036e+01
0.2220 2.07514e-23 9.78559e+00 1.08474e+01 1.19053e+01
0.2230 2.06911e-23 9.78870e+00 1.08499e+01 1.19075e+01
0.2240 2.06335e-23 9.79003e+00 1.08513e+01 1.19088e+01
0.2250 2.05758e-23 9.79149e+00 1.08525e+01 1.19099e+01
0.2260 2.05177e-23 9.79319e+00 1.08543e+01 1.19116e+01
0.2270 2.04604e-23 9.79551e+00 1.08561e+01 1.19131e+01
0.2280 2.04007e-23 9.79663e+00 1.08571e+01 1.19140e+01
0.2290 2.03450e-23 9.79839e+00 1.08586e+01 1.19153e+01
0.2300 2.02847e-23 9.80057e+00 1.08604e+01 1.19169e+01
0.2310 2.02249e-23 9.80121e+00 1.08612e+01 1.19177e+01
0.2320 2.01689e-23 9.80247e+00 1.08622e+01 1.19186e+01
0.2330 2.01122e-23 9.80430e+00 1.08636e+01 1.19196e+01
0.2340 2.00597e-23 9.80485e+00 1.08641e+01 1.19201e+01
0.2350 2.00060e-23 9.80704e+00 1.08659e+01 1.19216e+01
0.2360 1.99561e-23 9.80841e+00 1.08673e+01 1.19230e+01
0.2370 1.99063e-23 9.81059e+00 1.08691e+01 1.19246e+01
0.2380 1.98573e-23 9.81200e+00 1.08704e+01 1.19257e+01
0.2390 1.98115e-23 9.81288e+00 1.08713e+01 1.19267e+01
0.2400 1.97606e-23 9.81641e+00 1.08741e+01 1.19290e+01
0.2410 1.97103e-23 9.81749e+00 1.08752e+01 1.19301e+01
0.2420 1.96599e-23 9.82008e+00 1.08775e+01 1.19322e+01
0.2430 1.96085e-23 9.82180e+00 1.08792e+01 1.19340e+01
0.2440 1.95580e-23 9.82290e+00 1.08804e+01 1.19353e+01
0.2450 1.95087e-23 9.82423e+00 1.08819e+01 1.19368e+01
0.2460 1.94572e-23 9.82709e+00 1.08842e+01 1.19389e+01
0.2460 1.94572e-23 9.82712e+00 1.08843e+01 1.19390e+01
0.2470 1.94120e-23 9.82830e+00 1.08854e+01 1.19401e+01
0.2480 1.93663e-23 9.83053e+00 1.08874e+01 1.19420e+01
0.2490 1.93239e-23 9.83415e+00 1.08906e+01 1.19449e+01
0.2500 1.92821e-23 9.83503e+00 1.08920e+01 1.19467e+01
0.2510 1.92370e-23 9.83652e+00 1.08936e+01 1.19485e+01
0.2520 1.91872e-23 9.83928e+00 1.08963e+01 1.19512e+01
0.2530 1.91343e-23 9.84206e+00 1.08989e+01 1.19537e+01
0.2540 1.90842e-23 9.84338e+00 1.09004e+01 1.19554e+01
0.2550 1.90366e-23 9.84421e+00 1.09016e+01 1.19570e+01
0.2560 1.89868e-23 9.84792e+00 1.09050e+01 1.19602e+01
0.2570 1.89394e-23 9.84787e+00 1.09055e+01 1.19612e+01
0.2580 1.88887e-23 9.85135e+00 1.09086e+01 1.19641e+01
0.2590 1.88386e-23 9.85370e+00 1.09107e+01 1.19661e+01
0.2600 1.87898e-23 9.85545e+00 1.09127e+01 1.19683e+01
0.2610 1.87415e-23 9.85681e+00 1.09143e+01 1.19701e+01
0.2620 1.86917e-23 9.85881e+00 1.09163e+01 1.19722e+01
0.2630 1.86436e-23 9.85981e+00 1.09177e+01 1.19739e+01
0.2640 1.85956e-23 9.86309e+00 1.09206e+01 1.19767e+01
0.2650 1.85516e-23 9.86556e+00 1.09229e+01 1.19790e+01
0.2660 1.85108e-23 9.86745e+00 1.09248e+01 1.19809e+01
0.2670 1.84756e-23 9.86786e+00 1.09257e+01 1.19822e+01
0.2680 1.84426e-23 9.86924e+00 1.09275e+01 1.19844e+01
0.2690 1.84112e-23 9.87126e+00 1.09298e+01 1.19868e+01
0.2700 1.83816e-23 9.87325e+00 1.09319e+01 1.19892e+01
0.2710 1.83511e-23 9.87478e+00 1.09337e+01 1.19911e+01
0.2720 1.83214e-23 9.87733e+00 1.09363e+01 1.19938e+01
0.2730 1.82857e-23 9.88223e+00 1.09407e+01 1.19980e+01
0.2740 1.82508e-23 9.88108e+00 1.09411e+01 1.19993e+01
0.2750 1.82057e-23 9.88625e+00 1.09459e+01 1.20042e+01
0.2760 1.81620e-23 9.88792e+00 1.09481e+01 1.20068e+01
0.2770 1.81157e-23 9.89234e+00 1.09523e+01 1.20110e+01
0.2780 1.80747e-23 9.89327e+00 1.09538e+01 1.20130e+01
0.2790 1.80359e-23 9.89468e+00 1.09557e+01 1.20154e+01
0.2800 1.79979e-23 9.89775e+00 1.09588e+01 1.20187e+01
0.2810 1.79612e-23 9.89928e+00 1.09610e+01 1.20215e+01
0.2820 1.79253e-23 9.90054e+00 1.09631e+01 1.20244e+01
0.2830 1.78907e-23 9.90355e+00 1.09663e+01 1.20279e+01
0.2840 1.78590e-23 9.90711e+00 1.09701e+01 1.20320e+01
0.2850 1.78296e-23 9.91027e+00 1.09735e+01 1.20357e+01
0.2860 1.78028e-23 9.91434e+00 1.09776e+01 1.20401e+01
0.2870 1.77767e-23 9.91410e+00 1.09786e+01 1.20418e+01
0.2880 1.77425e-23 9.91954e+00 1.09834e+01 1.20464e+01
0.2890 1.77086e-23 9.91872e+00 1.09836e+01 1.20475e+01
0.2900 1.76695e-23 9.92472e+00 1.09891e+01 1.20528e+01
0.2910 1.76345e-23 9.92452e+00 1.09900e+01 1.20547e+01
0.2920 1.75988e-23 9.92700e+00 1.09930e+01 1.20582e+01
0.2930 1.75595e-23 9.93016e+00 1.09965e+01 1.20622e+01
0.2940 1.75205e-23 9.93195e+00 1.09988e+01 1.20650e+01
0.2950 1.74795e-23 9.93574e+00 1.10024e+01 1.20686e+01
0.2960 1.74393e-23 9.93918e+00 1.10056e+01 1.20719e+01
0.2970 1.74019e-23 9.93894e+00 1.10063e+01 1.20732e+01
0.2980 1.73630e-23 9.94034e+00 1.10082e+01 1.20754e+01
0.2990 1.73225e-23 9.94450e+00 1.10123e+01 1.20797e+01
0.3000 1.72844e-23 9.94649e+00 1.10148e+01 1.20828e+01
0.3010 1.72492e-23 9.94421e+00 1.10140e+01 1.20831e+01
0.3020 1.72085e-23 9.94764e+00 1.10174e+01 1.20866e+01
0.3030 1.71688e-23 9.95026e+00 1.10204e+01 1.20900e+01
0.3040 1.71296e-23 9.95062e+00 1.10216e+01 1.20918e+01
0.3050 1.70879e-23 9.95228e+00 1.10237e+01 1.20944e+01
0.3060 1.70475e-23 9.95428e+00 1.10260e+01 1.20971e+01
0.3070 1.70090e-23 9.95617e+00 1.10280e+01 1.20994e+01
0.3080 1.69761e-23 9.95562e+00 1.10282e+01 1.21001e+01
0.3090 1.69480e-23 9.95622e+00 1.10291e+01 1.21014e+01
0.3100 1.69227e-23 9.96086e+00 1.10332e+01 1.21052e+01
0.3110 1.68989e-23 9.96309e+00 1.10355e+01 1.21076e+01
0.3120 1.68750e-23 9.96369e+00 1.10366e+01 1.21091e+01
0.3130 1.68459e-23 9.96585e+00 1.10390e+01 1.21117e+01
0.3140 1.68119e-23 9.97024e+00 1.10430e+01 1.21155e+01
0.3150 1.67780e-23 9.97212e+00 1.10453e+01 1.21182e+01
0.3160 1.67481e-23 9.96738e+00 1.10428e+01 1.21172e+01
0.3170 1.67067e-23 9.97617e+00 1.10502e+01 1.21238e+01
0.3180 1.66703e-23 9.97884e+00 1.10530e+01 1.21268e+01
0.3190 1.66330e-23 9.98146e+00 1.10558e+01 1.21299e+01
0.3200 1.66010e-23 9.97851e+00 1.10545e+01 1.21298e+01
0.3210 1.65599e-23 9.98655e+00 1.10612e+01 1.21359e+01
0.3220 1.65253e-23 9.98609e+00 1.10618e+01 1.21371e+01
0.3230 1.64888e-23 9.99106e+00 1.10660e+01 1.21411e+01
0.3240 1.64552e-23 9.99262e+00 1.10678e+01 1.21431e+01
0.3250 1.64225e-23 9.99147e+00 1.10676e+01 1.21435e+01
0.3260 1.63877e-23 9.99174e+00 1.10683e+01 1.21445e+01
0.3270 1.63549e-23 9.99380e+00 1.10705e+01 1.21469e+01
0.3280 1.63227e-23 9.99706e+00 1.10735e+01 1.21498e+01
0.3290 1.62932e-23 9.99452e+00 1.10725e+01 1.21498e+01
0.3300 1.62569e-23 1.00023e+01 1.10792e+01 1.21561e+01
0.3310 1.62220e-23 1.00044e+01 1.10815e+01 1.21586e+01
0.3320 1.61919e-23 9.99979e+00 1.10788e+01 1.21573e+01
0.3330 1.61543e-23 1.00059e+01 1.10842e+01 1.21622e+01
0.3340 1.61201e-23 1.00097e+01 1.10873e+01 1.21651e+01
0.3350 1.60913e-23 1.00087e+01 1.10868e+01 1.21650e+01
0.3360 1.60665e-23 1.00068e+01 1.10859e+01 1.21647e+01
0.3370 1.60408e-23 1.00115e+01 1.10896e+01 1.21677e+01
0.3380 1.60162e-23 1.00152e+01 1.10929e+01 1.21708e+01
0.3390 1.59928e-23 1.00145e+01 1.10932e+01 1.21717e+01
0.3400 1.59669e-23 1.00171e+01 1.10956e+01 1.21740e+01
0.3410 1.59420e-23 1.00199e+01 1.10983e+01 1.21767e+01
0.3420 1.59181e-23 1.00229e+01 1.11011e+01 1.21796e+01
0.3430 1.58963e-23 1.00231e+01 1.11021e+01 1.21811e+01
0.3440 1.58720e-23 1.00239e+01 1.11035e+01 1.21829e+01
0.3450 1.58490e-23 1.00256e+01 1.11051e+01 1.21846e+01
0.3460 1.58249e-23 1.00295e+01 1.11084e+01 1.21876e+01
0.3470 1.58059e-23 1.00284e+01 1.11083e+01 1.21880e+01
0.3480 1.57842e-23 1.00289e+01 1.11091e+01 1.21889e+01
0.3490 1.57611e-23 1.00313e+01 1.11110e+01 1.21905e+01
0.3500 1.57333e-23 1.00386e+01 1.11167e+01 1.21954e+01
0.3510 1.57061e-23 1.00399e+01 1.11184e+01 1.21974e+01
0.3520 1.56748e-23 1.00385e+01 1.11181e+01 1.21977e+01
0.3530 1.56360e-23 1.00420e+01 1.11217e+01 1.22013e+01
0.3540 1.55984e-23 1.00423e+01 1.11224e+01 1.22024e+01
0.3550 1.55596e-23 1.00453e+01 1.11247e+01 1.22046e+01
0.3560 1.55242e-23 1.00471e+01 1.11267e+01 1.22066e+01
0.3570 1.54950e-23 1.00441e+01 1.11253e+01 1.22061e+01
0.3580 1.54654e-23 1.00478e+01 1.11283e+01 1.22090e+01
0.3590 1.54391e-23 1.00498e+01 1.11304e+01 1.22113e+01
0.3600 1.54127e-23 1.00550e+01 1.11345e+01 1.22148e+01
0.3610 1.53904e-23 1.00552e+01 1.11352e+01 1.22157e+01
0.3620 1.53712e-23 1.00539e+01 1.11346e+01 1.22155e+01
0.3625 1.53626e-23 1.00568e+01 1.11366e+01 1.22170e+01
0.3630 1.53554e-23 1.00560e+01 1.11363e+01 1.22170e+01
0.3640 1.53373e-23 1.00575e+01 1.11379e+01 1.22187e+01
0.3650 1.53121e-23 1.00636e+01 1.11430e+01 1.22231e+01
0.3660 1.52887e-23 1.00607e+01 1.11416e+01 1.22227e+01
0.3670 1.52610e-23 1.00628e+01 1.11434e+01 1.22245e+01
0.3680 1.52348e-23 1.00652e+01 1.11460e+01 1.22270e+01
0.3690 1.52105e-23 1.00664e+01 1.11471e+01 1.22281e+01
0.3700 1.51843e-23 1.00712e+01 1.11508e+01 1.22313e+01
0.3710 1.51637e-23 1.00711e+01 1.11509e+01 1.22315e+01
0.3720 1.51470e-23 1.00701e+01 1.11504e+01 1.22313e+01
0.3730 1.51267e-23 1.00747e+01 1.11542e+01 1.22344e+01
0.3740 1.51046e-23 1.00752e+01 1.11551e+01 1.22356e+01
0.3750 1.50788e-23 1.00773e+01 1.11572e+01 1.22377e+01
0.3760 1.50529e-23 1.00784e+01 1.11587e+01 1.22396e+01
0.3770 1.50244e-23 1.00819e+01 1.11617e+01 1.22423e+01
0.3780 1.50016e-23 1.00771e+01 1.11586e+01 1.22403e+01
0.3790 1.49686e-23 1.00849e+01 1.11647e+01 1.22454e+01
0.3800 1.49404e-23 1.00871e+01 1.11670e+01 1.22478e+01
0.3810 1.49095e-23 1.00922e+01 1.11713e+01 1.22516e+01
0.3820 1.48821e-23 1.00883e+01 1.11688e+01 1.22500e+01
0.3830 1.48452e-23 1.00940e+01 1.11733e+01 1.22538e+01
0.3840 1.48129e-23 1.00936e+01 1.11734e+01 1.22542e+01
0.3850 1.47802e-23 1.00923e+01 1.11731e+01 1.22546e+01
0.3860 1.47478e-23 1.00944e+01 1.11749e+01 1.22563e+01
0.3870 1.47211e-23 1.00951e+01 1.11756e+01 1.22571e+01
0.3880 1.47027e-23 1.00944e+01 1.11753e+01 1.22571e+01
0.3890 1.46855e-23 1.00968e+01 1.11772e+01 1.22587e+01
0.3900 1.46679e-23 1.00992e+01 1.11795e+01 1.22609e+01
0.3910 1.46494e-23 1.01017e+01 1.11817e+01 1.22629e+01
0.3920 1.46291e-23 1.01040e+01 1.11838e+01 1.22649e+01
0.3930 1.46105e-23 1.01055e+01 1.11853e+01 1.22664e+01
0.3940 1.45908e-23 1.01077e+01 1.11872e+01 1.22682e+01
0.3950 1.45706e-23 1.01105e+01 1.11896e+01 1.22703e+01
0.3960 1.45569e-23 1.01077e+01 1.11877e+01 1.22689e+01
0.3970 1.45407e-23 1.01067e+01 1.11872e+01 1.22687e+01
0.3980 1.45162e-23 1.01142e+01 1.11931e+01 1.22736e+01
0.3990 1.44949e-23 1.01147e+01 1.11941e+01 1.22749e+01
0.4000 1.44704e-23 1.01199e+01 1.11981e+01 1.22783e+01
0.4010 1.44601e-23 1.01133e+01 1.11934e+01 1.22747e+01
0.4020 1.44387e-23 1.01205e+01 1.11992e+01 1.22796e+01
0.4030 1.44117e-23 1.01261e+01 1.12040e+01 1.22838e+01
0.4040 1.43870e-23 1.01237e+01 1.12027e+01 1.22834e+01
0.4050 1.43603e-23 1.01264e+01 1.12056e+01 1.22865e+01
0.4060 1.43372e-23 1.01267e+01 1.12065e+01 1.22878e+01
0.4070 1.43149e-23 1.01289e+01 1.12085e+01 1.22899e+01
0.4080 1.42983e-23 1.01244e+01 1.12056e+01 1.22881e+01
0.4090 1.42763e-23 1.01277e+01 1.12086e+01 1.22909e+01
0.4100 1.42507e-23 1.01299e+01 1.12105e+01 1.22925e+01
0.4110 1.42224e-23 1.01327e+01 1.12125e+01 1.22939e+01
0.4120 1.41966e-23 1.01316e+01 1.12123e+01 1.22944e+01
0.4130 1.41700e-23 1.01417e+01 1.12200e+01 1.23007e+01
0.4140 1.41577e-23 1.01377e+01 1.12174e+01 1.22990e+01
0.4150 1.41449e-23 1.01356e+01 1.12166e+01 1.22991e+01
0.4160 1.41268e-23 1.01397e+01 1.12199e+01 1.23018e+01
0.4170 1.41012e-23 1.01438e+01 1.12231e+01 1.23044e+01
0.4180 1.40757e-23 1.01452e+01 1.12242e+01 1.23052e+01
0.4190 1.40526e-23 1.01433e+01 1.12226e+01 1.23037e+01
0.4200 1.40248e-23 1.01511e+01 1.12285e+01 1.23086e+01
0.4210 1.40058e-23 1.01480e+01 1.12268e+01 1.23077e+01
0.4220 1.39809e-23 1.01548e+01 1.12321e+01 1.23122e+01
0.4230 1.39610e-23 1.01543e+01 1.12327e+01 1.23136e+01
0.4240 1.39391e-23 1.01580e+01 1.12359e+01 1.23165e+01
0.4250 1.39185e-23 1.01588e+01 1.12367e+01 1.23172e+01
0.4260 1.39009e-23 1.01589e+01 1.12369e+01 1.23175e+01
0.4270 1.38818e-23 1.01579e+01 1.12365e+01 1.23173e+01
0.4280 1.38626e-23 1.01589e+01 1.12372e+01 1.23179e+01
0.4290 1.38441e-23 1.01638e+01 1.12409e+01 1.23208e+01
0.4300 1.38295e-23 1.01594e+01 1.12382e+01 1.23192e+01
0.4310 1.37985e-23 1.01705e+01 1.12468e+01 1.23265e+01
0.4320 1.37762e-23 1.01663e+01 1.12441e+01 1.23246e+01
0.4330 1.37575e-23 1.01609e+01 1.12405e+01 1.23221e+01
0.4340 1.37376e-23 1.01659e+01 1.12440e+01 1.23247e+01
0.4350 1.37209e-23 1.01785e+01 1.12531e+01 1.23318e+01
0.4360 1.37205e-23 1.01691e+01 1.12471e+01 1.23279e+01
0.4370 1.37053e-23 1.01753e+01 1.12521e+01 1.23320e+01
0.4380 1.36931e-23 1.01785e+01 1.12546e+01 1.23341e+01
0.4390 1.36821e-23 1.01782e+01 1.12542e+01 1.23335e+01
0.4400 1.36696e-23 1.01788e+01 1.12549e+01 1.23341e+01
0.4410 1.36529e-23 1.01809e+01 1.12572e+01 1.23365e+01
0.4420 1.36316e-23 1.01856e+01 1.12611e+01 1.23400e+01
0.4430 1.36140e-23 1.01826e+01 1.12598e+01 1.23398e+01
0.4440 1.35929e-23 1.01848e+01 1.12620e+01 1.23421e+01
0.4450 1.35674e-23 1.01919e+01 1.12682e+01 1.23480e+01
0.4460 1.35431e-23 1.01962e+01 1.12719e+01 1.23514e+01
0.4470 1.35211e-23 1.01909e+01 1.12682e+01 1.23488e+01
0.4480 1.34957e-23 1.01969e+01 1.12730e+01 1.23527e+01
0.4490 1.34777e-23 1.01935e+01 1.12704e+01 1.23506e+01
0.4500 1.34548e-23 1.01981e+01 1.12742e+01 1.23537e+01
0.4510 1.34453e-23 1.01906e+01 1.12671e+01 1.23477e+01
0.4520 1.34043e-23 1.01982e+01 1.12750e+01 1.23553e+01
0.4530 1.33773e-23 1.02033e+01 1.12790e+01 1.23588e+01
0.4540 1.33582e-23 1.02013e+01 1.12779e+01 1.23583e+01
0.4550 1.33404e-23 1.01956e+01 1.12737e+01 1.23553e+01
0.4560 1.33126e-23 1.02000e+01 1.12777e+01 1.23588e+01
0.4570 1.33008e-23 1.02060e+01 1.12814e+01 1.23611e+01
0.4580 1.32892e-23 1.02110e+01 1.12853e+01 1.23640e+01
0.4590 1.32869e-23 1.02068e+01 1.12823e+01 1.23618e+01
0.4600 1.32744e-23 1.02123e+01 1.12868e+01 1.23656e+01
0.4610 1.32626e-23 1.02118e+01 1.12875e+01 1.23669e+01
0.4620 1.32489e-23 1.02192e+01 1.12930e+01 1.23715e+01
0.4630 1.32358e-23 1.02167e+01 1.12917e+01 1.23708e+01
0.4640 1.32208e-23 1.02238e+01 1.12970e+01 1.23753e+01
0.4650 1.32053e-23 1.02225e+01 1.12968e+01 1.23756e+01
0.4660 1.31954e-23 1.02228e+01 1.12972e+01 1.23760e+01
0.4670 1.31947e-23 1.02264e+01 1.12995e+01 1.23779e+01
0.4680 1.31970e-23 1.02257e+01 1.12985e+01 1.23770e+01
0.4690 1.32404e-23 1.01809e+01 1.12600e+01 1.23445e+01
0.4700 1.32224e-23 1.01854e+01 1.12627e+01 1.23464e+01
0.4710 1.31961e-23 1.01764e+01 1.12578e+01 1.23435e+01
0.4720 1.31625e-23 1.01812e+01 1.12612e+01 1.23460e+01
0.4730 1.31367e-23 1.01781e+01 1.12592e+01 1.23447e+01
0.4740 1.31147e-23 1.01811e+01 1.12606e+01 1.23455e+01
0.4750 1.30965e-23 1.01814e+01 1.12614e+01 1.23464e+01
0.4760 1.30853e-23 1.01826e+01 1.12621e+01 1.23469e+01
0.4770 1.30763e-23 1.01817e+01 1.12606e+01 1.23454e+01
0.4780 1.30606e-23 1.01818e+01 1.12617e+01 1.23468e+01
0.4790 1.30404e-23 1.01896e+01 1.12680e+01 1.23521e+01
0.4800 1.30218e-23 1.01921e+01 1.12698e+01 1.23537e+01
0.4800 1.30221e-23 1.01918e+01 1.12696e+01 1.23535e+01
0.4810 1.30014e-23 1.01904e+01 1.12685e+01 1.23528e+01
0.4820 1.29834e-23 1.01910e+01 1.12687e+01 1.23529e+01
0.4830 1.29557e-23 1.01966e+01 1.12735e+01 1.23570e+01
0.4840 1.29380e-23 1.01889e+01 1.12681e+01 1.23531e+01
0.4850 1.29071e-23 1.02001e+01 1.12770e+01 1.23605e+01
0.4860 1.28796e-23 1.02002e+01 1.12783e+01 1.23622e+01
0.4870 1.28631e-23 1.01940e+01 1.12739e+01 1.23590e+01
0.4880 1.28921e-23 1.01510e+01 1.12341e+01 1.23240e+01
0.4890 1.28665e-23 1.01439e+01 1.12287e+01 1.23197e+01
0.4900 1.28478e-23 1.01459e+01 1.12293e+01 1.23199e+01
0.4910 1.28421e-23 1.01372e+01 1.12213e+01 1.23129e+01
0.4920 1.28057e-23 1.01478e+01 1.12331e+01 1.23244e+01
0.4930 1.27899e-23 1.01486e+01 1.12345e+01 1.23261e+01
0.4940 1.27682e-23 1.01528e+01 1.12375e+01 1.23285e+01
0.4950 1.27659e-23 1.01382e+01 1.12246e+01 1.23178e+01
0.4960 1.27215e-23 1.01594e+01 1.12405e+01 1.23303e+01
0.4970 1.26721e-23 1.01679e+01 1.12507e+01 1.23402e+01
0.4980 1.26669e-23 1.01581e+01 1.12415e+01 1.23323e+01
0.4990 1.26391e-23 1.01591e+01 1.12424e+01 1.23329e+01
0.5000 1.26275e-23 1.01501e+01 1.12367e+01 1.23293e+01
0.5010 1.26094e-23 1.01561e+01 1.12390e+01 1.23299e+01
0.5020 1.25841e-23 1.01577e+01 1.12417e+01 1.23329e+01
0.5030 1.25677e-23 1.01628e+01 1.12444e+01 1.23343e+01
0.5040 1.25736e-23 1.01429e+01 1.12283e+01 1.23211e+01
0.5050 1.25565e-23 1.01512e+01 1.12347e+01 1.23263e+01
0.5060 1.25182e-23 1.01704e+01 1.12518e+01 1.23411e+01
0.5070 1.25111e-23 1.01749e+01 1.12540e+01 1.23425e+01
0.5080 1.24880e-23 1.01714e+01 1.12538e+01 1.23436e+01
0.5090 1.24772e-23 1.01752e+01 1.12550e+01 1.23437e+01
0.5100 1.24764e-23 1.01724e+01 1.12518e+01 1.23406e+01
0.5110 1.24701e-23 1.01718e+01 1.12516e+01 1.23404e+01
0.5120 1.24610e-23 1.01727e+01 1.12525e+01 1.23410e+01
0.5130 1.24252e-23 1.01920e+01 1.12700e+01 1.23564e+01
0.5140 1.24286e-23 1.01822e+01 1.12604e+01 1.23480e+01
0.5150 1.23974e-23 1.01909e+01 1.12680e+01 1.23546e+01
0.5160 1.23871e-23 1.01838e+01 1.12612e+01 1.23486e+01
0.5170 1.23534e-23 1.01942e+01 1.12707e+01 1.23570e+01
0.5180 1.23462e-23 1.01888e+01 1.12650e+01 1.23517e+01
0.5190 1.23150e-23 1.01844e+01 1.12646e+01 1.23525e+01
0.5200 1.23124e-23 1.01871e+01 1.12654e+01 1.23527e+01
0.5210 1.23103e-23 1.01834e+01 1.12619e+01 1.23498e+01
0.5220 1.22793e-23 1.02029e+01 1.12788e+01 1.23643e+01
0.5230 1.22700e-23 1.02028e+01 1.12794e+01 1.23652e+01
0.5240 1.22779e-23 1.01955e+01 1.12724e+01 1.23591e+01
0.5250 1.22582e-23 1.02052e+01 1.12822e+01 1.23679e+01
0.5260 1.22756e-23 1.01995e+01 1.12761e+01 1.23622e+01
0.5270 1.22676e-23 1.01915e+01 1.12704e+01 1.23578e+01
0.5280 1.22471e-23 1.02058e+01 1.12821e+01 1.23677e+01
0.5290 1.22314e-23 1.02041e+01 1.12818e+01 1.23681e+01
0.5300 1.22300e-23 1.02074e+01 1.12816e+01 1.23669e+01
0.5310 1.22245e-23 1.01850e+01 1.12656e+01 1.23545e+01
0.5320 1.22019e-23 1.01969e+01 1.12743e+01 1.23611e+01
0.5330 1.21584e-23 1.02101e+01 1.12876e+01 1.23735e+01
0.5340 1.21538e-23 1.02087e+01 1.12845e+01 1.23704e+01
0.5350 1.21337e-23 1.01940e+01 1.12740e+01 1.23628e+01
0.5360 1.20933e-23 1.02146e+01 1.12928e+01 1.23798e+01
0.5370 1.20755e-23 1.02194e+01 1.12961e+01 1.23823e+01
0.5380 1.20848e-23 1.02100e+01 1.12863e+01 1.23734e+01
0.5390 1.20777e-23 1.02115e+01 1.12877e+01 1.23746e+01
0.5400 1.20677e-23 1.02064e+01 1.12848e+01 1.23725e+01
0.5410 1.20452e-23 1.02142e+01 1.12902e+01 1.23764e+01
0.5420 1.20354e-23 1.02053e+01 1.12839e+01 1.23717e+01
0.5430 1.20278e-23 1.02040e+01 1.12814e+01 1.23690e+01
0.5440 1.20159e-23 1.02136e+01 1.12887e+01 1.23746e+01
0.5450 1.20080e-23 1.02073e+01 1.12849e+01 1.23718e+01
0.5460 1.19939e-23 1.02128e+01 1.12903e+01 1.23768e+01
0.5470 1.19793e-23 1.02127e+01 1.12906e+01 1.23775e+01
0.5480 1.19599e-23 1.02158e+01 1.12934e+01 1.23802e+01
0.5490 1.19351e-23 1.02186e+01 1.12961e+01 1.23831e+01
0.5500 1.19148e-23 1.02175e+01 1.12943e+01 1.23816e+01
0.5510 1.18705e-23 1.02205e+01 1.12986e+01 1.23859e+01
0.5520 1.18576e-23 1.02232e+01 1.12986e+01 1.23848e+01
0.5530 1.18477e-23 1.02229e+01 1.12985e+01 1.23846e+01
0.5540 1.18372e-23 1.02205e+01 1.12975e+01 1.23840e+01
0.5550 1.18370e-23 1.02144e+01 1.12922e+01 1.23799e+01
0.5560 1.18123e-23 1.02243e+01 1.13019e+01 1.23890e+01
0.5570 1.18036e-23 1.02282e+01 1.13043e+01 1.23910e+01
0.5580 1.17922e-23 1.02237e+01 1.13004e+01 1.23881e+01
0.5590 1.17697e-23 1.02389e+01 1.13139e+01 1.23998e+01
0.5600 1.17813e-23 1.02340e+01 1.13089e+01 1.23957e+01
0.5610 1.17724e-23 1.02388e+01 1.13133e+01 1.23989e+01
0.5620 1.17668e-23 1.02417e+01 1.13153e+01 1.24006e+01
0.5630 1.17666e-23 1.02431e+01 1.13170e+01 1.24021e+01
0.5640 1.17601e-23 1.02421e+01 1.13158e+01 1.24011e+01
0.5650 1.17478e-23 1.02425e+01 1.13162e+01 1.24013e+01
0.5660 1.17412e-23 1.02419e+01 1.13157e+01 1.24010e+01
0.5670 1.17202e-23 1.02506e+01 1.13227e+01 1.24071e+01
0.5680 1.17073e-23 1.02522e+01 1.13242e+01 1.24081e+01
0.5690 1.17141e-23 1.02457e+01 1.13184e+01 1.24034e+01
0.5700 1.17257e-23 1.02467e+01 1.13184e+01 1.24029e+01
0.5710 1.17081e-23 1.02611e+01 1.13327e+01 1.24166e+01
0.5720 1.16924e-23 1.02574e+01 1.13312e+01 1.24175e+01
0.5730 1.17047e-23 1.02597e+01 1.13308e+01 1.24142e+01
0.5740 1.16974e-23 1.02661e+01 1.13362e+01 1.24191e+01
0.5750 1.17265e-23 1.02513e+01 1.13186e+01 1.24001e+01
0.5760 1.17506e-23 1.02510e+01 1.13184e+01 1.24022e+01
0.5770 1.17000e-23 1.02521e+01 1.13214e+01 1.24041e+01
0.5780 1.17345e-23 1.02513e+01 1.13169e+01 1.23984e+01
0.5790 1.16566e-23 1.02649e+01 1.13331e+01 1.24140e+01
0.5800 1.17095e-23 1.02459e+01 1.13129e+01 1.23957e+01
0.5810 1.16482e-23 1.02572e+01 1.13250e+01 1.24072e+01
0.5820 1.16042e-23 1.02650e+01 1.13362e+01 1.24199e+01
0.5830 1.15854e-23 1.02671e+01 1.13362e+01 1.24180e+01
0.5840 1.15765e-23 1.02602e+01 1.13339e+01 1.24219e+01
0.5850 1.15599e-23 1.02727e+01 1.13412e+01 1.24229e+01
0.5860 1.15453e-23 1.02651e+01 1.13356e+01 1.24194e+01
0.5870 1.15678e-23 1.02657e+01 1.13315e+01 1.24114e+01
0.5880 1.14904e-23 1.02733e+01 1.13479e+01 1.24365e+01
0.5890 1.15323e-23 1.02593e+01 1.13307e+01 1.24173e+01
0.5900 1.14993e-23 1.02621e+01 1.13339e+01 1.24208e+01
0.5910 1.14309e-23 1.02852e+01 1.13538e+01 1.24347e+01
0.5920 1.14713e-23 1.02681e+01 1.13357e+01 1.24182e+01
0.5930 1.14094e-23 1.02874e+01 1.13577e+01 1.24409e+01
0.5940 1.13991e-23 1.02803e+01 1.13517e+01 1.24361e+01
0.5950 1.13834e-23 1.02826e+01 1.13525e+01 1.24348e+01
0.5960 1.14347e-23 1.02605e+01 1.13299e+01 1.24150e+01
0.5970 1.14659e-23 1.02625e+01 1.13284e+01 1.24109e+01
0.5980 1.14166e-23 1.02654e+01 1.13342e+01 1.24189e+01
0.5990 1.14077e-23 1.02606e+01 1.13288e+01 1.24145e+01
0.6000 1.13293e-23 1.02920e+01 1.13598e+01 1.24421e+01
0.6010 1.13439e-23 1.02867e+01 1.13509e+01 1.24306e+01
0.6020 1.13081e-23 1.02928e+01 1.13577e+01 1.24367e+01
0.6029 1.12743e-23 1.02843e+01 1.13557e+01 1.24436e+01
0.6030 1.12687e-23 1.02859e+01 1.13539e+01 1.24384e+01
0.6040 1.13530e-23 1.02537e+01 1.13223e+01 1.24104e+01
0.6050 1.12571e-23 1.02916e+01 1.13542e+01 1.24313e+01
0.6060 1.13235e-23 1.02614e+01 1.13273e+01 1.24125e+01
0.6070 1.13026e-23 1.02699e+01 1.13322e+01 1.24135e+01
0.6080 1.12280e-23 1.02745e+01 1.13429e+01 1.24294e+01
0.6090 1.11685e-23 1.02815e+01 1.13516e+01 1.24380e+01
0.6100 1.11297e-23 1.02937e+01 1.13654e+01 1.24528e+01
0.6110 1.11741e-23 1.02833e+01 1.13544e+01 1.24422e+01
0.6120 1.12507e-23 1.02571e+01 1.13262e+01 1.24153e+01
0.6130 1.11163e-23 1.02994e+01 1.13683e+01 1.24531e+01
0.6140 1.11298e-23 1.03115e+01 1.13809e+01 1.24649e+01
0.6150 1.11063e-23 1.03128e+01 1.13812e+01 1.24637e+01
0.6160 1.12297e-23 1.02794e+01 1.13415e+01 1.24218e+01
0.6170 1.11430e-23 1.03056e+01 1.13714e+01 1.24516e+01
0.6180 1.11557e-23 1.02989e+01 1.13634e+01 1.24448e+01
0.6190 1.11278e-23 1.03000e+01 1.13646e+01 1.24456e+01
0.6200 1.11514e-23 1.02885e+01 1.13520e+01 1.24324e+01
0.6210 1.12417e-23 1.02619e+01 1.13239e+01 1.24077e+01
0.6220 1.11608e-23 1.02793e+01 1.13405e+01 1.24207e+01
0.6230 1.10177e-23 1.03103e+01 1.13803e+01 1.24664e+01
0.6240 1.11154e-23 1.02939e+01 1.13555e+01 1.24351e+01
0.6250 1.10569e-23 1.03056e+01 1.13675e+01 1.24446e+01
0.6260 1.10774e-23 1.02892e+01 1.13555e+01 1.24391e+01
0.6270 1.11182e-23 1.02779e+01 1.13425e+01 1.24275e+01
0.6280 1.11059e-23 1.02625e+01 1.13303e+01 1.24186e+01
0.6290 1.10004e-23 1.03254e+01 1.13875e+01 1.24640e+01
0.6300 1.10168e-23 1.03116e+01 1.13746e+01 1.24543e+01
0.6310 1.10593e-23 1.02952e+01 1.13605e+01 1.24447e+01
0.6320 1.10172e-23 1.03000e+01 1.13676e+01 1.24534e+01
0.6330 1.11406e-23 1.02749e+01 1.13343e+01 1.24157e+01
0.6340 1.10356e-23 1.02756e+01 1.13430e+01 1.24312e+01
0.6350 1.10552e-23 1.02719e+01 1.13374e+01 1.24242e+01
0.6360 1.09425e-23 1.03004e+01 1.13696e+01 1.24559e+01
0.6370 1.09501e-23 1.02847e+01 1.13541e+01 1.24423e+01
0.6380 1.09697e-23 1.02867e+01 1.13520e+01 1.24367e+01
0.6390 1.12486e-23 1.01878e+01 1.12368e+01 1.23240e+01
0.6400 1.11300e-23 1.01793e+01 1.12293e+01 1.23186e+01
0.6410 1.11297e-23 1.01543e+01 1.12055e+01 1.22971e+01
0.6420 1.10969e-23 1.01547e+01 1.12024e+01 1.22911e+01
0.6430 1.13296e-23 1.00553e+01 1.10919e+01 1.21840e+01
0.6440 1.12444e-23 1.00537e+01 1.10856e+01 1.21762e+01
0.6450 1.11919e-23 1.00414e+01 1.10706e+01 1.21598e+01
0.6460 1.11233e-23 1.00168e+01 1.10505e+01 1.21427e+01
0.6470 1.10247e-23 1.00309e+01 1.10664e+01 1.21588e+01
0.6480 1.10120e-23 1.00176e+01 1.10540e+01 1.21482e+01
0.6490 1.09761e-23 1.00424e+01 1.10754e+01 1.21667e+01
0.6500 1.09774e-23 1.00366e+01 1.10689e+01 1.21593e+01
0.6510 1.09341e-23 1.00502e+01 1.10813e+01 1.21708e+01
0.6520 1.09084e-23 1.00275e+01 1.10625e+01 1.21553e+01
0.6530 1.09118e-23 1.00536e+01 1.10798e+01 1.21660e+01
0.6540 1.08515e-23 1.00339e+01 1.10691e+01 1.21602e+01
0.6550 1.09098e-23 1.00086e+01 1.10404e+01 1.21305e+01
0.6560 1.09029e-23 1.00247e+01 1.10569e+01 1.21476e+01
0.6570 1.08701e-23 1.00564e+01 1.10834e+01 1.21692e+01
0.6580 1.09275e-23 1.00286e+01 1.10548e+01 1.21420e+01
0.6590 1.08549e-23 1.00419e+01 1.10715e+01 1.21593e+01
0.6600 1.08202e-23 1.00439e+01 1.10737e+01 1.21621e+01
0.6610 1.08012e-23 1.00268e+01 1.10589e+01 1.21474e+01
0.6620 1.07525e-23 1.00615e+01 1.10928e+01 1.21812e+01
0.6630 1.08060e-23 1.00350e+01 1.10658e+01 1.21551e+01
0.6640 1.07290e-23 1.00369e+01 1.10733e+01 1.21650e+01
0.6650 1.06726e-23 1.00544e+01 1.10922e+01 1.21828e+01
0.6660 1.07307e-23 1.00551e+01 1.10917e+01 1.21843e+01
0.6670 1.07087e-23 1.00639e+01 1.10983e+01 1.21893e+01
0.6680 1.07049e-23 1.00556e+01 1.10922e+01 1.21851e+01
0.6690 1.06603e-23 1.00760e+01 1.11149e+01 1.22078e+01
0.6700 1.06805e-23 1.00867e+01 1.11207e+01 1.22111e+01
0.6710 1.06632e-23 1.00848e+01 1.11199e+01 1.22113e+01
0.6720 1.06319e-23 1.00935e+01 1.11296e+01 1.22203e+01
0.6730 1.06131e-23 1.00883e+01 1.11245e+01 1.22161e+01
0.6740 1.06282e-23 1.00653e+01 1.11059e+01 1.22012e+01
0.6750 1.05899e-23 1.00895e+01 1.11268e+01 1.22190e+01
0.6760 1.06139e-23 1.00626e+01 1.11046e+01 1.22009e+01
0.6770 1.05803e-23 1.00950e+01 1.11334e+01 1.22256e+01
0.6780 1.06294e-23 1.00922e+01 1.11267e+01 1.22177e+01
0.6790 1.05944e-23 1.00853e+01 1.11241e+01 1.22174e+01
0.6800 1.06145e-23 1.00714e+01 1.11103e+01 1.22042e+01
0.6810 1.05750e-23 1.00875e+01 1.11267e+01 1.22198e+01
0.6820 1.05652e-23 1.00939e+01 1.11318e+01 1.22245e+01
0.6830 1.05580e-23 1.01029e+01 1.11384e+01 1.22299e+01
0.6840 1.05050e-23 1.01218e+01 1.11595e+01 1.22504e+01
0.6850 1.04982e-23 1.01114e+01 1.11496e+01 1.22414e+01
0.6860 1.04897e-23 1.01308e+01 1.11647e+01 1.22529e+01
0.6870 1.04956e-23 1.01124e+01 1.11481e+01 1.22391e+01
0.6880 1.04359e-23 1.01185e+01 1.11562e+01 1.22483e+01
0.6890 1.03932e-23 1.01088e+01 1.11522e+01 1.22477e+01
0.6900 1.03732e-23 1.01059e+01 1.11513e+01 1.22469e+01
0.6910 1.04023e-23 1.01176e+01 1.11585e+01 1.22529e+01
0.6920 1.04070e-23 1.01151e+01 1.11575e+01 1.22527e+01
0.6930 1.04459e-23 1.01084e+01 1.11504e+01 1.22462e+01
0.6940 1.04173e-23 1.01218e+01 1.11646e+01 1.22593e+01
0.6950 1.04123e-23 1.01526e+01 1.11895e+01 1.22798e+01
0.6960 1.04523e-23 1.01201e+01 1.11579e+01 1.22512e+01
0.6970 1.03954e-23 1.01454e+01 1.11858e+01 1.22783e+01
0.6980 1.04035e-23 1.01487e+01 1.11869e+01 1.22784e+01
0.6990 1.04146e-23 1.01266e+01 1.11695e+01 1.22650e+01
0.7000 1.04296e-23 1.01405e+01 1.11759e+01 1.22670e+01
0.7010 1.04204e-23 1.01413e+01 1.11775e+01 1.22683e+01
0.7020 1.03689e-23 1.01458e+01 1.11837e+01 1.22751e+01
0.7030 1.03489e-23 1.01457e+01 1.11836e+01 1.22753e+01
0.7040 1.03577e-23 1.01304e+01 1.11714e+01 1.22652e+01
0.7050 1.03351e-23 1.01197e+01 1.11615e+01 1.22572e+01
0.7060 1.03492e-23 1.01264e+01 1.11645e+01 1.22571e+01
0.7070 1.03185e-23 1.01297e+01 1.11712e+01 1.22652e+01
0.7080 1.03202e-23 1.01355e+01 1.11784e+01 1.22728e+01
0.7090 1.03136e-23 1.01315e+01 1.11745e+01 1.22697e+01
0.7100 1.02978e-23 1.01350e+01 1.11777e+01 1.22727e+01
0.7110 1.02456e-23 1.01511e+01 1.11934e+01 1.22873e+01
0.7120 1.02385e-23 1.01322e+01 1.11766e+01 1.22732e+01
0.7130 1.02509e-23 1.01250e+01 1.11714e+01 1.22683e+01
0.7140 1.02527e-23 1.01391e+01 1.11835e+01 1.22792e+01
0.7150 1.02557e-23 1.01452e+01 1.11869e+01 1.22808e+01
0.7160 1.02941e-23 1.01257e+01 1.11692e+01 1.22659e+01
0.7170 1.02650e-23 1.01663e+01 1.12025e+01 1.22920e+01
0.7180 1.03015e-23 1.01327e+01 1.11757e+01 1.22704e+01
0.7190 1.03074e-23 1.01263e+01 1.11707e+01 1.22674e+01
0.7200 1.02734e-23 1.01470e+01 1.11891e+01 1.22833e+01
0.7210 1.02619e-23 1.01448e+01 1.11875e+01 1.22812e+01
0.7220 1.02724e-23 1.01379e+01 1.11819e+01 1.22780e+01
0.7230 1.02573e-23 1.01272e+01 1.11730e+01 1.22700e+01
0.7240 1.02547e-23 1.01300e+01 1.11731e+01 1.22689e+01
0.7250 1.02349e-23 1.01308e+01 1.11752e+01 1.22721e+01
0.7260 1.01883e-23 1.01392e+01 1.11933e+01 1.23045e+01
0.7270 1.01587e-23 1.01286e+01 1.11832e+01 1.22944e+01
0.7280 1.01560e-23 1.01286e+01 1.11813e+01 1.22915e+01
0.7290 1.01434e-23 1.01329e+01 1.11837e+01 1.22923e+01
0.7300 1.01437e-23 1.01262e+01 1.11782e+01 1.22881e+01
0.7310 1.01418e-23 1.01343e+01 1.11848e+01 1.22936e+01
0.7320 1.01335e-23 1.01438e+01 1.11933e+01 1.23006e+01
0.7330 1.01602e-23 1.01363e+01 1.11852e+01 1.22928e+01
0.7340 1.01523e-23 1.01415e+01 1.11885e+01 1.22940e+01
0.7350 1.01596e-23 1.01574e+01 1.12022e+01 1.23059e+01
0.7360 1.01911e-23 1.01622e+01 1.12053e+01 1.23079e+01
0.7370 1.01978e-23 1.01594e+01 1.12047e+01 1.23087e+01
0.7380 1.02056e-23 1.01638e+01 1.12090e+01 1.23129e+01
0.7390 1.02259e-23 1.01444e+01 1.11925e+01 1.22988e+01
0.7400 1.01710e-23 1.01818e+01 1.12258e+01 1.23273e+01
0.7410 1.01916e-23 1.01681e+01 1.12134e+01 1.23167e+01
0.7420 1.01869e-23 1.01585e+01 1.12060e+01 1.23117e+01
0.7430 1.01666e-23 1.01630e+01 1.12120e+01 1.23179e+01
0.7440 1.01414e-23 1.01623e+01 1.12107e+01 1.23162e+01
0.7450 1.01519e-23 1.01459e+01 1.11957e+01 1.23034e+01
0.7460 1.01129e-23 1.01726e+01 1.12182e+01 1.23226e+01
0.7470 1.00883e-23 1.01692e+01 1.12164e+01 1.23220e+01
0.7480 1.00719e-23 1.01602e+01 1.12067e+01 1.23130e+01
0.7490 1.00211e-23 1.01708e+01 1.12194e+01 1.23256e+01
0.7500 9.99812e-24 1.01825e+01 1.12318e+01 1.23375e+01
0.7510 1.00067e-23 1.01936e+01 1.12420e+01 1.23476e+01
0.7520 1.00184e-23 1.01739e+01 1.12248e+01 1.23325e+01
0.7530 1.00420e-23 1.01616e+01 1.12139e+01 1.23235e+01
0.7540 1.00135e-23 1.01826e+01 1.12336e+01 1.23414e+01
0.7550 1.00209e-23 1.01907e+01 1.12387e+01 1.23446e+01
0.7560 1.00288e-23 1.01699e+01 1.12217e+01 1.23307e+01
0.7570 1.00272e-23 1.01689e+01 1.12211e+01 1.23307e+01
0.7580 1.00183e-23 1.01812e+01 1.12335e+01 1.23429e+01
0.7590 1.00462e-23 1.01719e+01 1.12245e+01 1.23346e+01
0.7600 1.00215e-23 1.01854e+01 1.12376e+01 1.23467e+01
0.7610 1.00195e-23 1.01845e+01 1.12373e+01 1.23472e+01
0.7620 9.98414e-24 1.01818e+01 1.12381e+01 1.23502e+01
0.7630 9.94313e-24 1.01987e+01 1.12541e+01 1.23648e+01
0.7640 9.94962e-24 1.01953e+01 1.12504e+01 1.23617e+01
0.7650 9.95252e-24 1.01909e+01 1.12471e+01 1.23592e+01
0.7660 9.98863e-24 1.01833e+01 1.12389e+01 1.23511e+01
0.7670 9.99150e-24 1.01801e+01 1.12371e+01 1.23503e+01
0.7680 9.98711e-24 1.01878e+01 1.12436e+01 1.23560e+01
0.7690 9.96310e-24 1.02066e+01 1.12610e+01 1.23716e+01
0.7700 9.98349e-24 1.01895e+01 1.12466e+01 1.23598e+01
0.7710 9.96207e-24 1.02024e+01 1.12574e+01 1.23684e+01
0.7720 9.93305e-24 1.02021e+01 1.12566e+01 1.23676e+01
0.7730 9.86427e-24 1.02218e+01 1.12756e+01 1.23855e+01
0.7740 9.83473e-24 1.02018e+01 1.12588e+01 1.23714e+01
0.7750 9.79959e-24 1.02116e+01 1.12677e+01 1.23794e+01
0.7760 9.79719e-24 1.01892e+01 1.12475e+01 1.23610e+01
0.7770 9.79404e-24 1.02030e+01 1.12563e+01 1.23665e+01
0.7780 9.75956e-24 1.02100e+01 1.12654e+01 1.23761e+01
0.7790 9.75124e-24 1.02127e+01 1.12668e+01 1.23765e+01
0.7800 9.77092e-24 1.02074e+01 1.12614e+01 1.23715e+01
0.7803 9.77561e-24 1.01971e+01 1.12522e+01 1.23635e+01
0.7810 9.75105e-24 1.02130e+01 1.12652e+01 1.23737e+01
0.7820 9.75973e-24 1.02070e+01 1.12589e+01 1.23679e+01
0.7830 9.73131e-24 1.02160e+01 1.12689e+01 1.23774e+01
0.7840 9.73186e-24 1.02227e+01 1.12750e+01 1.23825e+01
0.7850 9.73663e-24 1.02267e+01 1.12776e+01 1.23837e+01
0.7860 9.78305e-24 1.02037e+01 1.12557e+01 1.23641e+01
0.7870 9.77118e-24 1.02055e+01 1.12581e+01 1.23665e+01
0.7880 9.75078e-24 1.02202e+01 1.12715e+01 1.23785e+01
0.7890 9.74533e-24 1.02039e+01 1.12570e+01 1.23657e+01
0.7900 9.74169e-24 1.02141e+01 1.12655e+01 1.23731e+01
0.7910 9.71448e-24 1.02185e+01 1.12699e+01 1.23767e+01
0.7920 9.70000e-24 1.02198e+01 1.12693e+01 1.23744e+01
0.7930 9.67146e-24 1.02124e+01 1.12636e+01 1.23703e+01
0.7940 9.67151e-24 1.01996e+01 1.12518e+01 1.23595e+01
0.7950 9.66124e-24 1.02033e+01 1.12561e+01 1.23647e+01
0.7960 9.67182e-24 1.02067e+01 1.12580e+01 1.23659e+01
0.7970 9.68224e-24 1.02047e+01 1.12558e+01 1.23631e+01
0.7980 9.70566e-24 1.01878e+01 1.12410e+01 1.23509e+01
0.7990 9.67168e-24 1.02107e+01 1.12629e+01 1.23705e+01
0.8000 9.65478e-24 1.02221e+01 1.12735e+01 1.23799e+01
0.8010 9.68724e-24 1.02130e+01 1.12649e+01 1.23730e+01
0.8020 9.62992e-24 1.02318e+01 1.12838e+01 1.23903e+01
0.8030 9.63785e-24 1.02124e+01 1.12678e+01 1.23781e+01
0.8040 9.57978e-24 1.02178e+01 1.12733e+01 1.23823e+01
0.8050 9.59648e-24 1.02292e+01 1.12817e+01 1.23899e+01
0.8060 9.60935e-24 1.02154e+01 1.12710e+01 1.23819e+01
0.8070 9.59880e-24 1.02106e+01 1.12674e+01 1.23792e+01
0.8080 9.57959e-24 1.02355e+01 1.12885e+01 1.23964e+01
0.8090 9.61382e-24 1.02191e+01 1.12757e+01 1.23870e+01
0.8100 9.59218e-24 1.02463e+01 1.12992e+01 1.24071e+01
0.8110 9.60420e-24 1.02314e+01 1.12864e+01 1.23957e+01
0.8120 9.58129e-24 1.02185e+01 1.12762e+01 1.23881e+01
0.8130 9.55433e-24 1.02174e+01 1.12768e+01 1.23893e+01
0.8140 9.56369e-24 1.02114e+01 1.12706e+01 1.23837e+01
0.8150 9.52139e-24 1.02475e+01 1.13031e+01 1.24124e+01
0.8160 9.51528e-24 1.02322e+01 1.12904e+01 1.24025e+01
0.8170 9.48874e-24 1.02433e+01 1.13015e+01 1.24125e+01
0.8180 9.50178e-24 1.02492e+01 1.13046e+01 1.24143e+01
0.8190 9.49096e-24 1.02352e+01 1.12930e+01 1.24047e+01
0.8200 9.49151e-24 1.02402e+01 1.12977e+01 1.24099e+01
0.8210 9.47986e-24 1.02447e+01 1.13021e+01 1.24141e+01
0.8220 9.47573e-24 1.02425e+01 1.12998e+01 1.24120e+01
0.8230 9.45338e-24 1.02348e+01 1.12939e+01 1.24065e+01
0.8240 9.41892e-24 1.02462e+01 1.13031e+01 1.24141e+01
0.8250 9.41492e-24 1.02377e+01 1.12952e+01 1.24075e+01
0.8260 9.37929e-24 1.02568e+01 1.13107e+01 1.24195e+01
0.8270 9.37625e-24 1.02452e+01 1.13000e+01 1.24097e+01
0.8280 9.34003e-24 1.02421e+01 1.12988e+01 1.24085e+01
0.8290 9.30016e-24 1.02670e+01 1.13232e+01 1.24299e+01
0.8300 9.33409e-24 1.02515e+01 1.13081e+01 1.24164e+01
0.8310 9.33413e-24 1.02482e+01 1.13058e+01 1.24145e+01
0.8320 9.31829e-24 1.02670e+01 1.13216e+01 1.24269e+01
0.8330 9.32790e-24 1.02700e+01 1.13229e+01 1.24275e+01
0.8340 9.35253e-24 1.02625e+01 1.13164e+01 1.24222e+01
0.8350 9.37554e-24 1.02591e+01 1.13137e+01 1.24190e+01
0.8360 9.35991e-24 1.02769e+01 1.13287e+01 1.24311e+01
0.8370 9.37906e-24 1.02742e+01 1.13287e+01 1.24317e+01
0.8380 9.44217e-24 1.02711e+01 1.13227e+01 1.24249e+01
0.8390 9.44045e-24 1.02788e+01 1.13316e+01 1.24343e+01
0.8400 9.41848e-24 1.02804e+01 1.13346e+01 1.24379e+01
0.8410 9.42170e-24 1.02847e+01 1.13385e+01 1.24417e+01
0.8420 9.42180e-24 1.02783e+01 1.13337e+01 1.24384e+01
0.8430 9.36830e-24 1.02868e+01 1.13438e+01 1.24479e+01
0.8440 9.34650e-24 1.02997e+01 1.13556e+01 1.24590e+01
0.8450 9.33066e-24 1.03021e+01 1.13582e+01 1.24623e+01
0.8460 9.31249e-24 1.02945e+01 1.13542e+01 1.24604e+01
0.8470 9.29463e-24 1.03088e+01 1.13668e+01 1.24718e+01
0.8480 9.27914e-24 1.02873e+01 1.13500e+01 1.24585e+01
0.8490 9.26259e-24 1.02961e+01 1.13572e+01 1.24656e+01
0.8500 9.24713e-24 1.02965e+01 1.13583e+01 1.24672e+01
0.8510 9.22522e-24 1.03007e+01 1.13644e+01 1.24742e+01
0.8520 9.21110e-24 1.03065e+01 1.13698e+01 1.24792e+01
0.8530 9.24009e-24 1.02997e+01 1.13617e+01 1.24706e+01
0.8540 9.22906e-24 1.03042e+01 1.13660e+01 1.24754e+01
0.8550 9.22590e-24 1.02999e+01 1.13637e+01 1.24737e+01
0.8560 9.21534e-24 1.03062e+01 1.13679e+01 1.24765e+01
0.8570 9.20245e-24 1.03098e+01 1.13707e+01 1.24782e+01
0.8580 9.21857e-24 1.03029e+01 1.13625e+01 1.24699e+01
0.8590 9.20032e-24 1.02998e+01 1.13589e+01 1.24657e+01
0.8600 9.20390e-24 1.03017e+01 1.13615e+01 1.24689e+01
0.8610 9.19288e-24 1.03127e+01 1.13684e+01 1.24731e+01
0.8620 9.20406e-24 1.02924e+01 1.13521e+01 1.24592e+01
0.8630 9.21076e-24 1.03010e+01 1.13576e+01 1.24617e+01
0.8640 9.22812e-24 1.03084e+01 1.13627e+01 1.24650e+01
0.8650 9.22884e-24 1.03022e+01 1.13599e+01 1.24641e+01
0.8660 9.22331e-24 1.03119e+01 1.13680e+01 1.24716e+01
0.8670 9.22750e-24 1.03096e+01 1.13650e+01 1.24683e+01
0.8680 9.22984e-24 1.03201e+01 1.13728e+01 1.24737e+01
0.8690 9.25486e-24 1.03112e+01 1.13650e+01 1.24670e+01
0.8700 9.24106e-24 1.03128e+01 1.13682e+01 1.24714e+01
0.8710 9.25624e-24 1.03059e+01 1.13632e+01 1.24674e+01
0.8720 9.25144e-24 1.03183e+01 1.13753e+01 1.24791e+01
0.8730 9.25675e-24 1.03001e+01 1.13606e+01 1.24677e+01
0.8740 9.21019e-24 1.03191e+01 1.13778e+01 1.24830e+01
0.8750 9.17533e-24 1.03267e+01 1.13850e+01 1.24901e+01
0.8760 9.16436e-24 1.03131e+01 1.13716e+01 1.24784e+01
0.8770 9.14732e-24 1.03140e+01 1.13748e+01 1.24826e+01
0.8780 9.14054e-24 1.03032e+01 1.13674e+01 1.24777e+01
0.8790 9.12596e-24 1.03168e+01 1.13783e+01 1.24869e+01
0.8800 9.11080e-24 1.03255e+01 1.13874e+01 1.24955e+01
0.8810 9.08007e-24 1.03242e+01 1.13877e+01 1.24968e+01
0.8820 9.06184e-24 1.03207e+01 1.13842e+01 1.24935e+01
0.8830 9.05675e-24 1.03107e+01 1.13735e+01 1.24830e+01
0.8840 9.04762e-24 1.03242e+01 1.13850e+01 1.24935e+01
0.8850 9.04756e-24 1.03212e+01 1.13830e+01 1.24911e+01
0.8860 9.06821e-24 1.03244e+01 1.13843e+01 1.24910e+01
0.8870 9.04131e-24 1.03324e+01 1.13937e+01 1.25010e+01
0.8880 9.04689e-24 1.03334e+01 1.13927e+01 1.24987e+01
0.8890 9.06508e-24 1.03226e+01 1.13818e+01 1.24874e+01
0.8900 9.06683e-24 1.03158e+01 1.13750e+01 1.24812e+01
0.8910 9.05168e-24 1.03206e+01 1.13786e+01 1.24839e+01
0.8920 9.03539e-24 1.03239e+01 1.13820e+01 1.24867e+01
0.8930 9.04515e-24 1.03194e+01 1.13787e+01 1.24838e+01
0.8940 9.07390e-24 1.03216e+01 1.13788e+01 1.24827e+01
0.8950 9.09645e-24 1.03295e+01 1.13855e+01 1.24879e+01
0.8960 9.09843e-24 1.03235e+01 1.13813e+01 1.24860e+01
0.8970 9.07408e-24 1.03293e+01 1.13871e+01 1.24913e+01
0.8980 9.03755e-24 1.03352e+01 1.13914e+01 1.24935e+01
0.8990 9.04077e-24 1.03261e+01 1.13820e+01 1.24851e+01
0.9000 9.01438e-24 1.03339e+01 1.13886e+01 1.24912e+01
0.9010 9.02627e-24 1.03251e+01 1.13827e+01 1.24870e+01
0.9014 9.01339e-24 1.03496e+01 1.14014e+01 1.25020e+01
0.9020 9.02110e-24 1.03425e+01 1.13979e+01 1.24997e+01
0.9030 9.00738e-24 1.03502e+01 1.14046e+01 1.25055e+01
0.9040 9.03186e-24 1.03410e+01 1.13961e+01 1.24983e+01
0.9050 9.04288e-24 1.03401e+01 1.13944e+01 1.24962e+01
0.9060 9.03087e-24 1.03511e+01 1.14057e+01 1.25070e+01
0.9070 9.00776e-24 1.03610e+01 1.14155e+01 1.25161e+01
0.9080 8.99637e-24 1.03631e+01 1.14162e+01 1.25162e+01
0.9090 8.97857e-24 1.03569e+01 1.14121e+01 1.25144e+01
0.9100 8.98971e-24 1.03461e+01 1.14015e+01 1.25042e+01
0.9110 8.97445e-24 1.03342e+01 1.13911e+01 1.24952e+01
0.9120 8.95158e-24 1.03477e+01 1.14028e+01 1.25048e+01
0.9130 8.94965e-24 1.03495e+01 1.14056e+01 1.25080e+01
0.9140 8.93047e-24 1.03602e+01 1.14161e+01 1.25178e+01
0.9150 8.93830e-24 1.03582e+01 1.14142e+01 1.25173e+01
0.9160 8.95465e-24 1.03403e+01 1.13989e+01 1.25043e+01
0.9170 8.96176e-24 1.03251e+01 1.13833e+01 1.24884e+01
0.9180 8.93804e-24 1.03446e+01 1.14012e+01 1.25034e+01
0.9190 8.96909e-24 1.03342e+01 1.13908e+01 1.24941e+01
0.9200 8.95243e-24 1.03438e+01 1.13996e+01 1.25024e+01
0.9210 8.92208e-24 1.03459e+01 1.14026e+01 1.25057e+01
0.9220 8.90976e-24 1.03532e+01 1.14100e+01 1.25124e+01
0.9230 8.90692e-24 1.03532e+01 1.14105e+01 1.25135e+01
0.9240 8.92989e-24 1.03458e+01 1.14023e+01 1.25054e+01
0.9250 8.94124e-24 1.03464e+01 1.14048e+01 1.25086e+01
0.9260 8.94263e-24 1.03512e+01 1.14074e+01 1.25100e+01
0.9270 8.97365e-24 1.03483e+01 1.14044e+01 1.25071e+01
0.9280 8.99952e-24 1.03544e+01 1.14093e+01 1.25105e+01
0.9290 9.01453e-24 1.03572e+01 1.14142e+01 1.25161e+01
0.9300 9.02287e-24 1.03612e+01 1.14191e+01 1.25219e+01
0.9310 9.02971e-24 1.03614e+01 1.14200e+01 1.25240e+01
0.9320 9.00384e-24 1.03728e+01 1.14302e+01 1.25332e+01
0.9330 8.98073e-24 1.03748e+01 1.14336e+01 1.25379e+01
0.9340 8.96543e-24 1.03745e+01 1.14342e+01 1.25396e+01
0.9350 8.95825e-24 1.03749e+01 1.14376e+01 1.25445e+01
0.9360 8.96417e-24 1.03704e+01 1.14342e+01 1.25424e+01
0.9370 9.02733e-24 1.03582e+01 1.14219e+01 1.25309e+01
0.9380 9.02234e-24 1.03766e+01 1.14400e+01 1.25477e+01
0.9390 9.04211e-24 1.03828e+01 1.14471e+01 1.25547e+01
0.9400 9.04189e-24 1.03801e+01 1.14460e+01 1.25557e+01
0.9410 9.00445e-24 1.03905e+01 1.14578e+01 1.25682e+01
0.9420 9.00440e-24 1.03820e+01 1.14495e+01 1.25609e+01
0.9430 8.96724e-24 1.03920e+01 1.14616e+01 1.25743e+01
0.9440 8.93314e-24 1.03996e+01 1.14688e+01 1.25814e+01
0.9450 8.91634e-24 1.04028e+01 1.14715e+01 1.25831e+01
0.9460 8.91453e-24 1.03826e+01 1.14503e+01 1.25624e+01
0.9470 8.85549e-24 1.03959e+01 1.14629e+01 1.25737e+01
0.9480 8.82658e-24 1.03935e+01 1.14581e+01 1.25682e+01
0.9490 8.80839e-24 1.03831e+01 1.14467e+01 1.25562e+01
0.9500 8.79497e-24 1.03821e+01 1.14471e+01 1.25566e+01
0.9510 8.76988e-24 1.03829e+01 1.14482e+01 1.25577e+01
0.9520 8.76930e-24 1.03872e+01 1.14500e+01 1.25587e+01
0.9530 8.80326e-24 1.03859e+01 1.14492e+01 1.25575e+01
0.9540 8.81980e-24 1.03849e+01 1.14450e+01 1.25518e+01
0.9550 8.82459e-24 1.03962e+01 1.14557e+01 1.25602e+01
0.9560 8.83785e-24 1.03938e+01 1.14534e+01 1.25587e+01
0.9570 8.83834e-24 1.03913e+01 1.14504e+01 1.25548e+01
0.9580 8.83190e-24 1.04023e+01 1.14593e+01 1.25626e+01
0.9590 8.85916e-24 1.04004e+01 1.14582e+01 1.25615e+01
0.9600 8.88588e-24 1.04022e+01 1.14611e+01 1.25652e+01
0.9610 8.91237e-24 1.03976e+01 1.14582e+01 1.25639e+01
0.9620 8.92539e-24 1.04165e+01 1.14746e+01 1.25783e+01
0.9630 8.92512e-24 1.04153e+01 1.14733e+01 1.25757e+01
0.9640 8.93877e-24 1.04171e+01 1.14755e+01 1.25785e+01
0.9650 8.94991e-24 1.04197e+01 1.14776e+01 1.25806e+01
0.9660 8.94761e-24 1.04211e+01 1.14802e+01 1.25836e+01
0.9670 8.95105e-24 1.04135e+01 1.14737e+01 1.25781e+01
0.9680 8.90937e-24 1.04340e+01 1.14918e+01 1.25940e+01
0.9690 8.88950e-24 1.04208e+01 1.14805e+01 1.25842e+01
0.9700 8.84250e-24 1.04220e+01 1.14816e+01 1.25853e+01
0.9710 8.84137e-24 1.04261e+01 1.14839e+01 1.25865e+01
0.9720 8.84910e-24 1.04195e+01 1.14791e+01 1.25834e+01
0.9730 8.86446e-24 1.04156e+01 1.14749e+01 1.25792e+01
0.9740 8.85648e-24 1.04220e+01 1.14811e+01 1.25850e+01
0.9750 8.87904e-24 1.04308e+01 1.14891e+01 1.25922e+01
0.9760 8.88137e-24 1.04328e+01 1.14927e+01 1.25968e+01
0.9770 8.89466e-24 1.04197e+01 1.14822e+01 1.25885e+01
0.9780 8.91247e-24 1.04334e+01 1.14928e+01 1.25967e+01
0.9790 8.93099e-24 1.04256e+01 1.14855e+01 1.25893e+01
0.9800 8.96835e-24 1.04378e+01 1.14961e+01 1.25990e+01
0.9810 9.02032e-24 1.04313e+01 1.14913e+01 1.25957e+01
0.9820 8.99599e-24 1.04433e+01 1.15037e+01 1.26078e+01
0.9830 8.97069e-24 1.04515e+01 1.15139e+01 1.26194e+01
0.9840 8.93161e-24 1.04572e+01 1.15205e+01 1.26267e+01
0.9850 8.92193e-24 1.04499e+01 1.15120e+01 1.26177e+01
0.9860 8.90472e-24 1.04519e+01 1.15126e+01 1.26172e+01
0.9870 8.88838e-24 1.04448e+01 1.15080e+01 1.26146e+01
0.9880 8.86043e-24 1.04402e+01 1.15057e+01 1.26147e+01
0.9890 8.85539e-24 1.04464e+01 1.15124e+01 1.26220e+01
0.9900 8.84443e-24 1.04529e+01 1.15184e+01 1.26274e+01
0.9910 8.83011e-24 1.04504e+01 1.15171e+01 1.26273e+01
0.9920 8.79789e-24 1.04517e+01 1.15186e+01 1.26286e+01
0.9930 8.78689e-24 1.04464e+01 1.15142e+01 1.26256e+01
0.9940 8.77274e-24 1.04464e+01 1.15159e+01 1.26287e+01
0.9950 8.74004e-24 1.04493e+01 1.15200e+01 1.26326e+01
0.9960 8.71961e-24 1.04419e+01 1.15128e+01 1.26258e+01
0.9970 8.69246e-24 1.04486e+01 1.15188e+01 1.26317e+01
0.9980 8.67189e-24 1.04508e+01 1.15214e+01 1.26342e+01
0.9990 8.67654e-24 1.04387e+01 1.15090e+01 1.26226e+01
1.0000 8.66145e-24 1.04436e+01 1.15139e+01 1.26269e+01
1.0010 8.63945e-24 1.04452e+01 1.15147e+01 1.26270e+01
1.0020 8.63370e-24 1.04349e+01 1.15046e+01 1.26183e+01
1.0030 8.59322e-24 1.04438e+01 1.15151e+01 1.26283e+01
1.0040 8.61102e-24 1.04406e+01 1.15098e+01 1.26223e+01
1.0050 8.61753e-24 1.04448e+01 1.15141e+01 1.26261e+01
1.0060 8.62987e-24 1.04350e+01 1.15023e+01 1.26131e+01
1.0070 8.61957e-24 1.04428e+01 1.15089e+01 1.26179e+01
1.0080 8.64255e-24 1.04307e+01 1.14987e+01 1.26096e+01
1.0090 8.66137e-24 1.04348e+01 1.14996e+01 1.26085e+01
1.0100 8.70994e-24 1.04291e+01 1.14921e+01 1.25996e+01
1.0110 8.74146e-24 1.04426e+01 1.15035e+01 1.26082e+01
1.0120 8.77047e-24 1.04412e+01 1.15008e+01 1.26045e+01
